time, trialNum, realDorsalTactorPos, realVentralTactorPos, boxPosX, boxPosY, boxPosZ, boxLocalRot_11, boxLocalRot_12, boxLocalRot_13, boxLocalRot_21, boxLocalRot_22, boxLocalRot_23, boxLocalRot_31, boxLocalRot_32, boxLocalRot_33, boxGlobalRot_11, boxGlobalRot_12, boxGlobalRot_13, boxGlobalRot_21, boxGlobalRot_22, boxGlobalRot_23, boxGlobalRot_31, boxGlobalRot_32, boxGlobalRot_33, indexForceX, indexForceY, indexForceZ, indexForceGlobalX, indexForceGlobalY, indexForceGlobalZ, indexContact, indexPosX, indexPosY, indexPosZ, indexRot_11, indexRot_12, indexRot_13, indexRot_21, indexRot_22, indexRot_23, indexRot_31, indexRot_32, indexRot_33, thumbForceX, thumbForceY, thumbForceZ, thumbForceGlobalX, thumbForceGlobalY, thumbForceGlobalZ, thumbContact, thumbPosX, thumbPosY, thumbPosZ, thumbRot_11, thumbRot_12, thumbRot_13, thumbRot_21, thumbRot_22, thumbRot_23, thumbRot_31, thumbRot_32, thumbRot_33, manipForceTooHigh, cceExpType, mapping, trialSuccess, 
262.805154, 11, 0.1, 0.1, 0.0202528682, 0.358175205, -0.0349701315, 0.970968503, -8.82271185e-006, 0.239207372, 0.239207371, -4.34908587e-006, -0.970968503, 9.60690871e-006, 1, -2.11236768e-006, 0.970968498, -2.18977303e-005, 0.239207392, 0.239207392, -8.66879847e-006, -0.970968498, 2.33356469e-005, 1, -3.17903128e-006, 0, 0, 0, 0, 0, 0, 0, 0.342464551, -0.0572871582, -0.236887402, 0.470199113, 0.696004026, -0.542579336, -0.730957031, 0.651611328, 0.202392578, 0.494297858, 0.301572117, 0.815375721, 0, 0, 0, 0, 0, 0, 0, 0.390651221, -0.111933447, -0.202655371, 0.209283661, -0.216688566, -0.953493794, -0.627441406, -0.777587891, 0.0389404297, -0.749809561, 0.590202207, -0.298691198, 0, 1, 1, 1, 
262.815811, 11, 0.1, 0.1, 0.0202528075, 0.358175163, -0.0349654245, 0.970967791, -1.13519373e-005, 0.239210262, 0.239210262, 2.00584321e-005, -0.97096779, 6.22418267e-006, 1, 2.21915914e-005, 0.970967817, -2.10796905e-005, 0.239210153, 0.239210153, 7.77642655e-006, -0.970967818, 1.86075009e-005, 1, 1.25931359e-005, 0, 0, 0, 0, 0, 0, 0, 0.343069116, -0.0579067383, -0.237417261, 0.473358954, 0.692495588, -0.544204, -0.729736328, 0.654418945, 0.197875977, 0.493179429, 0.303610902, 0.815262266, 0, 0, 0, 0, 0, 0, 0, 0.390330957, -0.112069336, -0.202867139, 0.210446638, -0.220886583, -0.952261188, -0.627807617, -0.777099609, 0.0415039063, -0.749196356, 0.589270007, -0.302243927, 0, 1, 1, 1, 
262.816509, 11, 0.1, 0.1, 0.0202528017, 0.358175158, -0.0349708115, 0.970967723, 1.99314e-005, 0.239210537, 0.239210537, -4.70576866e-006, -0.970967723, -1.82270767e-005, 1, -9.33695039e-006, 0.970967729, 2.4869259e-005, 0.239210512, 0.239210512, 4.84405942e-006, -0.970967729, -2.53059979e-005, 1, -1.2455628e-006, 0, 0, 0, 0, 0, 0, 0, 0.343069116, -0.0579067383, -0.237417261, 0.473358954, 0.692495588, -0.544204, -0.729736328, 0.654418945, 0.197875977, 0.493179429, 0.303610902, 0.815262266, 0, 0, 0, 0, 0, 0, 0, 0.390330957, -0.112069336, -0.202867139, 0.210446638, -0.220886583, -0.952261188, -0.627807617, -0.777099609, 0.0415039063, -0.749196356, 0.589270007, -0.302243927, 0, 1, 1, 1, 
262.817238, 11, 0.1, 0.1, 0.0202528081, 0.358175161, -0.0349754504, 0.970967748, -3.11722129e-005, 0.239210435, 0.239210435, 7.72523811e-006, -0.970967748, 2.84192558e-005, 0.999999999, 1.49576757e-005, 0.970967737, -2.94806147e-005, 0.239210478, 0.239210478, 1.92813899e-006, -0.970967737, 2.81634947e-005, 1, 8.92423269e-006, 0, 0, 0, 0, 0, 0, 0, 0.343379883, -0.057989502, -0.237223193, 0.475110177, 0.690845836, -0.544787741, -0.729003906, 0.655883789, 0.195922852, 0.492531287, 0.304119381, 0.815478314, 0, 0, 0, 0, 0, 0, 0, 0.390645996, -0.112638379, -0.202416504, 0.211411654, -0.222905567, -0.951558665, -0.62902832, -0.776123047, 0.0419921875, -0.747867502, 0.58979426, -0.304256715, 0, 1, 1, 1, 
262.817933, 11, 0.1, 0.1, 0.0202528089, 0.35817516, -0.0349777281, 0.970967815, 2.71238566e-005, 0.239210162, 0.239210162, -2.38834187e-006, -0.970967815, -2.57650762e-005, 1, -8.80730523e-006, 0.970967802, 1.45245297e-005, 0.239210217, 0.239210217, 8.49565846e-007, -0.970967802, -1.43060756e-005, 1, -2.64951482e-006, 0, 0, 0, 0, 0, 0, 0, 0.343379883, -0.057989502, -0.237223193, 0.475110177, 0.690845836, -0.544787741, -0.729003906, 0.655883789, 0.195922852, 0.492531287, 0.304119381, 0.815478314, 0, 0, 0, 0, 0, 0, 0, 0.390645996, -0.112638379, -0.202416504, 0.211411654, -0.222905567, -0.951558665, -0.62902832, -0.776123047, 0.0419921875, -0.747867502, 0.58979426, -0.304256715, 0, 1, 1, 1, 
262.818634, 11, 0.1, 0.1, 0.0202527999, 0.358175159, -0.0349775073, 0.970967864, 1.04802275e-005, 0.239209964, 0.239209964, 1.19409336e-005, -0.970967864, -1.30323544e-005, 1, 9.08728792e-006, 0.970967858, 2.25906186e-005, 0.239209987, 0.239209987, 1.02548946e-005, -0.970967858, -2.43878378e-005, 1, 4.55327152e-006, 0, 0, 0, 0, 0, 0, 0, 0.343379883, -0.057989502, -0.237223193, 0.475110177, 0.690845836, -0.544787741, -0.729003906, 0.655883789, 0.195922852, 0.492531287, 0.304119381, 0.815478314, 0, 0, 0, 0, 0, 0, 0, 0.390645996, -0.112638379, -0.202416504, 0.211411654, -0.222905567, -0.951558665, -0.62902832, -0.776123047, 0.0419921875, -0.747867502, 0.58979426, -0.304256715, 0, 1, 1, 1, 
262.819333, 11, 0.1, 0.1, 0.0202528049, 0.358175161, -0.0349749611, 0.970967848, -1.31427516e-005, 0.23921003, 0.23921003, -8.1509569e-006, -0.970967848, 1.47109799e-005, 1, -4.77043907e-006, 0.970967854, -1.69239773e-005, 0.239210006, 0.239210006, -1.02244154e-005, -0.970967854, 1.88784204e-005, 1, -5.87919397e-006, 0, 0, 0, 0, 0, 0, 0, 0.343379883, -0.057989502, -0.237223193, 0.475110177, 0.690845836, -0.544787741, -0.729003906, 0.655883789, 0.195922852, 0.492531287, 0.304119381, 0.815478314, 0, 0, 0, 0, 0, 0, 0, 0.390645996, -0.112638379, -0.202416504, 0.211411654, -0.222905567, -0.951558665, -0.62902832, -0.776123047, 0.0419921875, -0.747867502, 0.58979426, -0.304256715, 0, 1, 1, 1, 
262.820032, 11, 0.1, 0.1, 0.0202528021, 0.35817516, -0.0349709973, 0.970967835, 1.25654923e-005, 0.239210081, 0.239210081, 7.42050502e-006, -0.970967835, -1.39757484e-005, 1, 4.19927928e-006, 0.970967837, 1.72879293e-005, 0.239210075, 0.239210075, 2.53188933e-006, -0.970967837, -1.73916767e-005, 1, -1.67706376e-006, 0, 0, 0, 0, 0, 0, 0, 0.343379883, -0.057989502, -0.237223193, 0.475110177, 0.690845836, -0.544787741, -0.729003906, 0.655883789, 0.195922852, 0.492531287, 0.304119381, 0.815478314, 0, 0, 0, 0, 0, 0, 0, 0.390645996, -0.112638379, -0.202416504, 0.211411654, -0.222905567, -0.951558665, -0.62902832, -0.776123047, 0.0419921875, -0.747867502, 0.58979426, -0.304256715, 0, 1, 1, 1, 
262.820734, 11, 0.1, 0.1, 0.0202528059, 0.358175162, -0.0349668529, 0.970967811, -1.16262531e-005, 0.239210179, 0.239210179, -7.02020425e-006, -0.970967811, 1.29680218e-005, 1, -4.03527428e-006, 0.970967817, -1.62179354e-005, 0.239210155, 0.239210155, -9.13221891e-006, -0.970967817, 1.79316128e-005, 1, -4.98759584e-006, 0, 0, 0, 0, 0, 0, 0, 0.343379883, -0.057989502, -0.237223193, 0.475110177, 0.690845836, -0.544787741, -0.729003906, 0.655883789, 0.195922852, 0.492531287, 0.304119381, 0.815478314, 0, 0, 0, 0, 0, 0, 0, 0.390645996, -0.112638379, -0.202416504, 0.211411654, -0.222905567, -0.951558665, -0.62902832, -0.776123047, 0.0419921875, -0.747867502, 0.58979426, -0.304256715, 0, 1, 1, 1, 
262.82143, 11, 0.1, 0.1, 0.0202528007, 0.358175161, -0.0349638124, 0.970967803, 1.95770258e-005, 0.239210211, 0.23921021, 9.95110908e-006, -0.970967803, -2.13890686e-005, 1, 4.97918207e-006, 0.970967803, 2.58220413e-005, 0.23921021, 0.23921021, 4.45216666e-006, -0.970967803, -2.61373745e-005, 1, -1.85398545e-006, 0, 0, 0, 0, 0, 0, 0, 0.343379883, -0.057989502, -0.237223193, 0.475110177, 0.690845836, -0.544787741, -0.729003906, 0.655883789, 0.195922852, 0.492531287, 0.304119381, 0.815478314, 0, 0, 0, 0, 0, 0, 0, 0.390645996, -0.112638379, -0.202416504, 0.211411654, -0.222905567, -0.951558665, -0.62902832, -0.776123047, 0.0419921875, -0.747867502, 0.58979426, -0.304256715, 0, 1, 1, 1, 
262.822157, 11, 0.1, 0.1, 0.0202528057, 0.358175162, -0.0349623998, 0.970967791, -1.90210883e-005, 0.239210262, 0.239210262, 9.52110021e-007, -0.970967791, 1.82411096e-005, 1, 5.47450768e-006, 0.97096779, -2.33759207e-005, 0.239210264, 0.239210264, 3.25502311e-009, -0.97096779, 2.26964874e-005, 1, 5.59492067e-006, 0, 0, 0, 0, 0, 0, 0, 0.343009204, -0.0582845215, -0.237476221, 0.476525907, 0.689487394, -0.545346395, -0.727294922, 0.657714844, 0.195922852, 0.493666568, 0.303345802, 0.815072428, 0, 0, 0, 0, 0, 0, 0, 0.390128467, -0.112892627, -0.203089404, 0.210108319, -0.223774335, -0.951718346, -0.630493164, -0.774902344, 0.04296875, -0.747145289, 0.591053118, -0.30390527, 0, 1, 1, 1, 
262.822858, 11, 0.1, 0.1, 0.0202528017, 0.358175161, -0.0349630921, 0.970967772, 1.84934377e-005, 0.239210335, 0.239210335, 3.54886767e-006, -0.970967773, -1.88054578e-005, 1, -9.77985288e-007, 0.970967777, 2.13027014e-005, 0.239210315, 0.239210315, 1.08084692e-005, -0.970967778, -2.32697339e-005, 1, 5.39884945e-006, 0, 0, 0, 0, 0, 0, 0, 0.343009204, -0.0582845215, -0.237476221, 0.476525907, 0.689487394, -0.545346395, -0.727294922, 0.657714844, 0.195922852, 0.493666568, 0.303345802, 0.815072428, 0, 0, 0, 0, 0, 0, 0, 0.390128467, -0.112892627, -0.203089404, 0.210108319, -0.223774335, -0.951718346, -0.630493164, -0.774902344, 0.04296875, -0.747145289, 0.591053118, -0.30390527, 0, 1, 1, 1, 
262.823557, 11, 0.1, 0.1, 0.0202528063, 0.358175163, -0.0349656289, 0.970967759, -1.53597181e-005, 0.239210392, 0.239210392, -1.525751e-005, -0.970967759, 1.8563546e-005, 1, -1.11403461e-005, 0.970967764, -2.16400033e-005, 0.239210369, 0.239210368, -5.09242211e-006, -0.970967764, 2.22299058e-005, 1, 2.31935459e-007, 0, 0, 0, 0, 0, 0, 0, 0.343009204, -0.0582845215, -0.237476221, 0.476525907, 0.689487394, -0.545346395, -0.727294922, 0.657714844, 0.195922852, 0.493666568, 0.303345802, 0.815072428, 0, 0, 0, 0, 0, 0, 0, 0.390128467, -0.112892627, -0.203089404, 0.210108319, -0.223774335, -0.951718346, -0.630493164, -0.774902344, 0.04296875, -0.747145289, 0.591053118, -0.30390527, 0, 1, 1, 1, 
262.824271, 11, 0.1, 0.1, 0.0202528032, 0.358175164, -0.0349691919, 0.97096768, 1.09547015e-005, 0.239210712, 0.239210712, 1.4725289e-005, -0.97096768, -1.4159108e-005, 1, 1.16772977e-005, 0.970967703, 1.62051572e-005, 0.239210618, 0.239210618, 8.59736615e-006, -0.970967703, -1.77912656e-005, 1, 4.47131918e-006, 0, 0, 0, 0, 0, 0, 0, 0.343009204, -0.0582845215, -0.237476221, 0.477484455, 0.68883326, -0.545225828, -0.726196289, 0.658813477, 0.196166992, 0.494256301, 0.302337079, 0.815053332, 0, 0, 0, 0, 0, 0, 0, 0.390128467, -0.112892627, -0.203089404, 0.210108319, -0.223774335, -0.951718346, -0.630493164, -0.774902344, 0.04296875, -0.747145289, 0.591053118, -0.30390527, 0, 1, 1, 1, 
262.824989, 11, 0.1, 0.1, 0.0202528075, 0.358175165, -0.0349722698, 0.970967546, -1.37195502e-005, 0.239211254, 0.239211254, -8.45459277e-006, -0.970967546, 1.53436718e-005, 1, -4.92726438e-006, 0.970967574, -1.67835793e-005, 0.239211141, 0.239211141, -1.0029025e-005, -0.970967574, 1.86953658e-005, 1, -5.7230389e-006, 0, 0, 0, 0, 0, 0, 0, 0.343059985, -0.0580977783, -0.237916602, 0.477484455, 0.68883326, -0.545225828, -0.726196289, 0.658813477, 0.196166992, 0.494256301, 0.302337079, 0.815053332, 0, 0, 0, 0, 0, 0, 0, 0.390066943, -0.112406348, -0.203305566, 0.209284028, -0.223154567, -0.951954586, -0.630249023, -0.775024414, 0.0430908203, -0.747477411, 0.590995516, -0.302825416, 0, 1, 1, 1, 
262.825686, 11, 0.1, 0.1, 0.0202528051, 0.358175165, -0.034974241, 0.970967434, 1.18595671e-005, 0.23921171, 0.23921171, 5.84216457e-006, -0.970967434, -1.29127676e-005, 1, 2.83560422e-006, 0.970967454, 1.56214407e-005, 0.239211627, 0.239211627, 1.57997635e-006, -0.970967454, -1.55458592e-005, 1, -2.20272462e-006, 0, 0, 0, 0, 0, 0, 0, 0.343059985, -0.0580977783, -0.237916602, 0.477484455, 0.68883326, -0.545225828, -0.726196289, 0.658813477, 0.196166992, 0.494256301, 0.302337079, 0.815053332, 0, 0, 0, 0, 0, 0, 0, 0.390066943, -0.112406348, -0.203305566, 0.209284028, -0.223154567, -0.951954586, -0.630249023, -0.775024414, 0.0430908203, -0.747477411, 0.590995516, -0.302825416, 0, 1, 1, 1, 
262.826386, 11, 0.1, 0.1, 0.0202528082, 0.358175166, -0.0349747079, 0.970967332, -1.14209418e-005, 0.239212124, 0.239212124, 1.5258717e-006, -0.970967332, 1.07243543e-005, 1, 4.21359931e-006, 0.970967349, -1.4578528e-005, 0.239212053, 0.239212053, 6.3389601e-007, -0.970967349, 1.40036392e-005, 1, 4.10285195e-006, 0, 0, 0, 0, 0, 0, 0, 0.343059985, -0.0580977783, -0.237916602, 0.477484455, 0.68883326, -0.545225828, -0.726196289, 0.658813477, 0.196166992, 0.494256301, 0.302337079, 0.815053332, 0, 0, 0, 0, 0, 0, 0, 0.390066943, -0.112406348, -0.203305566, 0.209284028, -0.223154567, -0.951954586, -0.630249023, -0.775024414, 0.0430908203, -0.747477411, 0.590995516, -0.302825416, 0, 1, 1, 1, 
262.827084, 11, 0.1, 0.1, 0.0202528048, 0.358175166, -0.0349736287, 0.97096725, 1.33367713e-005, 0.239212455, 0.239212454, 5.14437287e-006, -0.970967251, -1.41801662e-005, 1, 1.80469578e-006, 0.970967266, 1.78842514e-005, 0.239212392, 0.239212392, 1.0286321e-006, -0.970967266, -1.76110842e-005, 1, -3.27936645e-006, 0, 0, 0, 0, 0, 0, 0, 0.343059985, -0.0580977783, -0.237916602, 0.477484455, 0.68883326, -0.545225828, -0.726196289, 0.658813477, 0.196166992, 0.494256301, 0.302337079, 0.815053332, 0, 0, 0, 0, 0, 0, 0, 0.390066943, -0.112406348, -0.203305566, 0.209284028, -0.223154567, -0.951954586, -0.630249023, -0.775024414, 0.0430908203, -0.747477411, 0.590995516, -0.302825416, 0, 1, 1, 1, 
262.82779, 11, 0.1, 0.1, 0.0202528084, 0.358175167, -0.0349713647, 0.970967169, -1.30791953e-005, 0.239212783, 0.239212783, 2.19079858e-008, -0.97096717, 1.26942285e-005, 1, 3.14998264e-006, 0.970967182, -1.66329829e-005, 0.239212731, 0.239212731, -8.57148877e-007, -0.970967182, 1.63551214e-005, 1, 3.14655782e-006, 0, 0, 0, 0, 0, 0, 0, 0.343059985, -0.0580977783, -0.237916602, 0.477484455, 0.68883326, -0.545225828, -0.726196289, 0.658813477, 0.196166992, 0.494256301, 0.302337079, 0.815053332, 0, 0, 0, 0, 0, 0, 0, 0.390066943, -0.112406348, -0.203305566, 0.209284028, -0.223154567, -0.951954586, -0.630249023, -0.775024414, 0.0430908203, -0.747477411, 0.590995516, -0.302825416, 0, 1, 1, 1, 
262.828489, 11, 0.1, 0.1, 0.0202528048, 0.358175167, -0.0349686967, 0.970967093, 1.51544841e-005, 0.239213094, 0.239213094, 2.138882e-006, -0.970967093, -1.52261539e-005, 1, -1.54836698e-006, 0.970967109, 1.80954428e-005, 0.239213029, 0.239213029, 8.4243712e-006, -0.970967109, -1.95852991e-005, 1, 3.85112167e-006, 0, 0, 0, 0, 0, 0, 0, 0.343059985, -0.0580977783, -0.237916602, 0.477484455, 0.68883326, -0.545225828, -0.726196289, 0.658813477, 0.196166992, 0.494256301, 0.302337079, 0.815053332, 0, 0, 0, 0, 0, 0, 0, 0.390066943, -0.112406348, -0.203305566, 0.209284028, -0.223154567, -0.951954586, -0.630249023, -0.775024414, 0.0430908203, -0.747477411, 0.590995516, -0.302825416, 0, 1, 1, 1, 
262.829221, 11, 0.1, 0.1, 0.0202528099, 0.358175168, -0.034966179, 0.970967025, -1.67626196e-005, 0.239213369, 0.239213369, -4.0653987e-006, -0.970967025, 1.72484486e-005, 1, 6.24746099e-008, 0.970967041, -2.12076525e-005, 0.239213304, 0.239213304, -5.79857129e-006, -0.970967041, 2.1979027e-005, 1, -5.57068968e-007, 0, 0, 0, 0, 0, 0, 0, 0.343120898, -0.0585963867, -0.238379321, 0.478620859, 0.687855616, -0.545524251, -0.724853516, 0.66015625, 0.196289063, 0.49518864, 0.301626779, 0.814729822, 0, 0, 0, 0, 0, 0, 0, 0.390066943, -0.112406348, -0.203305566, 0.2086515, -0.222854161, -0.952273948, -0.630615234, -0.774780273, 0.0430908203, -0.747298407, 0.591640803, -0.302122526, 0, 1, 1, 1, 
262.829919, 11, 0.1, 0.1, 0.0202528061, 0.358175168, -0.0349646865, 0.97096694, 1.69436249e-005, 0.239213715, 0.239213715, 1.70533469e-006, -0.97096694, -1.68596391e-005, 1, -2.39732386e-006, 0.970966958, 1.9916025e-005, 0.239213643, 0.239213643, 8.08281708e-006, -0.970966958, -2.12713224e-005, 1, 3.0839634e-006, 0, 0, 0, 0, 0, 0, 0, 0.343120898, -0.0585963867, -0.238379321, 0.478620859, 0.687855616, -0.545524251, -0.724853516, 0.66015625, 0.196289063, 0.49518864, 0.301626779, 0.814729822, 0, 0, 0, 0, 0, 0, 0, 0.390028857, -0.112596143, -0.203758398, 0.2086515, -0.222854161, -0.952273948, -0.630615234, -0.774780273, 0.0430908203, -0.747298407, 0.591640803, -0.302122526, 0, 1, 1, 1, 
262.830614, 11, 0.1, 0.1, 0.0202528109, 0.358175169, -0.0349647883, 0.970966865, -1.52173704e-005, 0.239214017, 0.239214017, -1.4267487e-005, -0.970966865, 1.81885454e-005, 1, -1.02130488e-005, 0.970966882, -2.2044697e-005, 0.239213948, 0.239213948, -4.36906543e-006, -0.970966883, 2.24498122e-005, 1, 1.03118117e-006, 0, 0, 0, 0, 0, 0, 0, 0.343120898, -0.0585963867, -0.238379321, 0.478620859, 0.687855616, -0.545524251, -0.724853516, 0.66015625, 0.196289063, 0.49518864, 0.301626779, 0.814729822, 0, 0, 0, 0, 0, 0, 0, 0.390028857, -0.112596143, -0.203758398, 0.2086515, -0.222854161, -0.952273948, -0.630615234, -0.774780273, 0.0430908203, -0.747298407, 0.591640803, -0.302122526, 0, 1, 1, 1, 
262.831306, 11, 0.1, 0.1, 0.0202528074, 0.35817517, -0.0349663194, 0.970966736, 1.23719796e-005, 0.239214543, 0.239214542, 1.985948e-005, -0.970966736, -1.6763457e-005, 1, 1.6323337e-005, 0.970966767, 1.77140462e-005, 0.239214418, 0.239214417, 1.37340194e-005, -0.970966767, -2.04851256e-005, 1, 9.09782116e-006, 0, 0, 0, 0, 0, 0, 0, 0.343120898, -0.0585963867, -0.238379321, 0.478620859, 0.687855616, -0.545524251, -0.724853516, 0.66015625, 0.196289063, 0.49518864, 0.301626779, 0.814729822, 0, 0, 0, 0, 0, 0, 0, 0.390028857, -0.112596143, -0.203758398, 0.2086515, -0.222854161, -0.952273948, -0.630615234, -0.774780273, 0.0430908203, -0.747298407, 0.591640803, -0.302122526, 0, 1, 1, 1, 
262.832001, 11, 0.1, 0.1, 0.0202528112, 0.358175171, -0.0349687506, 0.970966545, -1.00310866e-005, 0.239215318, 0.239215317, -2.62254894e-005, -0.970966545, 1.60133882e-005, 1, -2.30644833e-005, 0.970966588, -1.56342984e-005, 0.239215144, 0.239215144, -1.79280356e-005, -0.970966588, 1.9469039e-005, 1, -1.36675626e-005, 0, 0, 0, 0, 0, 0, 0, 0.343120898, -0.0585963867, -0.238379321, 0.478620859, 0.687855616, -0.545524251, -0.724853516, 0.66015625, 0.196289063, 0.49518864, 0.301626779, 0.814729822, 0, 0, 0, 0, 0, 0, 0, 0.390028857, -0.112596143, -0.203758398, 0.2086515, -0.222854161, -0.952273948, -0.630615234, -0.774780273, 0.0430908203, -0.747298407, 0.591640803, -0.302122526, 0, 1, 1, 1, 
262.832694, 11, 0.1, 0.1, 0.020252808, 0.358175175, -0.0349713455, 0.9709663, 8.55151241e-006, 0.239216314, 0.239216314, 1.82196746e-005, -0.9709663, -1.26616738e-005, 1, 1.56450288e-005, 0.970966353, 1.59783082e-005, 0.239216095, 0.239216095, 1.73060126e-006, -0.970966354, -1.59283873e-005, 1, -2.1419129e-006, 0, 0, 0, 0, 0, 0, 0, 0.343120898, -0.0585963867, -0.238379321, 0.478620859, 0.687855616, -0.545524251, -0.724853516, 0.66015625, 0.196289063, 0.49518864, 0.301626779, 0.814729822, 0, 0, 0, 0, 0, 0, 0, 0.390028857, -0.112596143, -0.203758398, 0.2086515, -0.222854161, -0.952273948, -0.630615234, -0.774780273, 0.0430908203, -0.747298407, 0.591640803, -0.302122526, 0, 1, 1, 1, 
262.833393, 11, 0.1, 0.1, 0.020252814, 0.358175167, -0.0349732909, 0.970966002, -1.81729941e-005, 0.239217523, 0.239217523, 1.35590836e-005, -0.970966002, 1.44017891e-005, 1, 1.75127078e-005, 0.970966062, -2.31603852e-005, 0.239217279, 0.239217279, 2.30242278e-005, -0.970966062, 1.69801549e-005, 0.999999999, 2.78961081e-005, 0, 0, 0, 0, 0, 0, 0, 0.343120898, -0.0585963867, -0.238379321, 0.478620859, 0.687855616, -0.545524251, -0.724853516, 0.66015625, 0.196289063, 0.49518864, 0.301626779, 0.814729822, 0, 0, 0, 0, 0, 0, 0, 0.390028857, -0.112596143, -0.203758398, 0.2086515, -0.222854161, -0.952273948, -0.630615234, -0.774780273, 0.0430908203, -0.747298407, 0.591640803, -0.302122526, 0, 1, 1, 1, 
262.83412, 11, 0.1, 0.1, 0.0202528093, 0.358175176, -0.0349738373, 0.970965702, 2.19141568e-005, 0.239218738, 0.239218738, -3.77073633e-005, -0.970965702, -1.22575868e-005, 0.999999999, -4.18548334e-005, 0.970965755, 2.37867863e-005, 0.239218524, 0.239218525, -3.53856977e-005, -0.970965754, -1.46312405e-005, 0.999999999, -4.00485407e-005, 0, 0, 0, 0, 0, 0, 0, 0.343380762, -0.0586364258, -0.238403735, 0.479344263, 0.687049836, -0.54600652, -0.724487305, 0.660888672, 0.19543457, 0.495074064, 0.302001586, 0.814806206, 0, 0, 0, 0, 0, 0, 0, 0.390506836, -0.112866016, -0.203977002, 0.209149866, -0.22342289, -0.951941826, -0.630493164, -0.774780273, 0.0433349609, -0.747368769, 0.591212799, -0.302946817, 0, 1, 1, 1, 
262.83482, 11, 0.1, 0.1, 0.0202528107, 0.358175181, -0.0349729346, 0.97096549, -1.15453657e-005, 0.2392196, 0.2392196, 1.33747087e-005, -0.97096549, 8.01065916e-006, 1, 1.57482583e-005, 0.970965522, -1.25150233e-005, 0.23921947, 0.23921947, 1.06117142e-008, -0.970965522, 1.21491176e-005, 1, 3.00414084e-006, 0, 0, 0, 0, 0, 0, 0, 0.343380762, -0.0586364258, -0.238403735, 0.479344263, 0.687049836, -0.54600652, -0.724487305, 0.660888672, 0.19543457, 0.495074064, 0.302001586, 0.814806206, 0, 0, 0, 0, 0, 0, 0, 0.390506836, -0.112866016, -0.203977002, 0.209149866, -0.22342289, -0.951941826, -0.630493164, -0.774780273, 0.0433349609, -0.747368769, 0.591212799, -0.302946817, 0, 1, 1, 1, 
262.835518, 11, 0.1, 0.1, 0.0202528123, 0.358175177, -0.0349711384, 0.97096536, -3.44206706e-006, 0.239220127, 0.239220127, -3.9256306e-006, -0.97096536, 4.28121774e-006, 1, -2.98823961e-006, 0.970965387, -5.92283829e-006, 0.23922002, 0.23922002, 9.87711476e-006, -0.970965387, 3.38806738e-006, 1, 1.1007198e-005, 0, 0, 0, 0, 0, 0, 0, 0.343380762, -0.0586364258, -0.238403735, 0.479344263, 0.687049836, -0.54600652, -0.724487305, 0.660888672, 0.19543457, 0.495074064, 0.302001586, 0.814806206, 0, 0, 0, 0, 0, 0, 0, 0.390506836, -0.112866016, -0.203977002, 0.209149866, -0.22342289, -0.951941826, -0.630493164, -0.774780273, 0.0433349609, -0.747368769, 0.591212799, -0.302946817, 0, 1, 1, 1, 
262.836219, 11, 0.1, 0.1, 0.0202528122, 0.358175179, -0.0349689789, 0.970965219, -7.29443673e-006, 0.239220701, 0.239220701, 9.99421537e-006, -0.970965219, 4.69182114e-006, 1, 1.14490158e-005, 0.970965248, 2.63146718e-006, 0.239220583, 0.239220583, -1.82900581e-006, -0.970965248, -2.11752735e-006, 1, -2.40540219e-006, 0, 0, 0, 0, 0, 0, 0, 0.343380762, -0.0586364258, -0.238403735, 0.479344263, 0.687049836, -0.54600652, -0.724487305, 0.660888672, 0.19543457, 0.495074064, 0.302001586, 0.814806206, 0, 0, 0, 0, 0, 0, 0, 0.390506836, -0.112866016, -0.203977002, 0.209149866, -0.22342289, -0.951941826, -0.630493164, -0.774780273, 0.0433349609, -0.747368769, 0.591212799, -0.302946817, 0, 1, 1, 1, 
262.836919, 11, 0.1, 0.1, 0.0202528117, 0.358175176, -0.0349670948, 0.97096511, 1.22131932e-005, 0.239221144, 0.239221144, -8.94374855e-006, -0.97096511, -9.71905067e-006, 1, -1.16057218e-005, 0.970965125, 1.08826293e-005, 0.239221083, 0.239221083, 7.11212274e-006, -0.970965125, -1.22680232e-005, 1, 4.30226879e-006, 0, 0, 0, 0, 0, 0, 0, 0.343380762, -0.0586364258, -0.238403735, 0.479344263, 0.687049836, -0.54600652, -0.724487305, 0.660888672, 0.19543457, 0.495074064, 0.302001586, 0.814806206, 0, 0, 0, 0, 0, 0, 0, 0.390506836, -0.112866016, -0.203977002, 0.209149866, -0.22342289, -0.951941826, -0.630493164, -0.774780273, 0.0433349609, -0.747368769, 0.591212799, -0.302946817, 0, 1, 1, 1, 
262.83762, 11, 0.1, 0.1, 0.0202528153, 0.358175182, -0.0349660668, 0.970965089, -1.5534031e-005, 0.239221229, 0.239221229, 2.52897315e-006, -0.970965089, 1.44780177e-005, 1, 6.17161462e-006, 0.970965087, -1.73106339e-005, 0.239221235, 0.239221235, -1.41953879e-005, -0.970965087, 2.02038594e-005, 1, -9.64215483e-006, 0, 0, 0, 0, 0, 0, 0, 0.343380762, -0.0586364258, -0.238403735, 0.479344263, 0.687049836, -0.54600652, -0.724487305, 0.660888672, 0.19543457, 0.495074064, 0.302001586, 0.814806206, 0, 0, 0, 0, 0, 0, 0, 0.390506836, -0.112866016, -0.203977002, 0.209149866, -0.22342289, -0.951941826, -0.630493164, -0.774780273, 0.0433349609, -0.747368769, 0.591212799, -0.302946817, 0, 1, 1, 1, 
262.83832, 11, 0.1, 0.1, 0.0202528102, 0.358175179, -0.0349660717, 0.970965155, 2.6753443e-005, 0.23922096, 0.23922096, -5.13644904e-006, -0.970965155, -2.47479147e-005, 1, -1.13872973e-005, 0.970965136, 2.64486736e-005, 0.239221036, 0.239221035, 1.03480535e-005, -0.970965136, -2.8156212e-005, 1, 3.72052006e-006, 0, 0, 0, 0, 0, 0, 0, 0.343380762, -0.0586364258, -0.238403735, 0.479344263, 0.687049836, -0.54600652, -0.724487305, 0.660888672, 0.19543457, 0.495074064, 0.302001586, 0.814806206, 0, 0, 0, 0, 0, 0, 0, 0.390506836, -0.112866016, -0.203977002, 0.209149866, -0.22342289, -0.951941826, -0.630493164, -0.774780273, 0.0433349609, -0.747368769, 0.591212799, -0.302946817, 0, 1, 1, 1, 
262.83905, 11, 0.1, 0.1, 0.0202528109, 0.358175184, -0.034966926, 0.970965306, -1.11089732e-005, 0.239220349, 0.239220349, 6.72193936e-006, -0.970965306, 9.17840292e-006, 1, 9.18426236e-006, 0.970965272, -1.10849353e-005, 0.239220486, 0.239220486, -9.56636443e-006, -0.970965272, 1.30515575e-005, 1, -6.63686404e-006, 0, 0, 0, 0, 0, 0, 0, 0.343426172, -0.0591426025, -0.23865542, 0.480226427, 0.685863258, -0.546546078, -0.723876953, 0.661865234, 0.194580078, 0.495181526, 0.302313113, 0.814520888, 0, 0, 0, 0, 0, 0, 0, 0.390798193, -0.113160791, -0.203979199, 0.210108319, -0.224355823, -0.951558665, -0.630371094, -0.774902344, 0.0434570313, -0.747145289, 0.590746516, -0.304256715, 0, 1, 1, 1, 
262.839747, 11, 0.1, 0.1, 0.0202528128, 0.358175181, -0.034968327, 0.970965481, -6.35032467e-006, 0.239219636, 0.239219636, -8.36299905e-006, -0.970965481, 8.16653964e-006, 1, -6.60106105e-006, 0.970965451, -8.09140519e-006, 0.239219759, 0.239219759, 6.27416169e-006, -0.970965451, 6.35557145e-006, 1, 8.02761823e-006, 0, 0, 0, 0, 0, 0, 0, 0.343426172, -0.0591426025, -0.23865542, 0.480226427, 0.685863258, -0.546546078, -0.723876953, 0.661865234, 0.194580078, 0.495181526, 0.302313113, 0.814520888, 0, 0, 0, 0, 0, 0, 0, 0.390798193, -0.113160791, -0.203979199, 0.210108319, -0.224355823, -0.951558665, -0.630371094, -0.774902344, 0.0434570313, -0.747145289, 0.590746516, -0.304256715, 0, 1, 1, 1, 
262.840445, 11, 0.1, 0.1, 0.0202528115, 0.358175184, -0.0349700019, 0.970965589, -3.44029182e-006, 0.239219199, 0.239219199, 7.59119365e-006, -0.970965589, 1.52444571e-006, 1, 8.19377166e-006, 0.970965572, 7.12248496e-006, 0.239219268, 0.239219268, -3.96593928e-006, -0.970965572, -5.96695859e-006, 1, -5.55462613e-006, 0, 0, 0, 0, 0, 0, 0, 0.343426172, -0.0591426025, -0.23865542, 0.480226427, 0.685863258, -0.546546078, -0.723876953, 0.661865234, 0.194580078, 0.495181526, 0.302313113, 0.814520888, 0, 0, 0, 0, 0, 0, 0, 0.390798193, -0.113160791, -0.203979199, 0.210108319, -0.224355823, -0.951558665, -0.630371094, -0.774902344, 0.0434570313, -0.747145289, 0.590746516, -0.304256715, 0, 1, 1, 1, 
262.841171, 11, 0.1, 0.1, 0.0202528112, 0.358175181, -0.0349713727, 0.970965695, 8.87249536e-006, 0.239218769, 0.23921877, -7.36507141e-006, -0.970965695, -6.8530253e-006, 1, -9.2736991e-006, 0.970965669, 8.50138e-006, 0.239218874, 0.239218874, 7.37791185e-006, -0.970965669, -1.00194839e-005, 1, 5.13000856e-006, 0, 0, 0, 0, 0, 0, 0, 0.3434479, -0.0589363281, -0.238883423, 0.480670505, 0.685520652, -0.546647549, -0.723754883, 0.662109375, 0.193847656, 0.494864008, 0.302490969, 0.814660551, 0, 0, 0, 0, 0, 0, 0, 0.390798193, -0.113160791, -0.203979199, 0.211482016, -0.224752111, -0.951175504, -0.629638672, -0.775512695, 0.0432128906, -0.747369136, 0.589845665, -0.305566613, 0, 1, 1, 1, 
262.841867, 11, 0.1, 0.1, 0.0202528101, 0.358175185, -0.0349718661, 0.97096582, 6.28311008e-006, 0.23921826, 0.23921826, 8.45342167e-006, -0.97096582, -8.12289796e-006, 1, 6.70494884e-006, 0.970965799, 7.59443348e-006, 0.239218346, 0.239218346, -4.9144886e-006, -0.970965799, -6.19829933e-006, 1, -6.58852817e-006, 0, 0, 0, 0, 0, 0, 0, 0.3434479, -0.0589363281, -0.238883423, 0.480670505, 0.685520652, -0.546647549, -0.723754883, 0.662109375, 0.193847656, 0.494864008, 0.302490969, 0.814660551, 0, 0, 0, 0, 0, 0, 0, 0.391107617, -0.112982715, -0.203981396, 0.211482016, -0.224752111, -0.951175504, -0.629638672, -0.775512695, 0.0432128906, -0.747369136, 0.589845665, -0.305566613, 0, 1, 1, 1, 
262.842569, 11, 0.1, 0.1, 0.0202528114, 0.358175182, -0.0349716268, 0.970965889, 5.54735378e-006, 0.239217981, 0.239217981, -6.32968483e-006, -0.970965889, -3.87211687e-006, 1, -7.47293483e-006, 0.970965879, -4.67459363e-006, 0.239218022, 0.239218022, 4.59538539e-006, -0.970965879, 3.43957191e-006, 1, 5.58020945e-006, 0, 0, 0, 0, 0, 0, 0, 0.3434479, -0.0589363281, -0.238883423, 0.480670505, 0.685520652, -0.546647549, -0.723754883, 0.662109375, 0.193847656, 0.494864008, 0.302490969, 0.814660551, 0, 0, 0, 0, 0, 0, 0, 0.391107617, -0.112982715, -0.203981396, 0.211482016, -0.224752111, -0.951175504, -0.629638672, -0.775512695, 0.0432128906, -0.747369136, 0.589845665, -0.305566613, 0, 1, 1, 1, 
262.843274, 11, 0.1, 0.1, 0.0202528115, 0.358175186, -0.0349706855, 0.970965957, -6.27193797e-006, 0.239217707, 0.239217707, 8.29768639e-006, -0.970965957, 4.10488474e-006, 1, 9.55712962e-006, 0.97096594, -5.95909726e-006, 0.239217774, 0.239217774, -5.65397653e-006, -0.97096594, 7.13861215e-006, 1, -4.06429665e-006, 0, 0, 0, 0, 0, 0, 0, 0.3434479, -0.0589363281, -0.238883423, 0.480670505, 0.685520652, -0.546647549, -0.723754883, 0.662109375, 0.193847656, 0.494864008, 0.302490969, 0.814660551, 0, 0, 0, 0, 0, 0, 0, 0.391107617, -0.112982715, -0.203981396, 0.211482016, -0.224752111, -0.951175504, -0.629638672, -0.775512695, 0.0432128906, -0.747369136, 0.589845665, -0.305566613, 0, 1, 1, 1, 
262.843975, 11, 0.1, 0.1, 0.0202528123, 0.358175183, -0.0349694829, 0.970966052, -4.00101034e-006, 0.23921732, 0.23921732, -9.59196586e-006, -0.970966052, 6.17940958e-006, 1, -8.35636225e-006, 0.970966036, -5.36793793e-006, 0.239217382, 0.239217382, 5.09857933e-006, -0.970966036, 3.99241661e-006, 1, 6.23465143e-006, 0, 0, 0, 0, 0, 0, 0, 0.3434479, -0.0589363281, -0.238883423, 0.480670505, 0.685520652, -0.546647549, -0.723754883, 0.662109375, 0.193847656, 0.494864008, 0.302490969, 0.814660551, 0, 0, 0, 0, 0, 0, 0, 0.391107617, -0.112982715, -0.203981396, 0.211482016, -0.224752111, -0.951175504, -0.629638672, -0.775512695, 0.0432128906, -0.747369136, 0.589845665, -0.305566613, 0, 1, 1, 1, 
262.844686, 11, 0.1, 0.1, 0.0202528112, 0.358175186, -0.0349683434, 0.97096609, -6.57450511e-006, 0.239217164, 0.239217164, 9.58239579e-006, -0.97096609, 4.09134798e-006, 1, 1.08769158e-005, 0.970966086, 6.24369924e-006, 0.239217181, 0.239217181, -3.8908888e-006, -0.970966086, -5.13165277e-006, 1, -5.2715212e-006, 0, 0, 0, 0, 0, 0, 0, 0.3434479, -0.0589363281, -0.238883423, 0.480670505, 0.685520652, -0.546647549, -0.723754883, 0.662109375, 0.193847656, 0.494864008, 0.302490969, 0.814660551, 0, 0, 0, 0, 0, 0, 0, 0.391107617, -0.112982715, -0.203981396, 0.211482016, -0.224752111, -0.951175504, -0.629638672, -0.775512695, 0.0432128906, -0.747369136, 0.589845665, -0.305566613, 0, 1, 1, 1, 
262.845388, 11, 0.1, 0.1, 0.0202528122, 0.358175183, -0.0349674648, 0.970966131, 5.47337215e-006, 0.239216997, 0.239216997, -6.98900029e-006, -0.970966131, -3.64257132e-006, 1, -8.09540623e-006, 0.970966119, 5.14404593e-006, 0.239217048, 0.239217048, 8.97030234e-006, -0.970966119, -7.14054356e-006, 1, 7.47931617e-006, 0, 0, 0, 0, 0, 0, 0, 0.3434479, -0.0589363281, -0.238883423, 0.480670505, 0.685520652, -0.546647549, -0.723754883, 0.662109375, 0.193847656, 0.494864008, 0.302490969, 0.814660551, 0, 0, 0, 0, 0, 0, 0, 0.391107617, -0.112982715, -0.203981396, 0.211482016, -0.224752111, -0.951175504, -0.629638672, -0.775512695, 0.0432128906, -0.747369136, 0.589845665, -0.305566613, 0, 1, 1, 1, 
262.846117, 11, 0.1, 0.1, 0.0202528125, 0.358175186, -0.0349670598, 0.97096621, 2.8693677e-006, 0.239216679, 0.239216679, 1.20149658e-005, -0.97096621, -5.6602393e-006, 1, 1.09797252e-005, 0.970966198, 4.42087583e-006, 0.239216727, 0.239216727, -4.8408765e-006, -0.970966198, -3.13450236e-006, 1, -5.75787489e-006, 0, 0, 0, 0, 0, 0, 0, 0.343464258, -0.0587260254, -0.238880737, 0.481038199, 0.685235334, -0.546609357, -0.723999023, 0.662231445, 0.192871094, 0.494064219, 0.303030526, 0.814901686, 0, 0, 0, 0, 0, 0, 0, 0.391107617, -0.112982715, -0.203981396, 0.21263843, -0.225110119, -0.950817862, -0.628662109, -0.776367187, 0.0432128906, -0.747861305, 0.58858061, -0.306633708, 0, 1, 1, 1, 
262.846817, 11, 0.1, 0.1, 0.020252815, 0.358175183, -0.034967205, 0.970966227, 3.97906519e-006, 0.239216611, 0.239216611, -7.96296377e-006, -0.970966227, -1.95866471e-006, 1, -8.68362737e-006, 0.970966227, -8.15909178e-006, 0.239216609, 0.239216609, 5.17683403e-006, -0.970966227, 6.68381788e-006, 1, 6.97832127e-006, 0, 0, 0, 0, 0, 0, 0, 0.343464258, -0.0587260254, -0.238880737, 0.481038199, 0.685235334, -0.546609357, -0.723999023, 0.662231445, 0.192871094, 0.494064219, 0.303030526, 0.814901686, 0, 0, 0, 0, 0, 0, 0, 0.391173779, -0.112586523, -0.203980176, 0.21263843, -0.225110119, -0.950817862, -0.628662109, -0.776367187, 0.0432128906, -0.747861305, 0.58858061, -0.306633708, 0, 1, 1, 1, 
262.847517, 11, 0.1, 0.1, 0.0202528153, 0.358175188, -0.0349680169, 0.970966249, -6.832833e-006, 0.239216521, 0.239216521, 4.61341731e-006, -0.970966249, 5.53084459e-006, 1, 6.11399904e-006, 0.97096624, -6.84696132e-006, 0.239216556, 0.239216556, -1.01850905e-005, -0.97096624, 9.08461055e-006, 1, -8.25147249e-006, 0, 0, 0, 0, 0, 0, 0, 0.343464258, -0.0587260254, -0.238880737, 0.481038199, 0.685235334, -0.546609357, -0.723999023, 0.662231445, 0.192871094, 0.494064219, 0.303030526, 0.814901686, 0, 0, 0, 0, 0, 0, 0, 0.391173779, -0.112586523, -0.203980176, 0.21263843, -0.225110119, -0.950817862, -0.628662109, -0.776367187, 0.0432128906, -0.747861305, 0.58858061, -0.306633708, 0, 1, 1, 1, 
262.848214, 11, 0.1, 0.1, 0.0202528158, 0.358175186, -0.0349692199, 0.970966308, -2.40700816e-006, 0.239216282, 0.239216282, -1.21563257e-005, -0.970966308, 5.24511485e-006, 1, -1.12275871e-005, 0.970966299, -4.00875734e-006, 0.239216316, 0.239216316, 2.31522466e-006, -0.970966299, 3.33852876e-006, 1, 3.20696528e-006, 0, 0, 0, 0, 0, 0, 0, 0.343464258, -0.0587260254, -0.238880737, 0.481038199, 0.685235334, -0.546609357, -0.723999023, 0.662231445, 0.192871094, 0.494064219, 0.303030526, 0.814901686, 0, 0, 0, 0, 0, 0, 0, 0.391173779, -0.112586523, -0.203980176, 0.21263843, -0.225110119, -0.950817862, -0.628662109, -0.776367187, 0.0432128906, -0.747861305, 0.58858061, -0.306633708, 0, 1, 1, 1, 
262.848914, 11, 0.1, 0.1, 0.0202528136, 0.358175191, -0.0349704627, 0.970966315, -1.59995266e-006, 0.239216253, 0.239216253, 4.66165853e-006, -0.970966315, 4.38355656e-007, 1, 4.90904808e-006, 0.970966317, 9.03101418e-006, 0.239216245, 0.239216245, -7.07558108e-006, -0.970966317, -7.07621664e-006, 1, -9.0305162e-006, 0, 0, 0, 0, 0, 0, 0, 0.343464258, -0.0587260254, -0.238880737, 0.481038199, 0.685235334, -0.546609357, -0.723999023, 0.662231445, 0.192871094, 0.494064219, 0.303030526, 0.814901686, 0, 0, 0, 0, 0, 0, 0, 0.391173779, -0.112586523, -0.203980176, 0.21263843, -0.225110119, -0.950817862, -0.628662109, -0.776367187, 0.0432128906, -0.747861305, 0.58858061, -0.306633708, 0, 1, 1, 1, 
262.84961, 11, 0.1, 0.1, 0.0202528149, 0.358175188, -0.0349713718, 0.970966318, 4.84349295e-007, 0.239216239, 0.239216239, -8.14159723e-006, -0.970966318, 1.47731541e-006, 1, -8.02108091e-006, 0.970966316, -3.67388171e-007, 0.239216248, 0.239216248, 4.97127851e-006, -0.970966316, -8.32489053e-007, 1, 4.9148292e-006, 0, 0, 0, 0, 0, 0, 0, 0.343464258, -0.0587260254, -0.238880737, 0.481038199, 0.685235334, -0.546609357, -0.723999023, 0.662231445, 0.192871094, 0.494064219, 0.303030526, 0.814901686, 0, 0, 0, 0, 0, 0, 0, 0.391173779, -0.112586523, -0.203980176, 0.21263843, -0.225110119, -0.950817862, -0.628662109, -0.776367187, 0.0432128906, -0.747861305, 0.58858061, -0.306633708, 0, 1, 1, 1, 
262.850312, 11, 0.1, 0.1, 0.0202528142, 0.358175192, -0.0349716705, 0.970966321, -1.1657532e-007, 0.239216228, 0.239216228, 9.29027972e-006, -0.970966321, -2.10919496e-006, 1, 9.04843543e-006, 0.970966319, 4.45244851e-007, 0.239216235, 0.239216235, -4.41451465e-006, -0.970966319, 6.23705822e-007, 1, -4.39285484e-006, 0, 0, 0, 0, 0, 0, 0, 0.343464258, -0.0587260254, -0.238880737, 0.481038199, 0.685235334, -0.546609357, -0.723999023, 0.662231445, 0.192871094, 0.494064219, 0.303030526, 0.814901686, 0, 0, 0, 0, 0, 0, 0, 0.391173779, -0.112586523, -0.203980176, 0.21263843, -0.225110119, -0.950817862, -0.628662109, -0.776367187, 0.0432128906, -0.747861305, 0.58858061, -0.306633708, 0, 1, 1, 1, 
262.851037, 11, 0.1, 0.1, 0.0202528164, 0.358175189, -0.0349711156, 0.970966321, -7.13934064e-006, 0.239216226, 0.239216226, -8.55252219e-006, -0.970966321, 8.9779614e-006, 1, -6.59636489e-006, 0.970966324, -8.78334958e-006, 0.239216217, 0.239216217, 4.64116534e-006, -0.970966324, 7.41809464e-006, 1, 6.60753491e-006, 0, 0, 0, 0, 0, 0, 0, 0.343705933, -0.0582775879, -0.238646021, 0.481469172, 0.685229342, -0.546412406, -0.724609375, 0.661865234, 0.19152832, 0.492883632, 0.303773027, 0.81536486, 0, 0, 0, 0, 0, 0, 0, 0.391235059, -0.11244165, -0.203974072, 0.213647922, -0.225992013, -0.950313299, -0.628051758, -0.776855469, 0.0435791016, -0.748123431, 0.58762872, -0.307930846, 0, 1, 1, 1, 
262.851739, 11, 0.1, 0.1, 0.0202528158, 0.358175191, -0.0349699997, 0.970966279, -6.00521507e-006, 0.239216398, 0.239216398, 1.02337049e-005, -0.970966279, 3.3827913e-006, 1, 1.13731283e-005, 0.970966291, 4.99423214e-006, 0.239216351, 0.239216351, -1.92148187e-006, -0.970966291, -4.38958117e-006, 1, -3.06039611e-006, 0, 0, 0, 0, 0, 0, 0, 0.343705933, -0.0582775879, -0.238646021, 0.481469172, 0.685229342, -0.546412406, -0.724609375, 0.661865234, 0.19152832, 0.492883632, 0.303773027, 0.81536486, 0, 0, 0, 0, 0, 0, 0, 0.391235059, -0.11244165, -0.203974072, 0.213647922, -0.225992013, -0.950313299, -0.628051758, -0.776855469, 0.0435791016, -0.748123431, 0.58762872, -0.307930846, 0, 1, 1, 1, 
262.852437, 11, 0.1, 0.1, 0.0202528162, 0.358175188, -0.0349687889, 0.970966249, 7.17270173e-006, 0.239216521, 0.239216521, -5.39800159e-006, -0.970966249, -5.67316013e-006, 1, -6.95710611e-006, 0.97096625, 6.7706842e-006, 0.239216516, 0.239216516, 9.54938491e-006, -0.97096625, -8.85847643e-006, 1, 7.65247097e-006, 0, 0, 0, 0, 0, 0, 0, 0.343705933, -0.0582775879, -0.238646021, 0.481469172, 0.685229342, -0.546412406, -0.724609375, 0.661865234, 0.19152832, 0.492883632, 0.303773027, 0.81536486, 0, 0, 0, 0, 0, 0, 0, 0.391235059, -0.11244165, -0.203974072, 0.213647922, -0.225992013, -0.950313299, -0.628051758, -0.776855469, 0.0435791016, -0.748123431, 0.58762872, -0.307930846, 0, 1, 1, 1, 
262.853135, 11, 0.1, 0.1, 0.0202528157, 0.358175191, -0.0349679023, 0.970966261, 4.98791324e-006, 0.239216472, 0.239216472, 1.17309491e-005, -0.970966261, -7.64933173e-006, 1, 1.01971648e-005, 0.970966261, 6.38465589e-006, 0.239216469, 0.239216469, -3.07495255e-006, -0.970966261, -5.46370617e-006, 1, -4.51299002e-006, 0, 0, 0, 0, 0, 0, 0, 0.343705933, -0.0582775879, -0.238646021, 0.481469172, 0.685229342, -0.546412406, -0.724609375, 0.661865234, 0.19152832, 0.492883632, 0.303773027, 0.81536486, 0, 0, 0, 0, 0, 0, 0, 0.391235059, -0.11244165, -0.203974072, 0.213647922, -0.225992013, -0.950313299, -0.628051758, -0.776855469, 0.0435791016, -0.748123431, 0.58762872, -0.307930846, 0, 1, 1, 1, 
262.853854, 11, 0.1, 0.1, 0.0202528178, 0.358175188, -0.0349673518, 0.970966222, 5.40733424e-006, 0.239216628, 0.239216628, -8.84189342e-006, -0.970966222, -3.13521097e-006, 1, -9.87870412e-006, 0.970966233, -6.8764855e-006, 0.239216584, 0.239216584, 4.4626538e-006, -0.970966233, 5.60929442e-006, 1, 5.97805552e-006, 0, 0, 0, 0, 0, 0, 0, 0.343705933, -0.0582775879, -0.238646021, 0.481469172, 0.685229342, -0.546412406, -0.724609375, 0.661865234, 0.19152832, 0.492883632, 0.303773027, 0.81536486, 0, 0, 0, 0, 0, 0, 0, 0.391005225, -0.112586182, -0.203751318, 0.213513761, -0.228030321, -0.949942898, -0.628295898, -0.776611328, 0.0451660156, -0.74801479, 0.587169, -0.309119342, 0, 1, 1, 1, 
