time, trialNum, realDorsalTactorPos, realVentralTactorPos, boxPosX, boxPosY, boxPosZ, boxLocalRot_11, boxLocalRot_12, boxLocalRot_13, boxLocalRot_21, boxLocalRot_22, boxLocalRot_23, boxLocalRot_31, boxLocalRot_32, boxLocalRot_33, boxGlobalRot_11, boxGlobalRot_12, boxGlobalRot_13, boxGlobalRot_21, boxGlobalRot_22, boxGlobalRot_23, boxGlobalRot_31, boxGlobalRot_32, boxGlobalRot_33, indexForceX, indexForceY, indexForceZ, indexForceGlobalX, indexForceGlobalY, indexForceGlobalZ, indexContact, indexPosX, indexPosY, indexPosZ, indexRot_11, indexRot_12, indexRot_13, indexRot_21, indexRot_22, indexRot_23, indexRot_31, indexRot_32, indexRot_33, thumbForceX, thumbForceY, thumbForceZ, thumbForceGlobalX, thumbForceGlobalY, thumbForceGlobalZ, thumbContact, thumbPosX, thumbPosY, thumbPosZ, thumbRot_11, thumbRot_12, thumbRot_13, thumbRot_21, thumbRot_22, thumbRot_23, thumbRot_31, thumbRot_32, thumbRot_33, manipForceTooHigh, cceExpType, mapping, trialSuccess, 
942.632482, 71, 0.1, 0.1, 0.0196052679, 0.366818333, -0.0199675238, 0.986609948, 1.11174216e-005, 0.163097549, 0.163097549, -8.60849154e-006, -0.986609948, -9.56453487e-006, 1, -1.03064476e-005, 0.986609943, -4.80051143e-007, 0.163097582, 0.163097582, 3.3490571e-006, -0.986609943, -7.25998836e-008, 1, 3.38250821e-006, 0, 0, 0, 0, 0, 0, 0, 0.310292285, -0.107380029, -0.199414087, 0.10772438, 0.770628303, -0.628031275, -0.993652344, 0.0649414062, -0.0908203125, -0.0291738753, 0.633832738, 0.772922832, 0, 0, -0, 0, 0, 0, 0, 0.330456445, -0.068172998, -0.175913818, 0.0555821669, 0.178250413, -0.982409088, 0.355712891, -0.922851563, -0.147338867, -0.932894324, -0.341269495, -0.114670428, 0, 3, 5, 1, 
942.655014, 71, 0.1, 0.1, 0.0196052683, 0.366818331, -0.0199710769, 0.986604088, -3.22344351e-005, 0.163132991, 0.163132991, 6.10897895e-006, -0.986604088, 3.08060494e-005, 0.999999999, 1.12856434e-005, 0.986604052, -1.820982e-005, 0.163133208, 0.163133208, 3.78369455e-006, -0.986604053, 1.7348636e-005, 1, 6.70363473e-006, 0, 0, 0, 0, 0, 0, 0, 0.314263916, -0.111865601, -0.194686035, 0.0683902078, 0.798364445, -0.598148171, -0.996582031, 0.0281982422, -0.0764160156, -0.044201767, 0.601384395, 0.797728286, 0, 0, -0, 0, 0, 0, 0, 0.332886816, -0.0762237793, -0.171861133, 0.0318468889, 0.16781787, -0.985249065, 0.383056641, -0.912475586, -0.143066406, -0.923114731, -0.372806191, -0.0934889473, 0, 3, 5, 1, 
942.655755, 71, 0.1, 0.1, 0.0196052691, 0.366818331, -0.0199686571, 0.986604231, 3.01805776e-005, 0.163132125, 0.163132125, 2.04128379e-005, -0.986604231, -3.31062752e-005, 0.999999999, 1.52159705e-005, 0.986604211, 1.70862388e-005, 0.163132251, 0.163132251, -3.37617591e-009, -0.986604211, -1.68568044e-005, 1, -2.79064755e-006, 0, 0, 0, 0, 0, 0, 0, 0.314263916, -0.111865601, -0.194686035, 0.0642205227, 0.800635008, -0.595576941, -0.996826172, 0.0247802734, -0.0743408203, -0.0447772732, 0.598552935, 0.799916473, 0, 0, -0, 0, 0, 0, 0, 0.332886816, -0.0762237793, -0.171861133, 0.0318468889, 0.16781787, -0.985249065, 0.383056641, -0.912475586, -0.143066406, -0.923114731, -0.372806191, -0.0934889473, 0, 3, 5, 1, 
942.656446, 71, 0.1, 0.1, 0.0196052682, 0.366818332, -0.0199664664, 0.986604308, -2.78816624e-005, 0.163131663, 0.163131662, -4.09555625e-005, -0.986604307, 3.41893172e-005, 0.999999999, -3.58585525e-005, 0.986604294, -1.36377624e-005, 0.163131749, 0.163131748, -2.58424418e-005, -0.986604294, 1.76707977e-005, 1, -2.3271512e-005, 0, 0, 0, 0, 0, 0, 0, 0.314495557, -0.113544116, -0.193655005, 0.0642205227, 0.800635008, -0.595576941, -0.996826172, 0.0247802734, -0.0743408203, -0.0447772732, 0.598552935, 0.799916473, 0, 0, -0, 0, 0, 0, 0, 0.332886816, -0.0762237793, -0.171861133, 0.0318468889, 0.16781787, -0.985249065, 0.383056641, -0.912475586, -0.143066406, -0.923114731, -0.372806191, -0.0934889473, 0, 3, 5, 1, 
942.657134, 71, 0.1, 0.1, 0.0196052703, 0.366818333, -0.0199654295, 0.986604381, 1.93035432e-005, 0.16313122, 0.16313122, 4.16642165e-005, -0.98660438, -2.58416948e-005, 0.999999999, 3.79570879e-005, 0.986604367, 6.68829008e-006, 0.163131305, 0.163131304, 2.24692377e-005, -0.986604367, -1.02641323e-005, 1, 2.10771785e-005, 0, 0, 0, 0, 0, 0, 0, 0.314495557, -0.113544116, -0.193655005, 0.0642205227, 0.800635008, -0.595576941, -0.996826172, 0.0247802734, -0.0743408203, -0.0447772732, 0.598552935, 0.799916473, 0, 0, -0, 0, 0, 0, 0, 0.332886816, -0.0762237793, -0.171861133, 0.0318468889, 0.16781787, -0.985249065, 0.383056641, -0.912475586, -0.143066406, -0.923114731, -0.372806191, -0.0934889473, 0, 3, 5, 1, 
942.657835, 71, 0.1, 0.1, 0.0196052704, 0.36681833, -0.0199657655, 0.986604449, -2.76242245e-005, 0.16313081, 0.16313081, -3.14522659e-005, -0.986604449, 3.23850164e-005, 0.999999999, -2.65245833e-005, 0.986604435, -1.52958332e-005, 0.163130893, 0.163130893, -1.12853664e-005, -0.986604435, 1.69319287e-005, 1, -8.63896961e-006, 0, 0, 0, 0, 0, 0, 0, 0.314495557, -0.113544116, -0.193655005, 0.0642205227, 0.800635008, -0.595576941, -0.996826172, 0.0247802734, -0.0743408203, -0.0447772732, 0.598552935, 0.799916473, 0, 0, -0, 0, 0, 0, 0, 0.332886816, -0.0762237793, -0.171861133, 0.0318468889, 0.16781787, -0.985249065, 0.383056641, -0.912475586, -0.143066406, -0.923114731, -0.372806191, -0.0934889473, 0, 3, 5, 1, 
942.658579, 71, 0.1, 0.1, 0.0196052708, 0.366818332, -0.0199666362, 0.986604504, 3.37977807e-005, 0.163130472, 0.163130471, 3.6508707e-005, -0.986604504, -3.93007253e-005, 0.999999999, 3.05062069e-005, 0.986604495, 2.01339065e-005, 0.163130529, 0.163130528, 1.95114567e-005, -0.986604495, -2.30471169e-005, 1, 1.59656361e-005, 0, 0, 0, 0, 0, 0, 0, 0.315599292, -0.114766626, -0.192388525, 0.0597202142, 0.803108514, -0.592764577, -0.997070313, 0.0202636719, -0.0729980469, -0.0466599249, 0.595442147, 0.802066469, 0, 0, -0, 0, 0, 0, 0, 0.333682373, -0.0777719727, -0.170730762, 0.0300069085, 0.165708833, -0.985721545, 0.385864258, -0.911499023, -0.141479492, -0.921957951, -0.376096428, -0.0913292382, 0, 3, 5, 1, 
942.65927, 71, 0.1, 0.1, 0.0196052682, 0.366818329, -0.0199681936, 0.986604548, -1.70500109e-005, 0.163130212, 0.163130211, -2.88840977e-005, -0.986604548, 2.15334873e-005, 0.999999999, -2.57158102e-005, 0.98660454, -3.78396524e-006, 0.16313026, 0.16313026, -1.26670658e-005, -0.98660454, 5.79965902e-006, 1, -1.18801053e-005, 0, 0, 0, 0, 0, 0, 0, 0.315599292, -0.114766626, -0.192388525, 0.0597202142, 0.803108514, -0.592764577, -0.997070313, 0.0202636719, -0.0729980469, -0.0466599249, 0.595442147, 0.802066469, 0, 0, -0, 0, 0, 0, 0, 0.333682373, -0.0777719727, -0.170730762, 0.0300069085, 0.165708833, -0.985721545, 0.385864258, -0.911499023, -0.141479492, -0.921957951, -0.376096428, -0.0913292382, 0, 3, 5, 1, 
942.659962, 71, 0.1, 0.1, 0.0196052692, 0.36681833, -0.0199701257, 0.986604591, 1.96728357e-005, 0.163129951, 0.16312995, 3.60297856e-005, -0.98660459, -2.52868471e-005, 0.999999999, 3.23379232e-005, 0.986604583, 9.58510153e-006, 0.163130001, 0.163130001, 2.02476145e-005, -0.986604583, -1.27596985e-005, 1, 1.84127716e-005, 0, 0, 0, 0, 0, 0, 0, 0.315599292, -0.114766626, -0.192388525, 0.0597202142, 0.803108514, -0.592764577, -0.997070313, 0.0202636719, -0.0729980469, -0.0466599249, 0.595442147, 0.802066469, 0, 0, -0, 0, 0, 0, 0, 0.333682373, -0.0777719727, -0.170730762, 0.0300069085, 0.165708833, -0.985721545, 0.385864258, -0.911499023, -0.141479492, -0.921957951, -0.376096428, -0.0913292382, 0, 3, 5, 1, 
942.660686, 71, 0.1, 0.1, 0.0196052691, 0.366818328, -0.0199716497, 0.986604632, -2.45571813e-005, 0.163129701, 0.1631297, -3.05083358e-005, -0.986604632, 2.92050445e-005, 0.999999999, -2.60936598e-005, 0.986604625, -1.45333442e-005, 0.163129746, 0.163129746, -1.45214622e-005, -0.986604625, 1.6707547e-005, 1, -1.1956121e-005, 0, 0, 0, 0, 0, 0, 0, 0.315599292, -0.114766626, -0.192388525, 0.0597202142, 0.803108514, -0.592764577, -0.997070313, 0.0202636719, -0.0729980469, -0.0466599249, 0.595442147, 0.802066469, 0, 0, -0, 0, 0, 0, 0, 0.333682373, -0.0777719727, -0.170730762, 0.0300069085, 0.165708833, -0.985721545, 0.385864258, -0.911499023, -0.141479492, -0.921957951, -0.376096428, -0.0913292382, 0, 3, 5, 1, 
942.661378, 71, 0.1, 0.1, 0.0196052701, 0.36681833, -0.0199722841, 0.986604662, 2.19664186e-005, 0.16312952, 0.16312952, 2.19932168e-005, -0.986604662, -2.5259914e-005, 1, 1.81152389e-005, 0.986604657, 1.09840851e-005, 0.163129553, 0.163129553, 8.19362779e-006, -0.986604657, -1.21735723e-005, 1, 6.29204245e-006, 0, 0, 0, 0, 0, 0, 0, 0.315599292, -0.114766626, -0.192388525, 0.0597202142, 0.803108514, -0.592764577, -0.997070313, 0.0202636719, -0.0729980469, -0.0466599249, 0.595442147, 0.802066469, 0, 0, -0, 0, 0, 0, 0, 0.333682373, -0.0777719727, -0.170730762, 0.0300069085, 0.165708833, -0.985721545, 0.385864258, -0.911499023, -0.141479492, -0.921957951, -0.376096428, -0.0913292382, 0, 3, 5, 1, 
942.662067, 71, 0.1, 0.1, 0.0196052692, 0.36681833, -0.0199721833, 0.986604687, -2.0488281e-005, 0.16312937, 0.163129369, -3.44410041e-005, -0.986604687, 2.58321734e-005, 0.999999999, -3.06374157e-005, 0.986604682, -9.48924377e-006, 0.163129398, 0.163129398, -2.06454941e-005, -0.986604682, 1.27300194e-005, 1, -1.88209666e-005, 0, 0, 0, 0, 0, 0, 0, 0.315599292, -0.114766626, -0.192388525, 0.0597202142, 0.803108514, -0.592764577, -0.997070313, 0.0202636719, -0.0729980469, -0.0466599249, 0.595442147, 0.802066469, 0, 0, -0, 0, 0, 0, 0, 0.333682373, -0.0777719727, -0.170730762, 0.0300069085, 0.165708833, -0.985721545, 0.385864258, -0.911499023, -0.141479492, -0.921957951, -0.376096428, -0.0913292382, 0, 3, 5, 1, 
942.662781, 71, 0.1, 0.1, 0.0196052705, 0.366818331, -0.0199713223, 0.986604715, 1.78988601e-005, 0.1631292, 0.163129199, 3.4947437e-005, -0.986604715, -2.33600472e-005, 0.999999999, 3.15594794e-005, 0.986604709, 7.19686288e-006, 0.163129236, 0.163129236, 1.70445155e-005, -0.986604709, -9.88091761e-006, 1, 1.56421806e-005, 0, 0, 0, 0, 0, 0, 0, 0.315599292, -0.114766626, -0.192388525, 0.0597202142, 0.803108514, -0.592764577, -0.997070313, 0.0202636719, -0.0729980469, -0.0466599249, 0.595442147, 0.802066469, 0, 0, -0, 0, 0, 0, 0, 0.333682373, -0.0777719727, -0.170730762, 0.0300069085, 0.165708833, -0.985721545, 0.385864258, -0.911499023, -0.141479492, -0.921957951, -0.376096428, -0.0913292382, 0, 3, 5, 1, 
942.663509, 71, 0.1, 0.1, 0.0196052706, 0.366818329, -0.0199693624, 0.98660474, -2.76853278e-005, 0.163129047, 0.163129047, -2.8987676e-005, -0.98660474, 3.20432077e-005, 0.999999999, -2.40830974e-005, 0.986604736, -1.71260678e-005, 0.163129074, 0.163129074, -1.28889246e-005, -0.986604736, 1.89992179e-005, 1, -9.92251446e-006, 0, 0, 0, 0, 0, 0, 0, 0.316517749, -0.116452588, -0.19090625, 0.0559624063, 0.805239414, -0.590091875, -0.997192383, 0.0163574219, -0.072265625, -0.0485365853, 0.592509215, 0.804114994, 0, 0, -0, 0, 0, 0, 0, 0.334234668, -0.079774707, -0.169588672, 0.0279496445, 0.163293194, -0.986098143, 0.388183594, -0.910888672, -0.139770508, -0.921069494, -0.378805176, -0.088913966, 0, 3, 5, 1, 
942.6642, 71, 0.1, 0.1, 0.0196052713, 0.36681833, -0.0199677394, 0.986604756, 2.90927178e-005, 0.163128954, 0.163128953, 3.41772027e-005, -0.986604756, -3.42783051e-005, 0.999999999, 2.89735261e-005, 0.986604753, 1.57368741e-005, 0.163128969, 0.163128969, 1.85922285e-005, -0.986604753, -1.85590059e-005, 1, 1.5776041e-005, 0, 0, 0, 0, 0, 0, 0, 0.316517749, -0.116452588, -0.19090625, 0.0559624063, 0.805239414, -0.590091875, -0.997192383, 0.0163574219, -0.072265625, -0.0485365853, 0.592509215, 0.804114994, 0, 0, -0, 0, 0, 0, 0, 0.334234668, -0.079774707, -0.169588672, 0.0279496445, 0.163293194, -0.986098143, 0.388183594, -0.910888672, -0.139770508, -0.921069494, -0.378805176, -0.088913966, 0, 3, 5, 1, 
942.664896, 71, 0.1, 0.1, 0.0196052697, 0.366818329, -0.0199668486, 0.98660477, -2.15710889e-005, 0.163128869, 0.163128869, -3.69995177e-005, -0.986604769, 2.73178287e-005, 0.999999999, -3.29850333e-005, 0.986604767, -7.53928665e-006, 0.163128887, 0.163128886, -1.86858393e-005, -0.986604767, 1.04864963e-005, 1, -1.72056627e-005, 0, 0, 0, 0, 0, 0, 0, 0.316517749, -0.116452588, -0.19090625, 0.0559624063, 0.805239414, -0.590091875, -0.997192383, 0.0163574219, -0.072265625, -0.0485365853, 0.592509215, 0.804114994, 0, 0, -0, 0, 0, 0, 0, 0.334234668, -0.079774707, -0.169588672, 0.0279496445, 0.163293194, -0.986098143, 0.388183594, -0.910888672, -0.139770508, -0.921069494, -0.378805176, -0.088913966, 0, 3, 5, 1, 
942.66562, 71, 0.1, 0.1, 0.0196052709, 0.36681833, -0.0199664312, 0.986604788, 2.25879231e-005, 0.163128758, 0.163128757, 3.99951339e-005, -0.986604788, -2.88097096e-005, 0.999999999, 3.57746508e-005, 0.986604785, 1.13490841e-005, 0.163128779, 0.163128779, 2.18359682e-005, -0.986604785, -1.47591355e-005, 1, 1.96921085e-005, 0, 0, 0, 0, 0, 0, 0, 0.316517749, -0.116452588, -0.19090625, 0.0559624063, 0.805239414, -0.590091875, -0.997192383, 0.0163574219, -0.072265625, -0.0485365853, 0.592509215, 0.804114994, 0, 0, -0, 0, 0, 0, 0, 0.334234668, -0.079774707, -0.169588672, 0.0279496445, 0.163293194, -0.986098143, 0.388183594, -0.910888672, -0.139770508, -0.921069494, -0.378805176, -0.088913966, 0, 3, 5, 1, 
942.666311, 71, 0.1, 0.1, 0.0196052706, 0.366818328, -0.0199669516, 0.986604805, -2.66026096e-005, 0.163128658, 0.163128657, -3.12551663e-005, -0.986604805, 3.13448757e-005, 0.999999999, -2.64968493e-005, 0.986604802, -1.47647312e-005, 0.163128676, 0.163128676, -1.29608997e-005, -0.986604802, 1.66812492e-005, 1, -1.03787348e-005, 0, 0, 0, 0, 0, 0, 0, 0.316517749, -0.116452588, -0.19090625, 0.0559624063, 0.805239414, -0.590091875, -0.997192383, 0.0163574219, -0.072265625, -0.0485365853, 0.592509215, 0.804114994, 0, 0, -0, 0, 0, 0, 0, 0.334234668, -0.079774707, -0.169588672, 0.0279496445, 0.163293194, -0.986098143, 0.388183594, -0.910888672, -0.139770508, -0.921069494, -0.378805176, -0.088913966, 0, 3, 5, 1, 
942.667008, 71, 0.1, 0.1, 0.0196052715, 0.366818329, -0.0199682937, 0.986604814, 2.66466594e-005, 0.163128599, 0.163128599, 3.08804394e-005, -0.986604814, -3.13272052e-005, 0.999999999, 2.61199579e-005, 0.986604813, 1.4044413e-005, 0.163128609, 0.163128609, 1.47322778e-005, -0.986604813, -1.62595414e-005, 1, 1.22438907e-005, 0, 0, 0, 0, 0, 0, 0, 0.316517749, -0.116452588, -0.19090625, 0.0559624063, 0.805239414, -0.590091875, -0.997192383, 0.0163574219, -0.072265625, -0.0485365853, 0.592509215, 0.804114994, 0, 0, -0, 0, 0, 0, 0, 0.334234668, -0.079774707, -0.169588672, 0.0279496445, 0.163293194, -0.986098143, 0.388183594, -0.910888672, -0.139770508, -0.921069494, -0.378805176, -0.088913966, 0, 3, 5, 1, 
942.667747, 71, 0.1, 0.1, 0.0196052707, 0.366818329, -0.0199698189, 0.986604821, -2.70059588e-005, 0.163128558, 0.163128557, -3.79545743e-005, -0.986604821, 3.28356841e-005, 0.999999999, -3.30407229e-005, 0.98660482, -1.23438953e-005, 0.163128567, 0.163128566, -1.99934985e-005, -0.98660482, 1.54400574e-005, 1, -1.77120401e-005, 0, 0, 0, 0, 0, 0, 0, 0.316517749, -0.116452588, -0.19090625, 0.0516661624, 0.808302653, -0.586282771, -0.997436523, 0.0134277344, -0.0695800781, -0.0483504949, 0.58843988, 0.807095857, 0, 0, -0, 0, 0, 0, 0, 0.334234668, -0.079774707, -0.169588672, 0.0279496445, 0.163293194, -0.986098143, 0.388183594, -0.910888672, -0.139770508, -0.921069494, -0.378805176, -0.088913966, 0, 3, 5, 1, 
942.668446, 71, 0.1, 0.1, 0.0196052733, 0.366818331, -0.0199706192, 0.98660483, 1.41730317e-005, 0.163128502, 0.163128502, 2.51266523e-005, -0.98660483, -1.80820547e-005, 1, 2.24780511e-005, 0.986604829, 2.83218422e-006, 0.163128513, 0.163128513, 9.49384498e-006, -0.986604829, -4.34296345e-006, 1, 8.9046633e-006, 0, 0, 0, 0, 0, 0, 0, 0.316968481, -0.117647876, -0.190032788, 0.0516661624, 0.808302653, -0.586282771, -0.997436523, 0.0134277344, -0.0695800781, -0.0483504949, 0.58843988, 0.807095857, 0, 0, -0, 0, 0, 0, 0, 0.334192773, -0.0815227051, -0.169080664, 0.023694392, 0.161375922, -0.986557497, 0.390258789, -0.91003418, -0.139404297, -0.920289312, -0.381584286, -0.0845435085, 0, 3, 5, 1, 
942.669135, 71, 0.1, 0.1, 0.0196052734, 0.366818331, -0.019971157, 0.986604841, -2.30035071e-005, 0.163128437, 0.163128436, -3.49775561e-005, -0.986604841, 2.84012055e-005, 0.999999999, -3.07565001e-005, 0.986604839, -1.34864056e-005, 0.16312845, 0.16312845, -2.01840519e-005, -0.986604839, 1.65983462e-005, 1, -1.77136668e-005, 0, 0, 0, 0, 0, 0, 0, 0.316968481, -0.117647876, -0.190032788, 0.0516661624, 0.808302653, -0.586282771, -0.997436523, 0.0134277344, -0.0695800781, -0.0483504949, 0.58843988, 0.807095857, 0, 0, -0, 0, 0, 0, 0, 0.334192773, -0.0815227051, -0.169080664, 0.023694392, 0.161375922, -0.986557497, 0.390258789, -0.91003418, -0.139404297, -0.920289312, -0.381584286, -0.0845435085, 0, 3, 5, 1, 
942.669834, 71, 0.1, 0.1, 0.0196052744, 0.366818333, -0.0199712902, 0.986604852, 2.07993971e-005, 0.16312837, 0.16312837, 3.08048359e-005, -0.986604852, -2.55459288e-005, 0.999999999, 2.69992288e-005, 0.98660485, 9.73102456e-006, 0.163128383, 0.163128383, 1.34121958e-005, -0.98660485, -1.17885858e-005, 1, 1.16451311e-005, 0, 0, 0, 0, 0, 0, 0, 0.316968481, -0.117647876, -0.190032788, 0.0516661624, 0.808302653, -0.586282771, -0.997436523, 0.0134277344, -0.0695800781, -0.0483504949, 0.58843988, 0.807095857, 0, 0, -0, 0, 0, 0, 0, 0.334192773, -0.0815227051, -0.169080664, 0.023694392, 0.161375922, -0.986557497, 0.390258789, -0.91003418, -0.139404297, -0.920289312, -0.381584286, -0.0845435085, 0, 3, 5, 1, 
942.670576, 71, 0.1, 0.1, 0.0196052738, 0.366818331, -0.0199703807, 0.986604862, -2.30395358e-005, 0.16312831, 0.163128309, -3.28170019e-005, -0.986604862, 2.80843001e-005, 0.999999999, -2.86190131e-005, 0.986604861, -1.32792088e-005, 0.16312832, 0.16312832, -1.77576659e-005, -0.986604861, 1.59981102e-005, 1, -1.53535844e-005, 0, 0, 0, 0, 0, 0, 0, 0.317397607, -0.118830225, -0.188913745, 0.0469951116, 0.81165121, -0.582054676, -0.997558594, 0.00952148437, -0.0672607422, -0.0489701844, 0.583830987, 0.810381134, 0, 0, -0, 0, 0, 0, 0, 0.334662305, -0.0830762695, -0.168363086, 0.0202379113, 0.159490366, -0.986914772, 0.393798828, -0.908569336, -0.138793945, -0.918934205, -0.385832976, -0.0811442637, 0, 3, 5, 1, 
942.671262, 71, 0.1, 0.1, 0.0196052744, 0.366818332, -0.0199692534, 0.986604871, 2.46403823e-005, 0.163128259, 0.163128258, 3.58393667e-005, -0.98660487, -3.01567347e-005, 0.999999999, 3.13397512e-005, 0.986604869, 1.28877609e-005, 0.163128269, 0.163128268, 1.91448904e-005, -0.986604869, -1.58382005e-005, 1, 1.67860839e-005, 0, 0, 0, 0, 0, 0, 0, 0.317397607, -0.118830225, -0.188913745, 0.0469951116, 0.81165121, -0.582054676, -0.997558594, 0.00952148437, -0.0672607422, -0.0489701844, 0.583830987, 0.810381134, 0, 0, -0, 0, 0, 0, 0, 0.334662305, -0.0830762695, -0.168363086, 0.0202379113, 0.159490366, -0.986914772, 0.393798828, -0.908569336, -0.138793945, -0.918934205, -0.385832976, -0.0811442637, 0, 3, 5, 1, 
942.671945, 71, 0.1, 0.1, 0.0196052731, 0.36681833, -0.0199684585, 0.98660488, -1.98763173e-005, 0.163128202, 0.163128201, -2.9410931e-005, -0.98660488, 2.44078239e-005, 0.999999999, -2.57745801e-005, 0.986604878, -8.33005863e-006, 0.163128213, 0.163128213, -1.33957749e-005, -0.986604878, 1.04037053e-005, 1, -1.18574693e-005, 0, 0, 0, 0, 0, 0, 0, 0.317397607, -0.118830225, -0.188913745, 0.0469951116, 0.81165121, -0.582054676, -0.997558594, 0.00952148437, -0.0672607422, -0.0489701844, 0.583830987, 0.810381134, 0, 0, -0, 0, 0, 0, 0, 0.334662305, -0.0830762695, -0.168363086, 0.0202379113, 0.159490366, -0.986914772, 0.393798828, -0.908569336, -0.138793945, -0.918934205, -0.385832976, -0.0811442637, 0, 3, 5, 1, 
942.672665, 71, 0.1, 0.1, 0.0196052731, 0.36681833, -0.0199679515, 0.986604891, 2.99475935e-005, 0.163128134, 0.163128132, 4.43814326e-005, -0.986604891, -3.67863024e-005, 0.999999999, 3.89016435e-005, 0.986604889, 1.74427984e-005, 0.163128147, 0.163128147, 2.69533912e-005, -0.986604889, -2.16060069e-005, 0.999999999, 2.37469361e-005, 0, 0, 0, 0, 0, 0, 0, 0.317397607, -0.118830225, -0.188913745, 0.0469951116, 0.81165121, -0.582054676, -0.997558594, 0.00952148437, -0.0672607422, -0.0489701844, 0.583830987, 0.810381134, 0, 0, -0, 0, 0, 0, 0, 0.334662305, -0.0830762695, -0.168363086, 0.0202379113, 0.159490366, -0.986914772, 0.393798828, -0.908569336, -0.138793945, -0.918934205, -0.385832976, -0.0811442637, 0, 3, 5, 1, 
942.673354, 71, 0.1, 0.1, 0.0196052709, 0.366818327, -0.0199678149, 0.986604904, -1.75258045e-005, 0.163128057, 0.163128056, -2.74678778e-005, -0.986604904, 2.17718262e-005, 0.999999999, -2.42409925e-005, 0.986604902, -5.0294926e-006, 0.163128072, 0.163128072, -9.73152778e-006, -0.986604902, 6.54960742e-006, 1, -8.78072158e-006, 0, 0, 0, 0, 0, 0, 0, 0.317397607, -0.118830225, -0.188913745, 0.0469951116, 0.81165121, -0.582054676, -0.997558594, 0.00952148437, -0.0672607422, -0.0489701844, 0.583830987, 0.810381134, 0, 0, -0, 0, 0, 0, 0, 0.334662305, -0.0830762695, -0.168363086, 0.0202379113, 0.159490366, -0.986914772, 0.393798828, -0.908569336, -0.138793945, -0.918934205, -0.385832976, -0.0811442637, 0, 3, 5, 1, 
942.674043, 71, 0.1, 0.1, 0.0196052714, 0.366818327, -0.0199683045, 0.986604918, 2.41069244e-005, 0.163127975, 0.163127974, 3.67064154e-005, -0.986604917, -2.97718534e-005, 0.999999999, 3.22822162e-005, 0.986604915, 1.32609299e-005, 0.163127991, 0.16312799, 2.06173999e-005, -0.986604915, -1.64465737e-005, 1, 1.81779992e-005, 0, 0, 0, 0, 0, 0, 0, 0.317397607, -0.118830225, -0.188913745, 0.0469951116, 0.81165121, -0.582054676, -0.997558594, 0.00952148437, -0.0672607422, -0.0489701844, 0.583830987, 0.810381134, 0, 0, -0, 0, 0, 0, 0, 0.334662305, -0.0830762695, -0.168363086, 0.0202379113, 0.159490366, -0.986914772, 0.393798828, -0.908569336, -0.138793945, -0.918934205, -0.385832976, -0.0811442637, 0, 3, 5, 1, 
942.674741, 71, 0.1, 0.1, 0.0196052705, 0.366818326, -0.0199692165, 0.986604932, -2.25744323e-005, 0.163127887, 0.163127886, -3.51477384e-005, -0.986604932, 2.80056226e-005, 0.999999999, -3.09944126e-005, 0.986604929, -1.0546934e-005, 0.163127905, 0.163127905, -1.67296697e-005, -0.986604929, 1.3134733e-005, 1, -1.47850753e-005, 0, 0, 0, 0, 0, 0, 0, 0.317397607, -0.118830225, -0.188913745, 0.0469951116, 0.81165121, -0.582054676, -0.997558594, 0.00952148437, -0.0672607422, -0.0489701844, 0.583830987, 0.810381134, 0, 0, -0, 0, 0, 0, 0, 0.334662305, -0.0830762695, -0.168363086, 0.0202379113, 0.159490366, -0.986914772, 0.393798828, -0.908569336, -0.138793945, -0.918934205, -0.385832976, -0.0811442637, 0, 3, 5, 1, 
942.675484, 71, 0.1, 0.1, 0.0196052723, 0.366818329, -0.0199696061, 0.986604947, 1.85651578e-005, 0.163127798, 0.163127797, 2.74570302e-005, -0.986604947, -2.27954814e-005, 0.999999999, 2.40607485e-005, 0.986604944, 8.46091824e-006, 0.163127813, 0.163127813, 1.13684599e-005, -0.986604944, -1.02020958e-005, 1, 9.83596763e-006, 0, 0, 0, 0, 0, 0, 0, 0.318185937, -0.119084937, -0.187974609, 0.0407113792, 0.815729163, -0.577007697, -0.997802734, 0.00366210937, -0.0653076172, -0.0511883292, 0.578365017, 0.814154673, 0, 0, -0, 0, 0, 0, 0, 0.335163818, -0.0834828613, -0.167435937, 0.0169093954, 0.158658778, -0.987169968, 0.399536133, -0.906005859, -0.138793945, -0.916460964, -0.391934772, -0.0787162317, 0, 3, 5, 1, 
942.676172, 71, 0.1, 0.1, 0.0196052725, 0.366818329, -0.0199699283, 0.986604958, -2.74650021e-005, 0.163127729, 0.163127728, -3.72279349e-005, -0.986604958, 3.31700157e-005, 0.999999999, -3.22489618e-005, 0.986604956, -1.66809929e-005, 0.163127741, 0.163127741, -2.1115646e-005, -0.986604956, 1.99020979e-005, 1, -1.81116683e-005, 0, 0, 0, 0, 0, 0, 0, 0.318185937, -0.119084937, -0.187974609, 0.0407113792, 0.815729163, -0.577007697, -0.997802734, 0.00366210937, -0.0653076172, -0.0511883292, 0.578365017, 0.814154673, 0, 0, -0, 0, 0, 0, 0, 0.335163818, -0.0834828613, -0.167435937, 0.0169093954, 0.158658778, -0.987169968, 0.399536133, -0.906005859, -0.138793945, -0.916460964, -0.391934772, -0.0787162317, 0, 3, 5, 1, 
942.676857, 71, 0.1, 0.1, 0.0196052743, 0.366818331, -0.0199702585, 0.986604966, 1.75103175e-005, 0.16312768, 0.163127679, 2.43358918e-005, -0.986604966, -2.12456238e-005, 1, 2.11534943e-005, 0.986604965, 6.52816855e-006, 0.163127689, 0.163127688, 8.17664781e-006, -0.986604965, -7.77456116e-006, 1, 7.00219629e-006, 0, 0, 0, 0, 0, 0, 0, 0.318185937, -0.119084937, -0.187974609, 0.0407113792, 0.815729163, -0.577007697, -0.997802734, 0.00366210937, -0.0653076172, -0.0511883292, 0.578365017, 0.814154673, 0, 0, -0, 0, 0, 0, 0, 0.335163818, -0.0834828613, -0.167435937, 0.0169093954, 0.158658778, -0.987169968, 0.399536133, -0.906005859, -0.138793945, -0.916460964, -0.391934772, -0.0787162317, 0, 3, 5, 1, 
942.677583, 71, 0.1, 0.1, 0.0196052748, 0.366818332, -0.019970208, 0.986604972, -2.88967337e-005, 0.163127644, 0.163127643, -3.94376911e-005, -0.986604972, 3.49430387e-005, 0.999999999, -3.41955661e-005, 0.986604971, -1.8596227e-005, 0.163127649, 0.163127649, -2.42495203e-005, -0.986604971, 2.23028973e-005, 1, -2.08911385e-005, 0, 0, 0, 0, 0, 0, 0, 0.318185937, -0.119084937, -0.187974609, 0.0407113792, 0.815729163, -0.577007697, -0.997802734, 0.00366210937, -0.0653076172, -0.0511883292, 0.578365017, 0.814154673, 0, 0, -0, 0, 0, 0, 0, 0.335163818, -0.0834828613, -0.167435937, 0.0169093954, 0.158658778, -0.987169968, 0.399536133, -0.906005859, -0.138793945, -0.916460964, -0.391934772, -0.0787162317, 0, 3, 5, 1, 
942.678271, 71, 0.1, 0.1, 0.0196052764, 0.366818334, -0.0199698484, 0.986604976, 1.95659063e-005, 0.163127623, 0.163127623, 2.79586378e-005, -0.986604976, -2.38646466e-005, 0.999999999, 2.43923914e-005, 0.986604975, 8.17353588e-006, 0.163127627, 0.163127626, 1.10292779e-005, -0.986604975, -9.8632311e-006, 1, 9.54821098e-006, 0, 0, 0, 0, 0, 0, 0, 0.318185937, -0.119084937, -0.187974609, 0.0407113792, 0.815729163, -0.577007697, -0.997802734, 0.00366210937, -0.0653076172, -0.0511883292, 0.578365017, 0.814154673, 0, 0, -0, 0, 0, 0, 0, 0.335163818, -0.0834828613, -0.167435937, 0.0169093954, 0.158658778, -0.987169968, 0.399536133, -0.906005859, -0.138793945, -0.916460964, -0.391934772, -0.0787162317, 0, 3, 5, 1, 
942.678964, 71, 0.1, 0.1, 0.0196052758, 0.366818333, -0.0199695273, 0.986604979, -2.1585469e-005, 0.163127602, 0.163127601, -3.24143949e-005, -0.986604979, 2.65840137e-005, 0.999999999, -2.84590176e-005, 0.986604979, -1.10649185e-005, 0.163127606, 0.163127606, -1.73017286e-005, -0.986604979, 1.37390933e-005, 1, -1.52649779e-005, 0, 0, 0, 0, 0, 0, 0, 0.318185937, -0.119084937, -0.187974609, 0.0407113792, 0.815729163, -0.577007697, -0.997802734, 0.00366210937, -0.0653076172, -0.0511883292, 0.578365017, 0.814154673, 0, 0, -0, 0, 0, 0, 0, 0.335163818, -0.0834828613, -0.167435937, 0.0169093954, 0.158658778, -0.987169968, 0.399536133, -0.906005859, -0.138793945, -0.916460964, -0.391934772, -0.0787162317, 0, 3, 5, 1, 
942.679677, 71, 0.1, 0.1, 0.0196052761, 0.366818333, -0.0199692199, 0.986604985, 2.68987395e-005, 0.163127567, 0.163127566, 4.17133574e-005, -0.986604984, -3.3343029e-005, 0.999999999, 3.67666804e-005, 0.986604984, 1.40765705e-005, 0.163127575, 0.163127575, 2.27595397e-005, -0.986604984, -1.76007232e-005, 1, 2.01583985e-005, 0, 0, 0, 0, 0, 0, 0, 0.318185937, -0.119084937, -0.187974609, 0.0407113792, 0.815729163, -0.577007697, -0.997802734, 0.00366210937, -0.0653076172, -0.0511883292, 0.578365017, 0.814154673, 0, 0, -0, 0, 0, 0, 0, 0.335163818, -0.0834828613, -0.167435937, 0.0169093954, 0.158658778, -0.987169968, 0.399536133, -0.906005859, -0.138793945, -0.916460964, -0.391934772, -0.0787162317, 0, 3, 5, 1, 
942.68047, 71, 0.1, 0.1, 0.0196052732, 0.366818329, -0.0199675027, 0.986604994, -1.70918456e-005, 0.163127514, 0.163127514, -2.71294375e-005, -0.986604994, 2.1288458e-005, 0.999999999, -2.39778882e-005, 0.986604992, -5.68945391e-006, 0.163127524, 0.163127524, -9.83670371e-006, -0.986604992, 7.21788075e-006, 1, -8.77683446e-006, 0, -0, 0, 0, 0, 0, 0, 0.31847334, -0.119090527, -0.187421045, 0.0332481817, 0.820377752, -0.570824314, -0.998046875, -0.00207519532, -0.0614013672, -0.0514893781, 0.571819932, 0.81886055, 0, 0, -0, 0, 0, 0, 0, 0.335319287, -0.0838779785, -0.167139697, 0.0117470958, 0.158108273, -0.987348239, 0.405151367, -0.903320313, -0.139892578, -0.914057718, -0.398375253, -0.0746844593, 0, 3, 5, 1, 
942.681152, 71, 0.1, 0.1, 0.0196052728, 0.366818329, -0.0199667741, 0.986605001, 3.04473298e-005, 0.163127468, 0.163127467, 4.22110634e-005, -0.986605001, -3.69252718e-005, 0.999999999, 3.66788505e-005, 0.986605, 1.91352336e-005, 0.163127476, 0.163127476, 2.48646989e-005, -0.986605, -2.29350327e-005, 1, 2.14101539e-005, 0, -0, 0, 0, 0, 0, 0, 0.31847334, -0.119090527, -0.187421045, 0.0332481817, 0.820377752, -0.570824314, -0.998046875, -0.00207519532, -0.0614013672, -0.0514893781, 0.571819932, 0.81886055, 0, 0, -0, 0, 0, 0, 0, 0.335319287, -0.0838779785, -0.167139697, 0.0117470958, 0.158108273, -0.987348239, 0.405151367, -0.903320313, -0.139892578, -0.914057718, -0.398375253, -0.0746844593, 0, 3, 5, 1, 
942.681841, 71, 0.1, 0.1, 0.0196052715, 0.366818326, -0.0199670774, 0.986605006, -2.27479733e-005, 0.163127442, 0.163127441, -2.91914787e-005, -0.986605006, 2.72051956e-005, 0.999999999, -2.50896403e-005, 0.986605005, -9.57781033e-006, 0.163127446, 0.163127446, -1.00844177e-005, -0.986605005, 1.10945609e-005, 1, -8.38693325e-006, 0, -0, 0, 0, 0, 0, 0, 0.31847334, -0.119090527, -0.187421045, 0.0332481817, 0.820377752, -0.570824314, -0.998046875, -0.00207519532, -0.0614013672, -0.0514893781, 0.571819932, 0.81886055, 0, 0, -0, 0, 0, 0, 0, 0.335319287, -0.0838779785, -0.167139697, 0.0117470958, 0.158108273, -0.987348239, 0.405151367, -0.903320313, -0.139892578, -0.914057718, -0.398375253, -0.0746844593, 0, 3, 5, 1, 
942.682522, 71, 0.1, 0.1, 0.0196052722, 0.366818327, -0.019968172, 0.986605006, 2.48024128e-005, 0.163127439, 0.163127438, 3.05253395e-005, -0.986605006, -2.94497051e-005, 0.999999999, 2.60704987e-005, 0.986605006, 1.30394346e-005, 0.163127438, 0.163127438, 1.46251559e-005, -0.986605006, -1.52505357e-005, 1, 1.23021625e-005, 0, -0, 0, 0, 0, 0, 0, 0.31847334, -0.119090527, -0.187421045, 0.0332481817, 0.820377752, -0.570824314, -0.998046875, -0.00207519532, -0.0614013672, -0.0514893781, 0.571819932, 0.81886055, 0, 0, -0, 0, 0, 0, 0, 0.335319287, -0.0838779785, -0.167139697, 0.0117470958, 0.158108273, -0.987348239, 0.405151367, -0.903320313, -0.139892578, -0.914057718, -0.398375253, -0.0746844593, 0, 3, 5, 1, 
942.683199, 71, 0.1, 0.1, 0.0196052715, 0.366818326, -0.0199698207, 0.986605004, -2.49840805e-005, 0.163127452, 0.163127451, -3.16141136e-005, -0.986605004, 2.98065487e-005, 0.999999999, -2.71150533e-005, 0.986605005, -1.2631306e-005, 0.163127448, 0.163127448, -1.5982519e-005, -0.986605005, 1.50692973e-005, 1, -1.37079206e-005, 0, -0, 0, 0, 0, 0, 0, 0.31847334, -0.119090527, -0.187421045, 0.0332481817, 0.820377752, -0.570824314, -0.998046875, -0.00207519532, -0.0614013672, -0.0514893781, 0.571819932, 0.81886055, 0, 0, -0, 0, 0, 0, 0, 0.335319287, -0.0838779785, -0.167139697, 0.0117470958, 0.158108273, -0.987348239, 0.405151367, -0.903320313, -0.139892578, -0.914057718, -0.398375253, -0.0746844593, 0, 3, 5, 1, 
942.683878, 71, 0.1, 0.1, 0.0196052733, 0.366818328, -0.0199715194, 0.986605001, 1.73200529e-005, 0.163127469, 0.163127468, 2.34067751e-005, -0.986605001, -2.09063388e-005, 1, 2.0267865e-005, 0.986605002, 6.00208511e-006, 0.163127465, 0.163127465, 9.31543274e-006, -0.986605002, -7.44129012e-006, 1, 8.21154761e-006, 0, -0, 0, 0, 0, 0, 0, 0.31847334, -0.119090527, -0.187421045, 0.0332481817, 0.820377752, -0.570824314, -0.998046875, -0.00207519532, -0.0614013672, -0.0514893781, 0.571819932, 0.81886055, 0, 0, -0, 0, 0, 0, 0, 0.335319287, -0.0838779785, -0.167139697, 0.0117470958, 0.158108273, -0.987348239, 0.405151367, -0.903320313, -0.139892578, -0.914057718, -0.398375253, -0.0746844593, 0, 3, 5, 1, 
942.684558, 71, 0.1, 0.1, 0.0196052731, 0.366818328, -0.0199727671, 0.986604999, -2.28680962e-005, 0.163127481, 0.16312748, -3.22347415e-005, -0.986604999, 2.78201502e-005, 0.999999999, -2.80725422e-005, 0.986605, -1.23611814e-005, 0.163127479, 0.163127478, -1.85075609e-005, -0.986605, 1.52146951e-005, 1, -1.62432037e-005, 0, -0, 0, 0, 0, 0, 0, 0.31847334, -0.119090527, -0.187421045, 0.0332481817, 0.820377752, -0.570824314, -0.998046875, -0.00207519532, -0.0614013672, -0.0514893781, 0.571819932, 0.81886055, 0, 0, -0, 0, 0, 0, 0, 0.335319287, -0.0838779785, -0.167139697, 0.0117470958, 0.158108273, -0.987348239, 0.405151367, -0.903320313, -0.139892578, -0.914057718, -0.398375253, -0.0746844593, 0, 3, 5, 1, 
942.685266, 71, 0.1, 0.1, 0.0196052748, 0.36681833, -0.0199729279, 0.986604999, 1.69729594e-005, 0.163127481, 0.16312748, 2.46919915e-005, -0.986604999, -2.0773549e-005, 1, 2.15924862e-005, 0.986604999, 6.48858818e-006, 0.163127481, 0.163127481, 1.08002529e-005, -0.986604999, -8.16349158e-006, 1, 9.59711643e-006, 0, -0, 0, 0, 0, 0, 0, 0.318788452, -0.119336328, -0.187100854, 0.0262803584, 0.824683735, -0.564818786, -0.998291016, -0.00708007813, -0.0570068359, -0.051003743, 0.565452702, 0.823223821, 0, 0, -0, 0, 0, 0, 0, 0.33542959, -0.0847320313, -0.166823193, 0.00618850844, 0.156733842, -0.987494427, 0.408813477, -0.901611328, -0.14050293, -0.912555323, -0.402815706, -0.0697901159, 0, 3, 5, 1, 
942.685947, 71, 0.1, 0.1, 0.0196052746, 0.36681833, -0.0199722622, 0.986605001, -2.24789112e-005, 0.163127473, 0.163127472, -3.13429392e-005, -0.986605, 2.72907007e-005, 0.999999999, -2.72561725e-005, 0.986605, -1.2372396e-005, 0.163127474, 0.163127474, -1.79000378e-005, -0.986605, 1.51266557e-005, 1, -1.56419891e-005, 0, -0, 0, 0, 0, 0, 0, 0.318788452, -0.119336328, -0.187100854, 0.0262803584, 0.824683735, -0.564818786, -0.998291016, -0.00708007813, -0.0570068359, -0.051003743, 0.565452702, 0.823223821, 0, 0, -0, 0, 0, 0, 0, 0.33542959, -0.0847320313, -0.166823193, 0.00618850844, 0.156733842, -0.987494427, 0.408813477, -0.901611328, -0.14050293, -0.912555323, -0.402815706, -0.0697901159, 0, 3, 5, 1, 
942.686623, 71, 0.1, 0.1, 0.0196052755, 0.366818331, -0.0199711003, 0.986605002, 2.16991607e-005, 0.163127462, 0.163127461, 2.99633262e-005, -0.986605002, -2.62963418e-005, 0.999999999, 2.60222385e-005, 0.986605002, 1.04548294e-005, 0.163127464, 0.163127464, 1.49169806e-005, -0.986605002, -1.27481562e-005, 1, 1.30116978e-005, 0, -0, 0, 0, 0, 0, 0, 0.318788452, -0.119336328, -0.187100854, 0.0262803584, 0.824683735, -0.564818786, -0.998291016, -0.00708007813, -0.0570068359, -0.051003743, 0.565452702, 0.823223821, 0, 0, -0, 0, 0, 0, 0, 0.33542959, -0.0847320313, -0.166823193, 0.00618850844, 0.156733842, -0.987494427, 0.408813477, -0.901611328, -0.14050293, -0.912555323, -0.402815706, -0.0697901159, 0, 3, 5, 1, 
942.687313, 71, 0.1, 0.1, 0.019605275, 0.36681833, -0.0199697201, 0.986605003, -2.38336349e-005, 0.163127455, 0.163127454, -3.28441247e-005, -0.986605003, 2.88721619e-005, 0.999999999, -2.85162576e-005, 0.986605004, -1.34145637e-005, 0.163127456, 0.163127455, -1.77728838e-005, -0.986605004, 1.6134121e-005, 1, -1.53465325e-005, 0, -0, 0, 0, 0, 0, 0, 0.318696387, -0.119363647, -0.186564868, 0.0200741318, 0.828888247, -0.558952922, -0.998413086, -0.0114746094, -0.0531005859, -0.050391549, 0.559225136, 0.827485621, 0, 0, -0, 0, 0, 0, 0, 0.33542959, -0.0847320313, -0.166823193, 0.00618850844, 0.156733842, -0.987494427, 0.408813477, -0.901611328, -0.14050293, -0.912555323, -0.402815706, -0.0697901159, 0, 3, 5, 1, 
942.688006, 71, 0.1, 0.1, 0.0196052758, 0.366818331, -0.0199683578, 0.986605003, 2.45202347e-005, 0.163127457, 0.163127456, 3.51211258e-005, -0.986605003, -2.99210061e-005, 0.999999999, 3.06507549e-005, 0.986605004, 1.31079672e-005, 0.163127456, 0.163127456, 1.80636609e-005, -0.986605003, -1.5879065e-005, 1, 1.56834289e-005, 0, -0, 0, 0, 0, 0, 0, 0.318696387, -0.119363647, -0.186564868, 0.0200741318, 0.828888247, -0.558952922, -0.998413086, -0.0114746094, -0.0531005859, -0.050391549, 0.559225136, 0.827485621, 0, 0, -0, 0, 0, 0, 0, 0.335103418, -0.085352832, -0.166736523, 0.000738562905, 0.155468054, -0.987774777, 0.412353516, -0.899902344, -0.141357422, -0.910918767, -0.407121998, -0.0647871307, 0, 3, 5, 1, 
942.688684, 71, 0.1, 0.1, 0.0196052746, 0.366818329, -0.0199676779, 0.986605004, -2.07452996e-005, 0.163127453, 0.163127452, -3.21356473e-005, -0.986605004, 2.57096227e-005, 0.999999999, -2.83210626e-005, 0.986605004, -9.2101103e-006, 0.163127454, 0.163127454, -1.53327564e-005, -0.986605004, 1.15879344e-005, 1, -1.36249523e-005, 0, -0, 0, 0, 0, 0, 0, 0.318696387, -0.119363647, -0.186564868, 0.0200741318, 0.828888247, -0.558952922, -0.998413086, -0.0114746094, -0.0531005859, -0.050391549, 0.559225136, 0.827485621, 0, 0, -0, 0, 0, 0, 0, 0.335103418, -0.085352832, -0.166736523, 0.000738562905, 0.155468054, -0.987774777, 0.412353516, -0.899902344, -0.141357422, -0.910918767, -0.407121998, -0.0647871307, 0, 3, 5, 1, 
942.68937, 71, 0.1, 0.1, 0.0196052753, 0.36681833, -0.0199676908, 0.986605006, 2.40164245e-005, 0.163127437, 0.163127436, 3.65829987e-005, -0.986605006, -2.96624155e-005, 0.999999999, 3.2175232e-005, 0.986605006, 1.25683078e-005, 0.16312744, 0.16312744, 1.92515501e-005, -0.986605006, -1.55404115e-005, 1, 1.69434398e-005, 0, -0, 0, 0, 0, 0, 0, 0.318696387, -0.119363647, -0.186564868, 0.0200741318, 0.828888247, -0.558952922, -0.998413086, -0.0114746094, -0.0531005859, -0.050391549, 0.559225136, 0.827485621, 0, 0, -0, 0, 0, 0, 0, 0.335103418, -0.085352832, -0.166736523, 0.000738562905, 0.155468054, -0.987774777, 0.412353516, -0.899902344, -0.141357422, -0.910918767, -0.407121998, -0.0647871307, 0, 3, 5, 1, 
942.690045, 71, 0.1, 0.1, 0.0196052742, 0.366818329, -0.0199685105, 0.986605011, -2.02286847e-005, 0.163127413, 0.163127412, -3.03670897e-005, -0.98660501, 2.49114265e-005, 0.999999999, -2.66604699e-005, 0.98660501, -9.14062095e-006, 0.163127418, 0.163127418, -1.34576347e-005, -0.98660501, 1.12134916e-005, 1, -1.1786284e-005, 0, -0, 0, 0, 0, 0, 0, 0.318696387, -0.119363647, -0.186564868, 0.0200741318, 0.828888247, -0.558952922, -0.998413086, -0.0114746094, -0.0531005859, -0.050391549, 0.559225136, 0.827485621, 0, 0, -0, 0, 0, 0, 0, 0.335103418, -0.085352832, -0.166736523, 0.000738562905, 0.155468054, -0.987774777, 0.412353516, -0.899902344, -0.141357422, -0.910918767, -0.407121998, -0.0647871307, 0, 3, 5, 1, 
942.690726, 71, 0.1, 0.1, 0.0196052749, 0.36681833, -0.0199697959, 0.986605015, 2.1935209e-005, 0.163127387, 0.163127387, 3.21523265e-005, -0.986605015, -2.68863122e-005, 0.999999999, 2.81434132e-005, 0.986605014, 1.15862574e-005, 0.163127392, 0.163127392, 1.60834873e-005, -0.986605014, -1.4054717e-005, 1, 1.39780132e-005, 0, -0, 0, 0, 0, 0, 0, 0.318696387, -0.119363647, -0.186564868, 0.0200741318, 0.828888247, -0.558952922, -0.998413086, -0.0114746094, -0.0531005859, -0.050391549, 0.559225136, 0.827485621, 0, 0, -0, 0, 0, 0, 0, 0.335103418, -0.085352832, -0.166736523, 0.000738562905, 0.155468054, -0.987774777, 0.412353516, -0.899902344, -0.141357422, -0.910918767, -0.407121998, -0.0647871307, 0, 3, 5, 1, 
942.691408, 71, 0.1, 0.1, 0.019605274, 0.366818328, -0.0199711079, 0.986605019, -1.99286286e-005, 0.163127364, 0.163127363, -2.88963221e-005, -0.986605018, 2.43754659e-005, 0.999999999, -2.52583518e-005, 0.986605018, -9.52565808e-006, 0.163127368, 0.163127368, -1.35007365e-005, -0.986605018, 1.16004017e-005, 1, -1.17659988e-005, 0, -0, 0, 0, 0, 0, 0, 0.318696387, -0.119363647, -0.186564868, 0.0200741318, 0.828888247, -0.558952922, -0.998413086, -0.0114746094, -0.0531005859, -0.050391549, 0.559225136, 0.827485621, 0, 0, -0, 0, 0, 0, 0, 0.335103418, -0.085352832, -0.166736523, 0.000738562905, 0.155468054, -0.987774777, 0.412353516, -0.899902344, -0.141357422, -0.910918767, -0.407121998, -0.0647871307, 0, 3, 5, 1, 
