time, trialNum, realDorsalTactorPos, realVentralTactorPos, boxPosX, boxPosY, boxPosZ, boxLocalRot_11, boxLocalRot_12, boxLocalRot_13, boxLocalRot_21, boxLocalRot_22, boxLocalRot_23, boxLocalRot_31, boxLocalRot_32, boxLocalRot_33, boxGlobalRot_11, boxGlobalRot_12, boxGlobalRot_13, boxGlobalRot_21, boxGlobalRot_22, boxGlobalRot_23, boxGlobalRot_31, boxGlobalRot_32, boxGlobalRot_33, indexForceX, indexForceY, indexForceZ, indexForceGlobalX, indexForceGlobalY, indexForceGlobalZ, indexContact, indexPosX, indexPosY, indexPosZ, indexRot_11, indexRot_12, indexRot_13, indexRot_21, indexRot_22, indexRot_23, indexRot_31, indexRot_32, indexRot_33, thumbForceX, thumbForceY, thumbForceZ, thumbForceGlobalX, thumbForceGlobalY, thumbForceGlobalZ, thumbContact, thumbPosX, thumbPosY, thumbPosZ, thumbRot_11, thumbRot_12, thumbRot_13, thumbRot_21, thumbRot_22, thumbRot_23, thumbRot_31, thumbRot_32, thumbRot_33, manipForceTooHigh, cceExpType, mapping, trialSuccess, 
1001.3631, 72, 0.1, 0.1, -0.00430141737, 0.365639555, -0.0199767267, 0.973441599, -5.11950343e-006, 0.228935478, 0.228935478, -1.35642268e-005, -0.973441599, 8.08887036e-006, 1, -1.20319467e-005, 0.973441548, -3.18287516e-006, 0.228935697, 0.228935697, -2.57772518e-005, -0.973441547, 8.99967603e-006, 1, -2.43639741e-005, 0, 0, 0, 0, 0, 0, 0, 0.248439087, -0.136362231, -0.15882644, -0.423359087, 0.468384739, -0.77548052, -0.892578125, -0.0692138672, 0.44543457, 0.154927357, 0.880810022, 0.447500059, 0, 0, -0, 0, 0, 0, 0, 0.296514209, -0.0761486816, -0.126461719, -0.139136622, 0.323681513, -0.935741336, 0.747192383, -0.58581543, -0.313720703, -0.649817372, -0.742818313, -0.160458189, 0, 3, 5, 1, 
1001.41059, 72, 0.1, 0.1, -0.00430139809, 0.365639561, -0.0199694072, 0.973432966, -8.69383292e-006, 0.228972182, 0.228972182, -7.58389829e-006, -0.973432966, 1.01993653e-005, 1, -5.39177072e-006, 0.973432976, 9.4339856e-006, 0.22897214, 0.22897214, -1.50273102e-005, -0.973432976, -5.7425173e-006, 1, -1.67881992e-005, 0, 0, 0, 0, 0, 0, 0, 0.26444729, -0.14628291, -0.16106543, -0.431919349, 0.464125566, -0.773214087, -0.894287109, -0.109619141, 0.43371582, 0.116486567, 0.878889178, 0.462590084, 0, 0, -0, 0, 0, 0, 0, 0.308075195, -0.0858146973, -0.126062354, -0.154368289, 0.323861215, -0.933372373, 0.781738281, -0.537597656, -0.315795898, -0.604162341, -0.778394812, -0.17015136, 0, 3, 5, 1, 
1001.4113, 72, 0.1, 0.1, -0.00430139673, 0.365639559, -0.0199687593, 0.973432984, 6.0560966e-006, 0.228972109, 0.228972109, -8.16165496e-006, -0.973432984, -4.02641284e-006, 1, -9.33150134e-006, 0.973432974, 6.51001293e-006, 0.228972151, 0.228972151, 1.32472601e-005, -0.973432974, -9.37031488e-006, 1, 1.14047081e-005, 0, 0, 0, 0, 0, 0, 0, 0.266413745, -0.146631641, -0.160897119, -0.431919349, 0.464125566, -0.773214087, -0.894287109, -0.109619141, 0.43371582, 0.116486567, 0.878889178, 0.462590084, 0, 0, -0, 0, 0, 0, 0, 0.309223389, -0.0864286621, -0.12586084, -0.15552397, 0.322544388, -0.933576897, 0.785522461, -0.532714844, -0.314819336, -0.599005872, -0.782215497, -0.170541085, 0, 3, 5, 1, 
1001.41199, 72, 0.1, 0.1, -0.00430139566, 0.365639561, -0.0199684572, 0.973433066, 5.18978477e-006, 0.228971759, 0.228971759, 2.01894368e-005, -0.973433066, -9.67471897e-006, 1, 1.84647512e-005, 0.97343305, 2.4242512e-006, 0.228971828, 0.228971828, 1.0442962e-005, -0.97343305, -4.75099033e-006, 1, 9.61043908e-006, 0, 0, 0, 0, 0, 0, 0, 0.266413745, -0.146631641, -0.160897119, -0.431919349, 0.464125566, -0.773214087, -0.894287109, -0.109619141, 0.43371582, 0.116486567, 0.878889178, 0.462590084, 0, 0, -0, 0, 0, 0, 0, 0.309223389, -0.0864286621, -0.12586084, -0.15552397, 0.322544388, -0.933576897, 0.785522461, -0.532714844, -0.314819336, -0.599005872, -0.782215497, -0.170541085, 0, 3, 5, 1, 
1001.41268, 72, 0.1, 0.1, -0.00430139498, 0.365639563, -0.0199685822, 0.973433108, 1.31042299e-005, 0.228971578, 0.228971578, -2.13492801e-005, -0.973433108, -7.86771289e-006, 1, -2.37825922e-005, 0.973433107, -1.26770953e-006, 0.228971583, 0.228971583, -2.55668573e-005, -0.973433107, 7.08811421e-006, 1, -2.45973559e-005, 0, 0, 0, 0, 0, 0, 0, 0.266413745, -0.146631641, -0.160897119, -0.431919349, 0.464125566, -0.773214087, -0.894287109, -0.109619141, 0.43371582, 0.116486567, 0.878889178, 0.462590084, 0, 0, -0, 0, 0, 0, 0, 0.309223389, -0.0864286621, -0.12586084, -0.15552397, 0.322544388, -0.933576897, 0.785522461, -0.532714844, -0.314819336, -0.599005872, -0.782215497, -0.170541085, 0, 3, 5, 1, 
1001.4134, 72, 0.1, 0.1, -0.00430139384, 0.365639562, -0.019968883, 0.973433061, -9.01022567e-006, 0.228971781, 0.228971781, 3.85213958e-006, -0.973433061, 7.88882029e-006, 1, 5.81288744e-006, 0.973433074, -1.64852777e-005, 0.228971725, 0.228971725, 1.29463125e-005, -0.973433074, 1.30829751e-005, 1, 1.63770312e-005, 0, 0, 0, 0, 0, 0, 0, 0.267871582, -0.146291602, -0.160690356, -0.433478108, 0.462037728, -0.773651051, -0.89453125, -0.117553711, 0.431030273, 0.108205607, 0.878972675, 0.464513171, 0, 0, -0, 0, 0, 0, 0, 0.31045166, -0.0868628418, -0.125697656, -0.155810516, 0.320818512, -0.934228748, 0.790039063, -0.527099609, -0.312744141, -0.592776111, -0.786815631, -0.171346053, 0, 3, 5, 1, 
1001.4141, 72, 0.1, 0.1, -0.00430139432, 0.365639565, -0.0199692317, 0.973433006, -1.25898247e-005, 0.228972012, 0.228972012, 7.54635878e-006, -0.973433006, 1.0527446e-005, 1, 1.02285922e-005, 0.973433011, -3.62511285e-006, 0.22897199, 0.22897199, -1.25814214e-005, -0.973433011, 6.40959762e-006, 1, -1.14171216e-005, 0, 0, 0, 0, 0, 0, 0, 0.267871582, -0.146291602, -0.160690356, -0.433478108, 0.462037728, -0.773651051, -0.89453125, -0.117553711, 0.431030273, 0.108205607, 0.878972675, 0.464513171, 0, 0, -0, 0, 0, 0, 0, 0.31045166, -0.0868628418, -0.125697656, -0.155810516, 0.320818512, -0.934228748, 0.790039063, -0.527099609, -0.312744141, -0.592776111, -0.786815631, -0.171346053, 0, 3, 5, 1, 
1001.4148, 72, 0.1, 0.1, -0.00430139474, 0.365639564, -0.0199695729, 0.973433036, 1.06160245e-007, 0.228971888, 0.228971888, -1.82099551e-005, -0.973433035, 4.0662279e-006, 1, -1.77504796e-005, 0.973433022, 1.20098848e-005, 0.228971945, 0.228971945, -6.37968852e-006, -0.973433022, -1.02300488e-005, 1, -8.96012617e-006, 0, 0, 0, 0, 0, 0, 0, 0.267871582, -0.146291602, -0.160690356, -0.433478108, 0.462037728, -0.773651051, -0.89453125, -0.117553711, 0.431030273, 0.108205607, 0.878972675, 0.464513171, 0, 0, -0, 0, 0, 0, 0, 0.31045166, -0.0868628418, -0.125697656, -0.155810516, 0.320818512, -0.934228748, 0.790039063, -0.527099609, -0.312744141, -0.592776111, -0.786815631, -0.171346053, 0, 3, 5, 1, 
1001.41551, 72, 0.1, 0.1, -0.0043013949, 0.365639563, -0.0199697896, 0.973433112, 4.62124595e-006, 0.228971561, 0.228971561, 2.50432427e-005, -0.973433112, -1.02326642e-005, 1, 2.33197877e-005, 0.973433099, 9.24409514e-006, 0.228971619, 0.228971618, 2.69962667e-005, -0.973433099, -1.51798871e-005, 1, 2.41624241e-005, 0, 0, 0, 0, 0, 0, 0, 0.267871582, -0.146291602, -0.160690356, -0.433478108, 0.462037728, -0.773651051, -0.89453125, -0.117553711, 0.431030273, 0.108205607, 0.878972675, 0.464513171, 0, 0, -0, 0, 0, 0, 0, 0.31045166, -0.0868628418, -0.125697656, -0.155810516, 0.320818512, -0.934228748, 0.790039063, -0.527099609, -0.312744141, -0.592776111, -0.786815631, -0.171346053, 0, 3, 5, 1, 
1001.4162, 72, 0.1, 0.1, -0.00430139526, 0.365639564, -0.0199699468, 0.973433133, 1.67553791e-005, 0.228971475, 0.228971475, -2.24719677e-006, -0.973433133, -1.57956972e-005, 1, -6.02399965e-006, 0.973433136, 1.47485279e-005, 0.228971462, 0.228971462, -1.27698583e-005, -0.973433135, -1.14327726e-005, 1, -1.58075952e-005, 0, 0, 0, 0, 0, 0, 0, 0.267871582, -0.146291602, -0.160690356, -0.433478108, 0.462037728, -0.773651051, -0.89453125, -0.117553711, 0.431030273, 0.108205607, 0.878972675, 0.464513171, 0, 0, -0, 0, 0, 0, 0, 0.31045166, -0.0868628418, -0.125697656, -0.155810516, 0.320818512, -0.934228748, 0.790039063, -0.527099609, -0.312744141, -0.592776111, -0.786815631, -0.171346053, 0, 3, 5, 1, 
1001.41689, 72, 0.1, 0.1, -0.00430139463, 0.365639563, -0.0199700706, 0.973433077, 1.25661789e-005, 0.228971709, 0.228971709, -8.60803577e-006, -0.973433077, -1.02613375e-005, 1, -1.12566462e-005, 0.973433091, -5.19995068e-006, 0.22897165, 0.22897165, 7.48095151e-006, -0.973433091, 3.34887826e-006, 1, 8.47284704e-006, 0, 0, 0, 0, 0, 0, 0, 0.267871582, -0.146291602, -0.160690356, -0.433478108, 0.462037728, -0.773651051, -0.89453125, -0.117553711, 0.431030273, 0.108205607, 0.878972675, 0.464513171, 0, 0, -0, 0, 0, 0, 0, 0.31045166, -0.0868628418, -0.125697656, -0.155810516, 0.320818512, -0.934228748, 0.790039063, -0.527099609, -0.312744141, -0.592776111, -0.786815631, -0.171346053, 0, 3, 5, 1, 
1001.41758, 72, 0.1, 0.1, -0.00430139483, 0.365639564, -0.0199700831, 0.973433039, -6.98544814e-006, 0.228971875, 0.228971875, 1.49211977e-005, -0.973433038, 3.38333139e-006, 1, 1.6124258e-005, 0.97343304, -1.00011753e-005, 0.22897187, 0.22897187, 5.21054921e-006, -0.97343304, 8.54240528e-006, 1, 7.36210857e-006, 0, 0, 0, 0, 0, 0, 0, 0.267871582, -0.146291602, -0.160690356, -0.433478108, 0.462037728, -0.773651051, -0.89453125, -0.117553711, 0.431030273, 0.108205607, 0.878972675, 0.464513171, 0, 0, -0, 0, 0, 0, 0, 0.31045166, -0.0868628418, -0.125697656, -0.155810516, 0.320818512, -0.934228748, 0.790039063, -0.527099609, -0.312744141, -0.592776111, -0.786815631, -0.171346053, 0, 3, 5, 1, 
1001.41831, 72, 0.1, 0.1, -0.00430139582, 0.365639566, -0.0199697463, 0.973433084, -3.54748926e-006, 0.228971682, 0.228971682, -2.57410677e-005, -0.973433084, 9.34721898e-006, 1, -2.42449323e-005, 0.973433069, 1.31608566e-006, 0.228971744, 0.228971744, -2.61030623e-005, -0.973433069, 4.69574239e-006, 1, -2.57109305e-005, 0, 0, 0, 0, 0, 0, 0, 0.268735986, -0.146600293, -0.160285986, -0.433715495, 0.460349784, -0.77452011, -0.895141602, -0.122070313, 0.428588867, 0.10280516, 0.879240019, 0.465268776, 0, 0, -0, 0, 0, 0, 0, 0.311233203, -0.0872967773, -0.12507627, -0.155911861, 0.318907437, -0.934784716, 0.794189453, -0.522094727, -0.310546875, -0.587140598, -0.790821518, -0.171895459, 0, 3, 5, 1, 
1001.419, 72, 0.1, 0.1, -0.00430139577, 0.365639565, -0.019969327, 0.973433157, -8.86655103e-006, 0.228971373, 0.228971373, 5.7545945e-006, -0.973433157, 7.31335735e-006, 1, 7.63189945e-006, 0.973433145, 3.30820946e-006, 0.228971423, 0.228971423, 1.87755832e-005, -0.973433145, -7.51939275e-006, 1, 1.75192896e-005, 0, 0, 0, 0, 0, 0, 0, 0.268735986, -0.146600293, -0.160285986, -0.433715495, 0.460349784, -0.77452011, -0.895141602, -0.122070313, 0.428588867, 0.10280516, 0.879240019, 0.465268776, 0, 0, -0, 0, 0, 0, 0, 0.311233203, -0.0872967773, -0.12507627, -0.155911861, 0.318907437, -0.934784716, 0.794189453, -0.522094727, -0.310546875, -0.587140598, -0.790821518, -0.171895459, 0, 3, 5, 1, 
1001.41969, 72, 0.1, 0.1, -0.00430139601, 0.365639567, -0.0199690656, 0.973433156, 3.05657367e-006, 0.228971376, 0.228971376, 1.36987362e-005, -0.973433156, -6.11198864e-006, 1, 1.26349361e-005, 0.973433162, 1.30953121e-005, 0.228971349, 0.228971349, -4.50083556e-006, -0.973433162, -1.17168487e-005, 1, -7.37971388e-006, 0, 0, 0, 0, 0, 0, 0, 0.268735986, -0.146600293, -0.160285986, -0.433715495, 0.460349784, -0.77452011, -0.895141602, -0.122070313, 0.428588867, 0.10280516, 0.879240019, 0.465268776, 0, 0, -0, 0, 0, 0, 0, 0.311233203, -0.0872967773, -0.12507627, -0.155911861, 0.318907437, -0.934784716, 0.794189453, -0.522094727, -0.310546875, -0.587140598, -0.790821518, -0.171895459, 0, 3, 5, 1, 
1001.42038, 72, 0.1, 0.1, -0.00430139476, 0.365639567, -0.0199690666, 0.973433089, 1.36636889e-005, 0.22897166, 0.22897166, -1.54377156e-005, -0.973433089, -9.76588753e-006, 1, -1.81561807e-005, 0.973433102, 7.29551792e-006, 0.228971603, 0.228971603, -7.15178984e-006, -0.973433102, -5.46414186e-006, 1, -8.6322554e-006, 0, 0, 0, 0, 0, 0, 0, 0.268735986, -0.146600293, -0.160285986, -0.433715495, 0.460349784, -0.77452011, -0.895141602, -0.122070313, 0.428588867, 0.10280516, 0.879240019, 0.465268776, 0, 0, -0, 0, 0, 0, 0, 0.311233203, -0.0872967773, -0.12507627, -0.155911861, 0.318907437, -0.934784716, 0.794189453, -0.522094727, -0.310546875, -0.587140598, -0.790821518, -0.171895459, 0, 3, 5, 1, 
1001.42108, 72, 0.1, 0.1, -0.00430139327, 0.365639566, -0.0199692527, 0.973433061, 1.35684656e-006, 0.228971779, 0.228971779, 2.16459125e-005, -0.973433061, -6.27710238e-006, 1, 2.07601673e-005, 0.97343306, -1.31190258e-005, 0.228971785, 0.228971785, 1.93153766e-005, -0.973433059, 8.34781712e-006, 1, 2.18061129e-005, 0, 0, 0, 0, 0, 0, 0, 0.268735986, -0.146600293, -0.160285986, -0.433715495, 0.460349784, -0.77452011, -0.895141602, -0.122070313, 0.428588867, 0.10280516, 0.879240019, 0.465268776, 0, 0, -0, 0, 0, 0, 0, 0.311233203, -0.0872967773, -0.12507627, -0.155911861, 0.318907437, -0.934784716, 0.794189453, -0.522094727, -0.310546875, -0.587140598, -0.790821518, -0.171895459, 0, 3, 5, 1, 
1001.42177, 72, 0.1, 0.1, -0.00430139295, 0.365639569, -0.0199695803, 0.973433116, -5.04541011e-006, 0.228971547, 0.228971547, -9.16973199e-006, -0.973433116, 7.010977e-006, 1, -7.77086543e-006, 0.973433101, -7.64150732e-006, 0.228971609, 0.228971608, -2.04230125e-005, -0.973433101, 1.21147862e-005, 1, -1.81307482e-005, 0, 0, 0, 0, 0, 0, 0, 0.268735986, -0.146600293, -0.160285986, -0.433715495, 0.460349784, -0.77452011, -0.895141602, -0.122070313, 0.428588867, 0.10280516, 0.879240019, 0.465268776, 0, 0, -0, 0, 0, 0, 0, 0.311233203, -0.0872967773, -0.12507627, -0.155911861, 0.318907437, -0.934784716, 0.794189453, -0.522094727, -0.310546875, -0.587140598, -0.790821518, -0.171895459, 0, 3, 5, 1, 
1001.42246, 72, 0.1, 0.1, -0.00430139251, 0.365639567, -0.019969962, 0.973433177, -7.66124496e-006, 0.228971288, 0.228971288, -1.0780643e-005, -0.973433177, 9.92616772e-006, 1, -8.74003039e-006, 0.97343317, -8.31634493e-006, 0.228971315, 0.228971315, 8.72920549e-006, -0.97343317, 6.09666835e-006, 1, 1.04015026e-005, 0, 0, 0, 0, 0, 0, 0, 0.268735986, -0.146600293, -0.160285986, -0.433715495, 0.460349784, -0.77452011, -0.895141602, -0.122070313, 0.428588867, 0.10280516, 0.879240019, 0.465268776, 0, 0, -0, 0, 0, 0, 0, 0.311233203, -0.0872967773, -0.12507627, -0.155911861, 0.318907437, -0.934784716, 0.794189453, -0.522094727, -0.310546875, -0.587140598, -0.790821518, -0.171895459, 0, 3, 5, 1, 
1001.42318, 72, 0.1, 0.1, -0.00430139339, 0.365639567, -0.0199700269, 0.973433155, -8.21849315e-006, 0.228971379, 0.22897138, 1.86192271e-005, -0.973433155, 3.7368836e-006, 1, 2.00063727e-005, 0.973433167, 7.26586956e-006, 0.228971329, 0.228971329, 1.35912429e-005, -0.973433167, -1.01848434e-005, 1, 1.15664908e-005, 0, 0, 0, 0, 0, 0, 0, 0.269640918, -0.147263184, -0.160290259, -0.43324146, 0.460514534, -0.77471594, -0.895751953, -0.125854492, 0.426147461, 0.0987751382, 0.878719557, 0.467153671, 0, 0, -0, 0, 0, 0, 0, 0.312256055, -0.0876608887, -0.12491333, -0.155597962, 0.317942054, -0.935251366, 0.798217773, -0.517211914, -0.30859375, -0.581952412, -0.794482522, -0.173294675, 0, 3, 5, 1, 
1001.42387, 72, 0.1, 0.1, -0.00430139416, 0.365639569, -0.019969949, 0.973433088, 1.44376661e-005, 0.228971665, 0.228971666, -1.78898308e-005, -0.973433088, -9.95783757e-006, 1, -2.07203697e-005, 0.9734331, 1.93613685e-005, 0.228971614, 0.228971615, -1.72507589e-005, -0.9734331, -1.48970629e-005, 1, -2.12256635e-005, 0, 0, 0, 0, 0, 0, 0, 0.269640918, -0.147263184, -0.160290259, -0.43324146, 0.460514534, -0.77471594, -0.895751953, -0.125854492, 0.426147461, 0.0987751382, 0.878719557, 0.467153671, 0, 0, -0, 0, 0, 0, 0, 0.312256055, -0.0876608887, -0.12491333, -0.155597962, 0.317942054, -0.935251366, 0.798217773, -0.517211914, -0.30859375, -0.581952412, -0.794482522, -0.173294675, 0, 3, 5, 1, 
1001.42456, 72, 0.1, 0.1, -0.00430139383, 0.365639568, -0.0199698201, 0.973433074, 1.34980598e-005, 0.228971725, 0.228971725, 9.16480886e-006, -0.973433074, -1.523794e-005, 1, 5.83065401e-006, 0.97343307, 6.95924865e-006, 0.228971742, 0.228971742, 1.84373353e-005, -0.97343307, -1.09959916e-005, 1, 1.63540406e-005, 0, 0, 0, 0, 0, 0, 0, 0.269640918, -0.147263184, -0.160290259, -0.43324146, 0.460514534, -0.77471594, -0.895751953, -0.125854492, 0.426147461, 0.0987751382, 0.878719557, 0.467153671, 0, 0, -0, 0, 0, 0, 0, 0.312256055, -0.0876608887, -0.12491333, -0.155597962, 0.317942054, -0.935251366, 0.798217773, -0.517211914, -0.30859375, -0.581952412, -0.794482522, -0.173294675, 0, 3, 5, 1, 
1001.42526, 72, 0.1, 0.1, -0.00430139399, 0.36563957, -0.0199696742, 0.973433136, 6.92455664e-006, 0.228971461, 0.228971461, 1.13505721e-005, -0.973433136, -9.33954995e-006, 1, 9.46349712e-006, 0.97343312, -2.16383646e-006, 0.228971527, 0.228971527, -1.15575536e-005, -0.97343312, 4.75270078e-006, 1, -1.07550486e-005, 0, 0, 0, 0, 0, 0, 0, 0.269640918, -0.147263184, -0.160290259, -0.43324146, 0.460514534, -0.77471594, -0.895751953, -0.125854492, 0.426147461, 0.0987751382, 0.878719557, 0.467153671, 0, 0, -0, 0, 0, 0, 0, 0.312256055, -0.0876608887, -0.12491333, -0.155597962, 0.317942054, -0.935251366, 0.798217773, -0.517211914, -0.30859375, -0.581952412, -0.794482522, -0.173294675, 0, 3, 5, 1, 
1001.42597, 72, 0.1, 0.1, -0.00430139354, 0.36563957, -0.0199693056, 0.973433181, -4.79039106e-007, 0.228971269, 0.228971269, -1.99114678e-005, -0.973433181, 5.0254666e-006, 1, -1.92727972e-005, 0.973433179, -7.46872092e-006, 0.228971277, 0.228971277, -1.2276108e-005, -0.973433179, 1.00811769e-005, 1, -1.02398483e-005, 0, 0, 0, 0, 0, 0, 0, 0.269640918, -0.147263184, -0.160290259, -0.43324146, 0.460514534, -0.77471594, -0.895751953, -0.125854492, 0.426147461, 0.0987751382, 0.878719557, 0.467153671, 0, 0, -0, 0, 0, 0, 0, 0.313251562, -0.0886908203, -0.124728418, -0.155079907, 0.31658075, -0.935698693, 0.80065918, -0.514526367, -0.306762695, -0.578706652, -0.796712227, -0.173709919, 0, 3, 5, 1, 
1001.42666, 72, 0.1, 0.1, -0.00430139333, 0.365639569, -0.0199691078, 0.973433142, -1.65092523e-005, 0.228971435, 0.228971436, 1.71205834e-005, -0.973433142, 1.21505288e-005, 1, 2.04458905e-005, 0.973433155, -1.19399998e-005, 0.228971377, 0.228971378, 1.92347432e-005, -0.973433155, 7.21858608e-006, 1, 2.1457655e-005, 0, 0, 0, 0, 0, 0, 0, 0.269640918, -0.147263184, -0.160290259, -0.43324146, 0.460514534, -0.77471594, -0.895751953, -0.125854492, 0.426147461, 0.0987751382, 0.878719557, 0.467153671, 0, 0, -0, 0, 0, 0, 0, 0.313251562, -0.0886908203, -0.124728418, -0.155079907, 0.31658075, -0.935698693, 0.80065918, -0.514526367, -0.306762695, -0.578706652, -0.796712227, -0.173709919, 0, 3, 5, 1, 
1001.42736, 72, 0.1, 0.1, -0.00430139366, 0.365639571, -0.0199690957, 0.973433073, -6.66537204e-006, 0.228971729, 0.228971729, -1.12142452e-005, -0.973433073, 9.0560387e-006, 1, -9.39013544e-006, 0.973433084, 9.80146069e-006, 0.22897168, 0.228971681, -1.80674839e-005, -0.973433084, -5.40412395e-006, 1, -1.98317435e-005, 0, 0, 0, 0, 0, 0, 0, 0.269640918, -0.147263184, -0.160290259, -0.43324146, 0.460514534, -0.77471594, -0.895751953, -0.125854492, 0.426147461, 0.0987751382, 0.878719557, 0.467153671, 0, 0, -0, 0, 0, 0, 0, 0.313251562, -0.0886908203, -0.124728418, -0.155079907, 0.31658075, -0.935698693, 0.80065918, -0.514526367, -0.306762695, -0.578706652, -0.796712227, -0.173709919, 0, 3, 5, 1, 
1001.42807, 72, 0.1, 0.1, -0.00430139287, 0.365639569, -0.0199691291, 0.973433079, 8.02839838e-006, 0.228971704, 0.228971704, -8.74455537e-006, -0.973433079, -5.8128528e-006, 1, -1.03505155e-005, 0.973433071, 8.89585235e-006, 0.228971737, 0.228971737, 1.16833073e-005, -0.973433071, -1.1334664e-005, 1, 9.3360189e-006, 0, 0, 0, 0, 0, 0, 0, 0.271021997, -0.148154077, -0.160316138, -0.432278043, 0.460577814, -0.775286577, -0.896484375, -0.127685547, 0.423950195, 0.0962743011, 0.878338759, 0.468232787, 0, 0, -0, 0, 0, 0, 0, 0.313251562, -0.0886908203, -0.124728418, -0.155079907, 0.31658075, -0.935698693, 0.80065918, -0.514526367, -0.306762695, -0.578706652, -0.796712227, -0.173709919, 0, 3, 5, 1, 
1001.42876, 72, 0.1, 0.1, -0.00430139204, 0.36563957, -0.0199693064, 0.97343315, 5.1835457e-006, 0.228971402, 0.228971402, 2.31761915e-005, -0.97343315, -1.03525203e-005, 1, 2.13735893e-005, 0.973433136, 2.83100359e-006, 0.228971462, 0.228971462, 1.28649737e-005, -0.973433136, -5.70150453e-006, 1, 1.18749726e-005, 0, 0, 0, 0, 0, 0, 0, 0.271021997, -0.148154077, -0.160316138, -0.432278043, 0.460577814, -0.775286577, -0.896484375, -0.127685547, 0.423950195, 0.0962743011, 0.878338759, 0.468232787, 0, 0, -0, 0, 0, 0, 0, 0.313251562, -0.0886908203, -0.124728418, -0.155079907, 0.31658075, -0.935698693, 0.80065918, -0.514526367, -0.306762695, -0.578706652, -0.796712227, -0.173709919, 0, 3, 5, 1, 
1001.42945, 72, 0.1, 0.1, -0.00430139127, 0.365639572, -0.019969581, 0.973433183, 1.19684471e-005, 0.228971261, 0.228971262, -1.63771697e-005, -0.973433183, -7.90058236e-006, 1, -1.86825108e-005, 0.973433183, -2.03710863e-006, 0.228971259, 0.228971259, -2.03704952e-005, -0.973433183, 6.64724707e-006, 1, -1.93628767e-005, 0, 0, 0, 0, 0, 0, 0, 0.271021997, -0.148154077, -0.160316138, -0.432278043, 0.460577814, -0.775286577, -0.896484375, -0.127685547, 0.423950195, 0.0962743011, 0.878338759, 0.468232787, 0, 0, -0, 0, 0, 0, 0, 0.313251562, -0.0886908203, -0.124728418, -0.155079907, 0.31658075, -0.935698693, 0.80065918, -0.514526367, -0.306762695, -0.578706652, -0.796712227, -0.173709919, 0, 3, 5, 1, 
1001.43019, 72, 0.1, 0.1, -0.00430139024, 0.36563957, -0.0199696434, 0.973433128, -6.5207447e-006, 0.228971496, 0.228971496, 4.50043526e-006, -0.973433128, 5.31703751e-006, 1, 5.87393744e-006, 0.973433143, -1.50383612e-005, 0.228971429, 0.228971429, 1.49649115e-005, -0.973433143, 1.12123021e-005, 1, 1.80106959e-005, 0, 0, 0, 0, 0, 0, 0, 0.272209497, -0.14992915, -0.160125488, -0.430825242, 0.460799853, -0.775952693, -0.897338867, -0.127929688, 0.422241211, 0.0953026485, 0.87818, 0.468709065, 0, 0, -0, 0, 0, 0, 0, 0.313251562, -0.0886908203, -0.124728418, -0.154606693, 0.315059765, -0.936331221, 0.802490234, -0.512695313, -0.305053711, -0.576202061, -0.798590487, -0.173530915, 0, 3, 5, 1, 
1001.43089, 72, 0.1, 0.1, -0.00430139127, 0.365639573, -0.0199693006, 0.973433069, -1.00082808e-005, 0.228971747, 0.228971747, 5.19007924e-006, -0.973433069, 8.55400999e-006, 1, 7.3438083e-006, 0.973433074, -1.65781638e-006, 0.228971722, 0.228971722, -1.32307746e-005, -0.973433074, 4.64324654e-006, 1, -1.24996805e-005, 0, 0, 0, 0, 0, 0, 0, 0.272209497, -0.14992915, -0.160125488, -0.430825242, 0.460799853, -0.775952693, -0.897338867, -0.127929688, 0.422241211, 0.0953026485, 0.87818, 0.468709065, 0, 0, -0, 0, 0, 0, 0, 0.314228516, -0.089947168, -0.12432002, -0.154606693, 0.315059765, -0.936331221, 0.802490234, -0.512695313, -0.305053711, -0.576202061, -0.798590487, -0.173530915, 0, 3, 5, 1, 
1001.43159, 72, 0.1, 0.1, -0.00430139222, 0.365639573, -0.019969047, 0.973433092, 2.24254457e-006, 0.228971646, 0.228971646, -2.17221836e-005, -0.973433092, 2.79079704e-006, 1, -2.16585715e-005, 0.97343308, 1.43620658e-005, 0.228971699, 0.228971699, -9.93983495e-006, -0.97343308, -1.1704569e-005, 1, -1.29642708e-005, 0, 0, 0, 0, 0, 0, 0, 0.272209497, -0.14992915, -0.160125488, -0.430825242, 0.460799853, -0.775952693, -0.897338867, -0.127929688, 0.422241211, 0.0953026485, 0.87818, 0.468709065, 0, 0, -0, 0, 0, 0, 0, 0.314228516, -0.089947168, -0.12432002, -0.154606693, 0.315059765, -0.936331221, 0.802490234, -0.512695313, -0.305053711, -0.576202061, -0.798590487, -0.173530915, 0, 3, 5, 1, 
1001.43228, 72, 0.1, 0.1, -0.00430139274, 0.365639572, -0.0199690181, 0.973433163, 5.53263029e-006, 0.228971347, 0.228971346, 2.35989676e-005, -0.973433163, -1.07891332e-005, 1, 2.17052038e-005, 0.97343315, 1.0730643e-005, 0.228971399, 0.228971399, 2.49634257e-005, -0.97343315, -1.61614741e-005, 1, 2.18432158e-005, 0, 0, 0, 0, 0, 0, 0, 0.272209497, -0.14992915, -0.160125488, -0.430825242, 0.460799853, -0.775952693, -0.897338867, -0.127929688, 0.422241211, 0.0953026485, 0.87818, 0.468709065, 0, 0, -0, 0, 0, 0, 0, 0.314228516, -0.089947168, -0.12432002, -0.154606693, 0.315059765, -0.936331221, 0.802490234, -0.512695313, -0.305053711, -0.576202061, -0.798590487, -0.173530915, 0, 3, 5, 1, 
1001.43298, 72, 0.1, 0.1, -0.00430139309, 0.365639573, -0.0199691951, 0.973433176, 1.61712945e-005, 0.228971289, 0.228971289, -9.56510187e-007, -0.973433176, -1.55226612e-005, 1, -4.63386089e-006, 0.973433181, 1.44309804e-005, 0.22897127, 0.22897127, -1.27080495e-005, -0.973433181, -1.11378169e-005, 1, -1.56747169e-005, 0, 0, 0, 0, 0, 0, 0, 0.272209497, -0.14992915, -0.160125488, -0.430825242, 0.460799853, -0.775952693, -0.897338867, -0.127929688, 0.422241211, 0.0953026485, 0.87818, 0.468709065, 0, 0, -0, 0, 0, 0, 0, 0.314228516, -0.089947168, -0.12432002, -0.154606693, 0.315059765, -0.936331221, 0.802490234, -0.512695313, -0.305053711, -0.576202061, -0.798590487, -0.173530915, 0, 3, 5, 1, 
1001.43367, 72, 0.1, 0.1, -0.00430139204, 0.365639571, -0.0199694494, 0.973433112, 9.97411227e-006, 0.228971561, 0.228971561, -5.17082148e-006, -0.973433112, -8.52516008e-006, 1, -7.31723691e-006, 0.973433128, -7.86977584e-006, 0.228971495, 0.228971495, 1.10276463e-005, -0.973433128, 5.13568384e-006, 1, 1.25366306e-005, 0, 0, 0, 0, 0, 0, 0, 0.272209497, -0.14992915, -0.160125488, -0.430825242, 0.460799853, -0.775952693, -0.897338867, -0.127929688, 0.422241211, 0.0953026485, 0.87818, 0.468709065, 0, 0, -0, 0, 0, 0, 0, 0.314228516, -0.089947168, -0.12432002, -0.154606693, 0.315059765, -0.936331221, 0.802490234, -0.512695313, -0.305053711, -0.576202061, -0.798590487, -0.173530915, 0, 3, 5, 1, 
1001.43437, 72, 0.1, 0.1, -0.00430139149, 0.365639572, -0.0199697701, 0.973433067, -1.13101332e-005, 0.228971753, 0.228971754, 1.74922168e-005, -0.973433067, 7.00443406e-006, 1, 1.96172033e-005, 0.973433069, -1.44233658e-005, 0.228971744, 0.228971744, 8.01833088e-006, -0.973433069, 1.220421e-005, 1, 1.11078517e-005, 0, 0, 0, 0, 0, 0, 0, 0.272209497, -0.14992915, -0.160125488, -0.430825242, 0.460799853, -0.775952693, -0.897338867, -0.127929688, 0.422241211, 0.0953026485, 0.87818, 0.468709065, 0, 0, -0, 0, 0, 0, 0, 0.314228516, -0.089947168, -0.12432002, -0.154606693, 0.315059765, -0.936331221, 0.802490234, -0.512695313, -0.305053711, -0.576202061, -0.798590487, -0.173530915, 0, 3, 5, 1, 
1001.4351, 72, 0.1, 0.1, -0.00430139158, 0.365639574, -0.0199698574, 0.973433108, -7.84696641e-006, 0.22897158, 0.228971579, -2.52780714e-005, -0.973433108, 1.34264568e-005, 1, -2.28097793e-005, 0.973433093, -2.77359875e-006, 0.228971644, 0.228971644, -2.49969323e-005, -0.973433093, 8.4235015e-006, 1, -2.36977657e-005, 0, 0, 0, 0, 0, 0, 0, 0.273363794, -0.151497949, -0.160147217, -0.430013471, 0.460679285, -0.776396771, -0.897827148, -0.128540039, 0.421020508, 0.0941853411, 0.878199096, 0.469026584, 0, 0, -0, 0, 0, 0, 0, 0.314228516, -0.089947168, -0.12432002, -0.155066414, 0.31422891, -0.936599544, 0.803833008, -0.510742188, -0.304443359, -0.574163753, -0.800027983, -0.173313632, 0, 3, 5, 1, 
1001.43579, 72, 0.1, 0.1, -0.00430139097, 0.365639573, -0.0199696784, 0.973433176, -1.06943081e-005, 0.228971291, 0.228971291, 3.53451919e-006, -0.973433176, 9.60089086e-006, 1, 5.88930776e-006, 0.973433165, 7.64057046e-007, 0.228971339, 0.228971339, 1.67715053e-005, -0.973433164, -4.5839525e-006, 1, 1.61509923e-005, 0, 0, 0, 0, 0, 0, 0, 0.273363794, -0.151497949, -0.160147217, -0.430013471, 0.460679285, -0.776396771, -0.897827148, -0.128540039, 0.421020508, 0.0941853411, 0.878199096, 0.469026584, 0, 0, -0, 0, 0, 0, 0, 0.314687451, -0.0909253418, -0.124333203, -0.155066414, 0.31422891, -0.936599544, 0.803833008, -0.510742188, -0.304443359, -0.574163753, -0.800027983, -0.173313632, 0, 3, 5, 1, 
1001.43648, 72, 0.1, 0.1, -0.0043013911, 0.365639575, -0.019969504, 0.973433173, 2.6577092e-006, 0.228971303, 0.228971303, 1.14483436e-005, -0.973433173, -5.20844447e-006, 1, 1.05356583e-005, 0.97343318, 1.2374303e-005, 0.228971273, 0.228971273, -6.71366425e-006, -0.97343318, -1.05083209e-005, 1, -9.36866346e-006, 0, 0, 0, 0, 0, 0, 0, 0.273363794, -0.151497949, -0.160147217, -0.430013471, 0.460679285, -0.776396771, -0.897827148, -0.128540039, 0.421020508, 0.0941853411, 0.878199096, 0.469026584, 0, 0, -0, 0, 0, 0, 0, 0.314687451, -0.0909253418, -0.124333203, -0.155066414, 0.31422891, -0.936599544, 0.803833008, -0.510742188, -0.304443359, -0.574163753, -0.800027983, -0.173313632, 0, 3, 5, 1, 
1001.43718, 72, 0.1, 0.1, -0.00430138998, 0.365639575, -0.0199693928, 0.973433104, 1.44791262e-005, 0.228971594, 0.228971595, -1.65640122e-005, -0.973433104, -1.03017725e-005, 1, -1.94392664e-005, 0.973433118, 8.06081727e-006, 0.228971537, 0.228971537, -8.71073279e-006, -0.973433118, -5.85215661e-006, 1, -1.03250135e-005, 0, 0, 0, 0, 0, 0, 0, 0.273363794, -0.151497949, -0.160147217, -0.430013471, 0.460679285, -0.776396771, -0.897827148, -0.128540039, 0.421020508, 0.0941853411, 0.878199096, 0.469026584, 0, 0, -0, 0, 0, 0, 0, 0.314687451, -0.0909253418, -0.124333203, -0.155066414, 0.31422891, -0.936599544, 0.803833008, -0.510742188, -0.304443359, -0.574163753, -0.800027983, -0.173313632, 0, 3, 5, 1, 
1001.43788, 72, 0.1, 0.1, -0.0043013888, 0.365639575, -0.0199693412, 0.973433074, 3.03469984e-006, 0.228971723, 0.228971723, 2.18234364e-005, -0.973433074, -7.95102701e-006, 1, 2.05487943e-005, 0.973433073, -1.16536021e-005, 0.228971727, 0.228971728, 1.92232702e-005, -0.973433073, 6.94241629e-006, 1, 2.13809124e-005, 0, 0, 0, 0, 0, 0, 0, 0.273363794, -0.151497949, -0.160147217, -0.430013471, 0.460679285, -0.776396771, -0.897827148, -0.128540039, 0.421020508, 0.0941853411, 0.878199096, 0.469026584, 0, 0, -0, 0, 0, 0, 0, 0.314687451, -0.0909253418, -0.124333203, -0.155066414, 0.31422891, -0.936599544, 0.803833008, -0.510742188, -0.304443359, -0.574163753, -0.800027983, -0.173313632, 0, 3, 5, 1, 
1001.43857, 72, 0.1, 0.1, -0.00430138886, 0.365639577, -0.0199693558, 0.973433128, -3.42404633e-006, 0.228971494, 0.228971494, -7.96292147e-006, -0.973433128, 5.15636215e-006, 1, -6.96736255e-006, 0.973433114, -6.05163264e-006, 0.228971555, 0.228971555, -1.95053173e-005, -0.973433114, 1.03570224e-005, 1, -1.760147e-005, 0, 0, 0, 0, 0, 0, 0, 0.273363794, -0.151497949, -0.160147217, -0.430013471, 0.460679285, -0.776396771, -0.897827148, -0.128540039, 0.421020508, 0.0941853411, 0.878199096, 0.469026584, 0, 0, -0, 0, 0, 0, 0, 0.314687451, -0.0909253418, -0.124333203, -0.155066414, 0.31422891, -0.936599544, 0.803833008, -0.510742188, -0.304443359, -0.574163753, -0.800027983, -0.173313632, 0, 3, 5, 1, 
1001.43927, 72, 0.1, 0.1, -0.00430138877, 0.365639574, -0.0199694846, 0.973433188, -6.23196932e-006, 0.228971238, 0.228971238, -9.69483727e-006, -0.973433188, 8.28624466e-006, 1, -8.01033462e-006, 0.973433182, -6.9133231e-006, 0.228971264, 0.228971264, 1.0206574e-005, -0.973433182, 4.39264595e-006, 1, 1.15183702e-005, 0, 0, 0, 0, 0, 0, 0, 0.273363794, -0.151497949, -0.160147217, -0.430013471, 0.460679285, -0.776396771, -0.897827148, -0.128540039, 0.421020508, 0.0941853411, 0.878199096, 0.469026584, 0, 0, -0, 0, 0, 0, 0, 0.314687451, -0.0909253418, -0.124333203, -0.155066414, 0.31422891, -0.936599544, 0.803833008, -0.510742188, -0.304443359, -0.574163753, -0.800027983, -0.173313632, 0, 3, 5, 1, 
1001.44, 72, 0.1, 0.1, -0.00430138988, 0.365639574, -0.0199694553, 0.973433164, -8.62485731e-006, 0.228971342, 0.228971342, 2.21427029e-005, -0.973433164, 3.32567776e-006, 1, 2.35292865e-005, 0.973433177, 7.77372287e-006, 0.228971286, 0.228971286, 1.69938992e-005, -0.973433177, -1.14583147e-005, 1, 1.4762466e-005, 0, 0, 0, 0, 0, 0, 0, 0.274477686, -0.152402393, -0.16015686, -0.429843851, 0.460482334, -0.776668984, -0.89831543, -0.131835938, 0.419067383, 0.0905743097, 0.877735922, 0.47042921, 0, 0, -0, 0, 0, 0, 0, 0.315409912, -0.0919386719, -0.124351514, -0.155276767, 0.31311041, -0.936829587, 0.806030273, -0.508056641, -0.303344727, -0.570994552, -0.802232168, -0.173460553, 0, 3, 5, 1, 
1001.44069, 72, 0.1, 0.1, -0.00430139065, 0.365639575, -0.0199693005, 0.973433093, 1.42054461e-005, 0.228971644, 0.228971645, -1.72399286e-005, -0.973433093, -9.8805965e-006, 1, -2.00345613e-005, 0.973433105, 1.93620621e-005, 0.228971592, 0.228971592, -1.59652129e-005, -0.973433105, -1.5192092e-005, 1, -1.9974429e-005, 0, 0, 0, 0, 0, 0, 0, 0.274477686, -0.152402393, -0.16015686, -0.429843851, 0.460482334, -0.776668984, -0.89831543, -0.131835938, 0.419067383, 0.0905743097, 0.877735922, 0.47042921, 0, 0, -0, 0, 0, 0, 0, 0.315409912, -0.0919386719, -0.124351514, -0.155276767, 0.31311041, -0.936829587, 0.806030273, -0.508056641, -0.303344727, -0.570994552, -0.802232168, -0.173460553, 0, 3, 5, 1, 
1001.44138, 72, 0.1, 0.1, -0.00430139021, 0.365639574, -0.0199692856, 0.973433078, 1.30029759e-005, 0.228971705, 0.228971705, 8.54652196e-006, -0.973433078, -1.46144386e-005, 1, 5.34215361e-006, 0.973433074, 6.26370544e-006, 0.228971723, 0.228971723, 1.83124428e-005, -0.973433074, -1.02903296e-005, 1, 1.6391726e-005, 0, 0, 0, 0, 0, 0, 0, 0.274477686, -0.152402393, -0.16015686, -0.429843851, 0.460482334, -0.776668984, -0.89831543, -0.131835938, 0.419067383, 0.0905743097, 0.877735922, 0.47042921, 0, 0, -0, 0, 0, 0, 0, 0.315409912, -0.0919386719, -0.124351514, -0.155276767, 0.31311041, -0.936829587, 0.806030273, -0.508056641, -0.303344727, -0.570994552, -0.802232168, -0.173460553, 0, 3, 5, 1, 
1001.44211, 72, 0.1, 0.1, -0.00430139034, 0.365639577, -0.019969239, 0.973433145, 7.16128902e-006, 0.228971421, 0.228971421, 1.16400254e-005, -0.973433145, -9.63626925e-006, 1, 9.69105603e-006, 0.973433128, -2.66667252e-006, 0.228971493, 0.228971493, -1.28841983e-005, -0.973433128, 5.54594149e-006, 1, -1.19313134e-005, 0, 0, 0, 0, 0, 0, 0, 0.274477686, -0.152402393, -0.16015686, -0.429843851, 0.460482334, -0.776668984, -0.89831543, -0.131835938, 0.419067383, 0.0905743097, 0.877735922, 0.47042921, 0, 0, -0, 0, 0, 0, 0, 0.315409912, -0.0919386719, -0.124351514, -0.155276767, 0.31311041, -0.936829587, 0.806030273, -0.508056641, -0.303344727, -0.570994552, -0.802232168, -0.173460553, 0, 3, 5, 1, 
1001.44283, 72, 0.1, 0.1, -0.00430138983, 0.365639576, -0.0199687457, 0.973433194, -1.23524342e-006, 0.228971215, 0.228971215, -2.12194072e-005, -0.973433194, 6.06106039e-006, 1, -2.03728401e-005, 0.973433192, -8.28943622e-006, 0.228971224, 0.228971224, -1.34415532e-005, -0.973433192, 1.11469412e-005, 1, -1.11864117e-005, 0, 0, 0, 0, 0, 0, 0, 0.276242627, -0.152880005, -0.159938623, -0.429872303, 0.459904584, -0.776908997, -0.898803711, -0.137817383, 0.415771484, 0.0841520356, 0.877209469, 0.472815471, 0, 0, -0, 0, 0, 0, 0, 0.316640869, -0.0924759766, -0.124175391, -0.155033231, 0.312688236, -0.937027914, 0.809448242, -0.503540039, -0.301879883, -0.566304732, -0.805222365, -0.175077053, 0, 3, 5, 1, 
1001.44352, 72, 0.1, 0.1, -0.00430138962, 0.365639576, -0.0199685356, 0.973433155, -1.70571819e-005, 0.228971381, 0.228971381, 1.65313056e-005, -0.973433155, 1.28188305e-005, 1, 1.99977274e-005, 0.973433168, -1.24223938e-005, 0.228971323, 0.228971323, 1.87038895e-005, -0.973433168, 7.80971584e-006, 1, 2.10513584e-005, 0, 0, 0, 0, 0, 0, 0, 0.276242627, -0.152880005, -0.159938623, -0.429872303, 0.459904584, -0.776908997, -0.898803711, -0.137817383, 0.415771484, 0.0841520356, 0.877209469, 0.472815471, 0, 0, -0, 0, 0, 0, 0, 0.316640869, -0.0924759766, -0.124175391, -0.155033231, 0.312688236, -0.937027914, 0.809448242, -0.503540039, -0.301879883, -0.566304732, -0.805222365, -0.175077053, 0, 3, 5, 1, 
1001.44422, 72, 0.1, 0.1, -0.00430138994, 0.365639578, -0.019968684, 0.973433085, -7.23102814e-006, 0.228971677, 0.228971677, -1.21340023e-005, -0.973433085, 9.81726488e-006, 1, -1.01559386e-005, 0.973433097, 9.57358398e-006, 0.228971628, 0.228971628, -1.91514554e-005, -0.973433096, -4.93410359e-006, 1, -2.08347396e-005, 0, 0, 0, 0, 0, 0, 0, 0.276242627, -0.152880005, -0.159938623, -0.429872303, 0.459904584, -0.776908997, -0.898803711, -0.137817383, 0.415771484, 0.0841520356, 0.877209469, 0.472815471, 0, 0, -0, 0, 0, 0, 0, 0.316640869, -0.0924759766, -0.124175391, -0.155033231, 0.312688236, -0.937027914, 0.809448242, -0.503540039, -0.301879883, -0.566304732, -0.805222365, -0.175077053, 0, 3, 5, 1, 
1001.44491, 72, 0.1, 0.1, -0.00430138905, 0.365639577, -0.0199690872, 0.97343309, 7.25105847e-006, 0.228971655, 0.228971655, -9.16649506e-006, -0.97343309, -4.95955271e-006, 1, -1.05832565e-005, 0.973433083, 7.97167945e-006, 0.228971687, 0.228971687, 1.07793828e-005, -0.973433083, -1.022807e-005, 1, 8.66771897e-006, 0, 0, 0, 0, 0, 0, 0, 0.276242627, -0.152880005, -0.159938623, -0.429872303, 0.459904584, -0.776908997, -0.898803711, -0.137817383, 0.415771484, 0.0841520356, 0.877209469, 0.472815471, 0, 0, -0, 0, 0, 0, 0, 0.316640869, -0.0924759766, -0.124175391, -0.155033231, 0.312688236, -0.937027914, 0.809448242, -0.503540039, -0.301879883, -0.566304732, -0.805222365, -0.175077053, 0, 3, 5, 1, 
1001.44562, 72, 0.1, 0.1, -0.00430138798, 0.365639578, -0.0199695575, 0.973433163, 4.05598275e-006, 0.228971346, 0.228971345, 2.21497882e-005, -0.973433163, -9.01989494e-006, 1, 2.06326346e-005, 0.973433149, 1.5908595e-006, 0.228971406, 0.228971406, 1.18344167e-005, -0.973433149, -4.2583384e-006, 1, 1.11557522e-005, 0, 0, 0, 0, 0, 0, 0, 0.276242627, -0.152880005, -0.159938623, -0.429872303, 0.459904584, -0.776908997, -0.898803711, -0.137817383, 0.415771484, 0.0841520356, 0.877209469, 0.472815471, 0, 0, -0, 0, 0, 0, 0, 0.316640869, -0.0924759766, -0.124175391, -0.155033231, 0.312688236, -0.937027914, 0.809448242, -0.503540039, -0.301879883, -0.566304732, -0.805222365, -0.175077053, 0, 3, 5, 1, 
1001.44632, 72, 0.1, 0.1, -0.00430138711, 0.365639579, -0.0199699556, 0.973433197, 1.15014374e-005, 0.228971202, 0.228971202, -1.70623178e-005, -0.973433197, -7.28910159e-006, 1, -1.92425246e-005, 0.973433197, -2.48426101e-006, 0.2289712, 0.228971199, -2.12523087e-005, -0.973433197, 7.28442875e-006, 1, -2.01188786e-005, 0, 0, 0, 0, 0, 0, 0, 0.276242627, -0.152880005, -0.159938623, -0.429872303, 0.459904584, -0.776908997, -0.898803711, -0.137817383, 0.415771484, 0.0841520356, 0.877209469, 0.472815471, 0, 0, -0, 0, 0, 0, 0, 0.316640869, -0.0924759766, -0.124175391, -0.155033231, 0.312688236, -0.937027914, 0.809448242, -0.503540039, -0.301879883, -0.566304732, -0.805222365, -0.175077053, 0, 3, 5, 1, 
1001.44703, 72, 0.1, 0.1, -0.0043013864, 0.365639578, -0.0199701838, 0.973433146, -5.19769818e-006, 0.228971419, 0.228971419, 5.07755168e-006, -0.973433146, 3.89699748e-006, 1, 6.13278144e-006, 0.973433161, -1.35666123e-005, 0.228971354, 0.228971354, 1.50498898e-005, -0.973433161, 9.76019661e-006, 1, 1.77564274e-005, 0, 0, 0, 0, 0, 0, 0, 0.276242627, -0.152880005, -0.159938623, -0.430223145, 0.462391195, -0.775180618, -0.899047852, -0.143188477, 0.413574219, 0.0803762535, 0.874961749, 0.4774854, 0, 0, -0, 0, 0, 0, 0, 0.316640869, -0.0924759766, -0.124175391, -0.155033231, 0.312688236, -0.937027914, 0.809448242, -0.503540039, -0.301879883, -0.566304732, -0.805222365, -0.175077053, 0, 3, 5, 1, 
1001.44774, 72, 0.1, 0.1, -0.00430138785, 0.36563958, -0.0199699599, 0.973433088, -7.8402078e-006, 0.228971663, 0.228971663, 5.67893961e-006, -0.973433088, 6.33160144e-006, 1, 7.32325315e-006, 0.973433094, 2.02692691e-007, 0.22897164, 0.22897164, -1.21852541e-005, -0.973433094, 2.59276983e-006, 1, -1.19079404e-005, 0, 0, 0, 0, 0, 0, 0, 0.277552661, -0.152983008, -0.160505811, -0.430223145, 0.462391195, -0.775180618, -0.899047852, -0.143188477, 0.413574219, 0.0803762535, 0.874961749, 0.4774854, 0, 0, -0, 0, 0, 0, 0, 0.317363818, -0.092755127, -0.124417432, -0.155613986, 0.312738909, -0.936887556, 0.81237793, -0.499023438, -0.301513672, -0.561947035, -0.808040122, -0.176412471, 0, 3, 5, 1, 
