time, trialNum, realDorsalTactorPos, realVentralTactorPos, boxPosX, boxPosY, boxPosZ, boxLocalRot_11, boxLocalRot_12, boxLocalRot_13, boxLocalRot_21, boxLocalRot_22, boxLocalRot_23, boxLocalRot_31, boxLocalRot_32, boxLocalRot_33, boxGlobalRot_11, boxGlobalRot_12, boxGlobalRot_13, boxGlobalRot_21, boxGlobalRot_22, boxGlobalRot_23, boxGlobalRot_31, boxGlobalRot_32, boxGlobalRot_33, indexForceX, indexForceY, indexForceZ, indexForceGlobalX, indexForceGlobalY, indexForceGlobalZ, indexContact, indexPosX, indexPosY, indexPosZ, indexRot_11, indexRot_12, indexRot_13, indexRot_21, indexRot_22, indexRot_23, indexRot_31, indexRot_32, indexRot_33, thumbForceX, thumbForceY, thumbForceZ, thumbForceGlobalX, thumbForceGlobalY, thumbForceGlobalZ, thumbContact, thumbPosX, thumbPosY, thumbPosZ, thumbRot_11, thumbRot_12, thumbRot_13, thumbRot_21, thumbRot_22, thumbRot_23, thumbRot_31, thumbRot_32, thumbRot_33, manipForceTooHigh, cceExpType, mapping, trialSuccess, 
824.2232, 71, 0.1, 0.1, -0.00411340175, 0.33605483, -0.0199697918, 0.944296272, 0.329096564, -4.44856732e-005, 0.329096562, -0.944296273, -3.89663908e-005, -5.48313607e-005, 2.21557355e-005, -0.999999998, 0.944296087, 0.329097097, -2.1924577e-005, 0.329097096, -0.944296087, -3.66049646e-005, -3.27498799e-005, 2.73506102e-005, -0.999999999, 0, 0, 0, 0, 0, 0, 0, 0.258903442, -0.0773465088, -0.164387769, -0.44675526, 0.784377884, -0.430109739, -0.8359375, -0.194824219, 0.513061523, 0.31856091, 0.588768617, 0.74281106, 0, -0, 0, 0, 0, 0, 0, 0.289148145, -0.0299352051, -0.138911572, -0.38032599, 0.428690743, -0.819455532, -0.437988281, -0.863769531, -0.248657227, -0.814480372, 0.264398435, 0.516415716, 0, 3, 5, 1, 
824.246172, 71, 0.1, 0.1, -0.00411340437, 0.336054837, -0.0199707057, 0.944313488, 0.329047164, -5.8714529e-006, 0.329047164, -0.944313488, -3.69908342e-005, -1.77162212e-005, 3.29989587e-005, -0.999999999, 0.944313424, 0.329047348, -1.61253654e-006, 0.329047348, -0.944313424, -2.22816854e-005, -8.85446937e-006, 2.05102937e-005, -1, 0, 0, 0, 0, 0, 0, 0, 0.270884668, -0.0890909424, -0.160995752, -0.469453754, 0.787174161, -0.399772818, -0.827148437, -0.233886719, 0.510864258, 0.308684478, 0.570528491, 0.761117855, 0, -0, 0, 0, 0, 0, 0, 0.297689258, -0.0434662598, -0.136617432, -0.401899028, 0.398915966, -0.824101243, -0.389282227, -0.889038086, -0.240600586, -0.828776575, 0.224200682, 0.512736122, 0, 3, 5, 1, 
824.246865, 71, 0.1, 0.1, -0.00411340229, 0.336054837, -0.0199672385, 0.944313756, 0.329046396, 4.48389341e-006, 0.329046396, -0.944313755, 3.65517601e-005, 1.62614272e-005, -3.30409209e-005, -0.999999999, 0.944313717, 0.329046507, 1.22897938e-005, 0.329046507, -0.944313717, 2.26732216e-005, 1.90659652e-005, -1.73667205e-005, -1, 0, 0, 0, 0, 0, 0, 0, 0.270884668, -0.0890909424, -0.160995752, -0.469453754, 0.787174161, -0.399772818, -0.827148437, -0.233886719, 0.510864258, 0.308684478, 0.570528491, 0.761117855, 0, -0, 0, 0, 0, 0, 0, 0.297689258, -0.0434662598, -0.136617432, -0.401899028, 0.398915966, -0.824101243, -0.389282227, -0.889038086, -0.240600586, -0.828776575, 0.224200682, 0.512736122, 0, 3, 5, 1, 
824.247562, 71, 0.1, 0.1, -0.00411340515, 0.336054836, -0.0199647129, 0.944313838, 0.329046161, -5.41597116e-006, 0.32904616, -0.944313837, -3.56199436e-005, -1.68349822e-005, 3.18543012e-005, -0.999999999, 0.944313839, 0.329046156, -2.21671346e-005, 0.329046155, -0.944313839, -2.47175813e-005, -2.90659571e-005, 1.60471436e-005, -0.999999999, 0, 0, 0, 0, 0, 0, 0, 0.270884668, -0.0890909424, -0.160995752, -0.469453754, 0.787174161, -0.399772818, -0.827148437, -0.233886719, 0.510864258, 0.308684478, 0.570528491, 0.761117855, 0, -0, 0, 0, 0, 0, 0, 0.297689258, -0.0434662598, -0.136617432, -0.401899028, 0.398915966, -0.824101243, -0.389282227, -0.889038086, -0.240600586, -0.828776575, 0.224200682, 0.512736122, 0, 3, 5, 1, 
824.248271, 71, 0.1, 0.1, -0.00411340319, 0.336054836, -0.0199637344, 0.944313718, 0.329046503, -3.21343001e-005, 0.329046504, -0.944313718, 3.07881741e-005, -2.02141193e-005, -3.96473743e-005, -0.999999999, 0.944313762, 0.329046378, -2.87473661e-006, 0.329046378, -0.944313762, 2.1650465e-005, 4.40935376e-006, -2.13907537e-005, -1, 0, 0, 0, 0, 0, 0, 0, 0.270884668, -0.0890909424, -0.160995752, -0.474670354, 0.787749668, -0.392232115, -0.82421875, -0.241699219, 0.511962891, 0.30852197, 0.566358806, 0.764249243, 0, -0, 0, 0, 0, 0, 0, 0.297689258, -0.0434662598, -0.136617432, -0.401899028, 0.398915966, -0.824101243, -0.389282227, -0.889038086, -0.240600586, -0.828776575, 0.224200682, 0.512736122, 0, 3, 5, 1, 
824.248989, 71, 0.1, 0.1, -0.00411340513, 0.336054837, -0.0199642722, 0.944313495, 0.329047144, 2.6175593e-005, 0.329047144, -0.944313495, -2.55473026e-005, 1.63116988e-005, 3.27376668e-005, -0.999999999, 0.944313537, 0.329047024, 1.00083435e-005, 0.329047024, -0.944313537, -1.29006331e-005, 5.20609931e-006, 1.54754581e-005, -1, 0, 0, 0, 0, 0, 0, 0, 0.271957031, -0.0901904297, -0.161270581, -0.474670354, 0.787749668, -0.392232115, -0.82421875, -0.241699219, 0.511962891, 0.30852197, 0.566358806, 0.764249243, 0, -0, 0, 0, 0, 0, 0, 0.298699609, -0.0447771973, -0.136582275, -0.40641021, 0.395068295, -0.823813597, -0.381103516, -0.892700195, -0.240112305, -0.830232661, 0.216431713, 0.513502811, 0, 3, 5, 1, 
824.249676, 71, 0.1, 0.1, -0.00411340489, 0.336054835, -0.0199663056, 0.944313344, 0.329047576, -2.89633323e-005, 0.329047577, -0.944313344, 1.98794318e-005, -2.08091824e-005, -2.8302727e-005, -0.999999999, 0.944313361, 0.329047529, -2.58716972e-005, 0.329047529, -0.944313361, 4.38087543e-006, -2.29894731e-005, -1.26499372e-005, -1, 0, 0, 0, 0, 0, 0, 0, 0.271957031, -0.0901904297, -0.161270581, -0.474670354, 0.787749668, -0.392232115, -0.82421875, -0.241699219, 0.511962891, 0.30852197, 0.566358806, 0.764249243, 0, -0, 0, 0, 0, 0, 0, 0.298699609, -0.0447771973, -0.136582275, -0.40641021, 0.395068295, -0.823813597, -0.381103516, -0.892700195, -0.240112305, -0.830232661, 0.216431713, 0.513502811, 0, 3, 5, 1, 
824.250368, 71, 0.1, 0.1, -0.00411340182, 0.336054836, -0.019969255, 0.94431336, 0.329047531, 2.30054334e-005, 0.329047531, -0.94431336, -2.3079072e-005, 1.41302264e-005, 2.93637571e-005, -0.999999999, 0.944313341, 0.329047584, 2.72603875e-005, 0.329047584, -0.944313342, -6.18708432e-006, 2.37065025e-005, 1.48125109e-005, -1, 0, 0, 0, 0, 0, 0, 0, 0.271957031, -0.0901904297, -0.161270581, -0.474670354, 0.787749668, -0.392232115, -0.82421875, -0.241699219, 0.511962891, 0.30852197, 0.566358806, 0.764249243, 0, -0, 0, 0, 0, 0, 0, 0.298699609, -0.0447771973, -0.136582275, -0.40641021, 0.395068295, -0.823813597, -0.381103516, -0.892700195, -0.240112305, -0.830232661, 0.216431713, 0.513502811, 0, 3, 5, 1, 
824.251064, 71, 0.1, 0.1, -0.004113401, 0.336054834, -0.0199721938, 0.944313532, 0.329047038, 5.53219205e-006, 0.329047038, -0.944313532, 2.6419524e-005, 1.39173899e-005, -2.31279626e-005, -1, 0.944313486, 0.32904717, -6.31909147e-006, 0.32904717, -0.944313486, 8.19287899e-006, -3.27135965e-006, -9.81592528e-006, -1, 0, 0, 0, 0, 0, 0, 0, 0.271957031, -0.0901904297, -0.161270581, -0.474670354, 0.787749668, -0.392232115, -0.82421875, -0.241699219, 0.511962891, 0.30852197, 0.566358806, 0.764249243, 0, -0, 0, 0, 0, 0, 0, 0.298699609, -0.0447771973, -0.136582275, -0.40641021, 0.395068295, -0.823813597, -0.381103516, -0.892700195, -0.240112305, -0.830232661, 0.216431713, 0.513502811, 0, 3, 5, 1, 
824.251763, 71, 0.1, 0.1, -0.00411339869, 0.336054836, -0.0199741619, 0.944313765, 0.329046369, -2.52369559e-006, 0.329046368, -0.944313765, -2.66509765e-005, -1.11525675e-005, 2.43364711e-005, -1, 0.94431372, 0.329046498, 1.20520448e-006, 0.329046498, -0.94431372, -1.25047933e-005, -2.97656732e-006, 1.22050162e-005, -1, 0, 0, 0, 0, 0, 0, 0, 0.271957031, -0.0901904297, -0.161270581, -0.474670354, 0.787749668, -0.392232115, -0.82421875, -0.241699219, 0.511962891, 0.30852197, 0.566358806, 0.764249243, 0, -0, 0, 0, 0, 0, 0, 0.298699609, -0.0447771973, -0.136582275, -0.40641021, 0.395068295, -0.823813597, -0.381103516, -0.892700195, -0.240112305, -0.830232661, 0.216431713, 0.513502811, 0, 3, 5, 1, 
824.252598, 71, 0.1, 0.1, -0.0041133977, 0.336054835, -0.0199730257, 0.944313985, 0.329045739, -1.51935036e-005, 0.329045739, -0.944313984, 2.6347226e-005, -5.67799543e-006, -2.98794116e-005, -1, 0.944313953, 0.32904583, -1.09086487e-005, 0.329045831, -0.944313953, 1.56284463e-005, -5.15871414e-006, -1.83476053e-005, -1, 0, 0, 0, 0, 0, 0, 0, 0.271957031, -0.0901904297, -0.161270581, -0.474670354, 0.787749668, -0.392232115, -0.82421875, -0.241699219, 0.511962891, 0.30852197, 0.566358806, 0.764249243, 0, -0, 0, 0, 0, 0, 0, 0.298699609, -0.0447771973, -0.136582275, -0.40641021, 0.395068295, -0.823813597, -0.381103516, -0.892700195, -0.240112305, -0.830232661, 0.216431713, 0.513502811, 0, 3, 5, 1, 
824.253313, 71, 0.1, 0.1, -0.00411339742, 0.336054835, -0.0199707158, 0.944314142, 0.329045287, 1.11861292e-005, 0.329045287, -0.944314142, -2.89648262e-005, 1.03248047e-006, 3.10326381e-005, -1, 0.944314122, 0.329045346, -2.54352954e-006, 0.329045346, -0.944314121, -1.80126423e-005, -8.32886698e-006, 1.61726559e-005, -1, 0, 0, 0, 0, 0, 0, 0, 0.273348218, -0.0917420166, -0.161258105, -0.478021155, 0.788110248, -0.387731806, -0.822387695, -0.246582031, 0.512695313, 0.308434725, 0.563953449, 0.766131894, 0, -0, 0, 0, 0, 0, 0, 0.298699609, -0.0447771973, -0.136582275, -0.410767908, 0.391463793, -0.823346947, -0.375244141, -0.895629883, -0.238525391, -0.830813416, 0.211020413, 0.514902027, 0, 3, 5, 1, 
824.254005, 71, 0.1, 0.1, -0.00411339671, 0.336054833, -0.0199681772, 0.94431426, 0.329044949, -8.92742275e-006, 0.329044949, -0.94431426, 2.68853823e-005, 4.16206621e-007, -2.83257732e-005, -1, 0.944314236, 0.329045017, -4.0551686e-006, 0.329045017, -0.944314236, 1.33009632e-005, 5.47262228e-007, -1.3894622e-005, -1, 0, 0, 0, 0, 0, 0, 0, 0.273348218, -0.0917420166, -0.161258105, -0.478021155, 0.788110248, -0.387731806, -0.822387695, -0.246582031, 0.512695313, 0.308434725, 0.563953449, 0.766131894, 0, -0, 0, 0, 0, 0, 0, 0.299738525, -0.0466921875, -0.136968457, -0.410767908, 0.391463793, -0.823346947, -0.375244141, -0.895629883, -0.238525391, -0.830813416, 0.211020413, 0.514902027, 0, 3, 5, 1, 
824.254695, 71, 0.1, 0.1, -0.00411339681, 0.336054833, -0.0199663259, 0.94431436, 0.329044662, 3.27434318e-006, 0.329044662, -0.944314359, -3.58926572e-005, -8.71827796e-006, 3.49713567e-005, -0.999999999, 0.944314331, 0.329044746, 7.83837043e-006, 0.329044746, -0.944314331, -1.82344036e-005, 1.40195081e-006, 1.97981833e-005, -1, 0, 0, 0, 0, 0, 0, 0, 0.273348218, -0.0917420166, -0.161258105, -0.478021155, 0.788110248, -0.387731806, -0.822387695, -0.246582031, 0.512695313, 0.308434725, 0.563953449, 0.766131894, 0, -0, 0, 0, 0, 0, 0, 0.299738525, -0.0466921875, -0.136968457, -0.410767908, 0.391463793, -0.823346947, -0.375244141, -0.895629883, -0.238525391, -0.830813416, 0.211020413, 0.514902027, 0, 3, 5, 1, 
824.255385, 71, 0.1, 0.1, -0.00411339623, 0.336054831, -0.0199656469, 0.944314464, 0.329044363, -1.8624884e-005, 0.329044364, -0.944314464, 2.69800956e-005, -8.71009899e-006, -3.16061077e-005, -0.999999999, 0.944314446, 0.329044415, -1.32262687e-005, 0.329044415, -0.944314446, 1.15401536e-005, -8.69253356e-006, -1.52495636e-005, -1, 0, 0, 0, 0, 0, 0, 0, 0.273348218, -0.0917420166, -0.161258105, -0.478021155, 0.788110248, -0.387731806, -0.822387695, -0.246582031, 0.512695313, 0.308434725, 0.563953449, 0.766131894, 0, -0, 0, 0, 0, 0, 0, 0.299738525, -0.0466921875, -0.136968457, -0.410767908, 0.391463793, -0.823346947, -0.375244141, -0.895629883, -0.238525391, -0.830813416, 0.211020413, 0.514902027, 0, 3, 5, 1, 
824.256118, 71, 0.1, 0.1, -0.00411339612, 0.336054832, -0.0199658064, 0.94431457, 0.329044058, 1.20917672e-005, 0.329044058, -0.94431457, -2.93581858e-005, 1.75829536e-006, 3.17020868e-005, -0.999999999, 0.944314562, 0.329044082, -2.75768813e-006, 0.329044081, -0.944314562, -1.81767165e-005, -8.58506604e-006, 1.62571371e-005, -1, 0, 0, 0, 0, 0, 0, 0, 0.274617725, -0.0939328125, -0.161059619, -0.479454859, 0.789073666, -0.383929815, -0.821044922, -0.249023438, 0.513427734, 0.309526945, 0.561452612, 0.767507189, 0, -0, 0, 0, 0, 0, 0, 0.300805762, -0.0485852051, -0.136918164, -0.414786921, 0.387878615, -0.822988939, -0.370239258, -0.898193359, -0.236816406, -0.831113089, 0.206593086, 0.516167083, 0, 3, 5, 1, 
824.256808, 71, 0.1, 0.1, -0.00411339525, 0.336054831, -0.0199670923, 0.94431464, 0.32904386, -8.11714872e-006, 0.32904386, -0.944314639, 3.09658149e-005, 2.52396888e-006, -3.19123703e-005, -0.999999999, 0.944314625, 0.329043902, -3.23434715e-006, 0.329043902, -0.944314625, 1.59113571e-005, 2.1812937e-006, -1.60895694e-005, -1, 0, 0, 0, 0, 0, 0, 0, 0.274617725, -0.0939328125, -0.161059619, -0.479454859, 0.789073666, -0.383929815, -0.821044922, -0.249023438, 0.513427734, 0.309526945, 0.561452612, 0.767507189, 0, -0, 0, 0, 0, 0, 0, 0.300805762, -0.0485852051, -0.136918164, -0.414786921, 0.387878615, -0.822988939, -0.370239258, -0.898193359, -0.236816406, -0.831113089, 0.206593086, 0.516167083, 0, 3, 5, 1, 
824.257497, 71, 0.1, 0.1, -0.00411339538, 0.336054833, -0.0199691337, 0.944314697, 0.329043694, 3.21861406e-006, 0.329043694, -0.944314697, -2.45833858e-005, -5.04962354e-006, 2.42735172e-005, -1, 0.944314676, 0.329043754, 6.98921545e-006, 0.329043754, -0.944314676, -7.9526201e-006, 3.98325875e-006, 9.80953357e-006, -1, 0, 0, 0, 0, 0, 0, 0, 0.274617725, -0.0939328125, -0.161059619, -0.479454859, 0.789073666, -0.383929815, -0.821044922, -0.249023438, 0.513427734, 0.309526945, 0.561452612, 0.767507189, 0, -0, 0, 0, 0, 0, 0, 0.300805762, -0.0485852051, -0.136918164, -0.414786921, 0.387878615, -0.822988939, -0.370239258, -0.898193359, -0.236816406, -0.831113089, 0.206593086, 0.516167083, 0, 3, 5, 1, 
824.258197, 71, 0.1, 0.1, -0.00411339445, 0.336054832, -0.0199712634, 0.944314763, 0.329043504, -1.3910504e-005, 0.329043504, -0.944314763, 2.66356141e-005, -4.37161846e-006, -2.97295646e-005, -1, 0.944314752, 0.329043536, -9.50507511e-006, 0.329043536, -0.944314752, 1.39562662e-005, -4.38356348e-006, -1.63066916e-005, -1, 0, 0, 0, 0, 0, 0, 0, 0.274617725, -0.0939328125, -0.161059619, -0.479454859, 0.789073666, -0.383929815, -0.821044922, -0.249023438, 0.513427734, 0.309526945, 0.561452612, 0.767507189, 0, -0, 0, 0, 0, 0, 0, 0.300805762, -0.0485852051, -0.136918164, -0.414786921, 0.387878615, -0.822988939, -0.370239258, -0.898193359, -0.236816406, -0.831113089, 0.206593086, 0.516167083, 0, 3, 5, 1, 
824.258888, 71, 0.1, 0.1, -0.004113394, 0.336054833, -0.0199727591, 0.944314824, 0.32904333, 1.08925975e-005, 0.32904333, -0.944314824, -1.99317882e-005, 3.72761937e-006, 2.24060197e-005, -1, 0.944314821, 0.329043338, -1.17298002e-006, 0.329043338, -0.944314821, -1.03709959e-005, -4.52016952e-006, 9.40752385e-006, -1, 0, 0, 0, 0, 0, 0, 0, 0.274617725, -0.0939328125, -0.161059619, -0.479454859, 0.789073666, -0.383929815, -0.821044922, -0.249023438, 0.513427734, 0.309526945, 0.561452612, 0.767507189, 0, -0, 0, 0, 0, 0, 0, 0.300805762, -0.0485852051, -0.136918164, -0.414786921, 0.387878615, -0.822988939, -0.370239258, -0.898193359, -0.236816406, -0.831113089, 0.206593086, 0.516167083, 0, 3, 5, 1, 
824.25958, 71, 0.1, 0.1, -0.00411339274, 0.336054833, -0.0199733076, 0.944314864, 0.329043217, -3.97412093e-006, 0.329043217, -0.944314863, 2.48155492e-005, 4.41256668e-006, -2.47413495e-005, -1, 0.944314855, 0.329043242, -2.77086326e-007, 0.329043242, -0.944314855, 1.36931607e-005, 4.24398526e-006, -1.30218285e-005, -1, 0, 0, 0, 0, 0, 0, 0, 0.274617725, -0.0939328125, -0.161059619, -0.479454859, 0.789073666, -0.383929815, -0.821044922, -0.249023438, 0.513427734, 0.309526945, 0.561452612, 0.767507189, 0, -0, 0, 0, 0, 0, 0, 0.300805762, -0.0485852051, -0.136918164, -0.414786921, 0.387878615, -0.822988939, -0.370239258, -0.898193359, -0.236816406, -0.831113089, 0.206593086, 0.516167083, 0, 3, 5, 1, 
824.260271, 71, 0.1, 0.1, -0.00411339199, 0.336054833, -0.019972827, 0.944314896, 0.329043123, 6.57009493e-006, 0.329043124, -0.944314896, -2.67839806e-005, -2.60884612e-006, 2.74543564e-005, -1, 0.944314881, 0.329043165, 1.00792769e-005, 0.329043166, -0.944314881, -1.22720209e-005, 5.47998657e-006, 1.49051692e-005, -1, 0, 0, 0, 0, 0, 0, 0, 0.274617725, -0.0939328125, -0.161059619, -0.479454859, 0.789073666, -0.383929815, -0.821044922, -0.249023438, 0.513427734, 0.309526945, 0.561452612, 0.767507189, 0, -0, 0, 0, 0, 0, 0, 0.300805762, -0.0485852051, -0.136918164, -0.414786921, 0.387878615, -0.822988939, -0.370239258, -0.898193359, -0.236816406, -0.831113089, 0.206593086, 0.516167083, 0, 3, 5, 1, 
824.260993, 71, 0.1, 0.1, -0.00411339035, 0.336054832, -0.0199711468, 0.944314939, 0.329043, -1.05826909e-005, 0.329043, -0.944314939, 2.43737965e-005, -1.97336598e-006, -2.64987005e-005, -1, 0.944314933, 0.329043018, -6.22630551e-006, 0.329043018, -0.944314933, 1.20377608e-005, -1.91865213e-006, -1.34161596e-005, -1, 0, 0, 0, 0, 0, 0, 0, 0.275672778, -0.0961140869, -0.160847583, -0.480729804, 0.790240026, -0.379867592, -0.819824219, -0.251464844, 0.514160156, 0.310841204, 0.558672448, 0.768964859, 0, -0, 0, 0, 0, 0, 0, 0.301724219, -0.0506748535, -0.136696387, -0.417528118, 0.384644881, -0.82316138, -0.365234375, -0.900512695, -0.235595703, -0.831892171, 0.20232544, 0.516639929, 0, 3, 5, 1, 
824.261688, 71, 0.1, 0.1, -0.00411338914, 0.336054832, -0.0199691873, 0.944314977, 0.329042891, 1.61784931e-005, 0.329042892, -0.944314976, -2.78988387e-005, 6.09767873e-006, 3.16687094e-005, -0.999999999, 0.944314979, 0.329042884, 2.66826131e-006, 0.329042884, -0.944314979, -1.76397885e-005, -3.28456775e-006, 1.75354889e-005, -1, 0, 0, 0, 0, 0, 0, 0, 0.275672778, -0.0961140869, -0.160847583, -0.480729804, 0.790240026, -0.379867592, -0.819824219, -0.251464844, 0.514160156, 0.310841204, 0.558672448, 0.768964859, 0, -0, 0, 0, 0, 0, 0, 0.301724219, -0.0506748535, -0.136696387, -0.417528118, 0.384644881, -0.82316138, -0.365234375, -0.900512695, -0.235595703, -0.831892171, 0.20232544, 0.516639929, 0, 3, 5, 1, 
824.262379, 71, 0.1, 0.1, -0.00411338759, 0.336054831, -0.0199675592, 0.944314995, 0.329042838, -4.42597617e-006, 0.329042838, -0.944314995, 3.10967433e-005, 6.05264503e-006, -3.08214568e-005, -1, 0.94431499, 0.329042853, 5.9153799e-007, 0.329042853, -0.94431499, 1.6794064e-005, 6.08456494e-006, -1.56642451e-005, -1, 0, 0, 0, 0, 0, 0, 0, 0.275672778, -0.0961140869, -0.160847583, -0.480729804, 0.790240026, -0.379867592, -0.819824219, -0.251464844, 0.514160156, 0.310841204, 0.558672448, 0.768964859, 0, -0, 0, 0, 0, 0, 0, 0.301724219, -0.0506748535, -0.136696387, -0.417528118, 0.384644881, -0.82316138, -0.365234375, -0.900512695, -0.235595703, -0.831892171, 0.20232544, 0.516639929, 0, 3, 5, 1, 
824.263073, 71, 0.1, 0.1, -0.00411338702, 0.336054832, -0.0199666827, 0.944315008, 0.329042803, 7.09051834e-006, 0.329042804, -0.944315007, -3.05454662e-005, -3.35508294e-006, 3.11776261e-005, -1, 0.944314995, 0.32904284, 1.16530536e-005, 0.32904284, -0.944314995, -1.29389998e-005, 6.74666805e-006, 1.60528454e-005, -1, 0, 0, 0, 0, 0, 0, 0, 0.275672778, -0.0961140869, -0.160847583, -0.480729804, 0.790240026, -0.379867592, -0.819824219, -0.251464844, 0.514160156, 0.310841204, 0.558672448, 0.768964859, 0, -0, 0, 0, 0, 0, 0, 0.301724219, -0.0506748535, -0.136696387, -0.417528118, 0.384644881, -0.82316138, -0.365234375, -0.900512695, -0.235595703, -0.831892171, 0.20232544, 0.516639929, 0, 3, 5, 1, 
824.263771, 71, 0.1, 0.1, -0.00411338583, 0.336054831, -0.0199668097, 0.944315035, 0.329042723, -1.48870819e-005, 0.329042724, -0.944315035, 2.98991539e-005, -4.21999624e-006, -3.31327066e-005, -0.999999999, 0.944315031, 0.329042735, -9.25077833e-006, 0.329042735, -0.944315031, 1.45635842e-005, -3.94360744e-006, -1.67965129e-005, -1, 0, 0, 0, 0, 0, 0, 0, 0.275672778, -0.0961140869, -0.160847583, -0.480729804, 0.790240026, -0.379867592, -0.819824219, -0.251464844, 0.514160156, 0.310841204, 0.558672448, 0.768964859, 0, -0, 0, 0, 0, 0, 0, 0.301724219, -0.0506748535, -0.136696387, -0.417528118, 0.384644881, -0.82316138, -0.365234375, -0.900512695, -0.235595703, -0.831892171, 0.20232544, 0.516639929, 0, 3, 5, 1, 
824.264465, 71, 0.1, 0.1, -0.00411338543, 0.336054833, -0.0199677065, 0.944315064, 0.32904264, 1.27915051e-005, 0.32904264, -0.944315064, -2.44923222e-005, 4.02019258e-006, 2.73374194e-005, -1, 0.944315069, 0.329042626, -1.14005127e-006, 0.329042626, -0.944315069, -1.3377056e-005, -5.47818923e-006, 1.22570301e-005, -1, 0, 0, 0, 0, 0, 0, 0, 0.275672778, -0.0961140869, -0.160847583, -0.480729804, 0.790240026, -0.379867592, -0.819824219, -0.251464844, 0.514160156, 0.310841204, 0.558672448, 0.768964859, 0, -0, 0, 0, 0, 0, 0, 0.301724219, -0.0506748535, -0.136696387, -0.417528118, 0.384644881, -0.82316138, -0.365234375, -0.900512695, -0.235595703, -0.831892171, 0.20232544, 0.516639929, 0, 3, 5, 1, 
824.265305, 71, 0.1, 0.1, -0.0041133848, 0.336054834, -0.0199682252, 0.944315092, 0.329042562, -8.77001169e-006, 0.329042562, -0.944315091, 4.63331468e-005, 6.96392295e-006, -4.66387969e-005, -0.999999999, 0.944315084, 0.329042584, -4.22019295e-006, 0.329042584, -0.944315083, 3.23415592e-005, 6.65655836e-006, -3.19292454e-005, -0.999999999, 0, 0, 0, 0, 0, 0, 0, 0.277610913, -0.098129248, -0.160322607, -0.482044063, 0.790188729, -0.37841367, -0.819580078, -0.254150391, 0.513305664, 0.309566259, 0.557568245, 0.770341276, 0, -0, 0, 0, 0, 0, 0, 0.301724219, -0.0506748535, -0.136696387, -0.417528118, 0.384644881, -0.82316138, -0.365234375, -0.900512695, -0.235595703, -0.831892171, 0.20232544, 0.516639929, 0, 3, 5, 1, 
824.266016, 71, 0.1, 0.1, -0.00411338475, 0.336054837, -0.0199680229, 0.944315113, 0.329042501, 6.67100068e-006, 0.329042501, -0.944315113, -2.32656411e-005, -1.35585797e-006, 2.41651392e-005, -1, 0.944315098, 0.329042543, 1.02028281e-005, 0.329042543, -0.944315098, -4.17520594e-006, 8.26086426e-006, 7.29987452e-006, -1, 0, 0, 0, 0, 0, 0, 0, 0.277610913, -0.098129248, -0.160322607, -0.482044063, 0.790188729, -0.37841367, -0.819580078, -0.254150391, 0.513305664, 0.309566259, 0.557568245, 0.770341276, 0, -0, 0, 0, 0, 0, 0, 0.302895703, -0.0527725586, -0.136284814, -0.41975819, 0.381104545, -0.823634226, -0.360351562, -0.902832031, -0.234130859, -0.832863017, 0.198639283, 0.516467488, 0, 3, 5, 1, 
824.266712, 71, 0.1, 0.1, -0.00411338313, 0.336054836, -0.0199683474, 0.944315147, 0.329042403, -1.04157251e-005, 0.329042403, -0.944315147, 2.29489995e-005, -2.28453303e-006, -2.5098303e-005, -1, 0.944315142, 0.329042417, -5.9430784e-006, 0.329042417, -0.944315142, 1.08360367e-005, -2.04662321e-006, -1.21881584e-005, -1, 0, 0, 0, 0, 0, 0, 0, 0.277610913, -0.098129248, -0.160322607, -0.482044063, 0.790188729, -0.37841367, -0.819580078, -0.254150391, 0.513305664, 0.309566259, 0.557568245, 0.770341276, 0, -0, 0, 0, 0, 0, 0, 0.302895703, -0.0527725586, -0.136284814, -0.41975819, 0.381104545, -0.823634226, -0.360351562, -0.902832031, -0.234130859, -0.832863017, 0.198639283, 0.516467488, 0, 3, 5, 1, 
824.26741, 71, 0.1, 0.1, -0.00411338166, 0.336054835, -0.0199689998, 0.94431518, 0.329042309, 1.84851655e-005, 0.329042309, -0.944315179, -3.5739311e-005, 5.69607695e-006, 3.98315754e-005, -0.999999999, 0.944315184, 0.329042298, 4.75207116e-006, 0.329042298, -0.944315183, -2.42589901e-005, -3.49478089e-006, 2.44717651e-005, -1, 0, 0, 0, 0, 0, 0, 0, 0.277610913, -0.098129248, -0.160322607, -0.482044063, 0.790188729, -0.37841367, -0.819580078, -0.254150391, 0.513305664, 0.309566259, 0.557568245, 0.770341276, 0, -0, 0, 0, 0, 0, 0, 0.302895703, -0.0527725586, -0.136284814, -0.41975819, 0.381104545, -0.823634226, -0.360351562, -0.902832031, -0.234130859, -0.832863017, 0.198639283, 0.516467488, 0, 3, 5, 1, 
824.268126, 71, 0.1, 0.1, -0.00411337945, 0.336054832, -0.0199697571, 0.944315195, 0.329042267, -1.00221681e-006, 0.329042267, -0.944315194, 1.96841541e-005, 5.53051011e-006, -1.89178175e-005, -1, 0.94431519, 0.329042279, 4.28860305e-006, 0.329042279, -0.94431519, 5.30973623e-006, 5.79692072e-006, -3.60293286e-006, -1, 0, 0, 0, 0, 0, 0, 0, 0.277610913, -0.098129248, -0.160322607, -0.482044063, 0.790188729, -0.37841367, -0.819580078, -0.254150391, 0.513305664, 0.309566259, 0.557568245, 0.770341276, 0, -0, 0, 0, 0, 0, 0, 0.304461914, -0.0542779297, -0.13587666, -0.42251871, 0.377225157, -0.824081553, -0.353149414, -0.905761719, -0.233642578, -0.834626072, 0.192339893, 0.516052244, 0, 3, 5, 1, 
824.268817, 71, 0.1, 0.1, -0.00411337864, 0.336054831, -0.0199702927, 0.944315201, 0.329042247, 6.83964578e-006, 0.329042247, -0.944315201, -3.24947896e-005, -4.2333771e-006, 3.29358562e-005, -0.999999999, 0.944315191, 0.329042276, 1.1388308e-005, 0.329042276, -0.944315191, -1.76162016e-005, 4.95767719e-006, 2.03824815e-005, -1, 0, 0, 0, 0, 0, 0, 0, 0.277610913, -0.098129248, -0.160322607, -0.482044063, 0.790188729, -0.37841367, -0.819580078, -0.254150391, 0.513305664, 0.309566259, 0.557568245, 0.770341276, 0, -0, 0, 0, 0, 0, 0, 0.304461914, -0.0542779297, -0.13587666, -0.42251871, 0.377225157, -0.824081553, -0.353149414, -0.905761719, -0.233642578, -0.834626072, 0.192339893, 0.516052244, 0, 3, 5, 1, 
824.269505, 71, 0.1, 0.1, -0.00411337775, 0.33605483, -0.0199707095, 0.944315224, 0.329042182, -1.47684191e-005, 0.329042182, -0.944315224, 2.38287034e-005, -6.10539445e-006, -2.73612403e-005, -1, 0.944315221, 0.32904219, -9.58261259e-006, 0.32904219, -0.944315221, 1.01425617e-005, -5.7116762e-006, -1.27308593e-005, -1, 0, 0, 0, 0, 0, 0, 0, 0.277610913, -0.098129248, -0.160322607, -0.482044063, 0.790188729, -0.37841367, -0.819580078, -0.254150391, 0.513305664, 0.309566259, 0.557568245, 0.770341276, 0, -0, 0, 0, 0, 0, 0, 0.304461914, -0.0542779297, -0.13587666, -0.42251871, 0.377225157, -0.824081553, -0.353149414, -0.905761719, -0.233642578, -0.834626072, 0.192339893, 0.516052244, 0, 3, 5, 1, 
824.270211, 71, 0.1, 0.1, -0.00411337786, 0.336054831, -0.0199708188, 0.944315246, 0.329042119, 9.00939731e-006, 0.329042119, -0.944315246, -2.16757419e-005, 1.37547919e-006, 2.34332047e-005, -1, 0.944315252, 0.329042103, -4.26028423e-006, 0.329042102, -0.944315252, -1.18755079e-005, -7.93059345e-006, 9.81241032e-006, -1, 0, 0, 0, 0, 0, 0, 0, 0.277610913, -0.098129248, -0.160322607, -0.486094302, 0.788912663, -0.375760065, -0.818359375, -0.260009766, 0.512451172, 0.306623588, 0.556534435, 0.772269233, 0, -0, 0, 0, 0, 0, 0, 0.304461914, -0.0542779297, -0.13587666, -0.42251871, 0.377225157, -0.824081553, -0.353149414, -0.905761719, -0.233642578, -0.834626072, 0.192339893, 0.516052244, 0, 3, 5, 1, 
824.270902, 71, 0.1, 0.1, -0.00411337768, 0.336054831, -0.0199705277, 0.944315249, 0.32904211, -9.9405673e-006, 0.329042111, -0.944315248, 3.26141313e-005, 1.34439331e-006, -3.40688868e-005, -0.999999999, 0.944315247, 0.329042116, -5.64752806e-006, 0.329042116, -0.944315247, 1.96152442e-005, 1.12119461e-006, -2.03812488e-005, -1, 0, 0, 0, 0, 0, 0, 0, 0.279627393, -0.0993138184, -0.159734644, -0.486094302, 0.788912663, -0.375760065, -0.818359375, -0.260009766, 0.512451172, 0.306623588, 0.556534435, 0.772269233, 0, -0, 0, 0, 0, 0, 0, 0.304461914, -0.0542779297, -0.13587666, -0.42251871, 0.377225157, -0.824081553, -0.353149414, -0.905761719, -0.233642578, -0.834626072, 0.192339893, 0.516052244, 0, 3, 5, 1, 
824.271591, 71, 0.1, 0.1, -0.00411337813, 0.336054832, -0.019970103, 0.94431525, 0.329042107, 2.13838455e-006, 0.329042107, -0.94431525, -2.35667643e-005, -5.73514863e-006, 2.29580734e-005, -1, 0.94431524, 0.329042135, 5.83567863e-006, 0.329042135, -0.94431524, -7.42831619e-006, 3.06649125e-006, 8.93485634e-006, -1, 0, 0, 0, 0, 0, 0, 0, 0.279627393, -0.0993138184, -0.159734644, -0.486094302, 0.788912663, -0.375760065, -0.818359375, -0.260009766, 0.512451172, 0.306623588, 0.556534435, 0.772269233, 0, -0, 0, 0, 0, 0, 0, 0.304461914, -0.0542779297, -0.13587666, -0.42251871, 0.377225157, -0.824081553, -0.353149414, -0.905761719, -0.233642578, -0.834626072, 0.192339893, 0.516052244, 0, 3, 5, 1, 
824.27228, 71, 0.1, 0.1, -0.0041133776, 0.336054832, -0.0199696662, 0.944315265, 0.329042064, -1.51247214e-005, 0.329042064, -0.944315265, 2.76831013e-005, -5.17360048e-006, -3.11182447e-005, -1, 0.944315264, 0.329042068, -1.08134423e-005, 0.329042068, -0.944315264, 1.51434237e-005, -5.2284752e-006, -1.78582436e-005, -1, 0, 0, 0, 0, 0, 0, 0, 0.279627393, -0.0993138184, -0.159734644, -0.486094302, 0.788912663, -0.375760065, -0.818359375, -0.260009766, 0.512451172, 0.306623588, 0.556534435, 0.772269233, 0, -0, 0, 0, 0, 0, 0, 0.304461914, -0.0542779297, -0.13587666, -0.42251871, 0.377225157, -0.824081553, -0.353149414, -0.905761719, -0.233642578, -0.834626072, 0.192339893, 0.516052244, 0, 3, 5, 1, 
824.272996, 71, 0.1, 0.1, -0.00411337728, 0.336054832, -0.019969082, 0.944315285, 0.329042008, 1.28612255e-005, 0.329042008, -0.944315284, -2.88316581e-005, 2.6582251e-006, 3.14580589e-005, -1, 0.944315291, 0.32904199, -6.61410733e-007, 0.32904199, -0.944315291, -1.83226819e-005, -6.65351198e-006, 1.70847568e-005, -1, 0, 0, 0, 0, 0, 0, 0, 0.281395361, -0.100026025, -0.159485376, -0.490740266, 0.788207232, -0.370999526, -0.816040039, -0.266479492, 0.512817383, 0.305381965, 0.55442151, 0.77423426, 0, -0, 0, 0, 0, 0, 0, 0.305305664, -0.0555053711, -0.135589941, -0.426352522, 0.3742211, -0.823455222, -0.346557617, -0.908447266, -0.233520508, -0.835519993, 0.185887018, 0.517100016, 0, 3, 5, 1, 
824.273684, 71, 0.1, 0.1, -0.00411337617, 0.336054831, -0.0199687486, 0.944315286, 0.329042005, -5.08572708e-006, 0.329042005, -0.944315285, 2.58636551e-005, 3.7076991e-006, -2.60968627e-005, -1, 0.944315284, 0.32904201, -5.93480924e-007, 0.32904201, -0.944315284, 1.23096621e-005, 3.48996285e-006, -1.18194822e-005, -1, 0, 0, 0, 0, 0, 0, 0, 0.281395361, -0.100026025, -0.159485376, -0.490740266, 0.788207232, -0.370999526, -0.816040039, -0.266479492, 0.512817383, 0.305381965, 0.55442151, 0.77423426, 0, -0, 0, 0, 0, 0, 0, 0.305305664, -0.0555053711, -0.135589941, -0.426352522, 0.3742211, -0.823455222, -0.346557617, -0.908447266, -0.233520508, -0.835519993, 0.185887018, 0.517100016, 0, 3, 5, 1, 
824.27437, 71, 0.1, 0.1, -0.0041133758, 0.336054831, -0.0199688069, 0.944315283, 0.329042012, 6.56956361e-006, 0.329042012, -0.944315283, -3.07220345e-005, -3.90510074e-006, 3.11729491e-005, -1, 0.944315274, 0.329042038, 1.05444606e-005, 0.329042038, -0.944315274, -1.46107407e-005, 5.14974735e-006, 1.72667164e-005, -1, 0, 0, 0, 0, 0, 0, 0, 0.281395361, -0.100026025, -0.159485376, -0.490740266, 0.788207232, -0.370999526, -0.816040039, -0.266479492, 0.512817383, 0.305381965, 0.55442151, 0.77423426, 0, -0, 0, 0, 0, 0, 0, 0.305305664, -0.0555053711, -0.135589941, -0.426352522, 0.3742211, -0.823455222, -0.346557617, -0.908447266, -0.233520508, -0.835519993, 0.185887018, 0.517100016, 0, 3, 5, 1, 
824.275061, 71, 0.1, 0.1, -0.0041133746, 0.33605483, -0.0199692177, 0.944315296, 0.329041976, -1.26927985e-005, 0.329041977, -0.944315295, 2.54870392e-005, -3.59969797e-006, -2.82442645e-005, -1, 0.944315295, 0.329041979, -7.89351882e-006, 0.329041979, -0.944315295, 1.1826226e-005, -3.56264573e-006, -1.37649852e-005, -1, 0, 0, 0, 0, 0, 0, 0, 0.281395361, -0.100026025, -0.159485376, -0.490740266, 0.788207232, -0.370999526, -0.816040039, -0.266479492, 0.512817383, 0.305381965, 0.55442151, 0.77423426, 0, -0, 0, 0, 0, 0, 0, 0.305305664, -0.0555053711, -0.135589941, -0.426352522, 0.3742211, -0.823455222, -0.346557617, -0.908447266, -0.233520508, -0.835519993, 0.185887018, 0.517100016, 0, 3, 5, 1, 
824.275747, 71, 0.1, 0.1, -0.00411337407, 0.336054831, -0.0199698575, 0.944315309, 0.329041938, 1.31463928e-005, 0.329041938, -0.944315309, -2.34350787e-005, 4.70321627e-006, 2.64558181e-005, -1, 0.944315316, 0.329041918, 8.82659445e-008, 0.329041918, -0.944315316, -1.34919276e-005, -4.35605885e-006, 1.27696771e-005, -1, 0, 0, 0, 0, 0, 0, 0, 0.281395361, -0.100026025, -0.159485376, -0.490740266, 0.788207232, -0.370999526, -0.816040039, -0.266479492, 0.512817383, 0.305381965, 0.55442151, 0.77423426, 0, -0, 0, 0, 0, 0, 0, 0.305305664, -0.0555053711, -0.135589941, -0.426352522, 0.3742211, -0.823455222, -0.346557617, -0.908447266, -0.233520508, -0.835519993, 0.185887018, 0.517100016, 0, 3, 5, 1, 
824.276433, 71, 0.1, 0.1, -0.00411337296, 0.33605483, -0.0199705132, 0.944315306, 0.329041948, -4.92491943e-006, 0.329041948, -0.944315305, 2.90430509e-005, 4.90570524e-006, -2.90463025e-005, -1, 0.944315305, 0.32904195, -5.77086359e-007, 0.32904195, -0.944315305, 1.61278929e-005, 4.76180185e-006, -1.54197017e-005, -1, 0, 0, 0, 0, 0, 0, 0, 0.281395361, -0.100026025, -0.159485376, -0.490740266, 0.788207232, -0.370999526, -0.816040039, -0.266479492, 0.512817383, 0.305381965, 0.55442151, 0.77423426, 0, -0, 0, 0, 0, 0, 0, 0.305305664, -0.0555053711, -0.135589941, -0.426352522, 0.3742211, -0.823455222, -0.346557617, -0.908447266, -0.233520508, -0.835519993, 0.185887018, 0.517100016, 0, 3, 5, 1, 
824.277122, 71, 0.1, 0.1, -0.00411337267, 0.336054831, -0.019971, 0.9443153, 0.329041965, 5.58730415e-006, 0.329041965, -0.944315299, -2.44166835e-005, -2.75793671e-006, 2.48955053e-005, -1, 0.944315292, 0.329041988, 9.35114259e-006, 0.329041988, -0.944315292, -9.03038898e-006, 5.8590498e-006, 1.1604453e-005, -1, 0, 0, 0, 0, 0, 0, 0, 0.281395361, -0.100026025, -0.159485376, -0.490740266, 0.788207232, -0.370999526, -0.816040039, -0.266479492, 0.512817383, 0.305381965, 0.55442151, 0.77423426, 0, -0, 0, 0, 0, 0, 0, 0.305305664, -0.0555053711, -0.135589941, -0.426352522, 0.3742211, -0.823455222, -0.346557617, -0.908447266, -0.233520508, -0.835519993, 0.185887018, 0.517100016, 0, 3, 5, 1, 
824.277839, 71, 0.1, 0.1, -0.00411337156, 0.336054831, -0.0199709255, 0.944315308, 0.329041941, -1.28436631e-005, 0.329041941, -0.944315308, 2.76952092e-005, -3.01558231e-006, -3.03791139e-005, -1, 0.944315308, 0.329041941, -8.31293538e-006, 0.329041941, -0.944315308, 1.57136244e-005, -2.67959066e-006, -1.75739205e-005, -1, 0, 0, 0, 0, 0, 0, 0, 0.283151245, -0.100985278, -0.159070483, -0.495558093, 0.786994445, -0.367362285, -0.813964844, -0.273193359, 0.512573242, 0.303055236, 0.553006901, 0.776130016, 0, -0, 0, 0, 0, 0, 0, 0.306630566, -0.0567794434, -0.135356689, -0.429528286, 0.370648315, -0.82334658, -0.338989258, -0.911254883, -0.233398437, -0.836835721, 0.17900614, 0.517234177, 0, 3, 5, 1, 
824.278525, 71, 0.1, 0.1, -0.00411337115, 0.336054832, -0.0199704958, 0.944315315, 0.329041922, 1.23441267e-005, 0.329041922, -0.944315314, -2.45665625e-005, 3.57331892e-006, 2.72603163e-005, -1, 0.944315323, 0.329041899, -3.73551011e-007, 0.329041899, -0.944315323, -1.42098333e-005, -5.02838049e-006, 1.32956494e-005, -1, 0, 0, 0, 0, 0, 0, 0, 0.283151245, -0.100985278, -0.159070483, -0.495558093, 0.786994445, -0.367362285, -0.813964844, -0.273193359, 0.512573242, 0.303055236, 0.553006901, 0.776130016, 0, -0, 0, 0, 0, 0, 0, 0.306630566, -0.0567794434, -0.135356689, -0.429528286, 0.370648315, -0.82334658, -0.338989258, -0.911254883, -0.233398437, -0.836835721, 0.17900614, 0.517234177, 0, 3, 5, 1, 
824.279213, 71, 0.1, 0.1, -0.00411337026, 0.336054831, -0.0199699521, 0.944315307, 0.329041944, -6.04399275e-006, 0.329041944, -0.944315307, 2.60103664e-005, 2.85106665e-006, -2.65507143e-005, -1, 0.944315307, 0.329041944, -1.60027716e-006, 0.329041944, -0.944315307, 1.3504368e-005, 2.93233728e-006, -1.32789397e-005, -1, 0, 0, 0, 0, 0, 0, 0, 0.283151245, -0.100985278, -0.159070483, -0.495558093, 0.786994445, -0.367362285, -0.813964844, -0.273193359, 0.512573242, 0.303055236, 0.553006901, 0.776130016, 0, -0, 0, 0, 0, 0, 0, 0.306630566, -0.0567794434, -0.135356689, -0.429528286, 0.370648315, -0.82334658, -0.338989258, -0.911254883, -0.233398437, -0.836835721, 0.17900614, 0.517234177, 0, 3, 5, 1, 
824.279898, 71, 0.1, 0.1, -0.00411337015, 0.336054831, -0.0199695208, 0.944315298, 0.32904197, 4.88156519e-006, 0.32904197, -0.944315297, -3.14814191e-005, -5.74897147e-006, 3.13346255e-005, -0.999999999, 0.94431529, 0.329041992, 8.95926906e-006, 0.329041992, -0.94431529, -1.51962449e-005, 3.46017206e-006, 1.72980222e-005, -1, 0, 0, 0, 0, 0, 0, 0, 0.283151245, -0.100985278, -0.159070483, -0.495558093, 0.786994445, -0.367362285, -0.813964844, -0.273193359, 0.512573242, 0.303055236, 0.553006901, 0.776130016, 0, -0, 0, 0, 0, 0, 0, 0.306630566, -0.0567794434, -0.135356689, -0.429528286, 0.370648315, -0.82334658, -0.338989258, -0.911254883, -0.233398437, -0.836835721, 0.17900614, 0.517234177, 0, 3, 5, 1, 
824.280586, 71, 0.1, 0.1, -0.00411336942, 0.336054829, -0.0199692746, 0.944315305, 0.32904195, -1.46802297e-005, 0.32904195, -0.944315305, 2.30655932e-005, -6.2732178e-006, -2.6611604e-005, -1, 0.944315305, 0.32904195, -9.91281578e-006, 0.32904195, -0.944315305, 9.66929611e-006, -6.17921961e-006, -1.23925965e-005, -1, 0, 0, 0, 0, 0, 0, 0, 0.283151245, -0.100985278, -0.159070483, -0.495558093, 0.786994445, -0.367362285, -0.813964844, -0.273193359, 0.512573242, 0.303055236, 0.553006901, 0.776130016, 0, -0, 0, 0, 0, 0, 0, 0.306630566, -0.0567794434, -0.135356689, -0.429528286, 0.370648315, -0.82334658, -0.338989258, -0.911254883, -0.233398437, -0.836835721, 0.17900614, 0.517234177, 0, 3, 5, 1, 
824.281301, 71, 0.1, 0.1, -0.00411336907, 0.33605483, -0.0199689574, 0.944315317, 0.329041914, 1.29129112e-005, 0.329041914, -0.944315317, -2.73988372e-005, 3.17849405e-006, 3.01220307e-005, -1, 0.944315325, 0.329041893, -5.13781767e-007, 0.329041893, -0.944315325, -1.72463172e-005, -6.15993285e-006, 1.61169059e-005, -1, 0, 0, 0, 0, 0, 0, 0, 0.283151245, -0.100985278, -0.159070483, -0.495558093, 0.786994445, -0.367362285, -0.813964844, -0.273193359, 0.512573242, 0.303055236, 0.553006901, 0.776130016, 0, -0, 0, 0, 0, 0, 0, 0.306630566, -0.0567794434, -0.135356689, -0.429528286, 0.370648315, -0.82334658, -0.338989258, -0.911254883, -0.233398437, -0.836835721, 0.17900614, 0.517234177, 0, 3, 5, 1, 
824.281993, 71, 0.1, 0.1, -0.00411336823, 0.336054829, -0.0199689267, 0.944315312, 0.32904193, -6.62502916e-006, 0.32904193, -0.944315312, 2.94836813e-005, 3.44525093e-006, -3.00218041e-005, -1, 0.944315311, 0.329041931, -1.91731684e-006, 0.329041931, -0.944315311, 1.55466936e-005, 3.30496244e-006, -1.53118585e-005, -1, 0, 0, 0, 0, 0, 0, 0, 0.283151245, -0.100985278, -0.159070483, -0.495558093, 0.786994445, -0.367362285, -0.813964844, -0.273193359, 0.512573242, 0.303055236, 0.553006901, 0.776130016, 0, -0, 0, 0, 0, 0, 0, 0.306630566, -0.0567794434, -0.135356689, -0.429528286, 0.370648315, -0.82334658, -0.338989258, -0.911254883, -0.233398437, -0.836835721, 0.17900614, 0.517234177, 0, 3, 5, 1, 
824.282713, 71, 0.1, 0.1, -0.00411336852, 0.33605483, -0.0199688514, 0.9443153, 0.329041963, 3.98149682e-006, 0.329041963, -0.9443153, -2.73588828e-005, -5.24243213e-006, 2.71454911e-005, -1, 0.944315293, 0.329041985, 8.06757331e-006, 0.329041985, -0.944315293, -1.08958409e-005, 4.03314373e-006, 1.29436795e-005, -1, 0, 0, 0, 0, 0, 0, 0, 0.28436521, -0.102338159, -0.15846543, -0.498051817, 0.786803485, -0.364296803, -0.812133789, -0.276245117, 0.513793945, 0.303697387, 0.551801227, 0.776756819, 0, -0, 0, 0, 0, 0, 0, 0.307550488, -0.0584396973, -0.134918506, -0.432097043, 0.36754218, -0.823467982, -0.332885742, -0.913574219, -0.233032227, -0.83808765, 0.173524478, 0.517221418, 0, 3, 5, 1, 
824.283403, 71, 0.1, 0.1, -0.00411336788, 0.336054829, -0.0199690505, 0.944315306, 0.329041947, -1.50407922e-005, 0.329041947, -0.944315305, 2.79800613e-005, -4.99663644e-006, -3.13710517e-005, -0.999999999, 0.944315306, 0.329041946, -1.03369594e-005, 0.329041946, -0.944315306, 1.45804795e-005, -4.96375969e-006, -1.71698632e-005, -1, 0, 0, 0, 0, 0, 0, 0, 0.28436521, -0.102338159, -0.15846543, -0.498051817, 0.786803485, -0.364296803, -0.812133789, -0.276245117, 0.513793945, 0.303697387, 0.551801227, 0.776756819, 0, -0, 0, 0, 0, 0, 0, 0.307550488, -0.0584396973, -0.134918506, -0.432097043, 0.36754218, -0.823467982, -0.332885742, -0.913574219, -0.233032227, -0.83808765, 0.173524478, 0.517221418, 0, 3, 5, 1, 
