time, trialNum, realDorsalTactorPos, realVentralTactorPos, boxPosX, boxPosY, boxPosZ, boxLocalRot_11, boxLocalRot_12, boxLocalRot_13, boxLocalRot_21, boxLocalRot_22, boxLocalRot_23, boxLocalRot_31, boxLocalRot_32, boxLocalRot_33, boxGlobalRot_11, boxGlobalRot_12, boxGlobalRot_13, boxGlobalRot_21, boxGlobalRot_22, boxGlobalRot_23, boxGlobalRot_31, boxGlobalRot_32, boxGlobalRot_33, indexForceX, indexForceY, indexForceZ, indexForceGlobalX, indexForceGlobalY, indexForceGlobalZ, indexContact, indexPosX, indexPosY, indexPosZ, indexRot_11, indexRot_12, indexRot_13, indexRot_21, indexRot_22, indexRot_23, indexRot_31, indexRot_32, indexRot_33, thumbForceX, thumbForceY, thumbForceZ, thumbForceGlobalX, thumbForceGlobalY, thumbForceGlobalZ, thumbContact, thumbPosX, thumbPosY, thumbPosZ, thumbRot_11, thumbRot_12, thumbRot_13, thumbRot_21, thumbRot_22, thumbRot_23, thumbRot_31, thumbRot_32, thumbRot_33, manipForceTooHigh, cceExpType, mapping, trialSuccess, 
604.963679, 39, 0.1, 0.1, 0.0172137973, 0.370409322, -0.0199755715, 0.957320719, -0.289027749, 2.48924608e-005, -0.289027749, -0.95732072, 1.24103801e-005, 2.02431243e-005, -1.9075326e-005, -1, 0.957320707, -0.289027791, 1.37587345e-005, -0.289027791, -0.957320707, 1.67501636e-005, 8.33025865e-006, -2.00119351e-005, -1, 0, 0, 0, 0, 0, 0, 0, 0.297240894, -0.154706812, -0.204413281, 0.208992987, 0.308596954, -0.927934956, -0.953491211, 0.274780273, -0.123413086, 0.216925246, 0.91056723, 0.351885886, 0, 0, -0, 0, 0, 0, 0, 0.346937061, -0.110020654, -0.168822754, 0.342853365, -0.0755423608, -0.93630544, 0.319580078, -0.927856445, 0.191894531, -0.883184814, -0.364998365, -0.294061547, 0, 3, 1, 1, 
604.964456, 39, 0.1, 0.1, 0.0172137907, 0.3704093, -0.0199520549, 0.957320594, -0.289028164, 3.23847146e-005, -0.289028165, -0.957320594, 2.19164282e-005, 2.46680892e-005, -3.03411426e-005, -0.999999999, 0.95732062, -0.28902808, -7.10345655e-006, -0.28902808, -0.957320619, -1.38746523e-005, -2.79012131e-006, 1.53355891e-005, -1, 0, 0, 0, 0, 0, 0, 0, 0.298895361, -0.157133545, -0.204654712, 0.206819408, 0.309042153, -0.928227387, -0.955444336, 0.267700195, -0.123657227, 0.210224767, 0.91259778, 0.350819875, 0, 0, -0, 0, 0, 0, 0, 0.348668457, -0.11259292, -0.168074658, 0.344527834, -0.0783229374, -0.935423546, 0.325561523, -0.924682617, 0.197387695, -0.880431223, -0.372409693, -0.293109657, 0, 3, 1, 1, 
604.965189, 39, 0.1, 0.1, 0.0172137939, 0.370409308, -0.019948386, 0.95732055, -0.289028307, -4.10423692e-005, -0.289028308, -0.957320551, 2.9783206e-006, -4.01515225e-005, 9.011199e-006, -0.999999999, 0.957320537, -0.289028353, -7.75725955e-006, -0.289028352, -0.957320537, 4.34344129e-005, -1.99799607e-005, -3.93385876e-005, -0.999999999, 0, 0, 0, 0, 0, 0, 0, 0.298895361, -0.157133545, -0.204654712, 0.206819408, 0.309042153, -0.928227387, -0.955444336, 0.267700195, -0.123657227, 0.210224767, 0.91259778, 0.350819875, 0, 0, -0, 0, 0, 0, 0, 0.348668457, -0.11259292, -0.168074658, 0.344527834, -0.0783229374, -0.935423546, 0.325561523, -0.924682617, 0.197387695, -0.880431223, -0.372409693, -0.293109657, 0, 3, 1, 1, 
604.96597, 39, 0.1, 0.1, 0.0172137947, 0.370409305, -0.0199503861, 0.957320733, -0.289027703, 3.99136317e-005, -0.289027703, -0.957320734, 5.79425932e-006, 3.65354457e-005, -1.70831099e-005, -0.999999999, 0.957320687, -0.289027855, 3.83046781e-005, -0.289027855, -0.957320688, -4.99089481e-006, 3.81123684e-005, -6.29323211e-006, -0.999999999, 0, 0, 0, 0, 0, 0, 0, 0.299542993, -0.15820166, -0.204641895, 0.206538959, 0.309962509, -0.92801134, -0.956054688, 0.265380859, -0.124267578, 0.207673755, 0.912946378, 0.351403616, 0, 0, -0, 0, 0, 0, 0, 0.349370166, -0.113578418, -0.168057812, 0.344655799, -0.0787323515, -0.935365944, 0.32824707, -0.923339844, 0.198730469, -0.879313089, -0.375521292, -0.292489889, 0, 3, 1, 1, 
604.966675, 39, 0.1, 0.1, 0.0172137923, 0.370409307, -0.0199572372, 0.957320966, -0.289026934, -1.06502755e-005, -0.289026934, -0.957320965, 2.42087323e-005, -1.71927077e-005, -2.00973105e-005, -1, 0.957320927, -0.289027062, -2.92150712e-005, -0.289027062, -0.957320927, 7.08835439e-006, -3.00169253e-005, 1.65811621e-006, -1, 0, 0, 0, 0, 0, 0, 0, 0.299542993, -0.15820166, -0.204641895, 0.206538959, 0.309962509, -0.92801134, -0.956054688, 0.265380859, -0.124267578, 0.207673755, 0.912946378, 0.351403616, 0, 0, -0, 0, 0, 0, 0, 0.349370166, -0.113578418, -0.168057812, 0.344655799, -0.0787323515, -0.935365944, 0.32824707, -0.923339844, 0.198730469, -0.879313089, -0.375521292, -0.292489889, 0, 3, 1, 1, 
604.967384, 39, 0.1, 0.1, 0.0172137942, 0.370409307, -0.0199670857, 0.957321052, -0.289026648, -2.14268251e-005, -0.289026648, -0.957321051, -3.04178735e-005, -1.17207747e-005, 3.53125941e-005, -0.999999999, 0.95732105, -0.289026657, 2.1021001e-006, -0.289026656, -0.957321049, -2.25159061e-005, 8.52008174e-006, 2.09473879e-005, -1, 0, 0, 0, 0, 0, 0, 0, 0.299542993, -0.15820166, -0.204641895, 0.206538959, 0.309962509, -0.92801134, -0.956054688, 0.265380859, -0.124267578, 0.207673755, 0.912946378, 0.351403616, 0, 0, -0, 0, 0, 0, 0, 0.349370166, -0.113578418, -0.168057812, 0.344655799, -0.0787323515, -0.935365944, 0.32824707, -0.923339844, 0.198730469, -0.879313089, -0.375521292, -0.292489889, 0, 3, 1, 1, 
604.968132, 39, 0.1, 0.1, 0.0172137922, 0.370409305, -0.0199767463, 0.95732102, -0.289026752, 2.78459508e-005, -0.289026753, -0.95732102, 1.35235156e-005, 2.27488563e-005, -2.09945705e-005, -1, 0.95732104, -0.289026687, 3.51252604e-007, -0.289026687, -0.95732104, 5.20318007e-006, -1.16759639e-006, -5.08263513e-006, -1, 0, 0, 0, 0, 0, 0, 0, 0.299542993, -0.15820166, -0.204641895, 0.206538959, 0.309962509, -0.92801134, -0.956054688, 0.265380859, -0.124267578, 0.207673755, 0.912946378, 0.351403616, 0, 0, -0, 0, 0, 0, 0, 0.349370166, -0.113578418, -0.168057812, 0.344655799, -0.0787323515, -0.935365944, 0.32824707, -0.923339844, 0.198730469, -0.879313089, -0.375521292, -0.292489889, 0, 3, 1, 1, 
604.96887, 39, 0.1, 0.1, 0.0172138011, 0.370409307, -0.0199825183, 0.957320913, -0.289027107, 1.97717755e-005, -0.289027107, -0.957320913, -6.63756246e-006, 2.08463697e-005, 6.39698266e-007, -1, 0.957320933, -0.289027041, 3.77283454e-005, -0.289027041, -0.957320933, 3.9589333e-006, 3.49738961e-005, -1.46944818e-005, -0.999999999, 0, 0, 0, 0, 0, 0, 0, 0.301154395, -0.158839648, -0.203946411, 0.207805669, 0.310515172, -0.927509974, -0.95690918, 0.260742187, -0.127075195, 0.202405858, 0.914094764, 0.351447799, 0, 0, -0, 0, 0, 0, 0, 0.35038667, -0.114356055, -0.167581543, 0.34593398, -0.0790269271, -0.934854818, 0.33203125, -0.921630859, 0.200805664, -0.877460349, -0.379725505, -0.292681653, 0, 3, 1, 1, 
604.969578, 39, 0.1, 0.1, 0.0172137943, 0.370409308, -0.0199835536, 0.957320716, -0.289027755, -5.09078533e-005, -0.289027755, -0.957320718, 1.83177753e-005, -5.40294882e-005, -2.82220319e-006, -0.999999999, 0.957320762, -0.289027605, -5.04983083e-005, -0.289027605, -0.957320763, 7.549688e-006, -5.05251472e-005, 7.36793205e-006, -0.999999999, 0, 0, 0, 0, 0, 0, 0, 0.301154395, -0.158839648, -0.203946411, 0.207805669, 0.310515172, -0.927509974, -0.95690918, 0.260742187, -0.127075195, 0.202405858, 0.914094764, 0.351447799, 0, 0, -0, 0, 0, 0, 0, 0.35038667, -0.114356055, -0.167581543, 0.34593398, -0.0790269271, -0.934854818, 0.33203125, -0.921630859, 0.200805664, -0.877460349, -0.379725505, -0.292681653, 0, 3, 1, 1, 
604.970281, 39, 0.1, 0.1, 0.0172137903, 0.37040931, -0.019980365, 0.957320476, -0.289028554, 1.47154084e-005, -0.289028554, -0.957320476, -1.85662441e-005, 1.94535364e-005, 1.35206725e-005, -1, 0.957320518, -0.289028417, -8.58925866e-006, -0.289028417, -0.957320518, -7.19004645e-006, -6.14454581e-006, 9.36571882e-006, -1, 0, 0, 0, 0, 0, 0, 0, 0.301154395, -0.158839648, -0.203946411, 0.207805669, 0.310515172, -0.927509974, -0.95690918, 0.260742187, -0.127075195, 0.202405858, 0.914094764, 0.351447799, 0, 0, -0, 0, 0, 0, 0, 0.35038667, -0.114356055, -0.167581543, 0.34593398, -0.0790269271, -0.934854818, 0.33203125, -0.921630859, 0.200805664, -0.877460349, -0.379725505, -0.292681653, 0, 3, 1, 1, 
604.971038, 39, 0.1, 0.1, 0.0172137996, 0.370409309, -0.0199731778, 0.957320353, -0.289028962, 2.97298653e-005, -0.289028963, -0.957320353, 1.42817609e-005, 2.43331626e-005, -2.22650125e-005, -0.999999999, 0.957320364, -0.289028923, 4.68700116e-005, -0.289028924, -0.957320365, 1.0651404e-005, 4.17910528e-005, -2.3743595e-005, -0.999999999, 0, 0, 0, 0, 0, 0, 0, 0.301154395, -0.158839648, -0.203946411, 0.207805669, 0.310515172, -0.927509974, -0.95690918, 0.260742187, -0.127075195, 0.202405858, 0.914094764, 0.351447799, 0, 0, -0, 0, 0, 0, 0, 0.35038667, -0.114356055, -0.167581543, 0.34593398, -0.0790269271, -0.934854818, 0.33203125, -0.921630859, 0.200805664, -0.877460349, -0.379725505, -0.292681653, 0, 3, 1, 1, 
604.971745, 39, 0.1, 0.1, 0.0172137967, 0.370409309, -0.0199657089, 0.957320368, -0.289028914, -2.9296089e-006, -0.289028914, -0.957320368, -2.82549819e-006, -1.9879236e-006, 3.55164865e-006, -1, 0.957320361, -0.289028937, -2.23961378e-005, -0.289028938, -0.957320361, -9.55076388e-006, -1.86798316e-005, 1.56162726e-005, -1, 0, 0, 0, 0, 0, 0, 0, 0.301154395, -0.158839648, -0.203946411, 0.207805669, 0.310515172, -0.927509974, -0.95690918, 0.260742187, -0.127075195, 0.202405858, 0.914094764, 0.351447799, 0, 0, -0, 0, 0, 0, 0, 0.35038667, -0.114356055, -0.167581543, 0.34593398, -0.0790269271, -0.934854818, 0.33203125, -0.921630859, 0.200805664, -0.877460349, -0.379725505, -0.292681653, 0, 3, 1, 1, 
604.972446, 39, 0.1, 0.1, 0.0172138031, 0.370409311, -0.0199600414, 0.957320401, -0.289028806, 1.82011649e-006, -0.289028806, -0.957320401, -1.0044632e-005, 4.64562263e-006, 9.089865e-006, -1, 0.957320395, -0.289028823, 3.22734839e-005, -0.289028824, -0.957320395, 6.68888563e-006, 2.89627836e-005, -1.57313737e-005, -0.999999999, 0, 0, 0, 0, 0, 0, 0, 0.301154395, -0.158839648, -0.203946411, 0.207805669, 0.310515172, -0.927509974, -0.95690918, 0.260742187, -0.127075195, 0.202405858, 0.914094764, 0.351447799, 0, 0, -0, 0, 0, 0, 0, 0.35038667, -0.114356055, -0.167581543, 0.34593398, -0.0790269271, -0.934854818, 0.33203125, -0.921630859, 0.200805664, -0.877460349, -0.379725505, -0.292681653, 0, 3, 1, 1, 
604.973235, 39, 0.1, 0.1, 0.0172137942, 0.370409316, -0.0199567016, 0.957320274, -0.289029226, -9.54280932e-006, -0.289029225, -0.957320273, 5.03027678e-005, -2.36744949e-005, -4.53977086e-005, -0.999999999, 0.957320317, -0.289029081, -3.88850813e-005, -0.28902908, -0.957320317, 4.4554354e-005, -5.01029824e-005, -3.1413869e-005, -0.999999998, 0, 0, 0, 0, 0, 0, 0, 0.30239585, -0.159734082, -0.202804443, 0.210532293, 0.310426805, -0.927008609, -0.957275391, 0.257324219, -0.131225586, 0.197771878, 0.915097496, 0.351491983, 0, 0, -0, 0, 0, 0, 0, 0.35038667, -0.114356055, -0.167581543, 0.348023694, -0.0786889751, -0.934120211, 0.33581543, -0.919799805, 0.202636719, -0.875154085, -0.384108722, -0.29383187, 0, 3, 1, 1, 
604.973921, 39, 0.1, 0.1, 0.0172137988, 0.370409316, -0.0199571459, 0.957319971, -0.289030227, -5.44645622e-007, -0.289030227, -0.957319971, -1.99625654e-005, 5.24838468e-006, 1.92679816e-005, -1, 0.957320044, -0.289029986, 2.10006764e-005, -0.289029985, -0.957320044, -2.50607798e-005, 2.73476853e-005, 1.79213616e-005, -0.999999999, 0, 0, 0, 0, 0, 0, 0, 0.30239585, -0.159734082, -0.202804443, 0.210532293, 0.310426805, -0.927008609, -0.957275391, 0.257324219, -0.131225586, 0.197771878, 0.915097496, 0.351491983, 0, 0, -0, 0, 0, 0, 0, 0.351466406, -0.114649121, -0.166887402, 0.348023694, -0.0786889751, -0.934120211, 0.33581543, -0.919799805, 0.202636719, -0.875154085, -0.384108722, -0.29383187, 0, 3, 1, 1, 
604.97462, 39, 0.1, 0.1, 0.0172137921, 0.370409322, -0.0199612202, 0.95731954, -0.289031656, -2.02868644e-005, -0.289031656, -0.95731954, 2.10489803e-005, -2.55048333e-005, -1.42870542e-005, -1, 0.957319625, -0.289031374, -3.61074586e-005, -0.289031373, -0.957319625, 3.94693038e-005, -4.59742458e-005, -2.73485507e-005, -0.999999999, 0, 0, 0, 0, 0, 0, 0, 0.30239585, -0.159734082, -0.202804443, 0.210532293, 0.310426805, -0.927008609, -0.957275391, 0.257324219, -0.131225586, 0.197771878, 0.915097496, 0.351491983, 0, 0, -0, 0, 0, 0, 0, 0.351466406, -0.114649121, -0.166887402, 0.348023694, -0.0786889751, -0.934120211, 0.33581543, -0.919799805, 0.202636719, -0.875154085, -0.384108722, -0.29383187, 0, 3, 1, 1, 
604.975362, 39, 0.1, 0.1, 0.0172137961, 0.370409318, -0.0199677322, 0.957319119, -0.289033052, 1.59539911e-005, -0.289033052, -0.957319119, 4.08327756e-006, 1.40928585e-005, -8.5202304e-006, -1, 0.957319203, -0.289032771, 2.55198111e-005, -0.289032771, -0.957319203, -2.16025069e-005, 3.06744376e-005, 1.33044329e-005, -0.999999999, 0, 0, 0, 0, 0, 0, 0, 0.30239585, -0.159734082, -0.202804443, 0.210532293, 0.310426805, -0.927008609, -0.957275391, 0.257324219, -0.131225586, 0.197771878, 0.915097496, 0.351491983, 0, 0, -0, 0, 0, 0, 0, 0.351466406, -0.114649121, -0.166887402, 0.348023694, -0.0786889751, -0.934120211, 0.33581543, -0.919799805, 0.202636719, -0.875154085, -0.384108722, -0.29383187, 0, 3, 1, 1, 
604.976079, 39, 0.1, 0.1, 0.0172137927, 0.37040932, -0.0199735119, 0.957318868, -0.289033882, -1.35454861e-005, -0.289033882, -0.957318868, -1.78840715e-005, -7.79824681e-006, 2.10358636e-005, -1, 0.957318904, -0.289033762, -2.44457847e-005, -0.289033762, -0.957318904, -5.1337806e-006, -2.19185759e-005, 1.19803223e-005, -1, 0, 0, 0, 0, 0, 0, 0, 0.30239585, -0.159734082, -0.202804443, 0.210532293, 0.310426805, -0.927008609, -0.957275391, 0.257324219, -0.131225586, 0.197771878, 0.915097496, 0.351491983, 0, 0, -0, 0, 0, 0, 0, 0.351466406, -0.114649121, -0.166887402, 0.348023694, -0.0786889751, -0.934120211, 0.33581543, -0.919799805, 0.202636719, -0.875154085, -0.384108722, -0.29383187, 0, 3, 1, 1, 
604.97677, 39, 0.1, 0.1, 0.0172137977, 0.37040932, -0.0199776216, 0.957318782, -0.289034167, 2.7058304e-005, -0.289034168, -0.957318781, 2.58469798e-005, 1.84327623e-005, -3.25645736e-005, -0.999999999, 0.957318786, -0.289034152, 3.3566486e-005, -0.289034152, -0.957318786, 1.07292703e-005, 2.90327021e-005, -1.99731929e-005, -0.999999999, 0, 0, 0, 0, 0, 0, 0, 0.30239585, -0.159734082, -0.202804443, 0.210532293, 0.310426805, -0.927008609, -0.957275391, 0.257324219, -0.131225586, 0.197771878, 0.915097496, 0.351491983, 0, 0, -0, 0, 0, 0, 0, 0.351466406, -0.114649121, -0.166887402, 0.348023694, -0.0786889751, -0.934120211, 0.33581543, -0.919799805, 0.202636719, -0.875154085, -0.384108722, -0.29383187, 0, 3, 1, 1, 
604.977472, 39, 0.1, 0.1, 0.0172137934, 0.370409325, -0.0199791169, 0.957318851, -0.289033936, -4.48173623e-005, -0.289033936, -0.957318852, 7.90384227e-007, -4.31329537e-005, 1.21970889e-005, -0.999999999, 0.957318825, -0.289034021, -3.93463188e-005, -0.28903402, -0.957318826, 2.0984449e-005, -4.37321914e-005, -8.7163834e-006, -0.999999999, 0, 0, 0, 0, 0, 0, 0, 0.30239585, -0.159734082, -0.202804443, 0.210532293, 0.310426805, -0.927008609, -0.957275391, 0.257324219, -0.131225586, 0.197771878, 0.915097496, 0.351491983, 0, 0, -0, 0, 0, 0, 0, 0.351466406, -0.114649121, -0.166887402, 0.348023694, -0.0786889751, -0.934120211, 0.33581543, -0.919799805, 0.202636719, -0.875154085, -0.384108722, -0.29383187, 0, 3, 1, 1, 
604.978303, 39, 0.1, 0.1, 0.0172137925, 0.370409319, -0.0199762709, 0.957319116, -0.289033059, 2.64071414e-005, -0.289033059, -0.957319117, -1.34858643e-005, 2.91779219e-005, 5.27773882e-006, -1, 0.957319058, -0.289033254, 1.76160707e-005, -0.289033253, -0.957319057, -2.78910505e-005, 2.49256413e-005, 2.16090039e-005, -0.999999999, 0, 0, 0, 0, 0, 0, 0, 0.303462378, -0.160102686, -0.203230664, 0.209825741, 0.311905814, -0.926652898, -0.958374023, 0.253051758, -0.131958008, 0.193310883, 0.915851979, 0.352177195, 0, 0, -0, 0, 0, 0, 0, 0.35218667, -0.114922412, -0.16709209, 0.348196501, -0.0779485388, -0.934075369, 0.340454102, -0.91784668, 0.203491211, -0.873294782, -0.388817865, -0.293090701, 0, 3, 1, 1, 
604.979037, 39, 0.1, 0.1, 0.0172137932, 0.370409325, -0.019970803, 0.957319485, -0.289031838, -1.95304307e-005, -0.289031837, -0.957319485, 2.12564342e-005, -2.48406481e-005, -1.47042824e-005, -1, 0.957319408, -0.289032094, -1.40286302e-005, -0.289032093, -0.957319407, 3.53725869e-005, -2.36536928e-005, -2.98081396e-005, -0.999999999, 0, 0, 0, 0, 0, 0, 0, 0.303462378, -0.160102686, -0.203230664, 0.209825741, 0.311905814, -0.926652898, -0.958374023, 0.253051758, -0.131958008, 0.193310883, 0.915851979, 0.352177195, 0, 0, -0, 0, 0, 0, 0, 0.35218667, -0.114922412, -0.16709209, 0.348196501, -0.0779485388, -0.934075369, 0.340454102, -0.91784668, 0.203491211, -0.873294782, -0.388817865, -0.293090701, 0, 3, 1, 1, 
604.979738, 39, 0.1, 0.1, 0.0172137925, 0.370409322, -0.0199653267, 0.957319912, -0.289030424, -4.23599284e-006, -0.289030424, -0.957319912, 3.46516124e-006, -5.05673731e-006, -2.09293705e-006, -1, 0.957319827, -0.289030705, 2.8535371e-006, -0.289030705, -0.957319827, -1.91155685e-005, 8.25673388e-006, 1.74749529e-005, -1, 0, 0, 0, 0, 0, 0, 0, 0.303462378, -0.160102686, -0.203230664, 0.209825741, 0.311905814, -0.926652898, -0.958374023, 0.253051758, -0.131958008, 0.193310883, 0.915851979, 0.352177195, 0, 0, -0, 0, 0, 0, 0, 0.35218667, -0.114922412, -0.16709209, 0.348196501, -0.0779485388, -0.934075369, 0.340454102, -0.91784668, 0.203491211, -0.873294782, -0.388817865, -0.293090701, 0, 3, 1, 1, 
604.980521, 39, 0.1, 0.1, 0.0172137928, 0.370409321, -0.0199603807, 0.957320331, -0.289029037, 3.25627014e-006, -0.289029037, -0.957320331, -8.43606268e-006, 5.55556068e-006, 7.13485769e-006, -1, 0.957320253, -0.289029293, 3.5763098e-006, -0.289029293, -0.957320253, -1.99273718e-005, 9.18326798e-006, 1.80432183e-005, -1, 0, 0, 0, 0, 0, 0, 0, 0.303462378, -0.160102686, -0.203230664, 0.209825741, 0.311905814, -0.926652898, -0.958374023, 0.253051758, -0.131958008, 0.193310883, 0.915851979, 0.352177195, 0, 0, -0, 0, 0, 0, 0, 0.35218667, -0.114922412, -0.16709209, 0.348196501, -0.0779485388, -0.934075369, 0.340454102, -0.91784668, 0.203491211, -0.873294782, -0.388817865, -0.293090701, 0, 3, 1, 1, 
604.981238, 39, 0.1, 0.1, 0.017213794, 0.370409323, -0.0199582308, 0.957320661, -0.289027942, 1.76211266e-005, -0.289027941, -0.957320661, -3.45517516e-005, 2.68554902e-005, 2.79841077e-005, -0.999999999, 0.957320611, -0.289028108, 1.85393292e-005, -0.289028108, -0.957320611, -3.35633884e-006, 1.87181583e-005, -2.1452949e-006, -1, 0, 0, 0, 0, 0, 0, 0, 0.303462378, -0.160102686, -0.203230664, 0.209825741, 0.311905814, -0.926652898, -0.958374023, 0.253051758, -0.131958008, 0.193310883, 0.915851979, 0.352177195, 0, 0, -0, 0, 0, 0, 0, 0.352903516, -0.115236963, -0.167073535, 0.348394828, -0.0780003113, -0.934030526, 0.344360352, -0.916137695, 0.204956055, -0.871678281, -0.392996559, -0.292349531, 0, 3, 1, 1, 
604.981933, 39, 0.1, 0.1, 0.0172137901, 0.37040932, -0.0199596013, 0.9573208, -0.289027483, -2.98418458e-005, -0.289027481, -0.9573208, 4.02227805e-005, -4.01937087e-005, -2.98809909e-005, -0.999999999, 0.957320791, -0.289027509, -3.92676373e-005, -0.289027509, -0.957320792, 5.05206233e-006, -3.90519106e-005, 6.51298305e-006, -0.999999999, 0, 0, 0, 0, 0, 0, 0, 0.303462378, -0.160102686, -0.203230664, 0.209825741, 0.311905814, -0.926652898, -0.958374023, 0.253051758, -0.131958008, 0.193310883, 0.915851979, 0.352177195, 0, 0, -0, 0, 0, 0, 0, 0.352903516, -0.115236963, -0.167073535, 0.348394828, -0.0780003113, -0.934030526, 0.344360352, -0.916137695, 0.204956055, -0.871678281, -0.392996559, -0.292349531, 0, 3, 1, 1, 
604.9827, 39, 0.1, 0.1, 0.0172137977, 0.370409327, -0.0199639999, 0.957320678, -0.289027881, 5.77713736e-005, -0.289027881, -0.95732068, -1.4663613e-005, 5.95439236e-005, -2.65975778e-006, -0.999999998, 0.957320736, -0.289027688, 5.89370633e-005, -0.28902769, -0.957320737, 2.38613792e-005, 4.95250736e-005, -3.98774363e-005, -0.999999998, 0, 0, 0, 0, 0, 0, 0, 0.303462378, -0.160102686, -0.203230664, 0.209825741, 0.311905814, -0.926652898, -0.958374023, 0.253051758, -0.131958008, 0.193310883, 0.915851979, 0.352177195, 0, 0, -0, 0, 0, 0, 0, 0.352903516, -0.115236963, -0.167073535, 0.348394828, -0.0780003113, -0.934030526, 0.344360352, -0.916137695, 0.204956055, -0.871678281, -0.392996559, -0.292349531, 0, 3, 1, 1, 
604.983434, 39, 0.1, 0.1, 0.0172137954, 0.370409314, -0.0199685722, 0.957320307, -0.289029108, -6.45000307e-005, -0.289029111, -0.957320307, -5.02397758e-005, -4.72264316e-005, 6.67379442e-005, -0.999999997, 0.957320394, -0.289028825, -4.61879655e-005, -0.289028827, -0.957320392, -6.80963914e-005, -2.45348613e-005, 7.85397177e-005, -0.999999997, 0, 0, 0, 0, 0, 0, 0, 0.305013477, -0.160271118, -0.203209668, 0.20993096, 0.31292165, -0.926253003, -0.959472656, 0.247924805, -0.133666992, 0.187732581, 0.916803414, 0.352361042, 0, 0, -0, 0, 0, 0, 0, 0.352903516, -0.115236963, -0.167073535, 0.348394828, -0.0780003113, -0.934030526, 0.344360352, -0.916137695, 0.204956055, -0.871678281, -0.392996559, -0.292349531, 0, 3, 1, 1, 
604.984141, 39, 0.1, 0.1, 0.0172137883, 0.37040932, -0.0199729148, 0.957319754, -0.289030947, 1.14655195e-005, -0.289030947, -0.957319752, 6.74873821e-005, -8.52977361e-006, -6.7920894e-005, -0.999999998, 0.957319889, -0.289030501, -1.92181775e-005, -0.289030499, -0.957319888, 5.8268565e-005, -3.5239336e-005, -5.02270167e-005, -0.999999998, 0, 0, 0, 0, 0, 0, 0, 0.305013477, -0.160271118, -0.203209668, 0.20993096, 0.31292165, -0.926253003, -0.959472656, 0.247924805, -0.133666992, 0.187732581, 0.916803414, 0.352361042, 0, 0, -0, 0, 0, 0, 0, 0.352903516, -0.115236963, -0.167073535, 0.348394828, -0.0780003113, -0.934030526, 0.344360352, -0.916137695, 0.204956055, -0.871678281, -0.392996559, -0.292349531, 0, 3, 1, 1, 
604.984838, 39, 0.1, 0.1, 0.0172138012, 0.370409327, -0.0199758832, 0.957319042, -0.289033299, 6.25406771e-005, -0.2890333, -0.957319044, -3.13974297e-006, 6.07788715e-005, -1.50706026e-005, -0.999999998, 0.957319188, -0.289032812, 7.44478328e-005, -0.289032814, -0.95731919, 1.9844681e-005, 6.55345751e-005, -4.05155605e-005, -0.999999997, 0, 0, 0, 0, 0, 0, 0, 0.305013477, -0.160271118, -0.203209668, 0.20993096, 0.31292165, -0.926253003, -0.959472656, 0.247924805, -0.133666992, 0.187732581, 0.916803414, 0.352361042, 0, 0, -0, 0, 0, 0, 0, 0.352903516, -0.115236963, -0.167073535, 0.348394828, -0.0780003113, -0.934030526, 0.344360352, -0.916137695, 0.204956055, -0.871678281, -0.392996559, -0.292349531, 0, 3, 1, 1, 
604.985632, 39, 0.1, 0.1, 0.0172137971, 0.370409316, -0.0199759917, 0.957318107, -0.289036396, -5.97422149e-005, -0.289036399, -0.957318107, -5.01823203e-005, -4.26877871e-005, 6.53081185e-005, -0.999999997, 0.957318277, -0.289035836, -5.11865387e-005, -0.289035838, -0.957318276, -5.77028052e-005, -3.23236304e-005, 7.00346942e-005, -0.999999997, 0, 0, 0, 0, 0, 0, 0, 0.306496948, -0.15994021, -0.2034052, 0.208804296, 0.314959314, -0.925757629, -0.96105957, 0.240966797, -0.134765625, 0.180619103, 0.917963783, 0.353147726, 0, 0, -0, 0, 0, 0, 0, 0.3540854, -0.115052539, -0.167279932, 0.348637998, -0.0767935917, -0.933972923, 0.350097656, -0.913696289, 0.205810547, -0.869320612, -0.398638635, -0.291729763, 0, 3, 1, 1, 
604.986335, 39, 0.1, 0.1, 0.017213794, 0.370409317, -0.019973787, 0.957317238, -0.289039279, 4.09868887e-005, -0.289039281, -0.957317237, 4.98460612e-005, 2.48299854e-005, -5.95653145e-005, -0.999999998, 0.957317418, -0.289038684, 6.64438929e-006, -0.289038684, -0.957317417, 3.45045002e-005, -3.61234575e-006, -3.49522446e-005, -0.999999999, 0, 0, 0, 0, 0, 0, 0, 0.306496948, -0.15994021, -0.2034052, 0.208804296, 0.314959314, -0.925757629, -0.96105957, 0.240966797, -0.134765625, 0.180619103, 0.917963783, 0.353147726, 0, 0, -0, 0, 0, 0, 0, 0.3540854, -0.115052539, -0.167279932, 0.348637998, -0.0767935917, -0.933972923, 0.350097656, -0.913696289, 0.205810547, -0.869320612, -0.398638635, -0.291729763, 0, 3, 1, 1, 
604.987031, 39, 0.1, 0.1, 0.0172138067, 0.370409326, -0.0199705061, 0.957316372, -0.289042146, 3.93670307e-005, -0.289042147, -0.957316373, 1.70589729e-005, 3.27559409e-005, -2.77095651e-005, -0.999999999, 0.957316539, -0.28904159, 6.25622281e-005, -0.289041593, -0.957316539, 3.77349901e-005, 4.89848741e-005, -5.42074162e-005, -0.999999997, 0, 0, 0, 0, 0, 0, 0, 0.306496948, -0.15994021, -0.2034052, 0.208804296, 0.314959314, -0.925757629, -0.96105957, 0.240966797, -0.134765625, 0.180619103, 0.917963783, 0.353147726, 0, 0, -0, 0, 0, 0, 0, 0.3540854, -0.115052539, -0.167279932, 0.348637998, -0.0767935917, -0.933972923, 0.350097656, -0.913696289, 0.205810547, -0.869320612, -0.398638635, -0.291729763, 0, 3, 1, 1, 
604.987789, 39, 0.1, 0.1, 0.0172137953, 0.370409322, -0.0199664312, 0.957315415, -0.289045309, -7.58402276e-005, -0.289045311, -0.957315417, -2.02370477e-005, -6.67535954e-005, 4.12944999e-005, -0.999999997, 0.957315602, -0.289044688, -8.03754204e-005, -0.289044691, -0.957315604, -2.85382057e-005, -6.86958274e-005, 5.05521582e-005, -0.999999996, 0, 0, 0, 0, 0, 0, 0, 0.306496948, -0.15994021, -0.2034052, 0.208804296, 0.314959314, -0.925757629, -0.96105957, 0.240966797, -0.134765625, 0.180619103, 0.917963783, 0.353147726, 0, 0, -0, 0, 0, 0, 0, 0.3540854, -0.115052539, -0.167279932, 0.348637998, -0.0767935917, -0.933972923, 0.350097656, -0.913696289, 0.205810547, -0.869320612, -0.398638635, -0.291729763, 0, 3, 1, 1, 
604.988492, 39, 0.1, 0.1, 0.0172137963, 0.370409324, -0.0199634654, 0.957314532, -0.28904824, 4.64235398e-005, -0.289048241, -0.957314533, 7.33362285e-006, 4.23221585e-005, -2.04392262e-005, -0.999999999, 0.957314709, -0.289047653, 3.8953456e-005, -0.289047654, -0.95731471, 1.68441634e-005, 3.24219505e-005, -2.73845704e-005, -0.999999999, 0, 0, 0, 0, 0, 0, 0, 0.306496948, -0.15994021, -0.2034052, 0.208804296, 0.314959314, -0.925757629, -0.96105957, 0.240966797, -0.134765625, 0.180619103, 0.917963783, 0.353147726, 0, 0, -0, 0, 0, 0, 0, 0.3540854, -0.115052539, -0.167279932, 0.348637998, -0.0767935917, -0.933972923, 0.350097656, -0.913696289, 0.205810547, -0.869320612, -0.398638635, -0.291729763, 0, 3, 1, 1, 
604.989191, 39, 0.1, 0.1, 0.0172137961, 0.370409318, -0.0199625356, 0.95731362, -0.289051262, -2.38694758e-005, -0.289051262, -0.95731362, -2.64893422e-005, -1.51937965e-005, 3.22581102e-005, -0.999999999, 0.957313809, -0.289050635, -2.55308527e-005, -0.289050636, -0.957313809, -3.70407687e-005, -1.37343801e-005, 4.28393486e-005, -0.999999999, 0, 0, 0, 0, 0, 0, 0, 0.306496948, -0.15994021, -0.2034052, 0.208804296, 0.314959314, -0.925757629, -0.96105957, 0.240966797, -0.134765625, 0.180619103, 0.917963783, 0.353147726, 0, 0, -0, 0, 0, 0, 0, 0.3540854, -0.115052539, -0.167279932, 0.348637998, -0.0767935917, -0.933972923, 0.350097656, -0.913696289, 0.205810547, -0.869320612, -0.398638635, -0.291729763, 0, 3, 1, 1, 
604.989932, 39, 0.1, 0.1, 0.0172138009, 0.370409324, -0.0199636309, 0.957312722, -0.289054236, 2.0765831e-005, -0.289054236, -0.957312722, 3.88579098e-005, 8.64735075e-006, -4.32016228e-005, -0.999999999, 0.957312897, -0.289053654, 3.65554266e-005, -0.289053656, -0.957312897, 4.10123317e-005, 2.3140217e-005, -4.98281138e-005, -0.999999998, 0, 0, 0, 0, 0, 0, 0, 0.306496948, -0.15994021, -0.2034052, 0.208804296, 0.314959314, -0.925757629, -0.96105957, 0.240966797, -0.134765625, 0.180619103, 0.917963783, 0.353147726, 0, 0, -0, 0, 0, 0, 0, 0.3540854, -0.115052539, -0.167279932, 0.348637998, -0.0767935917, -0.933972923, 0.350097656, -0.913696289, 0.205810547, -0.869320612, -0.398638635, -0.291729763, 0, 3, 1, 1, 
604.990677, 39, 0.1, 0.1, 0.0172137956, 0.370409323, -0.0199654098, 0.957312012, -0.28905659, -5.71547407e-006, -0.28905659, -0.957312011, -2.37649716e-005, 1.39792967e-006, 2.44025882e-005, -1, 0.957312121, -0.289056227, -2.90364416e-005, -0.289056227, -0.957312121, -2.41492414e-005, -2.08164489e-005, 3.15115258e-005, -0.999999999, 0, 0, 0, 0, 0, 0, 0, 0.308091382, -0.159817529, -0.203353198, 0.2097284, 0.317345575, -0.924849256, -0.961791992, 0.236816406, -0.13684082, 0.175529062, 0.918203796, 0.354981325, 0, 0, -0, 0, 0, 0, 0, 0.355063818, -0.114787793, -0.167286768, 0.349283652, -0.0749029385, -0.933921884, 0.354248047, -0.912109375, 0.205688477, -0.867288867, -0.402613171, -0.29221537, 0, 3, 1, 1, 
604.991385, 39, 0.1, 0.1, 0.0172137967, 0.370409328, -0.0199681605, 0.957311597, -0.289057964, -1.41254319e-005, -0.289057963, -0.957311596, 4.03813569e-005, -2.51949925e-005, -3.45744727e-005, -0.999999999, 0.957311662, -0.28905775, -4.08609674e-006, -0.289057749, -0.957311661, 4.42593185e-005, -1.67051671e-005, -4.11888438e-005, -0.999999999, 0, 0, 0, 0, 0, 0, 0, 0.308091382, -0.159817529, -0.203353198, 0.2097284, 0.317345575, -0.924849256, -0.961791992, 0.236816406, -0.13684082, 0.175529062, 0.918203796, 0.354981325, 0, 0, -0, 0, 0, 0, 0, 0.355063818, -0.114787793, -0.167286768, 0.349283652, -0.0749029385, -0.933921884, 0.354248047, -0.912109375, 0.205688477, -0.867288867, -0.402613171, -0.29221537, 0, 3, 1, 1, 
604.992083, 39, 0.1, 0.1, 0.0172137964, 0.370409326, -0.0199710826, 0.957311367, -0.289058726, 1.16202325e-005, -0.289058726, -0.957311366, -2.71563534e-005, 1.89739616e-005, 2.26381562e-005, -1, 0.957311403, -0.289058605, 9.07158793e-006, -0.289058604, -0.957311403, -3.11902622e-005, 1.77001482e-005, 2.72365731e-005, -0.999999999, 0, 0, 0, 0, 0, 0, 0, 0.308091382, -0.159817529, -0.203353198, 0.2097284, 0.317345575, -0.924849256, -0.961791992, 0.236816406, -0.13684082, 0.175529062, 0.918203796, 0.354981325, 0, 0, -0, 0, 0, 0, 0, 0.355063818, -0.114787793, -0.167286768, 0.349283652, -0.0749029385, -0.933921884, 0.354248047, -0.912109375, 0.205688477, -0.867288867, -0.402613171, -0.29221537, 0, 3, 1, 1, 
604.992837, 39, 0.1, 0.1, 0.0172137966, 0.370409331, -0.0199728867, 0.957311191, -0.289059309, 3.29627649e-006, -0.289059309, -0.95731119, 2.70494885e-005, -4.66334409e-006, -2.68475974e-005, -1, 0.957311222, -0.289059204, -3.96574087e-006, -0.289059203, -0.957311222, 3.63766997e-005, -1.43114681e-005, -3.3677489e-005, -0.999999999, 0, 0, 0, 0, 0, 0, 0, 0.308091382, -0.159817529, -0.203353198, 0.2097284, 0.317345575, -0.924849256, -0.961791992, 0.236816406, -0.13684082, 0.175529062, 0.918203796, 0.354981325, 0, 0, -0, 0, 0, 0, 0, 0.355063818, -0.114787793, -0.167286768, 0.349283652, -0.0749029385, -0.933921884, 0.354248047, -0.912109375, 0.205688477, -0.867288867, -0.402613171, -0.29221537, 0, 3, 1, 1, 
604.993549, 39, 0.1, 0.1, 0.0172137981, 0.370409327, -0.0199732048, 0.957310976, -0.289060021, -1.26411212e-005, -0.289060021, -0.957310975, -2.40981618e-005, -5.13566895e-006, 2.67234775e-005, -1, 0.957311024, -0.289059862, 1.77899726e-006, -0.289059862, -0.957311023, -3.34991315e-005, 1.1386308e-005, 3.15548512e-005, -0.999999999, 0, 0, 0, 0, 0, 0, 0, 0.308091382, -0.159817529, -0.203353198, 0.2097284, 0.317345575, -0.924849256, -0.961791992, 0.236816406, -0.13684082, 0.175529062, 0.918203796, 0.354981325, 0, 0, -0, 0, 0, 0, 0, 0.355063818, -0.114787793, -0.167286768, 0.349283652, -0.0749029385, -0.933921884, 0.354248047, -0.912109375, 0.205688477, -0.867288867, -0.402613171, -0.29221537, 0, 3, 1, 1, 
604.994432, 39, 0.1, 0.1, 0.0172138017, 0.370409328, -0.0199710436, 0.957310571, -0.28906136, 3.79320134e-005, -0.28906136, -0.957310571, -9.01482623e-007, 3.65733013e-005, -1.01016806e-005, -0.999999999, 0.957310705, -0.289060917, 2.83750368e-005, -0.289060918, -0.957310705, 1.54129578e-005, 2.27084428e-005, -2.29571037e-005, -0.999999999, 0, 0, 0, 0, 0, 0, 0, 0.308091382, -0.159817529, -0.203353198, 0.2097284, 0.317345575, -0.924849256, -0.961791992, 0.236816406, -0.13684082, 0.175529062, 0.918203796, 0.354981325, 0, 0, -0, 0, 0, 0, 0, 0.355063818, -0.114787793, -0.167286768, 0.349283652, -0.0749029385, -0.933921884, 0.354248047, -0.912109375, 0.205688477, -0.867288867, -0.402613171, -0.29221537, 0, 3, 1, 1, 
604.995698, 39, 0.1, 0.1, 0.0172137933, 0.370409331, -0.019957538, 0.957309734, -0.289064131, -4.15181263e-005, -0.289064129, -0.957309734, 4.27500976e-005, -5.21032263e-005, -2.89236836e-005, -0.999999998, 0.957309904, -0.289063564, -5.26590517e-005, -0.289063563, -0.957309906, 3.77801145e-005, -6.13318863e-005, -2.09454647e-005, -0.999999998, 0, 0, 0, 0, 0, 0, 0, 0.309678247, -0.160160986, -0.203527124, 0.210443569, 0.319351038, -0.923979075, -0.962402344, 0.233398437, -0.138427734, 0.171460848, 0.91838053, 0.356573789, 0, 0, -0, 0, 0, 0, 0, 0.355748926, -0.114762402, -0.167736426, 0.349168814, -0.07362549, -0.934081565, 0.357299805, -0.911010742, 0.205444336, -0.866196253, -0.405424731, -0.291863925, 0, 3, 1, 1, 
604.996838, 39, 0.1, 0.1, 0.0172138034, 0.370409325, -0.0199428516, 0.957308916, -0.28906684, 3.05391957e-005, -0.28906684, -0.957308917, 1.34020055e-005, 2.5361369e-005, -2.16577282e-005, -0.999999999, 0.957309063, -0.289066351, 5.17223485e-005, -0.28906635, -0.957309064, -3.85096776e-005, 6.06461251e-005, 2.19144729e-005, -0.999999998, 0, 0, 0, 0, 0, 0, 0, 0.309678247, -0.160160986, -0.203527124, 0.210443569, 0.319351038, -0.923979075, -0.962402344, 0.233398437, -0.138427734, 0.171460848, 0.91838053, 0.356573789, 0, 0, -0, 0, 0, 0, 0, 0.355748926, -0.114762402, -0.167736426, 0.349168814, -0.07362549, -0.934081565, 0.357299805, -0.911010742, 0.205444336, -0.866196253, -0.405424731, -0.291863925, 0, 3, 1, 1, 
604.997732, 39, 0.1, 0.1, 0.0172137933, 0.370409328, -0.0199362512, 0.957308631, -0.289067785, 4.8192441e-006, -0.289067785, -0.957308631, -2.46353753e-005, 1.17347973e-005, 2.21905692e-005, -1, 0.95730865, -0.289067721, -4.41812349e-005, -0.289067722, -0.95730865, -2.1222217e-005, -3.61604204e-005, 3.30875808e-005, -0.999999999, 0, 0, 0, 0, 0, 0, 0, 0.310176978, -0.161294165, -0.20351626, 0.211490484, 0.319008431, -0.923757036, -0.962158203, 0.233398437, -0.139770508, 0.171047849, 0.918558385, 0.356415029, 0, 0, -0, 0, 0, 0, 0, 0.355748926, -0.114762402, -0.167736426, 0.347980317, -0.0748267462, -0.934368845, 0.357421875, -0.910766602, 0.206054688, -0.866566654, -0.405673731, -0.290298464, 0, 3, 1, 1, 
604.998427, 39, 0.1, 0.1, 0.017213795, 0.370409327, -0.0199413038, 0.957308636, -0.289067765, -3.96614873e-005, -0.289067766, -0.957308637, -1.95246918e-005, -3.23243253e-005, 3.01560137e-005, -0.999999999, 0.957308635, -0.289067772, -2.12139859e-005, -0.289067772, -0.957308635, -1.58588597e-005, -1.57240466e-005, 2.13141029e-005, -1, 0, 0, 0, 0, 0, 0, 0, 0.310176978, -0.161294165, -0.20351626, 0.211490484, 0.319008431, -0.923757036, -0.962158203, 0.233398437, -0.139770508, 0.171047849, 0.918558385, 0.356415029, 0, 0, -0, 0, 0, 0, 0, 0.3556625, -0.116186572, -0.167945752, 0.347980317, -0.0748267462, -0.934368845, 0.357421875, -0.910766602, 0.206054688, -0.866566654, -0.405673731, -0.290298464, 0, 3, 1, 1, 
604.999117, 39, 0.1, 0.1, 0.0172137974, 0.370409325, -0.0199540019, 0.957308576, -0.289067965, 3.61455033e-005, -0.289067965, -0.957308577, -2.74178685e-005, 4.25280278e-005, 1.57988536e-005, -0.999999999, 0.957308602, -0.289067881, 4.0036944e-005, -0.289067881, -0.957308602, -7.54201087e-006, 4.0507864e-005, -4.35336267e-006, -0.999999999, 0, 0, 0, 0, 0, 0, 0, 0.310176978, -0.161294165, -0.20351626, 0.211490484, 0.319008431, -0.923757036, -0.962158203, 0.233398437, -0.139770508, 0.171047849, 0.918558385, 0.356415029, 0, 0, -0, 0, 0, 0, 0, 0.3556625, -0.116186572, -0.167945752, 0.347980317, -0.0748267462, -0.934368845, 0.357421875, -0.910766602, 0.206054688, -0.866566654, -0.405673731, -0.290298464, 0, 3, 1, 1, 
604.999804, 39, 0.1, 0.1, 0.0172137943, 0.370409328, -0.0199699926, 0.957308371, -0.289068643, -4.47982261e-005, -0.28906864, -0.957308372, 5.65831191e-005, -5.92421223e-005, -4.12177313e-005, -0.999999997, 0.957308422, -0.289068476, -3.90498389e-005, -0.289068475, -0.957308422, 3.8398251e-005, -4.84824635e-005, -2.54708917e-005, -0.999999999, 0, 0, 0, 0, 0, 0, 0, 0.310176978, -0.161294165, -0.20351626, 0.211490484, 0.319008431, -0.923757036, -0.962158203, 0.233398437, -0.139770508, 0.171047849, 0.918558385, 0.356415029, 0, 0, -0, 0, 0, 0, 0, 0.3556625, -0.116186572, -0.167945752, 0.347980317, -0.0748267462, -0.934368845, 0.357421875, -0.910766602, 0.206054688, -0.866566654, -0.405673731, -0.290298464, 0, 3, 1, 1, 
605.000498, 39, 0.1, 0.1, 0.0172137904, 0.370409337, -0.0199844921, 0.957308107, -0.289069523, 7.43929291e-006, -0.289069523, -0.957308107, 1.12550744e-005, 3.86819644e-006, -1.29250468e-005, -1, 0.957308161, -0.289069343, -9.83821058e-006, -0.289069342, -0.95730816, 3.47329243e-005, -1.94584229e-005, -3.04061869e-005, -0.999999999, 0, 0, 0, 0, 0, 0, 0, 0.310176978, -0.161294165, -0.20351626, 0.211490484, 0.319008431, -0.923757036, -0.962158203, 0.233398437, -0.139770508, 0.171047849, 0.918558385, 0.356415029, 0, 0, -0, 0, 0, 0, 0, 0.3556625, -0.116186572, -0.167945752, 0.347980317, -0.0748267462, -0.934368845, 0.357421875, -0.910766602, 0.206054688, -0.866566654, -0.405673731, -0.290298464, 0, 3, 1, 1, 
605.001217, 39, 0.1, 0.1, 0.0172137969, 0.370409327, -0.0199934339, 0.957307782, -0.289070596, 3.55509589e-005, -0.289070593, -0.957307781, -7.11010191e-005, 5.45864235e-005, 5.77888221e-005, -0.999999997, 0.957307855, -0.289070355, 3.54275472e-005, -0.289070353, -0.957307854, -6.11982011e-005, 5.1605655e-005, 4.8344465e-005, -0.999999997, 0, 0, 0, 0, 0, 0, 0, 0.310176978, -0.161294165, -0.20351626, 0.211490484, 0.319008431, -0.923757036, -0.962158203, 0.233398437, -0.139770508, 0.171047849, 0.918558385, 0.356415029, 0, 0, -0, 0, 0, 0, 0, 0.3556625, -0.116186572, -0.167945752, 0.347980317, -0.0748267462, -0.934368845, 0.357421875, -0.910766602, 0.206054688, -0.866566654, -0.405673731, -0.290298464, 0, 3, 1, 1, 
605.001943, 39, 0.1, 0.1, 0.0172138038, 0.370409312, -0.0199942084, 0.957307471, -0.289071627, 2.70736802e-005, -0.289071625, -0.95730747, -6.08860643e-005, 4.351827e-005, 5.04604515e-005, -0.999999998, 0.957307528, -0.289071436, 3.00105394e-005, -0.289071434, -0.957307527, -7.01384681e-005, 4.90043429e-005, 5.84688939e-005, -0.999999997, 0, 0, 0, 0, 0, 0, 0, 0.310176978, -0.161294165, -0.20351626, 0.211490484, 0.319008431, -0.923757036, -0.962158203, 0.233398437, -0.139770508, 0.171047849, 0.918558385, 0.356415029, 0, 0, -0, 0, 0, 0, 0, 0.3556625, -0.116186572, -0.167945752, 0.347980317, -0.0748267462, -0.934368845, 0.357421875, -0.910766602, 0.206054688, -0.866566654, -0.405673731, -0.290298464, 0, 3, 1, 1, 
605.002689, 39, 0.1, 0.1, 0.0172138058, 0.370409311, -0.019986587, 0.957307207, -0.289072502, -8.75862277e-006, -0.289072502, -0.957307207, 3.29496886e-005, -1.79095416e-005, -2.90110974e-005, -0.999999999, 0.957307252, -0.289072351, -1.82397227e-006, -0.289072351, -0.957307252, 1.63319234e-005, -6.46720938e-006, -1.51074088e-005, -1, 0, 0, 0, 0, 0, 0, 0, 0.310908716, -0.162491187, -0.202643433, 0.212878883, 0.317352688, -0.924043476, -0.962402344, 0.230834961, -0.142456055, 0.168108926, 0.919809364, 0.354606518, 0, 0, -0, 0, 0, 0, 0, 0.356490186, -0.117750635, -0.167003223, 0.350101747, -0.0777341879, -0.933455234, 0.357543945, -0.909912109, 0.209838867, -0.86572997, -0.407206742, -0.290816153, 0, 3, 1, 1, 
605.003381, 39, 0.1, 0.1, 0.0172138051, 0.370409316, -0.0199751716, 0.957306996, -0.289073201, 1.11104482e-005, -0.289073201, -0.957306996, -4.87387933e-006, 1.20450177e-005, 1.45406595e-006, -1, 0.957307035, -0.289073072, -1.27128696e-006, -0.289073072, -0.957307035, 2.04069816e-005, -7.11612082e-006, -1.91682522e-005, -1, 0, 0, 0, 0, 0, 0, 0, 0.310908716, -0.162491187, -0.202643433, 0.212878883, 0.317352688, -0.924043476, -0.962402344, 0.230834961, -0.142456055, 0.168108926, 0.919809364, 0.354606518, 0, 0, -0, 0, 0, 0, 0, 0.356490186, -0.117750635, -0.167003223, 0.350101747, -0.0777341879, -0.933455234, 0.357543945, -0.909912109, 0.209838867, -0.86572997, -0.407206742, -0.290816153, 0, 3, 1, 1, 
