time, trialNum, realDorsalTactorPos, realVentralTactorPos, boxPosX, boxPosY, boxPosZ, boxLocalRot_11, boxLocalRot_12, boxLocalRot_13, boxLocalRot_21, boxLocalRot_22, boxLocalRot_23, boxLocalRot_31, boxLocalRot_32, boxLocalRot_33, boxGlobalRot_11, boxGlobalRot_12, boxGlobalRot_13, boxGlobalRot_21, boxGlobalRot_22, boxGlobalRot_23, boxGlobalRot_31, boxGlobalRot_32, boxGlobalRot_33, indexForceX, indexForceY, indexForceZ, indexForceGlobalX, indexForceGlobalY, indexForceGlobalZ, indexContact, indexPosX, indexPosY, indexPosZ, indexRot_11, indexRot_12, indexRot_13, indexRot_21, indexRot_22, indexRot_23, indexRot_31, indexRot_32, indexRot_33, thumbForceX, thumbForceY, thumbForceZ, thumbForceGlobalX, thumbForceGlobalY, thumbForceGlobalZ, thumbContact, thumbPosX, thumbPosY, thumbPosZ, thumbRot_11, thumbRot_12, thumbRot_13, thumbRot_21, thumbRot_22, thumbRot_23, thumbRot_31, thumbRot_32, thumbRot_33, manipForceTooHigh, cceExpType, mapping, trialSuccess, 
483.362017, 39, 0.1, 0.1, 0.000417143924, 0.372835649, -0.0199765881, 0.957699317, 1.46120688e-005, 0.287770774, 0.287770775, -1.63633525e-005, -0.957699317, -9.2850737e-006, 1, -1.98760979e-005, 0.957699354, 7.20844659e-006, 0.28777065, 0.28777065, -7.43868035e-006, -0.957699354, -4.76289077e-006, 1, -9.19839872e-006, 0, 0, 0, 0, 0, 0, 0, 0.209673828, 0.0222005371, -0.200661914, -0.0218612, 0.823925172, -0.566107142, -0.876464844, 0.256469727, 0.407226563, 0.480774524, 0.505259983, 0.716768038, 0, -0, 0, 0, 0, 0, 0, 0.27098501, 0.0537692871, -0.171022949, 0.0554476741, 0.540431725, -0.839485245, -0.443847656, -0.739746094, -0.505615234, -0.894244506, 0.400603994, 0.198984487, 0, 3, 1, 1, 
483.391115, 39, 0.1, 0.1, 0.000417156901, 0.372835664, -0.0199740998, 0.957691202, -4.53562972e-005, 0.287797775, 0.287797774, -3.23344153e-005, -0.957691203, 5.27430997e-005, 0.999999998, -1.79129436e-005, 0.957691193, -3.3173214e-005, 0.287797807, 0.287797805, -4.25895918e-005, -0.957691193, 4.4026886e-005, 0.999999999, -3.12404988e-005, 0, 0, 0, 0, 0, 0, 0, 0.230595898, -0.00912629395, -0.195872729, -0.0553774144, 0.81147338, -0.58162327, -0.898071289, 0.214111328, 0.384033203, 0.43615183, 0.543691774, 0.717124488, 0, -0, 0, 0, 0, 0, 0, 0.287916748, 0.0255360352, -0.167315088, 0.0307477114, 0.506801247, -0.861425053, -0.380004883, -0.791137695, -0.479003906, -0.924334944, 0.342203297, 0.168324954, 0, 3, 1, 1, 
483.391801, 39, 0.1, 0.1, 0.000417161139, 0.372835664, -0.0199735085, 0.957691333, 1.51468921e-005, 0.287797343, 0.287797343, 6.20956398e-006, -0.957691333, -1.62931433e-005, 1, 1.58761031e-006, 0.957691295, -3.92327373e-006, 0.287797468, 0.287797468, 1.34430821e-005, -0.957691295, -1.11599882e-007, 1, 1.40034309e-005, 0, 0, 0, 0, 0, 0, 0, 0.230595898, -0.00912629395, -0.195872729, -0.0553774144, 0.81147338, -0.58162327, -0.898071289, 0.214111328, 0.384033203, 0.43615183, 0.543691774, 0.717124488, 0, -0, 0, 0, 0, 0, 0, 0.287916748, 0.0255360352, -0.167315088, 0.0307477114, 0.506801247, -0.861425053, -0.380004883, -0.791137695, -0.479003906, -0.924334944, 0.342203297, 0.168324954, 0, 3, 1, 1, 
483.392484, 39, 0.1, 0.1, 0.000417158203, 0.372835668, -0.0199720175, 0.95769158, -1.11900272e-005, 0.28779652, 0.287796519, -1.12506032e-005, -0.95769158, 1.39544793e-005, 1, -7.5541571e-006, 0.957691525, 1.47706431e-006, 0.287796705, 0.287796705, -2.41231603e-005, -0.957691525, 5.52799406e-006, 1, -2.35276404e-005, 0, 0, 0, 0, 0, 0, 0, 0.230595898, -0.00912629395, -0.195872729, -0.0553774144, 0.81147338, -0.58162327, -0.898071289, 0.214111328, 0.384033203, 0.43615183, 0.543691774, 0.717124488, 0, -0, 0, 0, 0, 0, 0, 0.287916748, 0.0255360352, -0.167315088, 0.0307477114, 0.506801247, -0.861425053, -0.380004883, -0.791137695, -0.479003906, -0.924334944, 0.342203297, 0.168324954, 0, 3, 1, 1, 
483.393179, 39, 0.1, 0.1, 0.000417157788, 0.372835664, -0.0199700052, 0.957691931, 1.62449034e-005, 0.287795353, 0.287795352, 1.80568285e-005, -0.957691931, -2.07542842e-005, 1, 1.26176713e-005, 0.957691857, 1.323321e-005, 0.287795599, 0.287795599, 3.3108228e-005, -0.957691857, -2.22017398e-005, 0.999999999, 2.78990207e-005, 0, 0, 0, 0, 0, 0, 0, 0.230595898, -0.00912629395, -0.195872729, -0.0553774144, 0.81147338, -0.58162327, -0.898071289, 0.214111328, 0.384033203, 0.43615183, 0.543691774, 0.717124488, 0, -0, 0, 0, 0, 0, 0, 0.289679346, 0.0225858887, -0.166988721, 0.0278209466, 0.504608722, -0.862728755, -0.374145508, -0.795043945, -0.477172852, -0.926851928, 0.336203946, 0.166715017, 0, 3, 1, 1, 
483.393864, 39, 0.1, 0.1, 0.00041715847, 0.372835668, -0.0199681082, 0.957692341, -8.95415869e-006, 0.287793989, 0.287793989, -6.14714863e-006, -0.957692341, 1.03444416e-005, 1, -3.31012411e-006, 0.957692259, -1.339268e-005, 0.287794261, 0.287794261, -2.52481041e-005, -0.957692259, 2.00923254e-005, 1, -2.03255774e-005, 0, 0, 0, 0, 0, 0, 0, 0.230595898, -0.00912629395, -0.195872729, -0.0553774144, 0.81147338, -0.58162327, -0.898071289, 0.214111328, 0.384033203, 0.43615183, 0.543691774, 0.717124488, 0, -0, 0, 0, 0, 0, 0, 0.289679346, 0.0225858887, -0.166988721, 0.0278209466, 0.504608722, -0.862728755, -0.374145508, -0.795043945, -0.477172852, -0.926851928, 0.336203946, 0.166715017, 0, 3, 1, 1, 
483.394549, 39, 0.1, 0.1, 0.000417158463, 0.372835663, -0.019966937, 0.957692723, -1.76556277e-005, 0.287792716, 0.287792717, 1.23770579e-005, -0.957692723, 1.3346639e-005, 1, 1.69345793e-005, 0.957692651, -3.17764941e-006, 0.287792956, 0.287792956, 3.55950385e-005, -0.957692651, -7.20078986e-006, 0.999999999, 3.5003612e-005, 0, 0, 0, 0, 0, 0, 0, 0.230595898, -0.00912629395, -0.195872729, -0.0553774144, 0.81147338, -0.58162327, -0.898071289, 0.214111328, 0.384033203, 0.43615183, 0.543691774, 0.717124488, 0, -0, 0, 0, 0, 0, 0, 0.289679346, 0.0225858887, -0.166988721, 0.0278209466, 0.504608722, -0.862728755, -0.374145508, -0.795043945, -0.477172852, -0.926851928, 0.336203946, 0.166715017, 0, 3, 1, 1, 
483.395246, 39, 0.1, 0.1, 0.00041715772, 0.372835667, -0.0199667282, 0.957692955, 2.34147395e-005, 0.287791944, 0.287791944, -1.18986613e-006, -0.957692955, -2.20816972e-005, 1, -7.87809982e-006, 0.957692921, 1.81811626e-005, 0.287792058, 0.287792058, -2.12327585e-005, -0.957692921, -1.13013514e-005, 1, -2.55668567e-005, 0, 0, 0, 0, 0, 0, 0, 0.230595898, -0.00912629395, -0.195872729, -0.0591614316, 0.811011328, -0.58194678, -0.899536133, 0.209350586, 0.383178711, 0.432549033, 0.546236794, 0.717422911, 0, -0, 0, 0, 0, 0, 0, 0.289679346, 0.0225858887, -0.166988721, 0.0278209466, 0.504608722, -0.862728755, -0.374145508, -0.795043945, -0.477172852, -0.926851928, 0.336203946, 0.166715017, 0, 3, 1, 1, 
483.395931, 39, 0.1, 0.1, 0.000417159654, 0.372835664, -0.0199673984, 0.957693008, -2.27892495e-005, 0.287791769, 0.287791769, 4.42366931e-006, -0.957693008, 2.05520093e-005, 1, 1.07950756e-005, 0.957693009, -2.81504833e-005, 0.287791765, 0.287791766, 2.12208051e-005, -0.957693009, 2.08523481e-005, 0.999999999, 2.8424494e-005, 0, 0, 0, 0, 0, 0, 0, 0.232623975, -0.0124907959, -0.195665112, -0.0591614316, 0.811011328, -0.58194678, -0.899536133, 0.209350586, 0.383178711, 0.432549033, 0.546236794, 0.717422911, 0, -0, 0, 0, 0, 0, 0, 0.289679346, 0.0225858887, -0.166988721, 0.0278209466, 0.504608722, -0.862728755, -0.374145508, -0.795043945, -0.477172852, -0.926851928, 0.336203946, 0.166715017, 0, 3, 1, 1, 
483.396613, 39, 0.1, 0.1, 0.000417156236, 0.372835669, -0.0199688363, 0.957692937, 1.2732143e-005, 0.287792006, 0.287792006, -1.1213992e-005, -0.957692937, -8.96618621e-006, 1, -1.44037699e-005, 0.957692955, 2.65610577e-005, 0.287791945, 0.287791945, -2.34382737e-005, -0.957692955, -1.86919915e-005, 0.999999999, -3.0090728e-005, 0, 0, 0, 0, 0, 0, 0, 0.232623975, -0.0124907959, -0.195665112, -0.0591614316, 0.811011328, -0.58194678, -0.899536133, 0.209350586, 0.383178711, 0.432549033, 0.546236794, 0.717422911, 0, -0, 0, 0, 0, 0, 0, 0.289679346, 0.0225858887, -0.166988721, 0.0278209466, 0.504608722, -0.862728755, -0.374145508, -0.795043945, -0.477172852, -0.926851928, 0.336203946, 0.166715017, 0, 3, 1, 1, 
483.397297, 39, 0.1, 0.1, 0.00041715879, 0.372835666, -0.0199705805, 0.957692856, 6.2225066e-006, 0.287792274, 0.287792274, 1.05407364e-005, -0.957692856, -8.99279262e-006, 1, 8.30399866e-006, 0.95769287, -1.51077202e-005, 0.28779223, 0.28779223, 1.96409571e-005, -0.957692869, 8.81604108e-006, 1, 2.31578891e-005, 0, 0, 0, 0, 0, 0, 0, 0.232623975, -0.0124907959, -0.195665112, -0.0591614316, 0.811011328, -0.58194678, -0.899536133, 0.209350586, 0.383178711, 0.432549033, 0.546236794, 0.717422911, 0, -0, 0, 0, 0, 0, 0, 0.289679346, 0.0225858887, -0.166988721, 0.0278209466, 0.504608722, -0.862728755, -0.374145508, -0.795043945, -0.477172852, -0.926851928, 0.336203946, 0.166715017, 0, 3, 1, 1, 
483.397994, 39, 0.1, 0.1, 0.000417157117, 0.372835671, -0.0199720403, 0.957692877, -1.74380322e-005, 0.287792205, 0.287792205, -1.67548578e-005, -0.957692877, 2.15221967e-005, 1, -1.10274783e-005, 0.957692864, -5.25589867e-006, 0.287792249, 0.287792249, -2.81138742e-005, -0.957692863, 1.31244918e-005, 1, -2.54118498e-005, 0, 0, 0, 0, 0, 0, 0, 0.23508584, -0.0156388916, -0.195011743, -0.0630922254, 0.810384525, -0.582314474, -0.901855469, 0.203491211, 0.380981445, 0.427239197, 0.549302276, 0.718222699, 0, -0, 0, 0, 0, 0, 0, 0.289679346, 0.0225858887, -0.166988721, 0.0278209466, 0.504608722, -0.862728755, -0.374145508, -0.795043945, -0.477172852, -0.926851928, 0.336203946, 0.166715017, 0, 3, 1, 1, 
483.398691, 39, 0.1, 0.1, 0.000417157992, 0.372835668, -0.0199725909, 0.957693024, 1.08098748e-005, 0.287791717, 0.287791717, 1.39336548e-005, -0.957693024, -1.43625321e-005, 1, 1.02331715e-005, 0.957692988, 7.0436431e-006, 0.287791836, 0.287791836, 2.72391249e-005, -0.957692988, -1.45848454e-005, 1, 2.4059616e-005, 0, 0, 0, 0, 0, 0, 0, 0.23508584, -0.0156388916, -0.195011743, -0.0630922254, 0.810384525, -0.582314474, -0.901855469, 0.203491211, 0.380981445, 0.427239197, 0.549302276, 0.718222699, 0, -0, 0, 0, 0, 0, 0, 0.291433398, 0.0198516602, -0.166226123, 0.0249579809, 0.502837638, -0.863955897, -0.366455078, -0.799438477, -0.475830078, -0.92997592, 0.328530492, 0.16437667, 0, 3, 1, 1, 
483.399377, 39, 0.1, 0.1, 0.000417158665, 0.372835673, -0.0199723899, 0.95769325, -6.89056732e-006, 0.287790965, 0.287790965, -9.18162077e-006, -0.95769325, 9.24143731e-006, 1, -6.81013322e-006, 0.957693203, -1.14271002e-005, 0.287791121, 0.287791121, -2.56999068e-005, -0.957693203, 1.83398612e-005, 1, -2.13240081e-005, 0, 0, 0, 0, 0, 0, 0, 0.23508584, -0.0156388916, -0.195011743, -0.0630922254, 0.810384525, -0.582314474, -0.901855469, 0.203491211, 0.380981445, 0.427239197, 0.549302276, 0.718222699, 0, -0, 0, 0, 0, 0, 0, 0.291433398, 0.0198516602, -0.166226123, 0.0249579809, 0.502837638, -0.863955897, -0.366455078, -0.799438477, -0.475830078, -0.92997592, 0.328530492, 0.16437667, 0, 3, 1, 1, 
483.400061, 39, 0.1, 0.1, 0.00041715807, 0.372835668, -0.019971538, 0.957693465, -1.12451161e-005, 0.287790248, 0.287790248, 8.08737078e-006, -0.957693465, 8.44190778e-006, 1, 1.09814569e-005, 0.957693426, 4.37542261e-007, 0.287790378, 0.287790378, 2.72392e-005, -0.957693426, -8.25821102e-006, 1, 2.59608823e-005, 0, 0, 0, 0, 0, 0, 0, 0.23508584, -0.0156388916, -0.195011743, -0.0630922254, 0.810384525, -0.582314474, -0.901855469, 0.203491211, 0.380981445, 0.427239197, 0.549302276, 0.718222699, 0, -0, 0, 0, 0, 0, 0, 0.291433398, 0.0198516602, -0.166226123, 0.0249579809, 0.502837638, -0.863955897, -0.366455078, -0.799438477, -0.475830078, -0.92997592, 0.328530492, 0.16437667, 0, 3, 1, 1, 
483.400746, 39, 0.1, 0.1, 0.000417156465, 0.372835673, -0.0199703444, 0.957693564, 2.56844938e-005, 0.287789917, 0.287789917, -1.64929269e-006, -0.957693565, -2.41232246e-005, 1, -8.97125532e-006, 0.957693556, 2.14364103e-005, 0.287789946, 0.287789946, -1.87095985e-005, -0.957693556, -1.51450776e-005, 1, -2.40872453e-005, 0, 0, 0, 0, 0, 0, 0, 0.23508584, -0.0156388916, -0.195011743, -0.0630922254, 0.810384525, -0.582314474, -0.901855469, 0.203491211, 0.380981445, 0.427239197, 0.549302276, 0.718222699, 0, -0, 0, 0, 0, 0, 0, 0.291433398, 0.0198516602, -0.166226123, 0.0249579809, 0.502837638, -0.863955897, -0.366455078, -0.799438477, -0.475830078, -0.92997592, 0.328530492, 0.16437667, 0, 3, 1, 1, 
483.401426, 39, 0.1, 0.1, 0.000417157356, 0.37283567, -0.0199692213, 0.95769352, -1.61355285e-005, 0.287790065, 0.287790065, 3.36851818e-006, -0.95769352, 1.4483465e-005, 1, 7.86965284e-006, 0.957693538, -2.13397705e-005, 0.287790004, 0.287790004, 1.88008749e-005, -0.957693538, 1.50262565e-005, 1, 2.4146849e-005, 0, 0, 0, 0, 0, 0, 0, 0.23508584, -0.0156388916, -0.195011743, -0.0630922254, 0.810384525, -0.582314474, -0.901855469, 0.203491211, 0.380981445, 0.427239197, 0.549302276, 0.718222699, 0, -0, 0, 0, 0, 0, 0, 0.291433398, 0.0198516602, -0.166226123, 0.0249579809, 0.502837638, -0.863955897, -0.366455078, -0.799438477, -0.475830078, -0.92997592, 0.328530492, 0.16437667, 0, 3, 1, 1, 
483.402112, 39, 0.1, 0.1, 0.000417153033, 0.372835674, -0.0199684455, 0.957693369, 1.58209937e-005, 0.287790567, 0.287790568, -7.73469839e-006, -0.957693369, -1.29256875e-005, 1, -1.19606021e-005, 0.957693402, 3.06115191e-005, 0.287790456, 0.287790456, -2.08661392e-005, -0.957693402, -2.33113742e-005, 0.999999999, -2.87930669e-005, 0, 0, 0, 0, 0, 0, 0, 0.23508584, -0.0156388916, -0.195011743, -0.0630922254, 0.810384525, -0.582314474, -0.901855469, 0.203491211, 0.380981445, 0.427239197, 0.549302276, 0.718222699, 0, -0, 0, 0, 0, 0, 0, 0.291433398, 0.0198516602, -0.166226123, 0.0249579809, 0.502837638, -0.863955897, -0.366455078, -0.799438477, -0.475830078, -0.92997592, 0.328530492, 0.16437667, 0, 3, 1, 1, 
483.402945, 39, 0.1, 0.1, 0.000417154214, 0.372835671, -0.0199673926, 0.957693191, 2.55058122e-005, 0.28779116, 0.28779116, 6.1136665e-006, -0.957693191, -2.61862019e-005, 1, -1.4853305e-006, 0.957693231, -9.59974599e-006, 0.287791026, 0.287791026, 2.20109733e-005, -0.957693231, 2.85905115e-006, 1, 2.38424809e-005, 0, 0, 0, 0, 0, 0, 0, 0.23508584, -0.0156388916, -0.195011743, -0.0630922254, 0.810384525, -0.582314474, -0.901855469, 0.203491211, 0.380981445, 0.427239197, 0.549302276, 0.718222699, 0, -0, 0, 0, 0, 0, 0, 0.291433398, 0.0198516602, -0.166226123, 0.0249579809, 0.502837638, -0.863955897, -0.366455078, -0.799438477, -0.475830078, -0.92997592, 0.328530492, 0.16437667, 0, 3, 1, 1, 
483.404068, 39, 0.1, 0.1, 0.000417154804, 0.37283567, -0.0199603, 0.957692933, -5.33221887e-005, 0.287792014, 0.287792015, -5.42292603e-006, -0.957692934, 5.26269582e-005, 0.999999999, 1.01522022e-005, 0.957693005, -3.96708568e-005, 0.287791777, 0.287791777, 1.42087383e-005, -0.957693005, 3.3903344e-005, 0.999999999, 2.50245556e-005, 0, 0, 0, 0, 0, 0, 0, 0.237514502, -0.0185719238, -0.194373267, -0.0676640483, 0.809573876, -0.582961494, -0.904052734, 0.197265625, 0.37890625, 0.421783706, 0.552767653, 0.718819545, 0, -0, 0, 0, 0, 0, 0, 0.293425586, 0.0171223145, -0.165673584, 0.0223505783, 0.501213475, -0.864914717, -0.358398438, -0.803588867, -0.474975586, -0.933195794, 0.320626995, 0.16182104, 0, 3, 1, 1, 
483.405162, 39, 0.1, 0.1, 0.000417151687, 0.372835672, -0.0199504906, 0.957692385, 2.90767044e-005, 0.287793842, 0.287793841, 3.33059259e-005, -0.957692385, -3.74317788e-005, 0.999999999, 2.35287352e-005, 0.957692518, 3.76599386e-005, 0.287793397, 0.287793396, 2.59623152e-005, -0.957692519, -4.35384243e-005, 0.999999999, 1.40256334e-005, 0, 0, 0, 0, 0, 0, 0, 0.237514502, -0.0185719238, -0.194373267, -0.0676640483, 0.809573876, -0.582961494, -0.904052734, 0.197265625, 0.37890625, 0.421783706, 0.552767653, 0.718819545, 0, -0, 0, 0, 0, 0, 0, 0.293425586, 0.0171223145, -0.165673584, 0.0223505783, 0.501213475, -0.864914717, -0.358398438, -0.803588867, -0.474975586, -0.933195794, 0.320626995, 0.16182104, 0, 3, 1, 1, 
483.406309, 39, 0.1, 0.1, 0.000417164231, 0.372835685, -0.0199413774, 0.957691711, -3.59210288e-005, 0.287796084, 0.287796085, -2.62385045e-006, -0.957691711, 3.51564054e-005, 0.999999999, 7.82509161e-006, 0.957691826, -5.96466953e-005, 0.287795698, 0.287795695, -5.34671118e-005, -0.957691827, 7.25107573e-005, 0.999999997, -3.40389538e-005, 0, 0, 0, 0, 0, 0, 0, 0.239423315, -0.0217091553, -0.193913232, -0.0737519512, 0.809169112, -0.582701263, -0.905517578, 0.190429687, 0.37902832, 0.417680666, 0.555674376, 0.71890192, 0, -0, 0, 0, 0, 0, 0, 0.295128125, 0.0143495117, -0.164919287, 0.0187719629, 0.499180264, -0.866263261, -0.349731445, -0.808349609, -0.473388672, -0.936517747, 0.311944049, 0.159469933, 0, 3, 1, 1, 
483.407405, 39, 0.1, 0.1, 0.000417153479, 0.37283569, -0.0199380154, 0.957691537, -2.46273406e-005, 0.287796663, 0.287796661, -4.77277744e-005, -0.957691537, 3.73212898e-005, 0.999999999, -3.86208192e-005, 0.95769153, 4.15045115e-005, 0.287796685, 0.287796687, -4.8135655e-005, -0.957691529, -2.58952371e-005, 0.999999998, -5.804397e-005, 0, 0, 0, 0, 0, 0, 0, 0.239423315, -0.0217091553, -0.193913232, -0.0737519512, 0.809169112, -0.582701263, -0.905517578, 0.190429687, 0.37902832, 0.417680666, 0.555674376, 0.71890192, 0, -0, 0, 0, 0, 0, 0, 0.295128125, 0.0143495117, -0.164919287, 0.0187719629, 0.499180264, -0.866263261, -0.349731445, -0.808349609, -0.473388672, -0.936517747, 0.311944049, 0.159469933, 0, 3, 1, 1, 
483.408519, 39, 0.1, 0.1, 0.000417155798, 0.372835692, -0.0199409426, 0.957691818, 7.78096026e-005, 0.287795718, 0.28779572, -1.61822522e-005, -0.957691821, -6.98604371e-005, 0.999999997, -3.78908811e-005, 0.957691762, 4.47838249e-005, 0.287795911, 0.287795912, -1.38353175e-005, -0.957691763, -3.89073524e-005, 0.999999999, -2.61385713e-005, 0, 0, 0, 0, 0, 0, 0, 0.239423315, -0.0217091553, -0.193913232, -0.0737519512, 0.809169112, -0.582701263, -0.905517578, 0.190429687, 0.37902832, 0.417680666, 0.555674376, 0.71890192, 0, -0, 0, 0, 0, 0, 0, 0.295128125, 0.0143495117, -0.164919287, 0.0187719629, 0.499180264, -0.866263261, -0.349731445, -0.808349609, -0.473388672, -0.936517747, 0.311944049, 0.159469933, 0, 3, 1, 1, 
483.40961, 39, 0.1, 0.1, 0.000417154895, 0.372835691, -0.0199484388, 0.957691897, -3.32059286e-005, 0.287795463, 0.287795462, -2.91149494e-005, -0.957691898, 4.01801992e-005, 0.999999999, -1.83266356e-005, 0.95769192, -4.4236215e-005, 0.287795387, 0.287795388, 6.86303931e-006, -0.957691921, 4.03895146e-005, 0.999999999, 1.93036559e-005, 0, 0, 0, 0, 0, 0, 0, 0.239423315, -0.0217091553, -0.193913232, -0.0737519512, 0.809169112, -0.582701263, -0.905517578, 0.190429687, 0.37902832, 0.417680666, 0.555674376, 0.71890192, 0, -0, 0, 0, 0, 0, 0, 0.295128125, 0.0143495117, -0.164919287, 0.0187719629, 0.499180264, -0.866263261, -0.349731445, -0.808349609, -0.473388672, -0.936517747, 0.311944049, 0.159469933, 0, 3, 1, 1, 
483.410712, 39, 0.1, 0.1, 0.000417147282, 0.372835688, -0.0199571754, 0.95769157, 1.29099704e-005, 0.287796553, 0.287796553, 2.20302353e-005, -0.95769157, -1.87039956e-005, 1, 1.73827257e-005, 0.957691661, 3.61115824e-005, 0.287796248, 0.287796246, 3.99169129e-005, -0.957691662, -4.60716991e-005, 0.999999999, 2.78353168e-005, 0, 0, 0, 0, 0, 0, 0, 0.239423315, -0.0217091553, -0.193913232, -0.0793515929, 0.808054048, -0.583723091, -0.907348633, 0.183959961, 0.377929688, 0.412758741, 0.559558742, 0.718692986, 0, -0, 0, 0, 0, 0, 0, 0.295128125, 0.0143495117, -0.164919287, 0.0187719629, 0.499180264, -0.866263261, -0.349731445, -0.808349609, -0.473388672, -0.936517747, 0.311944049, 0.159469933, 0, 3, 1, 1, 
483.411712, 39, 0.1, 0.1, 0.000417156481, 0.372835694, -0.0199622804, 0.957691227, -1.29041327e-005, 0.287797694, 0.287797694, 1.38128022e-005, -0.957691227, 8.38288209e-006, 1, 1.69421792e-005, 0.957691261, -3.48641672e-005, 0.287797581, 0.287797581, 1.62011365e-006, -0.957691261, 3.29228435e-005, 0.999999999, 1.15853917e-005, 0, 0, 0, 0, 0, 0, 0, 0.241577832, -0.0248797119, -0.193296362, -0.0793515929, 0.808054048, -0.583723091, -0.907348633, 0.183959961, 0.377929688, 0.412758741, 0.559558742, 0.718692986, 0, -0, 0, 0, 0, 0, 0, 0.297088818, 0.0113039063, -0.163971777, 0.015666194, 0.496233443, -0.86793773, -0.341308594, -0.813110352, -0.471191406, -0.939667259, 0.303778792, 0.156716343, 0, 3, 1, 1, 
483.412399, 39, 0.1, 0.1, 0.000417147725, 0.372835692, -0.0199666916, 0.957691149, 3.65280992e-005, 0.287797955, 0.287797954, 1.65046589e-005, -0.957691149, -3.97326444e-005, 0.999999999, 5.29365351e-006, 0.957691161, 5.39148217e-005, 0.287797911, 0.287797911, 7.16554671e-006, -0.957691162, -5.36959776e-005, 0.999999999, -8.65419231e-006, 0, 0, 0, 0, 0, 0, 0, 0.241577832, -0.0248797119, -0.193296362, -0.0793515929, 0.808054048, -0.583723091, -0.907348633, 0.183959961, 0.377929688, 0.412758741, 0.559558742, 0.718692986, 0, -0, 0, 0, 0, 0, 0, 0.297088818, 0.0113039063, -0.163971777, 0.015666194, 0.496233443, -0.86793773, -0.341308594, -0.813110352, -0.471191406, -0.939667259, 0.303778792, 0.156716343, 0, 3, 1, 1, 
483.413089, 39, 0.1, 0.1, 0.000417152529, 0.372835695, -0.0199718215, 0.957690995, -4.51700211e-005, 0.287798464, 0.287798463, -2.78901392e-005, -0.957690996, 5.12856617e-005, 0.999999999, -1.37102725e-005, 0.957691028, -4.30642523e-005, 0.287798355, 0.287798354, -3.04546819e-005, -0.957691029, 5.00070554e-005, 0.999999999, -1.67723547e-005, 0, 0, 0, 0, 0, 0, 0, 0.241577832, -0.0248797119, -0.193296362, -0.0793515929, 0.808054048, -0.583723091, -0.907348633, 0.183959961, 0.377929688, 0.412758741, 0.559558742, 0.718692986, 0, -0, 0, 0, 0, 0, 0, 0.297088818, 0.0113039063, -0.163971777, 0.015666194, 0.496233443, -0.86793773, -0.341308594, -0.813110352, -0.471191406, -0.939667259, 0.303778792, 0.156716343, 0, 3, 1, 1, 
483.413775, 39, 0.1, 0.1, 0.000417153199, 0.372835693, -0.0199760889, 0.957690902, 4.02865314e-005, 0.287798774, 0.287798773, 3.37295447e-005, -0.957690903, -4.82893662e-005, 0.999999999, 2.07080638e-005, 0.957690905, 1.88030202e-005, 0.287798766, 0.287798765, 3.33223241e-005, -0.957690905, -2.75976052e-005, 0.999999999, 2.65010007e-005, 0, 0, 0, 0, 0, 0, 0, 0.241577832, -0.0248797119, -0.193296362, -0.0793515929, 0.808054048, -0.583723091, -0.907348633, 0.183959961, 0.377929688, 0.412758741, 0.559558742, 0.718692986, 0, -0, 0, 0, 0, 0, 0, 0.297088818, 0.0113039063, -0.163971777, 0.015666194, 0.496233443, -0.86793773, -0.341308594, -0.813110352, -0.471191406, -0.939667259, 0.303778792, 0.156716343, 0, 3, 1, 1, 
483.414459, 39, 0.1, 0.1, 0.000417142549, 0.372835693, -0.019978398, 0.957690973, 3.37911849e-005, 0.28779854, 0.28779854, -1.37989852e-005, -0.957690973, -2.8390185e-005, 0.999999999, -2.29402172e-005, 0.957690949, 5.27327619e-005, 0.287798615, 0.287798616, -1.06222564e-005, -0.95769095, -4.74446182e-005, 0.999999999, -2.53492547e-005, 0, 0, 0, 0, 0, 0, 0, 0.241577832, -0.0248797119, -0.193296362, -0.0793515929, 0.808054048, -0.583723091, -0.907348633, 0.183959961, 0.377929688, 0.412758741, 0.559558742, 0.718692986, 0, -0, 0, 0, 0, 0, 0, 0.297088818, 0.0113039063, -0.163971777, 0.015666194, 0.496233443, -0.86793773, -0.341308594, -0.813110352, -0.471191406, -0.939667259, 0.303778792, 0.156716343, 0, 3, 1, 1, 
483.415148, 39, 0.1, 0.1, 0.000417150652, 0.372835695, -0.0199781573, 0.957691096, -7.04763959e-005, 0.287798122, 0.287798122, -1.25869179e-005, -0.957691099, 7.11171084e-005, 0.999999997, 8.22859525e-006, 0.957691078, -6.6278689e-005, 0.287798185, 0.287798185, -6.92214662e-006, -0.95769108, 6.54666905e-005, 0.999999998, 1.24456083e-005, 0, 0, 0, 0, 0, 0, 0, 0.241577832, -0.0248797119, -0.193296362, -0.0793515929, 0.808054048, -0.583723091, -0.907348633, 0.183959961, 0.377929688, 0.412758741, 0.559558742, 0.718692986, 0, -0, 0, 0, 0, 0, 0, 0.297088818, 0.0113039063, -0.163971777, 0.015666194, 0.496233443, -0.86793773, -0.341308594, -0.813110352, -0.471191406, -0.939667259, 0.303778792, 0.156716343, 0, 3, 1, 1, 
483.415864, 39, 0.1, 0.1, 0.000417156546, 0.372835697, -0.0199753231, 0.957691149, 1.748703e-005, 0.287797956, 0.287797956, 1.73982366e-005, -0.957691149, -2.17543508e-005, 1, 1.16294057e-005, 0.957691137, -1.25854599e-005, 0.287797995, 0.287797995, 5.73730034e-006, -0.957691137, 1.04017999e-005, 1, 9.11663183e-006, 0, 0, 0, 0, 0, 0, 0, 0.243683032, -0.0273574707, -0.192393994, -0.0858214158, 0.807402158, -0.583589419, -0.909667969, 0.175292969, 0.376342773, 0.406244352, 0.563246158, 0.719536958, 0, -0, 0, 0, 0, 0, 0, 0.298769629, 0.0091703125, -0.162991064, 0.0118830549, 0.494244709, -0.869126593, -0.331054688, -0.818115234, -0.469848633, -0.943378936, 0.293504865, 0.154013791, 0, 3, 1, 1, 
483.416551, 39, 0.1, 0.1, 0.000417146821, 0.372835694, -0.0199711657, 0.95769127, 3.33627576e-005, 0.28779755, 0.28779755, 1.72217288e-005, -0.957691271, -3.69075931e-005, 0.999999999, 6.89137949e-006, 0.957691243, 5.26982656e-005, 0.287797637, 0.287797637, 9.8059618e-006, -0.957691245, -5.32908002e-005, 0.999999999, -5.77535254e-006, 0, 0, 0, 0, 0, 0, 0, 0.243683032, -0.0273574707, -0.192393994, -0.0858214158, 0.807402158, -0.583589419, -0.909667969, 0.175292969, 0.376342773, 0.406244352, 0.563246158, 0.719536958, 0, -0, 0, 0, 0, 0, 0, 0.298769629, 0.0091703125, -0.162991064, 0.0118830549, 0.494244709, -0.869126593, -0.331054688, -0.818115234, -0.469848633, -0.943378936, 0.293504865, 0.154013791, 0, 3, 1, 1, 
483.41724, 39, 0.1, 0.1, 0.000417152654, 0.372835698, -0.0199669563, 0.957691295, -4.91724547e-005, 0.287797465, 0.287797464, -2.77586185e-005, -0.957691296, 5.50808919e-005, 0.999999998, -1.24324795e-005, 0.957691294, -4.8619658e-005, 0.287797468, 0.287797467, -3.24894331e-005, -0.957691295, 5.59129999e-005, 0.999999998, -1.71222329e-005, 0, 0, 0, 0, 0, 0, 0, 0.243683032, -0.0273574707, -0.192393994, -0.0858214158, 0.807402158, -0.583589419, -0.909667969, 0.175292969, 0.376342773, 0.406244352, 0.563246158, 0.719536958, 0, -0, 0, 0, 0, 0, 0, 0.298769629, 0.0091703125, -0.162991064, 0.0118830549, 0.494244709, -0.869126593, -0.331054688, -0.818115234, -0.469848633, -0.943378936, 0.293504865, 0.154013791, 0, 3, 1, 1, 
483.417939, 39, 0.1, 0.1, 0.000417151256, 0.372835698, -0.0199638153, 0.957691345, 4.34496286e-005, 0.287797299, 0.287797299, 7.12634512e-006, -0.957691346, -4.36622762e-005, 0.999999999, -5.67984671e-006, 0.957691333, 3.38510487e-005, 0.287797342, 0.287797342, 1.18331979e-005, -0.957691333, -3.58244189e-005, 0.999999999, 1.59030918e-006, 0, 0, 0, 0, 0, 0, 0, 0.243683032, -0.0273574707, -0.192393994, -0.0858214158, 0.807402158, -0.583589419, -0.909667969, 0.175292969, 0.376342773, 0.406244352, 0.563246158, 0.719536958, 0, -0, 0, 0, 0, 0, 0, 0.298769629, 0.0091703125, -0.162991064, 0.0118830549, 0.494244709, -0.869126593, -0.331054688, -0.818115234, -0.469848633, -0.943378936, 0.293504865, 0.154013791, 0, 3, 1, 1, 
483.418652, 39, 0.1, 0.1, 0.000417150769, 0.372835697, -0.0199623253, 0.957691369, -1.86154063e-005, 0.287797224, 0.287797224, -1.73767293e-005, -0.957691369, 2.28287884e-005, 1, -1.12840814e-005, 0.957691377, -2.22448838e-005, 0.287797196, 0.287797196, 2.36061723e-006, -0.957691377, 2.06243544e-005, 1, 8.66275796e-006, 0, 0, 0, 0, 0, 0, 0, 0.245302686, -0.0297678467, -0.192273389, -0.0932857351, 0.808215051, -0.581266437, -0.91003418, 0.167480469, 0.37890625, 0.403595234, 0.564476919, 0.720157769, 0, -0, 0, 0, 0, 0, 0, 0.299869922, 0.00690991211, -0.163005713, 0.00579984856, 0.493553112, -0.869567357, -0.322998047, -0.822021484, -0.46875, -0.946227676, 0.283735501, 0.154703921, 0, 3, 1, 1, 
483.41934, 39, 0.1, 0.1, 0.000417149499, 0.372835698, -0.0199632008, 0.957691263, -1.411471e-006, 0.287797577, 0.287797577, -2.22937608e-006, -0.957691263, 1.99336248e-006, 1, -1.72883606e-006, 0.957691289, 1.0434099e-005, 0.28779749, 0.287797489, 8.79930539e-006, -0.957691289, -1.25250637e-005, 1, 5.42411062e-006, 0, 0, 0, 0, 0, 0, 0, 0.245302686, -0.0297678467, -0.192273389, -0.0932857351, 0.808215051, -0.581266437, -0.91003418, 0.167480469, 0.37890625, 0.403595234, 0.564476919, 0.720157769, 0, -0, 0, 0, 0, 0, 0, 0.299869922, 0.00690991211, -0.163005713, 0.00579984856, 0.493553112, -0.869567357, -0.322998047, -0.822021484, -0.46875, -0.946227676, 0.283735501, 0.154703921, 0, 3, 1, 1, 
483.420023, 39, 0.1, 0.1, 0.000417150792, 0.372835697, -0.0199659937, 0.957691149, -1.98263087e-005, 0.287797955, 0.287797956, 1.15533083e-005, -0.957691149, 1.56624619e-005, 1, 1.67704722e-005, 0.95769117, -1.64647017e-005, 0.287797884, 0.287797884, 9.20200857e-006, -0.95769117, 1.31197808e-005, 1, 1.35511887e-005, 0, 0, 0, 0, 0, 0, 0, 0.245302686, -0.0297678467, -0.192273389, -0.0932857351, 0.808215051, -0.581266437, -0.91003418, 0.167480469, 0.37890625, 0.403595234, 0.564476919, 0.720157769, 0, -0, 0, 0, 0, 0, 0, 0.299869922, 0.00690991211, -0.163005713, 0.00579984856, 0.493553112, -0.869567357, -0.322998047, -0.822021484, -0.46875, -0.946227676, 0.283735501, 0.154703921, 0, 3, 1, 1, 
483.420719, 39, 0.1, 0.1, 0.000417149245, 0.372835698, -0.0199697969, 0.957691048, -2.46897319e-007, 0.287798291, 0.287798291, -7.38357222e-008, -0.957691048, 2.57701147e-007, 1, 3.44816255e-010, 0.957691067, 1.50786747e-005, 0.287798229, 0.287798229, -7.65205615e-006, -0.957691067, -1.22384639e-005, 1, -1.16679217e-005, 0, 0, 0, 0, 0, 0, 0, 0.245302686, -0.0297678467, -0.192273389, -0.0932857351, 0.808215051, -0.581266437, -0.91003418, 0.167480469, 0.37890625, 0.403595234, 0.564476919, 0.720157769, 0, -0, 0, 0, 0, 0, 0, 0.299869922, 0.00690991211, -0.163005713, 0.00579984856, 0.493553112, -0.869567357, -0.322998047, -0.822021484, -0.46875, -0.946227676, 0.283735501, 0.154703921, 0, 3, 1, 1, 
483.421403, 39, 0.1, 0.1, 0.00041714916, 0.372835698, -0.019973307, 0.957690963, -1.60949719e-006, 0.287798575, 0.287798575, 1.10300989e-005, -0.957690963, -1.63304584e-006, 1, 1.1026637e-005, 0.957690979, 1.60480327e-006, 0.287798521, 0.287798521, 9.97680372e-006, -0.957690979, -4.40821497e-006, 1, 9.09283491e-006, 0, 0, 0, 0, 0, 0, 0, 0.245302686, -0.0297678467, -0.192273389, -0.0932857351, 0.808215051, -0.581266437, -0.91003418, 0.167480469, 0.37890625, 0.403595234, 0.564476919, 0.720157769, 0, -0, 0, 0, 0, 0, 0, 0.299869922, 0.00690991211, -0.163005713, 0.00579984856, 0.493553112, -0.869567357, -0.322998047, -0.822021484, -0.46875, -0.946227676, 0.283735501, 0.154703921, 0, 3, 1, 1, 
483.422092, 39, 0.1, 0.1, 0.000417148885, 0.3728357, -0.0199756357, 0.957690845, 1.24128516e-005, 0.287798968, 0.287798968, 1.49229017e-006, -0.957690845, -1.23171539e-005, 1, -2.14325324e-006, 0.957690874, 1.04941556e-005, 0.28779887, 0.28779887, -9.50405571e-006, -0.957690874, -7.31490054e-006, 1, -1.21221535e-005, 0, 0, 0, 0, 0, 0, 0, 0.245302686, -0.0297678467, -0.192273389, -0.0932857351, 0.808215051, -0.581266437, -0.91003418, 0.167480469, 0.37890625, 0.403595234, 0.564476919, 0.720157769, 0, -0, 0, 0, 0, 0, 0, 0.299869922, 0.00690991211, -0.163005713, 0.00579984856, 0.493553112, -0.869567357, -0.322998047, -0.822021484, -0.46875, -0.946227676, 0.283735501, 0.154703921, 0, 3, 1, 1, 
483.422782, 39, 0.1, 0.1, 0.000417149339, 0.372835697, -0.0199761764, 0.957690669, -1.01501532e-006, 0.287799554, 0.287799554, 2.26420239e-006, -0.957690669, 3.20434265e-007, 1, 2.46052646e-006, 0.957690701, -2.68755732e-006, 0.287799447, 0.287799447, 1.66894403e-005, -0.957690701, -2.22936305e-006, 1, 1.67567993e-005, 0, 0, 0, 0, 0, 0, 0, 0.245302686, -0.0297678467, -0.192273389, -0.0932857351, 0.808215051, -0.581266437, -0.91003418, 0.167480469, 0.37890625, 0.403595234, 0.564476919, 0.720157769, 0, -0, 0, 0, 0, 0, 0, 0.299869922, 0.00690991211, -0.163005713, 0.00579984856, 0.493553112, -0.869567357, -0.322998047, -0.822021484, -0.46875, -0.946227676, 0.283735501, 0.154703921, 0, 3, 1, 1, 
483.423504, 39, 0.1, 0.1, 0.000417147782, 0.372835703, -0.0199744922, 0.957690522, 3.32019915e-006, 0.287800043, 0.287800043, -2.06383377e-005, -0.957690521, 2.75999123e-006, 1, -2.07206939e-005, 0.957690543, 1.34209053e-006, 0.287799972, 0.287799972, -3.48687268e-005, -0.957690542, 8.7499112e-006, 0.999999999, -3.37797035e-005, 0, 0, 0, 0, 0, 0, 0, 0.247194531, -0.032450415, -0.192016943, -0.0997162442, 0.807994134, -0.580625408, -0.911132812, 0.16027832, 0.379516602, 0.399670049, 0.566983748, 0.720303424, 0, -0, 0, 0, 0, 0, 0, 0.301263281, 0.00439038086, -0.162622217, 0.000662335375, 0.491845827, -0.870564089, -0.315795898, -0.825805664, -0.466918945, -0.948731533, 0.27545504, 0.154844646, 0, 3, 1, 1, 
483.424192, 39, 0.1, 0.1, 0.000417147271, 0.372835702, -0.0199715908, 0.957690414, -1.79701914e-005, 0.2878004, 0.2878004, -9.43046755e-006, -0.957690414, 1.99239724e-005, 1, -3.8596401e-006, 0.957690438, -2.72190034e-006, 0.28780032, 0.287800321, 1.01718367e-005, -0.957690438, -3.20719937e-007, 1, 1.05248345e-005, 0, 0, 0, 0, 0, 0, 0, 0.247194531, -0.032450415, -0.192016943, -0.0997162442, 0.807994134, -0.580625408, -0.911132812, 0.16027832, 0.379516602, 0.399670049, 0.566983748, 0.720303424, 0, -0, 0, 0, 0, 0, 0, 0.301263281, 0.00439038086, -0.162622217, 0.000662335375, 0.491845827, -0.870564089, -0.315795898, -0.825805664, -0.466918945, -0.948731533, 0.27545504, 0.154844646, 0, 3, 1, 1, 
483.424882, 39, 0.1, 0.1, 0.000417149409, 0.372835702, -0.019968418, 0.957690335, 2.35960699e-005, 0.287800664, 0.287800664, 1.08181429e-005, -0.957690335, -2.57111968e-005, 1, 3.56946629e-006, 0.957690341, -4.89153549e-006, 0.287800644, 0.287800644, 9.72491992e-006, -0.957690341, 1.88573808e-006, 1, 1.07212489e-005, 0, 0, 0, 0, 0, 0, 0, 0.247194531, -0.032450415, -0.192016943, -0.0997162442, 0.807994134, -0.580625408, -0.911132812, 0.16027832, 0.379516602, 0.399670049, 0.566983748, 0.720303424, 0, -0, 0, 0, 0, 0, 0, 0.301263281, 0.00439038086, -0.162622217, 0.000662335375, 0.491845827, -0.870564089, -0.315795898, -0.825805664, -0.466918945, -0.948731533, 0.27545504, 0.154844646, 0, 3, 1, 1, 
483.425569, 39, 0.1, 0.1, 0.000417143378, 0.372835702, -0.0199659428, 0.957690357, -1.03894907e-005, 0.28780059, 0.287800591, 2.10458182e-005, -0.957690357, 3.89291619e-006, 1, 2.31454787e-005, 0.957690351, 2.30503348e-005, 0.28780061, 0.28780061, 5.89897453e-006, -0.957690351, -2.37728117e-005, 1, -9.8450944e-007, 0, 0, 0, 0, 0, 0, 0, 0.247194531, -0.032450415, -0.192016943, -0.0997162442, 0.807994134, -0.580625408, -0.911132812, 0.16027832, 0.379516602, 0.399670049, 0.566983748, 0.720303424, 0, -0, 0, 0, 0, 0, 0, 0.301263281, 0.00439038086, -0.162622217, 0.000662335375, 0.491845827, -0.870564089, -0.315795898, -0.825805664, -0.466918945, -0.948731533, 0.27545504, 0.154844646, 0, 3, 1, 1, 
483.426257, 39, 0.1, 0.1, 0.000417145795, 0.3728357, -0.0199648041, 0.957690365, 3.021181e-005, 0.287800563, 0.287800564, -2.04450646e-005, -0.957690365, -2.30494583e-005, 0.999999999, -2.82750174e-005, 0.957690367, -4.10662057e-006, 0.287800559, 0.287800559, 2.28295629e-006, -0.957690367, 3.27583486e-006, 1, 3.36825294e-006, 0, 0, 0, 0, 0, 0, 0, 0.247194531, -0.032450415, -0.192016943, -0.0997162442, 0.807994134, -0.580625408, -0.911132812, 0.16027832, 0.379516602, 0.399670049, 0.566983748, 0.720303424, 0, -0, 0, 0, 0, 0, 0, 0.301263281, 0.00439038086, -0.162622217, 0.000662335375, 0.491845827, -0.870564089, -0.315795898, -0.825805664, -0.466918945, -0.948731533, 0.27545504, 0.154844646, 0, 3, 1, 1, 
483.426944, 39, 0.1, 0.1, 0.000417138973, 0.372835706, -0.0199652615, 0.957690369, -7.77755027e-006, 0.287800552, 0.287800552, -7.22203709e-006, -0.957690369, 9.52699124e-006, 1, -4.6780921e-006, 0.957690368, 2.61423134e-005, 0.287800554, 0.287800555, -2.58289513e-005, -0.957690367, -1.76026553e-005, 0.999999999, -3.22599102e-005, 0, 0, 0, 0, 0, 0, 0, 0.247194531, -0.032450415, -0.192016943, -0.0997162442, 0.807994134, -0.580625408, -0.911132812, 0.16027832, 0.379516602, 0.399670049, 0.566983748, 0.720303424, 0, -0, 0, 0, 0, 0, 0, 0.301263281, 0.00439038086, -0.162622217, 0.000662335375, 0.491845827, -0.870564089, -0.315795898, -0.825805664, -0.466918945, -0.948731533, 0.27545504, 0.154844646, 0, 3, 1, 1, 
483.427644, 39, 0.1, 0.1, 0.000417144575, 0.372835696, -0.0199670786, 0.957690493, 1.73891542e-006, 0.287800139, 0.287800138, 5.76987898e-005, -0.957690491, -1.82710625e-005, 0.999999998, 5.47571223e-005, 0.957690458, -2.76511967e-005, 0.287800253, 0.287800254, 6.24112741e-005, -0.957690456, 8.51930672e-006, 0.999999998, 6.77287032e-005, 0, 0, 0, 0, 0, 0, 0, 0.247194531, -0.032450415, -0.192016943, -0.105924715, 0.807633553, -0.579946187, -0.912231445, 0.153076172, 0.379760742, 0.395586105, 0.569389105, 0.720690214, 0, -0, 0, 0, 0, 0, 0, 0.301263281, 0.00439038086, -0.162622217, 0.000662335375, 0.491845827, -0.870564089, -0.315795898, -0.825805664, -0.466918945, -0.948731533, 0.27545504, 0.154844646, 0, 3, 1, 1, 
483.428342, 39, 0.1, 0.1, 0.000417139302, 0.372835701, -0.0199693859, 0.957690789, 8.89325027e-006, 0.287799153, 0.287799153, -8.09276262e-005, -0.957690786, 1.47739185e-005, 0.999999997, -8.00631121e-005, 0.957690712, 2.85456065e-005, 0.287799408, 0.287799409, -5.94464275e-005, -0.95769071, -1.02292156e-005, 0.999999998, -6.51467001e-005, 0, 0, 0, 0, 0, 0, 0, 0.248873999, -0.0351404297, -0.191311328, -0.105924715, 0.807633553, -0.579946187, -0.912231445, 0.153076172, 0.379760742, 0.395586105, 0.569389105, 0.720690214, 0, -0, 0, 0, 0, 0, 0, 0.302415088, 0.0020953125, -0.162223828, -0.00470522118, 0.490496183, -0.871305258, -0.307861328, -0.829711914, -0.465454102, -0.951382312, 0.266107483, 0.154889489, 0, 3, 1, 1, 
483.429059, 39, 0.1, 0.1, 0.000417141158, 0.372835712, -0.0199716597, 0.95769122, -2.53457417e-006, 0.28779772, 0.28779772, 4.47530721e-006, -0.95769122, 1.13935621e-006, 1, 5.01540709e-006, 0.957691127, -1.19405382e-005, 0.287798027, 0.287798026, -3.65402955e-005, -0.957691127, 2.19515725e-005, 0.999999999, -3.15578535e-005, 0, 0, 0, 0, 0, 0, 0, 0.248873999, -0.0351404297, -0.191311328, -0.105924715, 0.807633553, -0.579946187, -0.912231445, 0.153076172, 0.379760742, 0.395586105, 0.569389105, 0.720690214, 0, -0, 0, 0, 0, 0, 0, 0.302415088, 0.0020953125, -0.162223828, -0.00470522118, 0.490496183, -0.871305258, -0.307861328, -0.829711914, -0.465454102, -0.951382312, 0.266107483, 0.154889489, 0, 3, 1, 1, 
483.429746, 39, 0.1, 0.1, 0.000417135212, 0.372835703, -0.0199730274, 0.957691701, 3.01159059e-005, 0.287796117, 0.287796115, 4.35763952e-005, -0.957691701, -4.13828704e-005, 0.999999999, 3.30655114e-005, 0.95769161, 3.6681316e-005, 0.28779642, 0.287796418, 5.78130598e-005, -0.957691609, -5.17677802e-005, 0.999999998, 4.4810331e-005, 0, 0, 0, 0, 0, 0, 0, 0.248873999, -0.0351404297, -0.191311328, -0.105924715, 0.807633553, -0.579946187, -0.912231445, 0.153076172, 0.379760742, 0.395586105, 0.569389105, 0.720690214, 0, -0, 0, 0, 0, 0, 0, 0.302415088, 0.0020953125, -0.162223828, -0.00470522118, 0.490496183, -0.871305258, -0.307861328, -0.829711914, -0.465454102, -0.951382312, 0.266107483, 0.154889489, 0, 3, 1, 1, 
483.430431, 39, 0.1, 0.1, 0.00041713673, 0.372835708, -0.0199734621, 0.957692132, -2.12892574e-005, 0.287794685, 0.287794684, -4.63294257e-005, -0.957692131, 3.37219168e-005, 0.999999999, -3.82423914e-005, 0.957692049, -1.99423277e-005, 0.287794959, 0.287794958, -4.70066509e-005, -0.957692049, 3.26268859e-005, 0.999999999, -3.92785945e-005, 0, 0, 0, 0, 0, 0, 0, 0.248873999, -0.0351404297, -0.191311328, -0.105924715, 0.807633553, -0.579946187, -0.912231445, 0.153076172, 0.379760742, 0.395586105, 0.569389105, 0.720690214, 0, -0, 0, 0, 0, 0, 0, 0.302415088, 0.0020953125, -0.162223828, -0.00470522118, 0.490496183, -0.871305258, -0.307861328, -0.829711914, -0.465454102, -0.951382312, 0.266107483, 0.154889489, 0, 3, 1, 1, 
