time, trialNum, realDorsalTactorPos, realVentralTactorPos, boxPosX, boxPosY, boxPosZ, boxLocalRot_11, boxLocalRot_12, boxLocalRot_13, boxLocalRot_21, boxLocalRot_22, boxLocalRot_23, boxLocalRot_31, boxLocalRot_32, boxLocalRot_33, boxGlobalRot_11, boxGlobalRot_12, boxGlobalRot_13, boxGlobalRot_21, boxGlobalRot_22, boxGlobalRot_23, boxGlobalRot_31, boxGlobalRot_32, boxGlobalRot_33, indexForceX, indexForceY, indexForceZ, indexForceGlobalX, indexForceGlobalY, indexForceGlobalZ, indexContact, indexPosX, indexPosY, indexPosZ, indexRot_11, indexRot_12, indexRot_13, indexRot_21, indexRot_22, indexRot_23, indexRot_31, indexRot_32, indexRot_33, thumbForceX, thumbForceY, thumbForceZ, thumbForceGlobalX, thumbForceGlobalY, thumbForceGlobalZ, thumbContact, thumbPosX, thumbPosY, thumbPosZ, thumbRot_11, thumbRot_12, thumbRot_13, thumbRot_21, thumbRot_22, thumbRot_23, thumbRot_31, thumbRot_32, thumbRot_33, manipForceTooHigh, cceExpType, mapping, trialSuccess, 
906.823289, 65, 0.1, 0.1, 0.00924996979, 0.362135397, -0.019973172, 0.979270076, 9.25450096e-006, 0.202558927, 0.202558927, 1.7367844e-005, -0.979270076, -1.25806677e-005, 1, 1.51332281e-005, 0.979270115, 2.00483277e-005, 0.202558735, 0.202558735, -8.68768008e-006, -0.979270115, -1.78729626e-005, 1, -1.25685494e-005, 0, 0, 0, 0, 0, 0, 0, 0.30899812, -0.121584692, -0.209313818, 0.0174871208, 0.692846916, -0.720887976, -0.999145508, 0.0366210937, 0.0108642578, 0.0339371166, 0.720183668, 0.693082059, 0, 0, -0, 0, 0, 0, 0, 0.337902686, -0.0745403809, -0.173239014, 0.0610255492, 0.331621477, -0.941416595, 0.347412109, -0.891235352, -0.291381836, -0.935636255, -0.309192994, -0.169523929, 0, 3, 5, 1, 
906.828013, 65, 0.1, 0.1, 0.00924996974, 0.362135397, -0.019955966, 0.979267812, 0.000129913522, 0.20256983, 0.202569844, -0.000101631551, -0.979267812, -0.000106632645, 0.999999986, -0.000125841068, 0.979267858, 0.000174774446, 0.202569573, 0.202569596, -0.000125784402, -0.979267861, -0.000145670905, 0.999999977, -0.000158580611, 0, 0, 0, 0, 0, 0, 0, 0.3131552, -0.127166479, -0.207758569, 0.00774063779, 0.692802732, -0.72102764, -0.999633789, 0.0220947266, 0.0103759766, 0.0231216145, 0.720685034, 0.692980588, 0, 0, -0, 0, 0, 0, 0, 0.340338916, -0.0782713379, -0.171923486, 0.0551862458, 0.329006045, -0.942643004, 0.35949707, -0.887329102, -0.288696289, -0.931463025, -0.322846842, -0.167197976, 0, 3, 5, 1, 
906.82906, 65, 0.1, 0.1, 0.00924998429, 0.362135391, -0.019960609, 0.979267592, -0.00011635222, 0.202570898, 0.202570907, 7.30631309e-005, -0.979267595, 9.91394947e-005, 0.999999991, 9.51179311e-005, 0.979267631, -0.000110699118, 0.202570714, 0.202570721, 6.28057537e-005, -0.979267634, 9.56814575e-005, 0.999999992, 8.39280419e-005, 0, 0, 0, 0, 0, 0, 0, 0.3131552, -0.127166479, -0.207758569, 0.00774063779, 0.692802732, -0.72102764, -0.999633789, 0.0220947266, 0.0103759766, 0.0231216145, 0.720685034, 0.692980588, 0, 0, -0, 0, 0, 0, 0, 0.341175977, -0.0794654297, -0.171485303, 0.0551862458, 0.329006045, -0.942643004, 0.35949707, -0.887329102, -0.288696289, -0.931463025, -0.322846842, -0.167197976, 0, 3, 5, 1, 
906.830128, 65, 0.1, 0.1, 0.00924998555, 0.36213539, -0.0199619898, 0.979267509, 6.31766851e-005, 0.202571327, 0.202571331, -7.6849006e-005, -0.979267507, -4.62994698e-005, 0.999999995, -8.80535198e-005, 0.979267501, 4.23390202e-005, 0.202571369, 0.20257137, -3.80143727e-005, -0.979267501, -3.3760603e-005, 0.999999998, -4.58029131e-005, 0, 0, 0, 0, 0, 0, 0, 0.3131552, -0.127166479, -0.207758569, 0.00350542972, 0.694337908, -0.719573718, -0.999755859, 0.015625, 0.0100097656, 0.0182307685, 0.71945315, 0.694357004, 0, 0, -0, 0, 0, 0, 0, 0.341175977, -0.0794654297, -0.171485303, 0.0551862458, 0.329006045, -0.942643004, 0.35949707, -0.887329102, -0.288696289, -0.931463025, -0.322846842, -0.167197976, 0, 3, 5, 1, 
906.8312, 65, 0.1, 0.1, 0.00924998305, 0.362135408, -0.0199592615, 0.979267664, -4.38913612e-005, 0.20257058, 0.202570581, 2.34202065e-005, -0.979267665, 3.8237146e-005, 0.999999999, 3.18257495e-005, 0.979267608, -3.44177611e-005, 0.202570852, 0.202570851, -3.65185083e-005, -0.979267609, 4.1101784e-005, 0.999999999, -2.87893572e-005, 0, 0, 0, 0, 0, 0, 0, 0.31426333, -0.127538257, -0.207233594, 0.00350542972, 0.694337908, -0.719573718, -0.999755859, 0.015625, 0.0100097656, 0.0182307685, 0.71945315, 0.694357004, 0, 0, -0, 0, 0, 0, 0, 0.342016455, -0.0804562988, -0.170823877, 0.0539277538, 0.328820111, -0.942764406, 0.36328125, -0.885864258, -0.288208008, -0.929999642, -0.326916894, -0.167210736, 0, 3, 5, 1, 
906.83225, 65, 0.1, 0.1, 0.00924997873, 0.36213539, -0.0199546586, 0.979268129, 1.82666626e-005, 0.202568338, 0.202568338, 3.03410905e-006, -0.979268129, -1.8502575e-005, 1, -7.29041188e-007, 0.979268025, 3.06871797e-005, 0.202568838, 0.202568836, 5.72281288e-005, -0.979268024, -4.16436094e-005, 0.999999998, 4.98254104e-005, 0, 0, 0, 0, 0, 0, 0, 0.31426333, -0.127538257, -0.207233594, 0.00350542972, 0.694337908, -0.719573718, -0.999755859, 0.015625, 0.0100097656, 0.0182307685, 0.71945315, 0.694357004, 0, 0, -0, 0, 0, 0, 0, 0.342016455, -0.0804562988, -0.170823877, 0.0539277538, 0.328820111, -0.942764406, 0.36328125, -0.885864258, -0.288208008, -0.929999642, -0.326916894, -0.167210736, 0, 3, 5, 1, 
906.833319, 65, 0.1, 0.1, 0.0092499836, 0.362135394, -0.0199497994, 0.979268794, 2.79821716e-005, 0.202565123, 0.202565122, 3.99915472e-005, -0.979268793, -3.55029601e-005, 0.999999999, 3.34942622e-005, 0.979268656, -1.85976934e-005, 0.202565789, 0.20256579, 1.66947147e-005, -0.979268656, 1.48303601e-005, 1, 2.01158673e-005, 0, 0, 0, 0, 0, 0, 0, 0.31426333, -0.127538257, -0.207233594, 0.00350542972, 0.694337908, -0.719573718, -0.999755859, 0.015625, 0.0100097656, 0.0182307685, 0.71945315, 0.694357004, 0, 0, -0, 0, 0, 0, 0, 0.342016455, -0.0804562988, -0.170823877, 0.0539277538, 0.328820111, -0.942764406, 0.36328125, -0.885864258, -0.288208008, -0.929999642, -0.326916894, -0.167210736, 0, 3, 5, 1, 
906.834088, 65, 0.1, 0.1, 0.00924997521, 0.362135396, -0.0199496695, 0.979269375, -2.63104027e-005, 0.20256231, 0.202562308, -6.14150444e-005, -0.979269374, 3.82053448e-005, 0.999999998, -5.48123763e-005, 0.979269262, 1.93219553e-005, 0.202562858, 0.202562858, -5.05680112e-005, -0.979269261, -8.678196e-006, 0.999999999, -5.34336095e-005, 0, 0, 0, 0, 0, 0, 0, 0.31426333, -0.127538257, -0.207233594, 0.00350542972, 0.694337908, -0.719573718, -0.999755859, 0.015625, 0.0100097656, 0.0182307685, 0.71945315, 0.694357004, 0, 0, -0, 0, 0, 0, 0, 0.342016455, -0.0804562988, -0.170823877, 0.0539277538, 0.328820111, -0.942764406, 0.36328125, -0.885864258, -0.288208008, -0.929999642, -0.326916894, -0.167210736, 0, 3, 5, 1, 
906.834782, 65, 0.1, 0.1, 0.00924998724, 0.362135395, -0.0199557725, 0.979270032, -3.85617559e-005, 0.202559135, 0.202559137, 6.02853166e-005, -0.97927003, 2.55510303e-005, 0.999999997, 6.68466399e-005, 0.97926989, -6.85695729e-005, 0.202559815, 0.202559818, 4.28091004e-005, -0.97926989, 5.84767147e-005, 0.999999997, 5.58111033e-005, 0, 0, 0, 0, 0, 0, 0, 0.31426333, -0.127538257, -0.207233594, 0.00350542972, 0.694337908, -0.719573718, -0.999755859, 0.015625, 0.0100097656, 0.0182307685, 0.71945315, 0.694357004, 0, 0, -0, 0, 0, 0, 0, 0.342016455, -0.0804562988, -0.170823877, 0.0539277538, 0.328820111, -0.942764406, 0.36328125, -0.885864258, -0.288208008, -0.929999642, -0.326916894, -0.167210736, 0, 3, 5, 1, 
906.835498, 65, 0.1, 0.1, 0.00924997561, 0.362135391, -0.0199653439, 0.979270838, 7.18830214e-005, 0.20255523, 0.202555233, -3.22435521e-005, -0.979270839, -6.38618466e-005, 0.999999997, -4.61354525e-005, 0.979270672, 7.61863847e-005, 0.202556028, 0.202556029, -5.11350039e-006, -0.979270675, -7.3571322e-005, 0.999999997, -2.04395125e-005, 0, 0, 0, 0, 0, 0, 0, 0.316470337, -0.127464893, -0.206484033, -0.000908755579, 0.695853988, -0.718100699, -0.99987793, 0.00708007812, 0.00805664063, 0.0106492472, 0.718100699, 0.695853988, 0, 0, -0, 0, 0, 0, 0, 0.343618213, -0.0810460938, -0.169529834, 0.0538194786, 0.32842309, -0.942975493, 0.369018555, -0.883911133, -0.286865234, -0.927801654, -0.332482045, -0.168705835, 0, 3, 5, 1, 
906.836181, 65, 0.1, 0.1, 0.00924997592, 0.362135401, -0.0199749229, 0.979271683, -5.72063928e-005, 0.20255115, 0.202551148, -3.11303401e-005, -0.979271684, 6.23260868e-005, 0.999999998, -1.889784e-005, 0.97927151, -3.68598268e-005, 0.202551988, 0.202551986, -4.97189917e-005, -0.97927151, 4.61664589e-005, 0.999999998, -4.1222361e-005, 0, 0, 0, 0, 0, 0, 0, 0.316470337, -0.127464893, -0.206484033, -0.000908755579, 0.695853988, -0.718100699, -0.99987793, 0.00708007812, 0.00805664063, 0.0106492472, 0.718100699, 0.695853988, 0, 0, -0, 0, 0, 0, 0, 0.343618213, -0.0810460938, -0.169529834, 0.0538194786, 0.32842309, -0.942975493, 0.369018555, -0.883911133, -0.286865234, -0.927801654, -0.332482045, -0.168705835, 0, 3, 5, 1, 
906.836867, 65, 0.1, 0.1, 0.0092499871, 0.362135396, -0.0199822987, 0.979272571, -3.74402886e-005, 0.202546859, 0.20254686, 4.71764504e-005, -0.97927257, 2.71088058e-005, 0.999999998, 5.37820168e-005, 0.979272396, -5.59310687e-005, 0.2025477, 0.202547703, 4.24217622e-005, -0.979272396, 4.61793213e-005, 0.999999998, 5.28711702e-005, 0, 0, 0, 0, 0, 0, 0, 0.316470337, -0.127464893, -0.206484033, -0.000908755579, 0.695853988, -0.718100699, -0.99987793, 0.00708007812, 0.00805664063, 0.0106492472, 0.718100699, 0.695853988, 0, 0, -0, 0, 0, 0, 0, 0.343618213, -0.0810460938, -0.169529834, 0.0538194786, 0.32842309, -0.942975493, 0.369018555, -0.883911133, -0.286865234, -0.927801654, -0.332482045, -0.168705835, 0, 3, 5, 1, 
906.83755, 65, 0.1, 0.1, 0.00924997984, 0.362135391, -0.0199856256, 0.979273452, 7.02636407e-005, 0.202542589, 0.20254259, -5.17997949e-006, -0.979273455, -6.77581517e-005, 0.999999998, -1.93039962e-005, 0.979273274, 5.73836908e-005, 0.202543454, 0.202543453, 1.47531109e-005, -0.979273276, -5.91824609e-005, 0.999999998, 2.82463634e-006, 0, 0, 0, 0, 0, 0, 0, 0.316470337, -0.127464893, -0.206484033, -0.000908755579, 0.695853988, -0.718100699, -0.99987793, 0.00708007812, 0.00805664063, 0.0106492472, 0.718100699, 0.695853988, 0, 0, -0, 0, 0, 0, 0, 0.343618213, -0.0810460938, -0.169529834, 0.0538194786, 0.32842309, -0.942975493, 0.369018555, -0.883911133, -0.286865234, -0.927801654, -0.332482045, -0.168705835, 0, 3, 5, 1, 
906.838231, 65, 0.1, 0.1, 0.009249967, 0.362135399, -0.0199843856, 0.979274328, 3.71905583e-005, 0.202538365, 0.202538367, -4.95291059e-005, -0.979274327, -2.63882148e-005, 0.999999998, -5.60350969e-005, 0.979274155, 5.58174318e-005, 0.202539195, 0.202539197, -4.93177657e-005, -0.979274155, -4.46717878e-005, 0.999999997, -5.96008312e-005, 0, 0, 0, 0, 0, 0, 0, 0.316470337, -0.127464893, -0.206484033, -0.000908755579, 0.695853988, -0.718100699, -0.99987793, 0.00708007812, 0.00805664063, 0.0106492472, 0.718100699, 0.695853988, 0, 0, -0, 0, 0, 0, 0, 0.343618213, -0.0810460938, -0.169529834, 0.0538194786, 0.32842309, -0.942975493, 0.369018555, -0.883911133, -0.286865234, -0.927801654, -0.332482045, -0.168705835, 0, 3, 5, 1, 
906.838914, 65, 0.1, 0.1, 0.00924997261, 0.362135402, -0.0199791523, 0.979275185, -6.47220065e-005, 0.202534213, 0.202534214, 2.16454376e-005, -0.979275187, 5.89967134e-005, 0.999999998, 3.43052606e-005, 0.979275015, -5.69325725e-005, 0.202535036, 0.202535037, 4.54824677e-006, -0.979275017, 5.48314666e-005, 0.999999998, 1.59848251e-005, 0, 0, 0, 0, 0, 0, 0, 0.316470337, -0.127464893, -0.206484033, -0.000908755579, 0.695853988, -0.718100699, -0.99987793, 0.00708007812, 0.00805664063, 0.0106492472, 0.718100699, 0.695853988, 0, 0, -0, 0, 0, 0, 0, 0.343618213, -0.0810460938, -0.169529834, 0.0538194786, 0.32842309, -0.942975493, 0.369018555, -0.883911133, -0.286865234, -0.927801654, -0.332482045, -0.168705835, 0, 3, 5, 1, 
906.839607, 65, 0.1, 0.1, 0.00924997684, 0.362135396, -0.0199717123, 0.979276048, 1.87639382e-005, 0.202530053, 0.202530053, 8.90124173e-006, -0.979276048, -2.01778442e-005, 1, 4.91651142e-006, 0.979275861, -4.08895588e-006, 0.202530954, 0.202530955, 2.94486425e-005, -0.979275861, -1.96004589e-006, 1, 2.96664849e-005, 0, 0, 0, 0, 0, 0, 0, 0.316470337, -0.127464893, -0.206484033, 0.000499861505, 0.694134965, -0.719713381, -0.99987793, 0.00769042968, 0.00671386719, 0.0101789603, 0.719732477, 0.694255533, 0, 0, -0, 0, 0, 0, 0, 0.343618213, -0.0810460938, -0.169529834, 0.0538194786, 0.32842309, -0.942975493, 0.369018555, -0.883911133, -0.286865234, -0.927801654, -0.332482045, -0.168705835, 0, 3, 5, 1, 
906.840303, 65, 0.1, 0.1, 0.00924997354, 0.362135405, -0.0199642863, 0.979276934, -1.76880459e-005, 0.202525769, 0.202525768, -4.0491849e-005, -0.979276933, 2.55221382e-005, 0.999999999, -3.60704486e-005, 0.979276763, -3.53143087e-006, 0.202526596, 0.202526596, -5.329455e-005, -0.979276761, 1.4251812e-005, 0.999999999, -5.14749057e-005, 0, 0, 0, 0, 0, 0, 0, 0.31721062, -0.130226685, -0.205008618, 0.000499861505, 0.694134965, -0.719713381, -0.99987793, 0.00769042968, 0.00671386719, 0.0101789603, 0.719732477, 0.694255533, 0, 0, -0, 0, 0, 0, 0, 0.344609326, -0.0834499023, -0.168250439, 0.0551038569, 0.326218539, -0.943627343, 0.370239258, -0.884277344, -0.284057617, -0.927175689, -0.333695694, -0.169510803, 0, 3, 5, 1, 
906.840999, 65, 0.1, 0.1, 0.00924997377, 0.362135397, -0.0199590306, 0.979277829, 7.92594345e-006, 0.202521442, 0.202521441, 6.10505555e-005, -0.979277827, -2.01257472e-005, 0.999999998, 5.81802819e-005, 0.979277657, 8.58212303e-006, 0.202522273, 0.202522272, 6.62565661e-005, -0.979277655, -2.18227117e-005, 0.999999998, 6.31455037e-005, 0, 0, 0, 0, 0, 0, 0, 0.31721062, -0.130226685, -0.205008618, 0.000499861505, 0.694134965, -0.719713381, -0.99987793, 0.00769042968, 0.00671386719, 0.0101789603, 0.719732477, 0.694255533, 0, 0, -0, 0, 0, 0, 0, 0.344609326, -0.0834499023, -0.168250439, 0.0551038569, 0.326218539, -0.943627343, 0.370239258, -0.884277344, -0.284057617, -0.927175689, -0.333695694, -0.169510803, 0, 3, 5, 1, 
906.841682, 65, 0.1, 0.1, 0.0092499757, 0.362135402, -0.019957461, 0.979278587, -1.30894259e-006, 0.202517776, 0.202517775, -7.50685627e-005, -0.979278584, 1.64845378e-005, 0.999999997, -7.32479518e-005, 0.979278456, -1.71316381e-005, 0.202518407, 0.202518405, -6.64199764e-005, -0.979278454, 3.02279119e-005, 0.999999998, -6.15741799e-005, 0, 0, 0, 0, 0, 0, 0, 0.31721062, -0.130226685, -0.205008618, 0.000499861505, 0.694134965, -0.719713381, -0.99987793, 0.00769042968, 0.00671386719, 0.0101789603, 0.719732477, 0.694255533, 0, 0, -0, 0, 0, 0, 0, 0.344609326, -0.0834499023, -0.168250439, 0.0551038569, 0.326218539, -0.943627343, 0.370239258, -0.884277344, -0.284057617, -0.927175689, -0.333695694, -0.169510803, 0, 3, 5, 1, 
906.842366, 65, 0.1, 0.1, 0.00924997254, 0.362135405, -0.0199597219, 0.979279119, -2.50662987e-005, 0.2025152, 0.202515201, 3.94977544e-005, -0.979279118, 1.65480073e-005, 0.999999999, 4.37556326e-005, 0.979279032, 4.6576661e-006, 0.202515621, 0.20251562, 1.7890926e-005, -0.979279032, -8.18434672e-006, 1, 1.65769585e-005, 0, 0, 0, 0, 0, 0, 0, 0.31721062, -0.130226685, -0.205008618, 0.000499861505, 0.694134965, -0.719713381, -0.99987793, 0.00769042968, 0.00671386719, 0.0101789603, 0.719732477, 0.694255533, 0, 0, -0, 0, 0, 0, 0, 0.344609326, -0.0834499023, -0.168250439, 0.0551038569, 0.326218539, -0.943627343, 0.370239258, -0.884277344, -0.284057617, -0.927175689, -0.333695694, -0.169510803, 0, 3, 5, 1, 
906.843064, 65, 0.1, 0.1, 0.00924997583, 0.362135399, -0.0199647388, 0.979279539, 1.43962154e-005, 0.202513172, 0.202513172, -9.06406241e-006, -0.979279539, -1.22623272e-005, 1, -1.17916741e-005, 0.979279455, -2.05561563e-006, 0.202513578, 0.202513578, 2.18783504e-005, -0.979279455, -2.41764087e-006, 1, 2.18413091e-005, 0, 0, 0, 0, 0, 0, 0, 0.31721062, -0.130226685, -0.205008618, 0.000499861505, 0.694134965, -0.719713381, -0.99987793, 0.00769042968, 0.00671386719, 0.0101789603, 0.719732477, 0.694255533, 0, 0, -0, 0, 0, 0, 0, 0.34496792, -0.0855623535, -0.16780835, 0.0537429196, 0.32497244, -0.944144666, 0.370727539, -0.884399414, -0.283325195, -0.927073244, -0.334685864, -0.168092263, 0, 3, 5, 1, 
906.84375, 65, 0.1, 0.1, 0.00924997597, 0.362135406, -0.0199709488, 0.979279992, -2.36217314e-005, 0.202510977, 0.202510976, -2.19093091e-005, -0.979279993, 2.75691646e-005, 0.999999999, -1.66716881e-005, 0.979279899, -1.96226575e-005, 0.202511429, 0.202511428, -4.0459914e-005, -0.979279899, 2.74096691e-005, 0.999999999, -3.56477681e-005, 0, 0, 0, 0, 0, 0, 0, 0.31721062, -0.130226685, -0.205008618, 0.000499861505, 0.694134965, -0.719713381, -0.99987793, 0.00769042968, 0.00671386719, 0.0101789603, 0.719732477, 0.694255533, 0, 0, -0, 0, 0, 0, 0, 0.34496792, -0.0855623535, -0.16780835, 0.0537429196, 0.32497244, -0.944144666, 0.370727539, -0.884399414, -0.283325195, -0.927073244, -0.334685864, -0.168092263, 0, 3, 5, 1, 
906.844436, 65, 0.1, 0.1, 0.00924997311, 0.3621354, -0.01997653, 0.979280496, 3.70259352e-005, 0.202508542, 0.202508541, 3.7058587e-005, -0.979280496, -4.37634566e-005, 0.999999999, 2.87926834e-005, 0.979280392, 2.89993393e-005, 0.202509044, 0.202509042, 4.25900509e-005, -0.979280392, -3.70233548e-005, 0.999999999, 3.58349733e-005, 0, 0, 0, 0, 0, 0, 0, 0.31721062, -0.130226685, -0.205008618, 0.000499861505, 0.694134965, -0.719713381, -0.99987793, 0.00769042968, 0.00671386719, 0.0101789603, 0.719732477, 0.694255533, 0, 0, -0, 0, 0, 0, 0, 0.34496792, -0.0855623535, -0.16780835, 0.0537429196, 0.32497244, -0.944144666, 0.370727539, -0.884399414, -0.283325195, -0.927073244, -0.334685864, -0.168092263, 0, 3, 5, 1, 
906.845135, 65, 0.1, 0.1, 0.00924996913, 0.362135402, -0.0199798044, 0.979281033, -1.26052304e-005, 0.202505946, 0.202505946, -2.41444089e-005, -0.979281033, 1.72334494e-005, 1, -2.10915276e-005, 0.979280926, 1.35762349e-006, 0.202506463, 0.202506463, -2.30602971e-005, -0.979280926, 3.34036442e-006, 1, -2.28574366e-005, 0, 0, 0, 0, 0, 0, 0, 0.317381616, -0.132733984, -0.204171802, -0.000547053306, 0.693062963, -0.720748313, -0.99987793, 0.00732421874, 0.00769042969, 0.0105919591, 0.720767409, 0.69318353, 0, 0, -0, 0, 0, 0, 0, 0.34496792, -0.0855623535, -0.16780835, 0.0537429196, 0.32497244, -0.944144666, 0.370727539, -0.884399414, -0.283325195, -0.927073244, -0.334685864, -0.168092263, 0, 3, 5, 1, 
906.845817, 65, 0.1, 0.1, 0.00924997104, 0.362135402, -0.0199799988, 0.97928157, 8.77824187e-006, 0.20250335, 0.20250335, 5.4603926e-006, -0.97928157, -9.70211827e-006, 1, 3.56963845e-006, 0.979281464, -9.25856604e-006, 0.202503862, 0.202503862, 7.21449573e-006, -0.979281464, 7.60577886e-006, 1, 8.93991732e-006, 0, 0, 0, 0, 0, 0, 0, 0.317381616, -0.132733984, -0.204171802, -0.000547053306, 0.693062963, -0.720748313, -0.99987793, 0.00732421874, 0.00769042969, 0.0105919591, 0.720767409, 0.69318353, 0, 0, -0, 0, 0, 0, 0, 0.34496792, -0.0855623535, -0.16780835, 0.0537429196, 0.32497244, -0.944144666, 0.370727539, -0.884399414, -0.283325195, -0.927073244, -0.334685864, -0.168092263, 0, 3, 5, 1, 
906.8465, 65, 0.1, 0.1, 0.00924996775, 0.362135402, -0.0199773828, 0.979282088, -1.07507414e-005, 0.202500843, 0.202500843, 1.12032696e-005, -0.979282088, 8.25933699e-006, 1, 1.31481954e-005, 0.979281989, 9.25289359e-006, 0.202501322, 0.202501322, -1.23750237e-008, -0.979281989, -9.05868608e-006, 1, -1.88584182e-006, 0, 0, 0, 0, 0, 0, 0, 0.317381616, -0.132733984, -0.204171802, -0.000547053306, 0.693062963, -0.720748313, -0.99987793, 0.00732421874, 0.00769042969, 0.0105919591, 0.720767409, 0.69318353, 0, 0, -0, 0, 0, 0, 0, 0.34496792, -0.0855623535, -0.16780835, 0.0537429196, 0.32497244, -0.944144666, 0.370727539, -0.884399414, -0.283325195, -0.927073244, -0.334685864, -0.168092263, 0, 3, 5, 1, 
906.847211, 65, 0.1, 0.1, 0.00924996882, 0.362135401, -0.0199725495, 0.979282559, 1.10102313e-005, 0.202498567, 0.202498567, -1.26274214e-005, -0.979282559, -8.22509273e-006, 1, -1.45953696e-005, 0.979282465, 3.47772764e-006, 0.202499019, 0.202499019, -6.25135742e-006, -0.979282465, -2.13978395e-006, 1, -6.82608114e-006, 0, 0, 0, 0, 0, 0, 0, 0.317797583, -0.13526167, -0.20336001, -0.00114989043, 0.691565979, -0.722240427, -0.99987793, 0.00683593749, 0.00817871094, 0.0106874392, 0.722240427, 0.691565979, 0, 0, -0, 0, 0, 0, 0, 0.34496792, -0.0855623535, -0.16780835, 0.0526375454, 0.323458018, -0.944674749, 0.370849609, -0.884643555, -0.282348633, -0.927066681, -0.335458749, -0.166552322, 0, 3, 5, 1, 
906.847902, 65, 0.1, 0.1, 0.00924996865, 0.362135399, -0.0199671554, 0.979282983, 8.56719456e-006, 0.202496516, 0.202496516, 2.9350807e-005, -0.979282983, -1.4333144e-005, 1, 2.70079188e-005, 0.979282899, -8.21593093e-006, 0.202496925, 0.202496925, 2.76679679e-005, -0.979282898, 2.44304224e-006, 1, 2.87584686e-005, 0, 0, 0, 0, 0, 0, 0, 0.317797583, -0.13526167, -0.20336001, -0.00114989043, 0.691565979, -0.722240427, -0.99987793, 0.00683593749, 0.00817871094, 0.0106874392, 0.722240427, 0.691565979, 0, 0, -0, 0, 0, 0, 0, 0.345341406, -0.0876879883, -0.167364551, 0.0526375454, 0.323458018, -0.944674749, 0.370849609, -0.884643555, -0.282348633, -0.927066681, -0.335458749, -0.166552322, 0, 3, 5, 1, 
906.848584, 65, 0.1, 0.1, 0.0092499665, 0.3621354, -0.0199630436, 0.979283428, 2.59417537e-006, 0.202494366, 0.202494366, -4.67777824e-006, -0.979283428, -1.59320921e-006, 1, -5.10617661e-006, 0.979283341, -1.48128769e-006, 0.202494786, 0.202494786, -1.80513827e-005, -0.979283341, 5.10591123e-006, 1, -1.73774653e-005, 0, 0, 0, 0, 0, 0, 0, 0.317797583, -0.13526167, -0.20336001, -0.00114989043, 0.691565979, -0.722240427, -0.99987793, 0.00683593749, 0.00817871094, 0.0106874392, 0.722240427, 0.691565979, 0, 0, -0, 0, 0, 0, 0, 0.345341406, -0.0876879883, -0.167364551, 0.0526375454, 0.323458018, -0.944674749, 0.370849609, -0.884643555, -0.282348633, -0.927066681, -0.335458749, -0.166552322, 0, 3, 5, 1, 
906.849267, 65, 0.1, 0.1, 0.00924996637, 0.362135397, -0.0199612742, 0.979283832, 1.75986512e-006, 0.202492409, 0.202492409, -1.15332401e-005, -0.979283832, 6.11986121e-007, 1, -1.16506749e-005, 0.979283753, 1.8604288e-006, 0.20249279, 0.20249279, 1.42141205e-005, -0.979283753, -4.70014462e-006, 1, 1.35429339e-005, 0, 0, 0, 0, 0, 0, 0, 0.317797583, -0.13526167, -0.20336001, -0.00114989043, 0.691565979, -0.722240427, -0.99987793, 0.00683593749, 0.00817871094, 0.0106874392, 0.722240427, 0.691565979, 0, 0, -0, 0, 0, 0, 0, 0.345341406, -0.0876879883, -0.167364551, 0.0526375454, 0.323458018, -0.944674749, 0.370849609, -0.884643555, -0.282348633, -0.927066681, -0.335458749, -0.166552322, 0, 3, 5, 1, 
906.849952, 65, 0.1, 0.1, 0.00924996703, 0.362135399, -0.01996218, 0.979284204, -1.63469022e-005, 0.202490611, 0.202490612, 1.9031923e-005, -0.979284204, 1.21544774e-005, 1, 2.19477558e-005, 0.979284128, -2.17726469e-005, 0.202490979, 0.202490979, 6.92083141e-006, -0.979284128, 1.99202016e-005, 1, 1.11862249e-005, 0, 0, 0, 0, 0, 0, 0, 0.317797583, -0.13526167, -0.20336001, -0.00114989043, 0.691565979, -0.722240427, -0.99987793, 0.00683593749, 0.00817871094, 0.0106874392, 0.722240427, 0.691565979, 0, 0, -0, 0, 0, 0, 0, 0.345341406, -0.0876879883, -0.167364551, 0.0526375454, 0.323458018, -0.944674749, 0.370849609, -0.884643555, -0.282348633, -0.927066681, -0.335458749, -0.166552322, 0, 3, 5, 1, 
906.850636, 65, 0.1, 0.1, 0.00924996555, 0.3621354, -0.0199653382, 0.979284613, -4.55666572e-006, 0.202488633, 0.202488633, -2.70052165e-005, -0.979284613, 9.93052199e-006, 1, -2.55231199e-005, 0.97928453, -4.50683513e-007, 0.202489036, 0.202489035, -2.6526329e-005, -0.97928453, 5.81263817e-006, 1, -2.58855651e-005, 0, 0, 0, 0, 0, 0, 0, 0.317797583, -0.13526167, -0.20336001, -0.00114989043, 0.691565979, -0.722240427, -0.99987793, 0.00683593749, 0.00817871094, 0.0106874392, 0.722240427, 0.691565979, 0, 0, -0, 0, 0, 0, 0, 0.345341406, -0.0876879883, -0.167364551, 0.0526375454, 0.323458018, -0.944674749, 0.370849609, -0.884643555, -0.282348633, -0.927066681, -0.335458749, -0.166552322, 0, 3, 5, 1, 
906.851325, 65, 0.1, 0.1, 0.00924996375, 0.362135398, -0.0199697156, 0.979285004, -2.83259565e-006, 0.202486741, 0.202486741, 7.4955664e-006, -0.979285004, 1.25616564e-006, 1, 7.91385884e-006, 0.979284931, 8.76596878e-006, 0.202487096, 0.202487096, 1.92083844e-005, -0.979284931, -1.24738311e-005, 1, 1.70354859e-005, 0, 0, 0, 0, 0, 0, 0, 0.317797583, -0.13526167, -0.20336001, -0.00114989043, 0.691565979, -0.722240427, -0.99987793, 0.00683593749, 0.00817871094, 0.0106874392, 0.722240427, 0.691565979, 0, 0, -0, 0, 0, 0, 0, 0.345341406, -0.0876879883, -0.167364551, 0.0526375454, 0.323458018, -0.944674749, 0.370849609, -0.884643555, -0.282348633, -0.927066681, -0.335458749, -0.166552322, 0, 3, 5, 1, 
906.852044, 65, 0.1, 0.1, 0.00924996137, 0.3621354, -0.0199738337, 0.979285308, 8.90492621e-006, 0.202485273, 0.202485273, 1.33199485e-005, -0.979285308, -1.14175568e-005, 1, 1.12409134e-005, 0.979285254, 1.73651941e-005, 0.202485532, 0.202485532, -3.5562626e-006, -0.979285254, -1.62853868e-005, 1, -6.99879609e-006, 0, 0, 0, 0, 0, 0, 0, 0.319229639, -0.135203931, -0.203295068, -0.00770208876, 0.692758549, -0.721046736, -0.99987793, -0.00207519532, 0.00854492188, 0.00443328131, 0.721186399, 0.69286002, 0, 0, -0, 0, 0, 0, 0, 0.345341406, -0.0876879883, -0.167364551, 0.0495901122, 0.324121529, -0.944629906, 0.376708984, -0.881958008, -0.282836914, -0.924932125, -0.341771632, -0.165811153, 0, 3, 5, 1, 
906.852729, 65, 0.1, 0.1, 0.0092499607, 0.362135398, -0.0199761881, 0.979285511, 1.24859135e-005, 0.202484292, 0.202484292, -6.93277689e-006, -0.979285511, -1.08234958e-005, 1, -9.31736931e-006, 0.979285473, 8.43454463e-006, 0.202484475, 0.202484475, -5.39948847e-007, -0.979285473, -8.15049577e-006, 1, -2.2366284e-006, 0, 0, 0, 0, 0, 0, 0, 0.319229639, -0.135203931, -0.203295068, -0.00770208876, 0.692758549, -0.721046736, -0.99987793, -0.00207519532, 0.00854492188, 0.00443328131, 0.721186399, 0.69286002, 0, 0, -0, 0, 0, 0, 0, 0.346524121, -0.0877768555, -0.167122754, 0.0495901122, 0.324121529, -0.944629906, 0.376708984, -0.881958008, -0.282836914, -0.924932125, -0.341771632, -0.165811153, 0, 3, 5, 1, 
906.853414, 65, 0.1, 0.1, 0.00924996081, 0.362135397, -0.0199766498, 0.97928571, 9.36006773e-008, 0.202483327, 0.202483327, 1.79696377e-005, -0.97928571, -3.73021383e-006, 1, 1.75784568e-005, 0.979285669, -9.9382895e-006, 0.202483528, 0.202483528, 1.7359687e-005, -0.979285669, 6.21737382e-006, 1, 1.90124326e-005, 0, 0, 0, 0, 0, 0, 0, 0.319229639, -0.135203931, -0.203295068, -0.00770208876, 0.692758549, -0.721046736, -0.99987793, -0.00207519532, 0.00854492188, 0.00443328131, 0.721186399, 0.69286002, 0, 0, -0, 0, 0, 0, 0, 0.346524121, -0.0877768555, -0.167122754, 0.0495901122, 0.324121529, -0.944629906, 0.376708984, -0.881958008, -0.282836914, -0.924932125, -0.341771632, -0.165811153, 0, 3, 5, 1, 
906.8541, 65, 0.1, 0.1, 0.00924996095, 0.362135398, -0.0199751958, 0.979285937, -8.81260297e-006, 0.20248223, 0.20248223, -8.05749602e-006, -0.979285937, 1.02615579e-005, 1, -6.10619704e-006, 0.979285891, -1.0861293e-005, 0.202482454, 0.202482454, -1.6847408e-005, -0.979285891, 1.40476155e-005, 1, -1.42992077e-005, 0, 0, 0, 0, 0, 0, 0, 0.319229639, -0.135203931, -0.203295068, -0.00770208876, 0.692758549, -0.721046736, -0.99987793, -0.00207519532, 0.00854492188, 0.00443328131, 0.721186399, 0.69286002, 0, 0, -0, 0, 0, 0, 0, 0.346524121, -0.0877768555, -0.167122754, 0.0495901122, 0.324121529, -0.944629906, 0.376708984, -0.881958008, -0.282836914, -0.924932125, -0.341771632, -0.165811153, 0, 3, 5, 1, 
906.854787, 65, 0.1, 0.1, 0.00924996139, 0.362135397, -0.0199723085, 0.979286146, -1.26643819e-005, 0.202481221, 0.202481221, -1.6070885e-005, -0.979286146, 1.56561061e-005, 1, -1.31736956e-005, 0.979286111, -1.30080438e-005, 0.20248139, 0.20248139, 2.14639684e-006, -0.979286111, 1.23039912e-005, 1, 4.7358234e-006, 0, 0, 0, 0, 0, 0, 0, 0.319229639, -0.135203931, -0.203295068, -0.00770208876, 0.692758549, -0.721046736, -0.99987793, -0.00207519532, 0.00854492188, 0.00443328131, 0.721186399, 0.69286002, 0, 0, -0, 0, 0, 0, 0, 0.346524121, -0.0877768555, -0.167122754, 0.0495901122, 0.324121529, -0.944629906, 0.376708984, -0.881958008, -0.282836914, -0.924932125, -0.341771632, -0.165811153, 0, 3, 5, 1, 
906.855473, 65, 0.1, 0.1, 0.0092499607, 0.362135399, -0.0199689992, 0.979286267, -1.36024592e-005, 0.202480632, 0.202480632, 1.47594762e-005, -0.979286267, 1.03321934e-005, 1, 1.72079869e-005, 0.979286251, 1.92763405e-006, 0.20248071, 0.20248071, 8.94181229e-006, -0.979286251, -3.69825002e-006, 1, 8.36628513e-006, 0, 0, 0, 0, 0, 0, 0, 0.319229639, -0.135203931, -0.203295068, -0.00770208876, 0.692758549, -0.721046736, -0.99987793, -0.00207519532, 0.00854492188, 0.00443328131, 0.721186399, 0.69286002, 0, 0, -0, 0, 0, 0, 0, 0.346524121, -0.0877768555, -0.167122754, 0.0495901122, 0.324121529, -0.944629906, 0.376708984, -0.881958008, -0.282836914, -0.924932125, -0.341771632, -0.165811153, 0, 3, 5, 1, 
906.856156, 65, 0.1, 0.1, 0.00924995948, 0.3621354, -0.0199662236, 0.979286332, 1.31302694e-005, 0.202480318, 0.202480319, -2.27454095e-005, -0.979286332, -8.25279562e-006, 1, -2.49328898e-005, 0.979286319, 1.8191142e-005, 0.20248038, 0.20248038, -2.31267034e-005, -0.979286319, -1.31316328e-005, 1, -2.63310136e-005, 0, 0, 0, 0, 0, 0, 0, 0.319229639, -0.135203931, -0.203295068, -0.00770208876, 0.692758549, -0.721046736, -0.99987793, -0.00207519532, 0.00854492188, 0.00443328131, 0.721186399, 0.69286002, 0, 0, -0, 0, 0, 0, 0, 0.346524121, -0.0877768555, -0.167122754, 0.0495901122, 0.324121529, -0.944629906, 0.376708984, -0.881958008, -0.282836914, -0.924932125, -0.341771632, -0.165811153, 0, 3, 5, 1, 
906.856887, 65, 0.1, 0.1, 0.00924995862, 0.362135398, -0.0199643938, 0.979286443, 1.9021345e-005, 0.20247978, 0.20247978, 1.1974521e-005, -0.979286444, -2.10519437e-005, 1, 7.87504836e-006, 0.979286414, 1.03594337e-005, 0.202479925, 0.202479925, 2.38602776e-005, -0.979286413, -1.49760799e-005, 1, 2.12684683e-005, 0, 0, 0, 0, 0, 0, 0, 0.32018042, -0.134873999, -0.203614355, -0.0150529539, 0.694984929, -0.718697545, -0.999755859, -0.0102539063, 0.0109863281, 0.000159498853, 0.718856304, 0.695206967, 0, 0, -0, 0, 0, 0, 0, 0.346524121, -0.0877768555, -0.167122754, 0.0446002534, 0.325270646, -0.944508138, 0.381958008, -0.879150391, -0.284790039, -0.923001726, -0.348033476, -0.163466243, 0, 3, 5, 1, 
906.857574, 65, 0.1, 0.1, 0.00924995676, 0.3621354, -0.0199640843, 0.979286614, 1.24507485e-005, 0.202478955, 0.202478955, 1.50422169e-005, -0.979286614, -1.52385837e-005, 1, 1.22096271e-005, 0.979286579, 1.09363198e-006, 0.202479126, 0.202479126, -1.10432113e-005, -0.979286579, 1.16504065e-006, 1, -1.10359062e-005, 0, 0, 0, 0, 0, 0, 0, 0.32018042, -0.134873999, -0.203614355, -0.0150529539, 0.694984929, -0.718697545, -0.999755859, -0.0102539063, 0.0109863281, 0.000159498853, 0.718856304, 0.695206967, 0, 0, -0, 0, 0, 0, 0, 0.347127539, -0.0876092773, -0.167511865, 0.0446002534, 0.325270646, -0.944508138, 0.381958008, -0.879150391, -0.284790039, -0.923001726, -0.348033476, -0.163466243, 0, 3, 5, 1, 
906.858257, 65, 0.1, 0.1, 0.00924995558, 0.362135399, -0.0199655623, 0.979286752, 1.79892397e-006, 0.202478287, 0.202478287, -1.85190717e-005, -0.979286752, 1.9880475e-006, 1, -1.84997246e-005, 0.979286732, -5.39868844e-006, 0.202478383, 0.202478383, -9.90206588e-006, -0.979286732, 7.29181825e-006, 1, -8.60384403e-006, 0, 0, 0, 0, 0, 0, 0, 0.32018042, -0.134873999, -0.203614355, -0.0150529539, 0.694984929, -0.718697545, -0.999755859, -0.0102539063, 0.0109863281, 0.000159498853, 0.718856304, 0.695206967, 0, 0, -0, 0, 0, 0, 0, 0.347127539, -0.0876092773, -0.167511865, 0.0446002534, 0.325270646, -0.944508138, 0.381958008, -0.879150391, -0.284790039, -0.923001726, -0.348033476, -0.163466243, 0, 3, 5, 1, 
906.858944, 65, 0.1, 0.1, 0.00924995411, 0.362135397, -0.0199682429, 0.979286801, -1.34326137e-005, 0.202478053, 0.202478054, 2.19277115e-005, -0.9792868, 8.71450094e-006, 1, 2.4193328e-005, 0.979286797, -8.30162923e-006, 0.20247807, 0.20247807, 2.35891062e-005, -0.979286797, 3.35339921e-006, 1, 2.47813981e-005, 0, 0, 0, 0, 0, 0, 0, 0.32018042, -0.134873999, -0.203614355, -0.0150529539, 0.694984929, -0.718697545, -0.999755859, -0.0102539063, 0.0109863281, 0.000159498853, 0.718856304, 0.695206967, 0, 0, -0, 0, 0, 0, 0, 0.347127539, -0.0876092773, -0.167511865, 0.0446002534, 0.325270646, -0.944508138, 0.381958008, -0.879150391, -0.284790039, -0.923001726, -0.348033476, -0.163466243, 0, 3, 5, 1, 
906.859657, 65, 0.1, 0.1, 0.0092499523, 0.362135399, -0.0199711518, 0.979286812, -3.69743885e-006, 0.202477997, 0.202477997, -1.01125859e-005, -0.979286812, 5.66842925e-006, 1, -9.15447203e-006, 0.979286808, 1.18253672e-005, 0.202478016, 0.202478016, -1.62737784e-005, -0.979286808, -8.28534377e-006, 1, -1.83310734e-005, 0, 0, 0, 0, 0, 0, 0, 0.321364575, -0.134554932, -0.203948535, -0.0222259635, 0.69698927, -0.716627681, -0.999633789, -0.0181884766, 0.0133056641, -0.00377167733, 0.716684969, 0.697350972, 0, 0, -0, 0, 0, 0, 0, 0.347975684, -0.0876795898, -0.167686035, 0.0400001191, 0.325978999, -0.944507771, 0.386474609, -0.876586914, -0.286254883, -0.921275851, -0.35360519, -0.161134093, 0, 3, 5, 1, 
906.860342, 65, 0.1, 0.1, 0.009249952, 0.362135397, -0.0199733532, 0.979286874, 5.9760042e-006, 0.2024777, 0.2024777, -8.57177855e-006, -0.979286874, -4.11662846e-006, 1, -9.6042378e-006, 0.979286857, 7.50234369e-006, 0.202477779, 0.202477779, 8.80044413e-006, -0.979286857, -9.12884096e-006, 1, 7.09910139e-006, 0, 0, 0, 0, 0, 0, 0, 0.321364575, -0.134554932, -0.203948535, -0.0222259635, 0.69698927, -0.716627681, -0.999633789, -0.0181884766, 0.0133056641, -0.00377167733, 0.716684969, 0.697350972, 0, 0, -0, 0, 0, 0, 0, 0.347975684, -0.0876795898, -0.167686035, 0.0400001191, 0.325978999, -0.944507771, 0.386474609, -0.876586914, -0.286254883, -0.921275851, -0.35360519, -0.161134093, 0, 3, 5, 1, 
906.861029, 65, 0.1, 0.1, 0.00924995225, 0.362135398, -0.0199744541, 0.979286977, 2.1117749e-006, 0.2024772, 0.2024772, 1.63428822e-005, -0.979286977, -5.37709467e-006, 1, 1.55767854e-005, 0.979286957, 2.72458688e-007, 0.202477296, 0.202477296, 8.10216094e-006, -0.979286957, -1.90731888e-006, 1, 7.87917384e-006, 0, 0, 0, 0, 0, 0, 0, 0.321364575, -0.134554932, -0.203948535, -0.0222259635, 0.69698927, -0.716627681, -0.999633789, -0.0181884766, 0.0133056641, -0.00377167733, 0.716684969, 0.697350972, 0, 0, -0, 0, 0, 0, 0, 0.347975684, -0.0876795898, -0.167686035, 0.0400001191, 0.325978999, -0.944507771, 0.386474609, -0.876586914, -0.286254883, -0.921275851, -0.35360519, -0.161134093, 0, 3, 5, 1, 
906.861715, 65, 0.1, 0.1, 0.00924995269, 0.362135399, -0.0199742043, 0.979287046, 6.31903509e-006, 0.202476865, 0.202476865, -1.51536799e-005, -0.979287046, -3.11987962e-006, 1, -1.61192608e-005, 0.979287038, -5.41884679e-006, 0.202476904, 0.202476904, -1.86387439e-005, -0.979287038, 9.08052157e-006, 1, -1.7155489e-005, 0, 0, 0, 0, 0, 0, 0, 0.321364575, -0.134554932, -0.203948535, -0.0222259635, 0.69698927, -0.716627681, -0.999633789, -0.0181884766, 0.0133056641, -0.00377167733, 0.716684969, 0.697350972, 0, 0, -0, 0, 0, 0, 0, 0.347975684, -0.0876795898, -0.167686035, 0.0400001191, 0.325978999, -0.944507771, 0.386474609, -0.876586914, -0.286254883, -0.921275851, -0.35360519, -0.161134093, 0, 3, 5, 1, 
906.862409, 65, 0.1, 0.1, 0.00924995315, 0.362135398, -0.0199727667, 0.979287048, -7.80735792e-006, 0.202476854, 0.202476855, 4.24946277e-006, -0.979287049, 6.78522663e-006, 1, 5.74225312e-006, 0.979287052, -1.52321203e-005, 0.202476839, 0.202476839, 1.34383689e-005, -0.979287052, 1.21956597e-005, 1, 1.62441723e-005, 0, 0, 0, 0, 0, 0, 0, 0.321364575, -0.134554932, -0.203948535, -0.0222259635, 0.69698927, -0.716627681, -0.999633789, -0.0181884766, 0.0133056641, -0.00377167733, 0.716684969, 0.697350972, 0, 0, -0, 0, 0, 0, 0, 0.347975684, -0.0876795898, -0.167686035, 0.0400001191, 0.325978999, -0.944507771, 0.386474609, -0.876586914, -0.286254883, -0.921275851, -0.35360519, -0.161134093, 0, 3, 5, 1, 
906.863089, 65, 0.1, 0.1, 0.00924995182, 0.3621354, -0.0199706, 0.979287041, -1.08827906e-005, 0.202476892, 0.202476892, 7.73877774e-006, -0.979287041, 9.09045212e-006, 1, 9.78199837e-006, 0.979287038, -3.87269646e-006, 0.202476905, 0.202476905, -9.83701699e-006, -0.979287038, 5.78425019e-006, 1, -8.84913165e-006, 0, 0, 0, 0, 0, 0, 0, 0.321364575, -0.134554932, -0.203948535, -0.0222259635, 0.69698927, -0.716627681, -0.999633789, -0.0181884766, 0.0133056641, -0.00377167733, 0.716684969, 0.697350972, 0, 0, -0, 0, 0, 0, 0, 0.347975684, -0.0876795898, -0.167686035, 0.0400001191, 0.325978999, -0.944507771, 0.386474609, -0.876586914, -0.286254883, -0.921275851, -0.35360519, -0.161134093, 0, 3, 5, 1, 
906.863771, 65, 0.1, 0.1, 0.00924995027, 0.362135399, -0.0199684872, 0.979287096, 1.03868224e-007, 0.202476627, 0.202476627, -2.10678365e-005, -0.979287095, 4.16402766e-006, 1, -2.06524913e-005, 0.979287078, 1.26306296e-005, 0.202476711, 0.202476712, -9.4470896e-006, -0.979287078, -1.04561967e-005, 1, -1.18088211e-005, 0, 0, 0, 0, 0, 0, 0, 0.321364575, -0.134554932, -0.203948535, -0.0222259635, 0.69698927, -0.716627681, -0.999633789, -0.0181884766, 0.0133056641, -0.00377167733, 0.716684969, 0.697350972, 0, 0, -0, 0, 0, 0, 0, 0.347975684, -0.0876795898, -0.167686035, 0.0400001191, 0.325978999, -0.944507771, 0.386474609, -0.876586914, -0.286254883, -0.921275851, -0.35360519, -0.161134093, 0, 3, 5, 1, 
906.864483, 65, 0.1, 0.1, 0.00924994889, 0.362135397, -0.0199666727, 0.979287192, 6.81451418e-006, 0.202476161, 0.20247616, 2.6554154e-005, -0.979287192, -1.20499496e-005, 1, 2.46243663e-005, 0.979287175, 1.20447105e-005, 0.202476244, 0.202476243, 2.87091854e-005, -0.979287174, -1.76081585e-005, 1, 2.56757693e-005, 0, 0, 0, 0, 0, 0, 0, 0.322024512, -0.13494978, -0.203884937, -0.02668808, 0.698061272, -0.715453086, -0.999511719, -0.0224609375, 0.0152587891, -0.00541319426, 0.715650037, 0.698524445, 0, 0, -0, 0, 0, 0, 0, 0.348373682, -0.0882105469, -0.168079785, 0.0356107051, 0.325876188, -0.944718125, 0.389160156, -0.87512207, -0.287231445, -0.920387027, -0.357298277, -0.157964891, 0, 3, 5, 1, 
906.865165, 65, 0.1, 0.1, 0.00924994746, 0.362135399, -0.019965967, 0.97928723, 1.89244715e-005, 0.202475977, 0.202475977, -3.05405857e-006, -0.97928723, -1.79141198e-005, 1, -6.82255143e-006, 0.979287229, 1.65560308e-005, 0.20247598, 0.202475981, -1.51122466e-005, -0.979287229, -1.31532426e-005, 1, -1.81514286e-005, 0, 0, 0, 0, 0, 0, 0, 0.322024512, -0.13494978, -0.203884937, -0.02668808, 0.698061272, -0.715453086, -0.999511719, -0.0224609375, 0.0152587891, -0.00541319426, 0.715650037, 0.698524445, 0, 0, -0, 0, 0, 0, 0, 0.348373682, -0.0882105469, -0.168079785, 0.0356107051, 0.325876188, -0.944718125, 0.389160156, -0.87512207, -0.287231445, -0.920387027, -0.357298277, -0.157964891, 0, 3, 5, 1, 
906.865851, 65, 0.1, 0.1, 0.00924994736, 0.362135396, -0.0199665081, 0.979287191, 1.2058255e-005, 0.202476165, 0.202476165, -8.09110986e-006, -0.979287191, -1.01702378e-005, 1, -1.03650295e-005, 0.979287202, -6.97488588e-006, 0.202476113, 0.202476114, 1.0144388e-005, -0.979287202, 4.77642022e-006, 1, 1.13465171e-005, 0, 0, 0, 0, 0, 0, 0, 0.322024512, -0.13494978, -0.203884937, -0.02668808, 0.698061272, -0.715453086, -0.999511719, -0.0224609375, 0.0152587891, -0.00541319426, 0.715650037, 0.698524445, 0, 0, -0, 0, 0, 0, 0, 0.348373682, -0.0882105469, -0.168079785, 0.0356107051, 0.325876188, -0.944718125, 0.389160156, -0.87512207, -0.287231445, -0.920387027, -0.357298277, -0.157964891, 0, 3, 5, 1, 
