time, trialNum, realDorsalTactorPos, realVentralTactorPos, boxPosX, boxPosY, boxPosZ, boxLocalRot_11, boxLocalRot_12, boxLocalRot_13, boxLocalRot_21, boxLocalRot_22, boxLocalRot_23, boxLocalRot_31, boxLocalRot_32, boxLocalRot_33, boxGlobalRot_11, boxGlobalRot_12, boxGlobalRot_13, boxGlobalRot_21, boxGlobalRot_22, boxGlobalRot_23, boxGlobalRot_31, boxGlobalRot_32, boxGlobalRot_33, indexForceX, indexForceY, indexForceZ, indexForceGlobalX, indexForceGlobalY, indexForceGlobalZ, indexContact, indexPosX, indexPosY, indexPosZ, indexRot_11, indexRot_12, indexRot_13, indexRot_21, indexRot_22, indexRot_23, indexRot_31, indexRot_32, indexRot_33, thumbForceX, thumbForceY, thumbForceZ, thumbForceGlobalX, thumbForceGlobalY, thumbForceGlobalZ, thumbContact, thumbPosX, thumbPosY, thumbPosZ, thumbRot_11, thumbRot_12, thumbRot_13, thumbRot_21, thumbRot_22, thumbRot_23, thumbRot_31, thumbRot_32, thumbRot_33, manipForceTooHigh, cceExpType, mapping, trialSuccess, 
900.930704, 64, 0.1, 0.1, 0.225, -0.115000019, -0.0199709668, 0.707106783, -0.70710678, -3.90365384e-007, 0.70710678, 0.707106782, -2.08520456e-005, 1.50206528e-005, 1.44685929e-005, 1, 0.707106783, -0.707106779, 2.71523729e-007, 0.707106779, 0.707106783, 1.54469794e-005, -1.11146602e-005, -1.07306677e-005, 1, 0, 0, 0, 0, 0, 0, 0, 0.210312036, 0.0315766357, -0.209235693, -0.00771927064, 0.9570531, -0.289649123, -0.850097656, 0.146240234, 0.505737305, 0.526364741, 0.250215059, 0.812640275, 0, -0, 0, 0, 0, 0, 0, 0.265540039, 0.0511757324, -0.178476416, -0.0820821841, 0.706019819, -0.703232313, -0.00769042969, -0.706054688, -0.708007812, -0.996460515, -0.0525875462, 0.0634363979, 1, 3, 5, 0, 
900.931393, 64, 0.1, 0.1, 0.225, -0.115000015, -0.0199587083, 0.707106779, -0.707106783, 5.40748736e-007, 0.707106783, 0.707106779, 3.76962065e-005, -2.70376104e-005, -2.62728761e-005, 0.999999999, 0.70710678, -0.707106782, 3.84869594e-007, 0.707106782, 0.70710678, -7.33950377e-006, 4.91766899e-006, 5.46195678e-006, 1, 0, 0, 0, 0, 0, 0, 0, 0.210312036, 0.0315766357, -0.209235693, -0.00771927064, 0.9570531, -0.289649123, -0.850097656, 0.146240234, 0.505737305, 0.526364741, 0.250215059, 0.812640275, 0, -0, 0, 0, 0, 0, 0, 0.265540039, 0.0511757324, -0.178476416, -0.0820821841, 0.706019819, -0.703232313, -0.00769042969, -0.706054688, -0.708007812, -0.996460515, -0.0525875462, 0.0634363979, 1, 3, 5, 0, 
900.932082, 64, 0.1, 0.1, 0.225, -0.11500002, -0.0199508687, 0.707106769, -0.707106794, -4.1962403e-008, 0.707106793, 0.707106768, -4.90218884e-005, 3.46933822e-005, 3.46340372e-005, 0.999999999, 0.70710677, -0.707106792, -5.97799009e-007, 0.707106792, 0.70710677, 1.12325837e-005, -7.51992853e-006, -8.36534375e-006, 1, 0, 0, 0, 0, 0, 0, 0, 0.210312036, 0.0315766357, -0.209235693, -0.00771927064, 0.9570531, -0.289649123, -0.850097656, 0.146240234, 0.505737305, 0.526364741, 0.250215059, 0.812640275, 0, -0, 0, 0, 0, 0, 0, 0.265540039, 0.0511757324, -0.178476416, -0.0820821841, 0.706019819, -0.703232313, -0.00769042969, -0.706054688, -0.708007812, -0.996460515, -0.0525875462, 0.0634363979, 1, 3, 5, 0, 
900.932763, 64, 0.1, 0.1, 0.225, -0.115000009, -0.0199491449, 0.707106764, -0.707106798, -3.31350081e-006, 0.707106798, 0.707106764, 1.20545463e-005, -6.18085283e-006, -1.08668502e-005, 1, 0.707106762, -0.7071068, -1.97235472e-006, 0.707106799, 0.707106762, -4.42969575e-005, 3.27173452e-005, 2.99280128e-005, 0.999999999, 0, 0, 0, 0, 0, 0, 0, 0.210312036, 0.0315766357, -0.209235693, -0.00771927064, 0.9570531, -0.289649123, -0.850097656, 0.146240234, 0.505737305, 0.526364741, 0.250215059, 0.812640275, 0, -0, 0, 0, 0, 0, 0, 0.265540039, 0.0511757324, -0.178476416, -0.0820821841, 0.706019819, -0.703232313, -0.00769042969, -0.706054688, -0.708007812, -0.996460515, -0.0525875462, 0.0634363979, 1, 3, 5, 0, 
900.933478, 64, 0.1, 0.1, 0.225000001, -0.115000014, -0.0199533278, 0.70710677, -0.707106793, -2.41570719e-006, 0.707106792, 0.707106769, -3.5149688e-005, 2.65627461e-005, 2.31464194e-005, 0.999999999, 0.707106767, -0.707106795, -3.6102741e-006, 0.707106795, 0.707106767, 1.62550774e-005, -8.94122642e-006, -1.40469246e-005, 1, 0, 0, 0, 0, 0, 0, 0, 0.210341821, 0.0315705322, -0.209481274, -0.00716061693, 0.956932533, -0.290068113, -0.849853516, 0.147094727, 0.505859375, 0.526770627, 0.250234155, 0.81233586, 0, -0, 0, 0, 0, 0, 0, 0.265540039, 0.0509627441, -0.178689404, -0.0820821841, 0.70594326, -0.703308872, -0.00866699219, -0.706176758, -0.707885742, -0.996460515, -0.0518591366, 0.0641648075, 1, 3, 5, 0, 
900.934164, 64, 0.1, 0.1, 0.225000001, -0.115000005, -0.0199618549, 0.707106762, -0.707106801, 3.02261203e-006, 0.707106801, 0.707106762, 4.39312117e-006, -5.24371526e-006, -9.69096162e-007, 1, 0.707106764, -0.707106798, 3.15789862e-006, 0.707106798, 0.707106764, -3.92789148e-005, 2.55414162e-005, 3.00073579e-005, 0.999999999, 0, 0, 0, 0, 0, 0, 0, 0.210341821, 0.0315705322, -0.209481274, -0.00716061693, 0.956932533, -0.290068113, -0.849853516, 0.147094727, 0.505859375, 0.526770627, 0.250234155, 0.81233586, 0, -0, 0, 0, 0, 0, 0, 0.265540039, 0.0509627441, -0.178689404, -0.0820821841, 0.70594326, -0.703308872, -0.00866699219, -0.706176758, -0.707885742, -0.996460515, -0.0518591366, 0.0641648075, 1, 3, 5, 0, 
900.934847, 64, 0.1, 0.1, 0.225, -0.115000009, -0.0199718483, 0.70710674, -0.707106823, -1.52079529e-006, 0.707106823, 0.70710674, -1.00122967e-005, 8.15512792e-006, 6.00439776e-006, 1, 0.707106746, -0.707106816, -3.52781919e-007, 0.707106816, 0.707106746, 1.88013028e-005, -1.30450749e-005, -1.35439826e-005, 1, 0, 0, 0, 0, 0, 0, 0, 0.210341821, 0.0315705322, -0.209481274, -0.00716061693, 0.956932533, -0.290068113, -0.849853516, 0.147094727, 0.505859375, 0.526770627, 0.250234155, 0.81233586, 0, -0, 0, 0, 0, 0, 0, 0.265540039, 0.0509627441, -0.178689404, -0.0820821841, 0.70594326, -0.703308872, -0.00866699219, -0.706176758, -0.707885742, -0.996460515, -0.0518591366, 0.0641648075, 1, 3, 5, 0, 
900.935532, 64, 0.1, 0.1, 0.225000001, -0.115000005, -0.0199803949, 0.707106715, -0.707106847, -2.54304207e-006, 0.707106847, 0.707106715, 7.25595191e-006, -3.33253115e-006, -6.92893479e-006, 1, 0.70710672, -0.707106842, -2.9891433e-006, 0.707106842, 0.70710672, -1.44308938e-005, 1.23178271e-005, 8.09053833e-006, 1, 0, 0, 0, 0, 0, 0, 0, 0.210341821, 0.0315705322, -0.209481274, -0.00716061693, 0.956932533, -0.290068113, -0.849853516, 0.147094727, 0.505859375, 0.526770627, 0.250234155, 0.81233586, 0, -0, 0, 0, 0, 0, 0, 0.265540039, 0.0509627441, -0.178689404, -0.0820821841, 0.70594326, -0.703308872, -0.00866699219, -0.706176758, -0.707885742, -0.996460515, -0.0518591366, 0.0641648075, 1, 3, 5, 0, 
900.936277, 64, 0.1, 0.1, 0.225000001, -0.115000008, -0.0199852487, 0.707106706, -0.707106857, 2.76474632e-006, 0.707106857, 0.707106705, -4.63270636e-006, 1.32084777e-006, 5.23078881e-006, 1, 0.707106705, -0.707106858, 1.62001945e-006, 0.707106857, 0.707106705, 1.13878164e-005, -9.19792968e-006, -6.90687447e-006, 1, 0, 0, 0, 0, 0, 0, 0, 0.210341821, 0.0315705322, -0.209481274, -0.00716061693, 0.956932533, -0.290068113, -0.849853516, 0.147094727, 0.505859375, 0.526770627, 0.250234155, 0.81233586, 0, -0, 0, 0, 0, 0, 0, 0.265540039, 0.0509627441, -0.178689404, -0.0820821841, 0.70594326, -0.703308872, -0.00866699219, -0.706176758, -0.707885742, -0.996460515, -0.0518591366, 0.0641648075, 1, 3, 5, 0, 
900.936959, 64, 0.1, 0.1, 0.225, -0.115000007, -0.0199847036, 0.70710669, -0.707106872, -1.31326473e-006, 0.707106872, 0.70710669, 1.1979902e-005, -7.54245276e-006, -9.39968737e-006, 1, 0.707106702, -0.707106861, 5.03866619e-006, 0.707106861, 0.707106702, 1.46726665e-006, -4.60038894e-006, 2.52536135e-006, 1, 0, 0, 0, 0, 0, 0, 0, 0.210341821, 0.0315705322, -0.209481274, -0.00716061693, 0.956932533, -0.290068113, -0.849853516, 0.147094727, 0.505859375, 0.526770627, 0.250234155, 0.81233586, 0, -0, 0, 0, 0, 0, 0, 0.265540039, 0.0509627441, -0.178689404, -0.0820821841, 0.70594326, -0.703308872, -0.00866699219, -0.706176758, -0.707885742, -0.996460515, -0.0518591366, 0.0641648075, 1, 3, 5, 0, 
900.937664, 64, 0.1, 0.1, 0.225000001, -0.115000008, -0.0199797373, 0.707106574, -0.707106988, 1.15014173e-005, 0.707106988, 0.707106574, -1.2032647e-005, 3.75640999e-007, 1.66410963e-005, 1, 0.707106594, -0.707106968, 2.50059107e-007, 0.707106968, 0.707106594, 2.26641815e-006, -1.77941851e-006, -1.42578068e-006, 1, 0, 0, 0, 0, 0, 0, 0, 0.210341821, 0.0315705322, -0.209481274, -0.00692547348, 0.95695762, -0.289744603, -0.849487305, 0.147216797, 0.506591797, 0.527474935, 0.249612222, 0.812037437, 0, -0, 0, 0, 0, 0, 0, 0.265540039, 0.0509627441, -0.178689404, -0.0820821841, 0.70594326, -0.703308872, -0.00866699219, -0.706176758, -0.707885742, -0.996460515, -0.0518591366, 0.0641648075, 1, 3, 5, 0, 
900.938362, 64, 0.1, 0.1, 0.225, -0.115000006, -0.0199721526, 0.707106493, -0.707107069, -1.4937773e-005, 0.707107069, 0.707106493, 1.11172264e-005, 2.70152694e-006, -1.84236679e-005, 1, 0.707106491, -0.707107071, -4.02118893e-006, 0.707107071, 0.707106491, -1.01446671e-005, 1.00167747e-005, 4.32994885e-006, 1, 0, 0, 0, 0, 0, 0, 0, 0.210355981, 0.0313466797, -0.209688892, -0.00692547348, 0.95695762, -0.289744603, -0.849487305, 0.147216797, 0.506591797, 0.527474935, 0.249612222, 0.812037437, 0, -0, 0, 0, 0, 0, 0, 0.26574668, 0.0509710449, -0.178899219, -0.0823249873, 0.706064662, -0.70322575, -0.00891113281, -0.706054688, -0.708007812, -0.996486034, -0.0518463767, 0.0645417721, 1, 3, 5, 0, 
900.939044, 64, 0.1, 0.1, 0.225000001, -0.115000009, -0.0199648712, 0.707106623, -0.707106939, -4.25442183e-007, 0.707106939, 0.707106623, -3.21299665e-005, 2.30201553e-005, 2.2418479e-005, 0.999999999, 0.707106592, -0.70710697, -3.71484488e-006, 0.70710697, 0.707106592, 5.53332253e-006, -1.28585963e-006, -6.53944154e-006, 1, 0, 0, 0, 0, 0, 0, 0, 0.210355981, 0.0313466797, -0.209688892, -0.00692547348, 0.95695762, -0.289744603, -0.849487305, 0.147216797, 0.506591797, 0.527474935, 0.249612222, 0.812037437, 0, -0, 0, 0, 0, 0, 0, 0.26574668, 0.0509710449, -0.178899219, -0.0823249873, 0.706064662, -0.70322575, -0.00891113281, -0.706054688, -0.708007812, -0.996486034, -0.0518463767, 0.0645417721, 1, 3, 5, 0, 
900.939725, 64, 0.1, 0.1, 0.225, -0.115000004, -0.0199596827, 0.707106732, -0.70710683, 9.62112654e-006, 0.70710683, 0.707106732, 3.61049385e-005, -3.2333212e-005, -1.87268808e-005, 0.999999999, 0.707106714, -0.707106848, 8.79365047e-006, 0.707106848, 0.707106714, -1.03515837e-005, 1.10162645e-006, 1.35377248e-005, 1, 0, 0, 0, 0, 0, 0, 0, 0.210355981, 0.0313466797, -0.209688892, -0.00692547348, 0.95695762, -0.289744603, -0.849487305, 0.147216797, 0.506591797, 0.527474935, 0.249612222, 0.812037437, 0, -0, 0, 0, 0, 0, 0, 0.26574668, 0.0509710449, -0.178899219, -0.0823249873, 0.706064662, -0.70322575, -0.00891113281, -0.706054688, -0.708007812, -0.996486034, -0.0518463767, 0.0645417721, 1, 3, 5, 0, 
900.940415, 64, 0.1, 0.1, 0.224999998, -0.115000012, -0.0199578393, 0.707106804, -0.707106758, 2.57556908e-006, 0.707106758, 0.707106804, -1.36139748e-005, 7.80533119e-006, 1.14477365e-005, 1, 0.707106795, -0.707106768, 5.29341361e-006, 0.707106767, 0.707106794, 3.32699368e-005, -2.72684062e-005, -1.97823898e-005, 0.999999999, 0, 0, 0, 0, 0, 0, 0, 0.210355981, 0.0313466797, -0.209688892, -0.00692547348, 0.95695762, -0.289744603, -0.849487305, 0.147216797, 0.506591797, 0.527474935, 0.249612222, 0.812037437, 0, -0, 0, 0, 0, 0, 0, 0.26574668, 0.0509710449, -0.178899219, -0.0823249873, 0.706064662, -0.70322575, -0.00891113281, -0.706054688, -0.708007812, -0.996486034, -0.0518463767, 0.0645417721, 1, 3, 5, 0, 
900.941103, 64, 0.1, 0.1, 0.224999999, -0.115000008, -0.0199595942, 0.707106874, -0.707106688, -5.29806607e-006, 0.707106688, 0.707106873, 3.71134091e-005, -2.24968409e-005, -2.99894446e-005, 0.999999999, 0.707106859, -0.707106704, -4.64486951e-006, 0.707106704, 0.707106859, -8.52377141e-006, 9.31163499e-006, 2.74279886e-006, 1, 0, 0, 0, 0, 0, 0, 0, 0.210355981, 0.0313466797, -0.209688892, -0.00692547348, 0.95695762, -0.289744603, -0.849487305, 0.147216797, 0.506591797, 0.527474935, 0.249612222, 0.812037437, 0, -0, 0, 0, 0, 0, 0, 0.26574668, 0.0509710449, -0.178899219, -0.0823249873, 0.706064662, -0.70322575, -0.00891113281, -0.706054688, -0.708007812, -0.996486034, -0.0518463767, 0.0645417721, 1, 3, 5, 0, 
900.941789, 64, 0.1, 0.1, 0.224999999, -0.115000017, -0.0199642517, 0.707106958, -0.707106604, 1.86302125e-006, 0.707106604, 0.707106958, -3.13932583e-006, 9.02482735e-007, 3.53719377e-006, 1, 0.707106938, -0.707106624, -7.88460265e-007, 0.707106624, 0.707106937, 3.71658114e-005, -2.57226657e-005, -2.68377286e-005, 0.999999999, 0, 0, 0, 0, 0, 0, 0, 0.210355981, 0.0313466797, -0.209688892, -0.00692547348, 0.95695762, -0.289744603, -0.849487305, 0.147216797, 0.506591797, 0.527474935, 0.249612222, 0.812037437, 0, -0, 0, 0, 0, 0, 0, 0.26574668, 0.0509710449, -0.178899219, -0.0823249873, 0.706064662, -0.70322575, -0.00891113281, -0.706054688, -0.708007812, -0.996486034, -0.0518463767, 0.0645417721, 1, 3, 5, 0, 
900.942637, 64, 0.1, 0.1, 0.224999997, -0.115000011, -0.0199697279, 0.707107036, -0.707106526, 1.02064159e-005, 0.707106526, 0.707107036, 1.72170639e-005, -1.93913267e-005, -4.95728373e-006, 1, 0.707107025, -0.707106537, 9.95817691e-006, 0.707106537, 0.707107025, -1.7093411e-005, 5.04536581e-006, 1.9128363e-005, 1, 0, 0, 0, 0, 0, 0, 0, 0.210355981, 0.0313466797, -0.209688892, -0.0065315706, 0.9570209, -0.289681323, -0.848876953, 0.147827148, 0.507446289, 0.528401283, 0.249231423, 0.811656639, 0, -0, 0, 0, 0, 0, 0, 0.26574668, 0.0509710449, -0.178899219, -0.0823249873, 0.706064662, -0.70322575, -0.00891113281, -0.706054688, -0.708007812, -0.996486034, -0.0518463767, 0.0645417721, 1, 3, 5, 0, 
900.943338, 64, 0.1, 0.1, 0.224999996, -0.115000015, -0.0199733081, 0.707107073, -0.70710649, 4.65466204e-006, 0.707106489, 0.707107073, -1.75803604e-005, 9.13984248e-006, 1.57225389e-005, 1, 0.707107069, -0.707106493, 6.47706374e-006, 0.707106493, 0.707107069, 1.31091922e-005, -1.38495725e-005, -4.68962865e-006, 1, 0, 0, 0, 0, 0, 0, 0, 0.210378931, 0.0311255127, -0.210133301, -0.0065315706, 0.9570209, -0.289681323, -0.848876953, 0.147827148, 0.507446289, 0.528401283, 0.249231423, 0.811656639, 0, -0, 0, 0, 0, 0, 0, 0.265763281, 0.0507580566, -0.179117334, -0.0820821841, 0.705988103, -0.703264029, -0.009765625, -0.706176758, -0.707885742, -0.996460515, -0.0511179672, 0.0649059769, 1, 3, 5, 0, 
900.944023, 64, 0.1, 0.1, 0.224999996, -0.11500001, -0.0199756319, 0.707107121, -0.707106441, -6.38973356e-006, 0.707106441, 0.707107121, 4.1923229e-006, 1.55380758e-006, -7.48264313e-006, 1, 0.707107108, -0.707106454, -4.67956349e-006, 0.707106454, 0.707107108, -2.14656085e-005, 1.84874229e-005, 1.18695348e-005, 1, 0, 0, 0, 0, 0, 0, 0, 0.210378931, 0.0311255127, -0.210133301, -0.0065315706, 0.9570209, -0.289681323, -0.848876953, 0.147827148, 0.507446289, 0.528401283, 0.249231423, 0.811656639, 0, -0, 0, 0, 0, 0, 0, 0.265763281, 0.0507580566, -0.179117334, -0.0820821841, 0.705988103, -0.703264029, -0.009765625, -0.706176758, -0.707885742, -0.996460515, -0.0511179672, 0.0649059769, 1, 3, 5, 0, 
900.944714, 64, 0.1, 0.1, 0.224999993, -0.115000016, -0.0199761757, 0.707107367, -0.707106195, 2.80762389e-005, 0.707106195, 0.707107367, 1.68579523e-005, -3.17732779e-005, 7.93250019e-006, 0.999999999, 0.707107309, -0.707106253, 2.32773581e-005, 0.707106252, 0.70710731, 3.60058411e-005, -4.19195455e-005, -9.00042795e-006, 0.999999999, 0, 0, 0, 0, 0, 0, 0, 0.210378931, 0.0311255127, -0.210133301, -0.0065315706, 0.9570209, -0.289681323, -0.848876953, 0.147827148, 0.507446289, 0.528401283, 0.249231423, 0.811656639, 0, -0, 0, 0, 0, 0, 0, 0.265763281, 0.0507580566, -0.179117334, -0.0820821841, 0.705988103, -0.703264029, -0.009765625, -0.706176758, -0.707885742, -0.996460515, -0.0511179672, 0.0649059769, 1, 3, 5, 0, 
900.945426, 64, 0.1, 0.1, 0.224999995, -0.115000012, -0.0199746284, 0.707107894, -0.707105668, -3.0824625e-005, 0.707105668, 0.707107894, -1.73463692e-005, 3.40620516e-005, -9.5305125e-006, 0.999999999, 0.707107776, -0.707105786, -2.80488703e-005, 0.707105786, 0.707107776, -2.28437466e-005, 3.59865197e-005, -3.68052764e-006, 0.999999999, 0, 0, 0, 0, 0, 0, 0, 0.210577148, 0.0308967773, -0.209927026, -0.00698875289, 0.956875245, -0.290023929, -0.849243164, 0.147460937, 0.506835938, 0.527855734, 0.249872452, 0.811834495, 0, -0, 0, 0, 0, 0, 0, 0.266018018, 0.0502800781, -0.178950732, -0.0815838179, 0.705489737, -0.703941399, -0.00939941406, -0.706787109, -0.707275391, -0.996530877, -0.0510476048, 0.0643438116, 1, 3, 5, 0, 
900.946109, 64, 0.1, 0.1, 0.224999993, -0.115000014, -0.0199718934, 0.707108416, -0.707105146, 2.88139005e-005, 0.707105145, 0.707108417, 3.0990813e-005, -4.22883149e-005, -1.53940743e-006, 0.999999999, 0.707108328, -0.707105234, 2.33043492e-005, 0.707105233, 0.707108329, 2.77721859e-005, -3.61165574e-005, -3.15931671e-006, 0.999999999, 0, 0, 0, 0, 0, 0, 0, 0.210577148, 0.0308967773, -0.209927026, -0.00698875289, 0.956875245, -0.290023929, -0.849243164, 0.147460937, 0.506835938, 0.527855734, 0.249872452, 0.811834495, 0, -0, 0, 0, 0, 0, 0, 0.266018018, 0.0502800781, -0.178950732, -0.0815838179, 0.705489737, -0.703941399, -0.00939941406, -0.706787109, -0.707275391, -0.996530877, -0.0510476048, 0.0643438116, 1, 3, 5, 0, 
900.946807, 64, 0.1, 0.1, 0.224999994, -0.115000014, -0.0199686497, 0.707108932, -0.707104628, -5.04219581e-005, 0.707104629, 0.707108933, -1.67512786e-005, 4.74987236e-005, -2.38086213e-005, 0.999999999, 0.707108833, -0.707104729, -3.15519224e-005, 0.707104729, 0.707108833, -8.4487756e-006, 2.82848122e-005, -1.63363097e-005, 0.999999999, 0, 0, 0, 0, 0, 0, 0, 0.210577148, 0.0308967773, -0.209927026, -0.00698875289, 0.956875245, -0.290023929, -0.849243164, 0.147460937, 0.506835938, 0.527855734, 0.249872452, 0.811834495, 0, -0, 0, 0, 0, 0, 0, 0.266018018, 0.0502800781, -0.178950732, -0.0815838179, 0.705489737, -0.703941399, -0.00939941406, -0.706787109, -0.707275391, -0.996530877, -0.0510476048, 0.0643438116, 1, 3, 5, 0, 
900.947491, 64, 0.1, 0.1, 0.224999997, -0.11500001, -0.0199661079, 0.707109263, -0.707104298, 2.85414682e-005, 0.707104299, 0.707109264, 4.50582732e-007, -2.05005456e-005, 1.98631837e-005, 1, 0.707109236, -0.707104326, 5.5503688e-006, 0.707104326, 0.707109236, -2.4288467e-005, 1.32497631e-005, 2.10992891e-005, 1, 0, 0, 0, 0, 0, 0, 0, 0.210577148, 0.0308967773, -0.209927026, -0.00698875289, 0.956875245, -0.290023929, -0.849243164, 0.147460937, 0.506835938, 0.527855734, 0.249872452, 0.811834495, 0, -0, 0, 0, 0, 0, 0, 0.266018018, 0.0502800781, -0.178950732, -0.0815838179, 0.705489737, -0.703941399, -0.00939941406, -0.706787109, -0.707275391, -0.996530877, -0.0510476048, 0.0643438116, 1, 3, 5, 0, 
900.948181, 64, 0.1, 0.1, 0.224999994, -0.115000016, -0.0199648404, 0.707109148, -0.707104414, -1.47705805e-007, 0.707104414, 0.707109148, 1.44108587e-005, -1.00855377e-005, -1.02944935e-005, 1, 0.70710919, -0.707104372, 9.26485407e-006, 0.707104371, 0.70710919, 4.0335201e-005, -3.50724605e-005, -2.19701725e-005, 0.999999999, 0, 0, 0, 0, 0, 0, 0, 0.210577148, 0.0308967773, -0.209927026, -0.00698875289, 0.956875245, -0.290023929, -0.849243164, 0.147460937, 0.506835938, 0.527855734, 0.249872452, 0.811834495, 0, -0, 0, 0, 0, 0, 0, 0.266018018, 0.0502800781, -0.178950732, -0.0815838179, 0.705489737, -0.703941399, -0.00939941406, -0.706787109, -0.707275391, -0.996530877, -0.0510476048, 0.0643438116, 1, 3, 5, 0, 
900.948866, 64, 0.1, 0.1, 0.224999998, -0.115000008, -0.0199651863, 0.707108971, -0.70710459, -3.33574116e-005, 0.70710459, 0.707108972, -2.41643428e-005, 4.06740427e-005, -6.5003553e-006, 0.999999999, 0.707108994, -0.707104567, -2.91232263e-005, 0.707104566, 0.707108995, -4.82628424e-005, 5.47201716e-005, 1.35339237e-005, 0.999999998, 0, 0, 0, 0, 0, 0, 0, 0.210577148, 0.0308967773, -0.209927026, -0.00698875289, 0.956875245, -0.290023929, -0.849243164, 0.147460937, 0.506835938, 0.527855734, 0.249872452, 0.811834495, 0, -0, 0, 0, 0, 0, 0, 0.266018018, 0.0502800781, -0.178950732, -0.0815838179, 0.705489737, -0.703941399, -0.00939941406, -0.706787109, -0.707275391, -0.996530877, -0.0510476048, 0.0643438116, 1, 3, 5, 0, 
900.949552, 64, 0.1, 0.1, 0.224999993, -0.115000011, -0.0199669655, 0.707109177, -0.707104383, 5.62972068e-005, 0.707104384, 0.707109178, 1.22417897e-005, -4.84644949e-005, 3.11517199e-005, 0.999999998, 0.707109105, -0.707104456, 4.96428818e-005, 0.707104456, 0.707109106, 2.08791996e-005, -4.98667088e-005, 2.03388308e-005, 0.999999999, 0, 0, 0, 0, 0, 0, 0, 0.210577148, 0.0308967773, -0.209927026, -0.00698875289, 0.956875245, -0.290023929, -0.849243164, 0.147460937, 0.506835938, 0.527855734, 0.249872452, 0.811834495, 0, -0, 0, 0, 0, 0, 0, 0.266018018, 0.0502800781, -0.178950732, -0.0815838179, 0.705489737, -0.703941399, -0.00939941406, -0.706787109, -0.707275391, -0.996530877, -0.0510476048, 0.0643438116, 1, 3, 5, 0, 
900.950264, 64, 0.1, 0.1, 0.224999996, -0.11500001, -0.0199693801, 0.707109704, -0.707103855, -6.57042653e-005, 0.707103857, 0.707109706, -5.0099644e-006, 5.00026888e-005, -4.29171449e-005, 0.999999998, 0.70710958, -0.70710398, -4.78121778e-005, 0.707103981, 0.707109582, -1.08165453e-005, 4.14568713e-005, -2.61596985e-005, 0.999999999, 0, 0, 0, 0, 0, 0, 0, 0.210776709, 0.030892627, -0.209735645, -0.00742683918, 0.956748686, -0.290645863, -0.849487305, 0.147338867, 0.506469727, 0.527430752, 0.250634049, 0.811809407, 0, -0, 0, 0, 0, 0, 0, 0.26624126, 0.0500302246, -0.178977344, -0.0815838179, 0.705138292, -0.704292844, -0.00903320312, -0.70703125, -0.70690918, -0.996530877, -0.0512072859, 0.0641841306, 1, 3, 5, 0, 
900.950946, 64, 0.1, 0.1, 0.225000001, -0.115000011, -0.0199716589, 0.707110386, -0.707103176, 2.98766813e-005, 0.707103176, 0.707110386, 5.46116528e-006, -2.4987719e-005, 1.72642496e-005, 1, 0.707110227, -0.707103335, -3.09350836e-006, 0.707103335, 0.707110227, 1.43766711e-005, -7.97834065e-006, -1.23533212e-005, 1, 0, 0, 0, 0, 0, 0, 0, 0.210776709, 0.030892627, -0.209735645, -0.00742683918, 0.956748686, -0.290645863, -0.849487305, 0.147338867, 0.506469727, 0.527430752, 0.250634049, 0.811809407, 0, -0, 0, 0, 0, 0, 0, 0.26624126, 0.0500302246, -0.178977344, -0.0815838179, 0.705138292, -0.704292844, -0.00903320312, -0.70703125, -0.70690918, -0.996530877, -0.0512072859, 0.0641841306, 1, 3, 5, 0, 
900.951626, 64, 0.1, 0.1, 0.224999993, -0.115000007, -0.0199734026, 0.707111225, -0.707102338, 4.5861031e-006, 0.707102338, 0.707111224, -2.80761751e-005, 1.66098441e-005, 2.30958228e-005, 1, 0.707111056, -0.707102506, 3.31780913e-005, 0.707102506, 0.707111056, -2.3539935e-005, -6.81544808e-006, 4.01056598e-005, 0.999999999, 0, 0, 0, 0, 0, 0, 0, 0.210776709, 0.030892627, -0.209735645, -0.00742683918, 0.956748686, -0.290645863, -0.849487305, 0.147338867, 0.506469727, 0.527430752, 0.250634049, 0.811809407, 0, -0, 0, 0, 0, 0, 0, 0.26624126, 0.0500302246, -0.178977344, -0.0815838179, 0.705138292, -0.704292844, -0.00903320312, -0.70703125, -0.70690918, -0.996530877, -0.0512072859, 0.0641841306, 1, 3, 5, 0, 
900.952321, 64, 0.1, 0.1, 0.225, -0.115000006, -0.0199741141, 0.707112233, -0.70710133, -1.38858673e-005, 0.70710133, 0.707112233, 9.51006813e-006, 3.09428481e-006, -1.65434007e-005, 1, 0.707112027, -0.707101535, -3.37387699e-005, 0.707101535, 0.707112027, 2.41315555e-006, 2.2150744e-005, -2.55631073e-005, 0.999999999, 0, 0, 0, 0, 0, 0, 0, 0.210776709, 0.030892627, -0.209735645, -0.00742683918, 0.956748686, -0.290645863, -0.849487305, 0.147338867, 0.506469727, 0.527430752, 0.250634049, 0.811809407, 0, -0, 0, 0, 0, 0, 0, 0.26624126, 0.0500302246, -0.178977344, -0.0815838179, 0.705138292, -0.704292844, -0.00903320312, -0.70703125, -0.70690918, -0.996530877, -0.0512072859, 0.0641841306, 1, 3, 5, 0, 
900.953, 64, 0.1, 0.1, 0.224999994, -0.115000011, -0.0199736062, 0.707113153, -0.707100409, 1.58078274e-005, 0.707100409, 0.707113153, 3.27360367e-005, -3.43255876e-005, -1.19703609e-005, 0.999999999, 0.707112986, -0.707100575, 3.34076859e-005, 0.707100575, 0.707112987, 2.99918378e-005, -4.48302543e-005, 2.41497591e-006, 0.999999999, 0, 0, 0, 0, 0, 0, 0, 0.210776709, 0.030892627, -0.209735645, -0.00742683918, 0.956748686, -0.290645863, -0.849487305, 0.147338867, 0.506469727, 0.527430752, 0.250634049, 0.811809407, 0, -0, 0, 0, 0, 0, 0, 0.26624126, 0.0500302246, -0.178977344, -0.0815838179, 0.705138292, -0.704292844, -0.00903320312, -0.70703125, -0.70690918, -0.996530877, -0.0512072859, 0.0641841306, 1, 3, 5, 0, 
900.953681, 64, 0.1, 0.1, 0.224999997, -0.115000008, -0.0199722074, 0.707113691, -0.707099871, -5.97802101e-006, 0.707099871, 0.707113691, -4.02074432e-005, 3.26578184e-005, 2.42041757e-005, 0.999999999, 0.707113618, -0.707099945, -1.42746471e-005, 0.707099944, 0.707113618, -3.48677886e-005, 3.47488087e-005, 1.4561886e-005, 0.999999999, 0, 0, 0, 0, 0, 0, 0, 0.210776709, 0.030892627, -0.209735645, -0.00742683918, 0.956748686, -0.290645863, -0.849487305, 0.147338867, 0.506469727, 0.527430752, 0.250634049, 0.811809407, 0, -0, 0, 0, 0, 0, 0, 0.26624126, 0.0500302246, -0.178977344, -0.0815838179, 0.705138292, -0.704292844, -0.00903320312, -0.70703125, -0.70690918, -0.996530877, -0.0512072859, 0.0641841306, 1, 3, 5, 0, 
900.954363, 64, 0.1, 0.1, 0.224999993, -0.11500001, -0.0199703527, 0.707113963, -0.707099599, 2.893128e-005, 0.707099598, 0.707113963, 3.9419535e-005, -4.83312495e-005, -7.41680716e-006, 0.999999999, 0.707113909, -0.707099653, 2.3726626e-005, 0.707099652, 0.707113909, 3.56248368e-005, -4.1967737e-005, -8.41372855e-006, 0.999999999, 0, 0, 0, 0, 0, 0, 0, 0.210776709, 0.030892627, -0.209735645, -0.00742683918, 0.956748686, -0.290645863, -0.849487305, 0.147338867, 0.506469727, 0.527430752, 0.250634049, 0.811809407, 0, -0, 0, 0, 0, 0, 0, 0.26624126, 0.0500302246, -0.178977344, -0.0815838179, 0.705138292, -0.704292844, -0.00903320312, -0.70703125, -0.70690918, -0.996530877, -0.0512072859, 0.0641841306, 1, 3, 5, 0, 
900.955069, 64, 0.1, 0.1, 0.224999993, -0.11500001, -0.0199683627, 0.707114259, -0.707099303, -2.92007645e-005, 0.707099302, 0.70711426, -3.5867701e-005, 4.60103033e-005, 4.71472264e-006, 0.999999999, 0.707114228, -0.707099334, -2.24931825e-005, 0.707099334, 0.707114229, -1.44692862e-005, 2.6136472e-005, -5.67347625e-006, 1, 0, 0, 0, 0, 0, 0, 0, 0.210952588, 0.0308966553, -0.209711963, -0.00830301176, 0.956805974, -0.290207776, -0.849975586, 0.146118164, 0.505981445, 0.526580789, 0.250995751, 0.812234389, 0, -0, 0, 0, 0, 0, 0, 0.266209766, 0.050236377, -0.178746045, -0.0820821841, 0.70526589, -0.703986242, -0.0078125, -0.706787109, -0.707275391, -0.996460515, -0.0524213019, 0.0636026422, 1, 3, 5, 0, 
900.955753, 64, 0.1, 0.1, 0.224999997, -0.115000005, -0.0199670321, 0.707114464, -0.707099098, 1.79401731e-005, 0.707099098, 0.707114464, 5.32837726e-006, -1.64534466e-005, 8.91770755e-006, 1, 0.707114435, -0.707099128, -5.19749156e-006, 0.707099128, 0.707114435, -1.7308699e-005, 1.59141873e-005, 8.56408915e-006, 1, 0, 0, 0, 0, 0, 0, 0, 0.210952588, 0.0308966553, -0.209711963, -0.00830301176, 0.956805974, -0.290207776, -0.849975586, 0.146118164, 0.505981445, 0.526580789, 0.250995751, 0.812234389, 0, -0, 0, 0, 0, 0, 0, 0.266209766, 0.050236377, -0.178746045, -0.0820821841, 0.70526589, -0.703986242, -0.0078125, -0.706787109, -0.707275391, -0.996460515, -0.0524213019, 0.0636026422, 1, 3, 5, 0, 
900.956435, 64, 0.1, 0.1, 0.224999993, -0.11500001, -0.0199667498, 0.707114491, -0.707099071, 8.56394538e-006, 0.707099071, 0.707114491, 4.25815333e-006, -9.06662615e-006, 3.0445559e-006, 1, 0.707114498, -0.707099064, 1.68625348e-005, 0.707099064, 0.707114498, 2.81409689e-005, -3.18221956e-005, -7.9754045e-006, 0.999999999, 0, 0, 0, 0, 0, 0, 0, 0.210952588, 0.0308966553, -0.209711963, -0.00830301176, 0.956805974, -0.290207776, -0.849975586, 0.146118164, 0.505981445, 0.526580789, 0.250995751, 0.812234389, 0, -0, 0, 0, 0, 0, 0, 0.266209766, 0.050236377, -0.178746045, -0.0820821841, 0.70526589, -0.703986242, -0.0078125, -0.706787109, -0.707275391, -0.996460515, -0.0524213019, 0.0636026422, 1, 3, 5, 0, 
900.95717, 64, 0.1, 0.1, 0.224999998, -0.115000004, -0.019967428, 0.707114605, -0.707098958, -1.86369082e-005, 0.707098957, 0.707114605, -2.68031785e-005, 3.21309295e-005, 5.77478062e-006, 0.999999999, 0.707114592, -0.70709897, -3.14309128e-005, 0.707098969, 0.707114592, -3.91400683e-005, 4.99011591e-005, 5.45174736e-006, 0.999999999, 0, 0, 0, 0, 0, 0, 0, 0.210952588, 0.0308966553, -0.209711963, -0.00830301176, 0.956805974, -0.290207776, -0.849975586, 0.146118164, 0.505981445, 0.526580789, 0.250995751, 0.812234389, 0, -0, 0, 0, 0, 0, 0, 0.266209766, 0.050236377, -0.178746045, -0.0820821841, 0.70526589, -0.703986242, -0.0078125, -0.706787109, -0.707275391, -0.996460515, -0.0524213019, 0.0636026422, 1, 3, 5, 0, 
900.957869, 64, 0.1, 0.1, 0.224999994, -0.115000009, -0.0199681621, 0.707114721, -0.70709884, 3.47525078e-005, 0.707098839, 0.707114722, 3.85087803e-005, -5.18035238e-005, -2.65666753e-006, 0.999999999, 0.707114693, -0.707098868, 4.26360922e-005, 0.707098867, 0.707114694, 3.3764636e-005, -5.40235432e-005, 6.27246233e-006, 0.999999999, 0, 0, 0, 0, 0, 0, 0, 0.210952588, 0.0308966553, -0.209711963, -0.00830301176, 0.956805974, -0.290207776, -0.849975586, 0.146118164, 0.505981445, 0.526580789, 0.250995751, 0.812234389, 0, -0, 0, 0, 0, 0, 0, 0.266145068, 0.0504591309, -0.178711133, -0.0830661567, 0.705636291, -0.703513395, -0.00720214844, -0.706420898, -0.707641602, -0.996441192, -0.0536097982, 0.0637750831, 1, 3, 5, 0, 
900.958551, 64, 0.1, 0.1, 0.224999994, -0.115000007, -0.019969453, 0.70711487, -0.707098691, -3.0456055e-005, 0.707098691, 0.707114871, -3.05323429e-005, 4.31253091e-005, 5.44370319e-008, 0.999999999, 0.707114829, -0.707098732, -2.41558807e-005, 0.707098732, 0.70711483, -2.3731222e-005, 3.38612985e-005, -2.99893635e-007, 0.999999999, 0, 0, 0, 0, 0, 0, 0, 0.210952588, 0.0308966553, -0.209711963, -0.00830301176, 0.956805974, -0.290207776, -0.849975586, 0.146118164, 0.505981445, 0.526580789, 0.250995751, 0.812234389, 0, -0, 0, 0, 0, 0, 0, 0.266145068, 0.0504591309, -0.178711133, -0.0830661567, 0.705636291, -0.703513395, -0.00720214844, -0.706420898, -0.707641602, -0.996441192, -0.0536097982, 0.0637750831, 1, 3, 5, 0, 
900.959237, 64, 0.1, 0.1, 0.224999996, -0.115000007, -0.0199709069, 0.70711508, -0.707098482, 1.95763051e-005, 0.707098481, 0.70711508, 2.85245462e-005, -3.40123639e-005, -6.32776111e-006, 0.999999999, 0.707115063, -0.707098499, 1.29367345e-005, 0.707098499, 0.707115063, 1.02147573e-005, -1.63705994e-005, 1.92453678e-006, 1, 0, 0, 0, 0, 0, 0, 0, 0.210952588, 0.0308966553, -0.209711963, -0.00830301176, 0.956805974, -0.290207776, -0.849975586, 0.146118164, 0.505981445, 0.526580789, 0.250995751, 0.812234389, 0, -0, 0, 0, 0, 0, 0, 0.266145068, 0.0504591309, -0.178711133, -0.0830661567, 0.705636291, -0.703513395, -0.00720214844, -0.706420898, -0.707641602, -0.996441192, -0.0536097982, 0.0637750831, 1, 3, 5, 0, 
900.959932, 64, 0.1, 0.1, 0.224999993, -0.115000009, -0.0199719696, 0.707115229, -0.707098333, -1.60240596e-005, 0.707098333, 0.707115229, -1.06386133e-005, 1.88534023e-005, -3.8078604e-006, 1, 0.707115208, -0.707098355, 3.06522566e-006, 0.707098355, 0.707115208, 9.23557332e-006, -8.69792638e-006, -4.36319833e-006, 1, 0, 0, 0, 0, 0, 0, 0, 0.210907178, 0.0311307617, -0.20967876, -0.00918517574, 0.957028013, -0.289566747, -0.850097656, 0.145019531, 0.506225586, 0.526473326, 0.250836992, 0.812380044, 0, -0, 0, 0, 0, 0, 0, 0.266145068, 0.0504591309, -0.178711133, -0.0830661567, 0.705636291, -0.703513395, -0.00720214844, -0.706420898, -0.707641602, -0.996441192, -0.0536097982, 0.0637750831, 1, 3, 5, 0, 
900.960619, 64, 0.1, 0.1, 0.224999997, -0.115000004, -0.0199724176, 0.707115295, -0.707098267, -4.4842951e-006, 0.707098267, 0.707115295, -1.40721956e-005, 1.31213388e-005, 6.77982747e-006, 1, 0.70711527, -0.707098292, -2.42197744e-005, 0.707098292, 0.70711527, -2.14030605e-005, 3.22602398e-005, -1.99133021e-006, 0.999999999, 0, 0, 0, 0, 0, 0, 0, 0.210907178, 0.0311307617, -0.20967876, -0.00918517574, 0.957028013, -0.289566747, -0.850097656, 0.145019531, 0.506225586, 0.526473326, 0.250836992, 0.812380044, 0, -0, 0, 0, 0, 0, 0, 0.266145068, 0.0504591309, -0.178711133, -0.0830661567, 0.705636291, -0.703513395, -0.00720214844, -0.706420898, -0.707641602, -0.996441192, -0.0536097982, 0.0637750831, 1, 3, 5, 0, 
900.961301, 64, 0.1, 0.1, 0.224999993, -0.115000008, -0.0199722103, 0.707115287, -0.707098275, 2.35371177e-005, 0.707098274, 0.707115288, 1.36225797e-005, -2.62759584e-005, 7.01032097e-006, 1, 0.707115281, -0.70709828, 3.12454973e-005, 0.70709828, 0.707115282, 2.10294584e-005, -3.69640625e-005, 7.22338604e-006, 0.999999999, 0, 0, 0, 0, 0, 0, 0, 0.210907178, 0.0311307617, -0.20967876, -0.00918517574, 0.957028013, -0.289566747, -0.850097656, 0.145019531, 0.506225586, 0.526473326, 0.250836992, 0.812380044, 0, -0, 0, 0, 0, 0, 0, 0.266145068, 0.0504591309, -0.178711133, -0.0830661567, 0.705636291, -0.703513395, -0.00720214844, -0.706420898, -0.707641602, -0.996441192, -0.0536097982, 0.0637750831, 1, 3, 5, 0, 
900.961994, 64, 0.1, 0.1, 0.224999996, -0.115000003, -0.0199714073, 0.707115243, -0.707098319, -3.09113428e-005, 0.707098318, 0.707115244, -2.86848847e-005, 4.21409154e-005, -1.5738393e-006, 0.999999999, 0.707115255, -0.707098307, -2.69190713e-005, 0.707098306, 0.707115256, -3.64965862e-005, 4.48415602e-005, 6.77286316e-006, 0.999999999, 0, 0, 0, 0, 0, 0, 0, 0.21085835, 0.0313635254, -0.209634692, -0.0101497151, 0.957230956, -0.288703679, -0.849975586, 0.143798828, 0.506713867, 0.526626094, 0.250557665, 0.812366939, 0, -0, 0, 0, 0, 0, 0, 0.266145068, 0.0504591309, -0.178711133, -0.0830661567, 0.705636291, -0.703513395, -0.00720214844, -0.706420898, -0.707641602, -0.996441192, -0.0536097982, 0.0637750831, 1, 3, 5, 0, 
900.962689, 64, 0.1, 0.1, 0.224999994, -0.115000005, -0.0199701011, 0.707115173, -0.707098389, 3.17322423e-005, 0.707098388, 0.707115173, 3.40085751e-005, -4.64857587e-005, -1.61016204e-006, 0.999999999, 0.707115199, -0.707098363, 2.63196516e-005, 0.707098362, 0.7071152, 2.84989993e-005, -3.87626214e-005, -1.54149302e-006, 0.999999999, 0, 0, 0, 0, 0, 0, 0, 0.21085835, 0.0313635254, -0.209634692, -0.0101497151, 0.957230956, -0.288703679, -0.849975586, 0.143798828, 0.506713867, 0.526626094, 0.250557665, 0.812366939, 0, -0, 0, 0, 0, 0, 0, 0.266105273, 0.0506721191, -0.178924365, -0.0836859246, 0.70571285, -0.703404754, -0.0068359375, -0.706176758, -0.707763672, -0.996383589, -0.0543382078, 0.0639092445, 1, 3, 5, 0, 
900.96338, 64, 0.1, 0.1, 0.224999993, -0.115000005, -0.0199689063, 0.707115066, -0.707098496, -2.50253136e-005, 0.707098495, 0.707115067, -3.28322228e-005, 4.09113917e-005, 5.52079779e-006, 0.999999999, 0.707115109, -0.707098453, -1.80505916e-005, 0.707098453, 0.707115109, -1.30349021e-005, 2.19808052e-005, -3.54636917e-006, 1, 0, 0, 0, 0, 0, 0, 0, 0.21085835, 0.0313635254, -0.209634692, -0.0101497151, 0.957230956, -0.288703679, -0.849975586, 0.143798828, 0.506713867, 0.526626094, 0.250557665, 0.812366939, 0, -0, 0, 0, 0, 0, 0, 0.266105273, 0.0506721191, -0.178924365, -0.0836859246, 0.70571285, -0.703404754, -0.0068359375, -0.706176758, -0.707763672, -0.996383589, -0.0543382078, 0.0639092445, 1, 3, 5, 0, 
900.964067, 64, 0.1, 0.1, 0.224999997, -0.115000001, -0.019968143, 0.707114933, -0.70709863, 1.80024297e-005, 0.707098629, 0.707114933, 1.08287543e-005, -2.03867842e-005, 5.07231948e-006, 1, 0.707114966, -0.707098597, -4.02640056e-006, 0.707098596, 0.707114966, -1.18508099e-005, 1.12268191e-005, 5.53282284e-006, 1, 0, 0, 0, 0, 0, 0, 0, 0.21085835, 0.0313635254, -0.209634692, -0.0101497151, 0.957230956, -0.288703679, -0.849975586, 0.143798828, 0.506713867, 0.526626094, 0.250557665, 0.812366939, 0, -0, 0, 0, 0, 0, 0, 0.266105273, 0.0506721191, -0.178924365, -0.0836859246, 0.70571285, -0.703404754, -0.0068359375, -0.706176758, -0.707763672, -0.996383589, -0.0543382078, 0.0639092445, 1, 3, 5, 0, 
900.964755, 64, 0.1, 0.1, 0.224999992, -0.115000006, -0.0199680041, 0.707114742, -0.707098821, 4.21309038e-006, 0.707098821, 0.707114742, 1.32168141e-005, -1.23247319e-005, -6.36673281e-006, 1, 0.707114762, -0.7070988, 2.7233122e-005, 0.707098799, 0.707114763, 2.19611556e-005, -3.47856494e-005, 3.7274505e-006, 0.999999999, 0, 0, 0, 0, 0, 0, 0, 0.21085835, 0.0313635254, -0.209634692, -0.0101497151, 0.957230956, -0.288703679, -0.849975586, 0.143798828, 0.506713867, 0.526626094, 0.250557665, 0.812366939, 0, -0, 0, 0, 0, 0, 0, 0.266105273, 0.0506721191, -0.178924365, -0.0836859246, 0.70571285, -0.703404754, -0.0068359375, -0.706176758, -0.707763672, -0.996383589, -0.0543382078, 0.0639092445, 1, 3, 5, 0, 
900.965443, 64, 0.1, 0.1, 0.224999997, -0.115000001, -0.0199684578, 0.707114495, -0.707099067, -2.87306405e-005, 0.707099067, 0.707114495, -2.03749855e-005, 3.47229856e-005, -5.90796149e-006, 0.999999999, 0.707114532, -0.707099029, -3.75865945e-005, 0.707099028, 0.707114533, -2.88397227e-005, 4.69705671e-005, -6.1844574e-006, 0.999999999, 0, 0, 0, 0, 0, 0, 0, 0.21085835, 0.0313635254, -0.209634692, -0.0101497151, 0.957230956, -0.288703679, -0.849975586, 0.143798828, 0.506713867, 0.526626094, 0.250557665, 0.812366939, 0, -0, 0, 0, 0, 0, 0, 0.266105273, 0.0506721191, -0.178924365, -0.0836859246, 0.70571285, -0.703404754, -0.0068359375, -0.706176758, -0.707763672, -0.996383589, -0.0543382078, 0.0639092445, 1, 3, 5, 0, 
900.966131, 64, 0.1, 0.1, 0.224999994, -0.115000005, -0.0199693786, 0.707114237, -0.707099325, 3.45013731e-005, 0.707099324, 0.707114238, 2.94835849e-005, -4.52442351e-005, 3.54763493e-006, 0.999999999, 0.707114291, -0.707099271, 2.93113951e-005, 0.70709927, 0.707114291, 3.71071768e-005, -4.6964964e-005, -5.51294886e-006, 0.999999999, 0, 0, 0, 0, 0, 0, 0, 0.21085835, 0.0313635254, -0.209634692, -0.0101497151, 0.957230956, -0.288703679, -0.849975586, 0.143798828, 0.506713867, 0.526626094, 0.250557665, 0.812366939, 0, -0, 0, 0, 0, 0, 0, 0.266105273, 0.0506721191, -0.178924365, -0.0836859246, 0.70571285, -0.703404754, -0.0068359375, -0.706176758, -0.707763672, -0.996383589, -0.0543382078, 0.0639092445, 1, 3, 5, 0, 
900.966831, 64, 0.1, 0.1, 0.224999995, -0.115000003, -0.0199704129, 0.707113958, -0.707099604, -2.94537923e-005, 0.707099603, 0.707113959, -3.47958335e-005, 4.54313077e-005, 3.77785475e-006, 0.999999999, 0.707114023, -0.707099538, -2.35903135e-005, 0.707099538, 0.707114024, -2.90816386e-005, 3.72446547e-005, 3.88333472e-006, 0.999999999, 0, 0, 0, 0, 0, 0, 0, 0.210599829, 0.0313730469, -0.209821313, -0.0108540237, 0.957433899, -0.287980275, -0.849853516, 0.142944336, 0.507202148, 0.526861237, 0.250278338, 0.812252363, 0, -0, 0, 0, 0, 0, 0, 0.266105273, 0.0506721191, -0.178924365, -0.084427094, 0.705802169, -0.70318747, -0.00646972656, -0.706054688, -0.708007812, -0.996338746, -0.055188019, 0.0641775674, 1, 3, 5, 0, 
900.96752, 64, 0.1, 0.1, 0.224999996, -0.115000002, -0.0199711465, 0.707113673, -0.707099889, 2.10612069e-005, 0.707099888, 0.707113674, 2.75289907e-005, -3.43584136e-005, -4.57374873e-006, 0.999999999, 0.707113748, -0.707099814, 1.4474317e-005, 0.707099814, 0.707113748, 8.83861868e-006, -1.64847742e-005, 3.98487807e-006, 1, 0, 0, 0, 0, 0, 0, 0, 0.210599829, 0.0313730469, -0.209821313, -0.0108540237, 0.957433899, -0.287980275, -0.849853516, 0.142944336, 0.507202148, 0.526861237, 0.250278338, 0.812252363, 0, -0, 0, 0, 0, 0, 0, 0.266057178, 0.0506601562, -0.178904346, -0.084427094, 0.705802169, -0.70318747, -0.00646972656, -0.706054688, -0.708007812, -0.996338746, -0.055188019, 0.0641775674, 1, 3, 5, 0, 
