time, trialNum, realDorsalTactorPos, realVentralTactorPos, boxPosX, boxPosY, boxPosZ, boxLocalRot_11, boxLocalRot_12, boxLocalRot_13, boxLocalRot_21, boxLocalRot_22, boxLocalRot_23, boxLocalRot_31, boxLocalRot_32, boxLocalRot_33, boxGlobalRot_11, boxGlobalRot_12, boxGlobalRot_13, boxGlobalRot_21, boxGlobalRot_22, boxGlobalRot_23, boxGlobalRot_31, boxGlobalRot_32, boxGlobalRot_33, indexForceX, indexForceY, indexForceZ, indexForceGlobalX, indexForceGlobalY, indexForceGlobalZ, indexContact, indexPosX, indexPosY, indexPosZ, indexRot_11, indexRot_12, indexRot_13, indexRot_21, indexRot_22, indexRot_23, indexRot_31, indexRot_32, indexRot_33, thumbForceX, thumbForceY, thumbForceZ, thumbForceGlobalX, thumbForceGlobalY, thumbForceGlobalZ, thumbContact, thumbPosX, thumbPosY, thumbPosZ, thumbRot_11, thumbRot_12, thumbRot_13, thumbRot_21, thumbRot_22, thumbRot_23, thumbRot_31, thumbRot_32, thumbRot_33, manipForceTooHigh, cceExpType, mapping, trialSuccess, 
810.028954, 68, 0.1, 0.1, -0.00177744109, 0.377558956, -0.0199682201, 0.959214005, -7.57461621e-006, 0.282680903, 0.282680903, 1.91645786e-005, -0.959214005, 1.84821757e-006, 1, 2.05241315e-005, 0.959213943, -9.47334448e-006, 0.282681114, 0.282681114, -2.45502262e-005, -0.959213942, 1.60268494e-005, 1, -2.08709837e-005, 0, 0, 0, 0, 0, 0, 0, 0.234275732, -0.0176716553, -0.175895874, -0.456276007, 0.804780753, -0.379541813, -0.803710937, -0.189819336, 0.563720703, 0.381741224, 0.562301836, 0.733565968, 0, -0, 0, 0, 0, 0, 0, 0.27654458, 0.0155411621, -0.154308154, -0.294471042, 0.527957469, -0.796435939, -0.424926758, -0.818725586, -0.385742187, -0.855903907, 0.224998248, 0.465564836, 0, 3, 5, 1, 
810.042283, 68, 0.1, 0.1, -0.00177744457, 0.377558931, -0.0199796794, 0.959224045, -5.68885534e-005, 0.282646826, 0.282646826, -4.81270723e-006, -0.959224047, 5.59291648e-005, 0.999999998, 1.14629045e-005, 0.959223978, -5.52679533e-005, 0.282647054, 0.282647053, -2.11950594e-005, -0.95922398, 5.90050672e-005, 0.999999998, -4.70948504e-006, 0, 0, 0, 0, 0, 0, 0, 0.241969434, -0.028514502, -0.168980981, -0.484997263, 0.797939489, -0.357737084, -0.785400391, -0.217529297, 0.579467773, 0.384559937, 0.562025875, 0.732337093, 0, -0, 0, 0, 0, 0, 0, 0.283105811, 0.00626147461, -0.148838672, -0.320297133, 0.528936677, -0.785782482, -0.406738281, -0.825927734, -0.390136719, -0.855427028, 0.194660975, 0.47981803, 0, 3, 5, 1, 
810.042974, 68, 0.1, 0.1, -0.00177744325, 0.37755893, -0.0199766467, 0.959224439, 4.64606138e-005, 0.28264549, 0.28264549, 2.87477538e-006, -0.95922444, -4.53786985e-005, 0.999999999, -1.03743281e-005, 0.95922435, 2.13797649e-005, 0.282645795, 0.282645795, 1.43811196e-005, -0.95922435, -2.45727541e-005, 1, 7.75181944e-006, 0, 0, 0, 0, 0, 0, 0, 0.241969434, -0.028514502, -0.168980981, -0.484997263, 0.797939489, -0.357737084, -0.785400391, -0.217529297, 0.579467773, 0.384559937, 0.562025875, 0.732337093, 0, -0, 0, 0, 0, 0, 0, 0.283105811, 0.00626147461, -0.148838672, -0.320297133, 0.528936677, -0.785782482, -0.406738281, -0.825927734, -0.390136719, -0.855427028, 0.194660975, 0.47981803, 0, 3, 5, 1, 
810.043661, 68, 0.1, 0.1, -0.00177745174, 0.377558931, -0.0199719044, 0.959224855, 7.1376071e-006, 0.282644081, 0.282644081, 1.9547334e-005, -0.959224855, -1.23715084e-005, 1, 1.67328863e-005, 0.959224777, 3.6235761e-005, 0.282644347, 0.282644347, 6.35516999e-006, -0.959224777, -3.65544927e-005, 0.999999999, -4.14579648e-006, 0, 0, 0, 0, 0, 0, 0, 0.241969434, -0.028514502, -0.168980981, -0.484997263, 0.797939489, -0.357737084, -0.785400391, -0.217529297, 0.579467773, 0.384559937, 0.562025875, 0.732337093, 0, -0, 0, 0, 0, 0, 0, 0.283105811, 0.00626147461, -0.148838672, -0.320297133, 0.528936677, -0.785782482, -0.406738281, -0.825927734, -0.390136719, -0.855427028, 0.194660975, 0.47981803, 0, 3, 5, 1, 
810.04435, 68, 0.1, 0.1, -0.00177744287, 0.377558932, -0.0199669389, 0.959225118, -3.22061524e-005, 0.282643189, 0.282643188, -3.40643761e-005, -0.959225118, 4.05210143e-005, 0.999999999, -2.35725556e-005, 0.959225077, -5.11905083e-005, 0.282643326, 0.282643326, -1.19228453e-005, -0.959225078, 5.24731319e-005, 0.999999999, 3.0319633e-006, 0, 0, 0, 0, 0, 0, 0, 0.241969434, -0.028514502, -0.168980981, -0.484997263, 0.797939489, -0.357737084, -0.785400391, -0.217529297, 0.579467773, 0.384559937, 0.562025875, 0.732337093, 0, -0, 0, 0, 0, 0, 0, 0.283105811, 0.00626147461, -0.148838672, -0.320297133, 0.528936677, -0.785782482, -0.406738281, -0.825927734, -0.390136719, -0.855427028, 0.194660975, 0.47981803, 0, 3, 5, 1, 
810.04504, 68, 0.1, 0.1, -0.00177744789, 0.377558937, -0.0199631943, 0.959225175, 3.02974011e-005, 0.282642996, 0.282642995, 2.47993689e-005, -0.959225175, -3.60713978e-005, 0.999999999, 1.52248308e-005, 0.959225179, 4.37795761e-005, 0.282642981, 0.282642982, -2.0819952e-006, -0.959225179, -4.14060104e-005, 0.999999999, -1.43710921e-005, 0, 0, 0, 0, 0, 0, 0, 0.241969434, -0.028514502, -0.168980981, -0.484997263, 0.797939489, -0.357737084, -0.785400391, -0.217529297, 0.579467773, 0.384559937, 0.562025875, 0.732337093, 0, -0, 0, 0, 0, 0, 0, 0.283105811, 0.00626147461, -0.148838672, -0.320297133, 0.528936677, -0.785782482, -0.406738281, -0.825927734, -0.390136719, -0.855427028, 0.194660975, 0.47981803, 0, 3, 5, 1, 
810.045744, 68, 0.1, 0.1, -0.00177744443, 0.377558936, -0.0199615535, 0.959225036, -9.23784328e-006, 0.282643467, 0.282643467, -2.90661702e-005, -0.959225036, 1.70765337e-005, 1, -2.52699821e-005, 0.959225075, -2.74341318e-005, 0.282643336, 0.282643336, -2.09895472e-006, -0.959225075, 2.69087627e-005, 1, 5.74070451e-006, 0, 0, 0, 0, 0, 0, 0, 0.242419922, -0.0303506104, -0.168117896, -0.489432049, 0.796955853, -0.353872935, -0.78137207, -0.220703125, 0.583618164, 0.386992625, 0.562058075, 0.73098352, 0, -0, 0, 0, 0, 0, 0, 0.283105811, 0.00626147461, -0.148838672, -0.320297133, 0.528936677, -0.785782482, -0.406738281, -0.825927734, -0.390136719, -0.855427028, 0.194660975, 0.47981803, 0, 3, 5, 1, 
810.046455, 68, 0.1, 0.1, -0.0017774468, 0.377558942, -0.0199621371, 0.959224788, -8.21186271e-006, 0.282644309, 0.282644309, 1.01896443e-005, -0.959224788, 4.99697731e-006, 1, 1.20951956e-005, 0.959224828, 3.13216166e-006, 0.282644174, 0.282644174, -1.95292928e-005, -0.959224828, 2.5153936e-006, 1, -1.96182698e-005, 0, 0, 0, 0, 0, 0, 0, 0.242419922, -0.0303506104, -0.168117896, -0.489432049, 0.796955853, -0.353872935, -0.78137207, -0.220703125, 0.583618164, 0.386992625, 0.562058075, 0.73098352, 0, -0, 0, 0, 0, 0, 0, 0.283627686, 0.004134375, -0.148163184, -0.326328567, 0.528533459, -0.783641363, -0.404907227, -0.827148438, -0.389404297, -0.854097074, 0.190322601, 0.483970837, 0, 3, 5, 1, 
810.047146, 68, 0.1, 0.1, -0.00177744439, 0.37755894, -0.0199649391, 0.959224611, -1.20577056e-006, 0.282644911, 0.282644911, -1.35204426e-005, -0.959224611, 4.9780891e-006, 1, -1.26283364e-005, 0.959224652, -1.72899603e-005, 0.28264477, 0.28264477, 9.87500101e-006, -0.959224652, 1.37938388e-005, 1, 1.43592613e-005, 0, 0, 0, 0, 0, 0, 0, 0.242419922, -0.0303506104, -0.168117896, -0.489432049, 0.796955853, -0.353872935, -0.78137207, -0.220703125, 0.583618164, 0.386992625, 0.562058075, 0.73098352, 0, -0, 0, 0, 0, 0, 0, 0.283627686, 0.004134375, -0.148163184, -0.326328567, 0.528533459, -0.783641363, -0.404907227, -0.827148438, -0.389404297, -0.854097074, 0.190322601, 0.483970837, 0, 3, 5, 1, 
810.047836, 68, 0.1, 0.1, -0.00177744689, 0.377558943, -0.0199689994, 0.959224359, -1.67338676e-005, 0.282645767, 0.282645767, 1.20600267e-005, -0.959224359, 1.26428179e-005, 1, 1.62980282e-005, 0.959224409, 1.03195921e-005, 0.282645597, 0.282645598, -6.53145077e-006, -0.959224409, -8.05271881e-006, 1, -9.18191427e-006, 0, 0, 0, 0, 0, 0, 0, 0.242419922, -0.0303506104, -0.168117896, -0.489432049, 0.796955853, -0.353872935, -0.78137207, -0.220703125, 0.583618164, 0.386992625, 0.562058075, 0.73098352, 0, -0, 0, 0, 0, 0, 0, 0.283627686, 0.004134375, -0.148163184, -0.326328567, 0.528533459, -0.783641363, -0.404907227, -0.827148438, -0.389404297, -0.854097074, 0.190322601, 0.483970837, 0, 3, 5, 1, 
810.048529, 68, 0.1, 0.1, -0.00177744317, 0.377558941, -0.0199730345, 0.959224136, 1.85059076e-005, 0.282646524, 0.282646524, 2.31928099e-006, -0.959224136, -1.84068499e-005, 1, -3.00592014e-006, 0.959224177, -9.18800848e-006, 0.282646384, 0.282646384, 1.67932199e-005, -0.959224177, 4.066817e-006, 1, 1.87054199e-005, 0, 0, 0, 0, 0, 0, 0, 0.242419922, -0.0303506104, -0.168117896, -0.489432049, 0.796955853, -0.353872935, -0.78137207, -0.220703125, 0.583618164, 0.386992625, 0.562058075, 0.73098352, 0, -0, 0, 0, 0, 0, 0, 0.283627686, 0.004134375, -0.148163184, -0.326328567, 0.528533459, -0.783641363, -0.404907227, -0.827148438, -0.389404297, -0.854097074, 0.190322601, 0.483970837, 0, 3, 5, 1, 
810.04922, 68, 0.1, 0.1, -0.00177744807, 0.377558943, -0.0199758782, 0.959223948, -1.63278923e-006, 0.282647163, 0.282647163, 8.41307225e-006, -0.959223947, -8.11720473e-007, 1, 8.53152362e-006, 0.959223982, 2.17048179e-005, 0.282647046, 0.282647046, -2.34384535e-006, -0.959223982, -2.01573009e-005, 1, -8.38307535e-006, 0, 0, 0, 0, 0, 0, 0, 0.242419922, -0.0303506104, -0.168117896, -0.489432049, 0.796955853, -0.353872935, -0.78137207, -0.220703125, 0.583618164, 0.386992625, 0.562058075, 0.73098352, 0, -0, 0, 0, 0, 0, 0, 0.283627686, 0.004134375, -0.148163184, -0.326328567, 0.528533459, -0.783641363, -0.404907227, -0.827148438, -0.389404297, -0.854097074, 0.190322601, 0.483970837, 0, 3, 5, 1, 
810.049912, 68, 0.1, 0.1, -0.00177743945, 0.377558945, -0.0199768011, 0.959223704, -3.52886284e-005, 0.282647987, 0.282647986, -2.82863655e-005, -0.959223705, 4.18447731e-005, 0.999999999, -1.71586926e-005, 0.959223756, -4.85290656e-005, 0.282647807, 0.282647807, -1.28870469e-005, -0.959223758, 5.01927282e-005, 0.999999999, 1.35507242e-006, 0, 0, 0, 0, 0, 0, 0, 0.242419922, -0.0303506104, -0.168117896, -0.489432049, 0.796955853, -0.353872935, -0.78137207, -0.220703125, 0.583618164, 0.386992625, 0.562058075, 0.73098352, 0, -0, 0, 0, 0, 0, 0, 0.283627686, 0.004134375, -0.148163184, -0.326328567, 0.528533459, -0.783641363, -0.404907227, -0.827148438, -0.389404297, -0.854097074, 0.190322601, 0.483970837, 0, 3, 5, 1, 
810.05063, 68, 0.1, 0.1, -0.00177744403, 0.377558948, -0.0199754604, 0.959223338, 5.07109539e-005, 0.282649225, 0.282649224, 2.61690304e-005, -0.95922334, -5.60397867e-005, 0.999999998, 1.0768533e-005, 0.959223429, 4.64850059e-005, 0.282648917, 0.282648917, 2.84935527e-006, -0.95922343, -4.5394874e-005, 0.999999999, -1.04057683e-005, 0, 0, 0, 0, 0, 0, 0, 0.243237061, -0.0315440918, -0.1672, -0.495339853, 0.795451756, -0.34899295, -0.77722168, -0.22644043, 0.586914063, 0.387928329, 0.561925525, 0.730581382, 0, -0, 0, 0, 0, 0, 0, 0.283627686, 0.004134375, -0.148163184, -0.333682658, 0.527938111, -0.780918755, -0.400878906, -0.829101563, -0.389282227, -0.853028879, 0.18314095, 0.488430247, 0, 3, 5, 1, 
810.051321, 68, 0.1, 0.1, -0.00177744753, 0.377558946, -0.0199724334, 0.95922291, -2.079335e-005, 0.282650683, 0.282650682, -2.0318794e-005, -0.95922291, 2.56885787e-005, 1, -1.36129982e-005, 0.959222997, 4.32916201e-006, 0.282650387, 0.282650387, 9.12900719e-006, -0.959222997, -6.73294917e-006, 1, 7.53311433e-006, 0, 0, 0, 0, 0, 0, 0, 0.243237061, -0.0315440918, -0.1672, -0.495339853, 0.795451756, -0.34899295, -0.77722168, -0.22644043, 0.586914063, 0.387928329, 0.561925525, 0.730581382, 0, -0, 0, 0, 0, 0, 0, 0.284279785, 0.00282773438, -0.147442773, -0.333682658, 0.527938111, -0.780918755, -0.400878906, -0.829101563, -0.389282227, -0.853028879, 0.18314095, 0.488430247, 0, 3, 5, 1, 
810.052012, 68, 0.1, 0.1, -0.0017774386, 0.377558952, -0.0199689032, 0.959222534, -3.32571736e-005, 0.282651959, 0.282651959, 6.72307916e-006, -0.959222534, 3.00007389e-005, 0.999999999, 1.58491343e-005, 0.959222602, -4.60549717e-005, 0.282651724, 0.282651723, -2.18957964e-005, -0.959222603, 5.03658544e-005, 0.999999999, -7.98542572e-006, 0, 0, 0, 0, 0, 0, 0, 0.243237061, -0.0315440918, -0.1672, -0.495339853, 0.795451756, -0.34899295, -0.77722168, -0.22644043, 0.586914063, 0.387928329, 0.561925525, 0.730581382, 0, -0, 0, 0, 0, 0, 0, 0.284279785, 0.00282773438, -0.147442773, -0.333682658, 0.527938111, -0.780918755, -0.400878906, -0.829101563, -0.389282227, -0.853028879, 0.18314095, 0.488430247, 0, 3, 5, 1, 
810.052705, 68, 0.1, 0.1, -0.00177744056, 0.37755895, -0.0199658656, 0.959222316, 1.52858734e-005, 0.2826527, 0.282652701, -2.10112843e-005, -0.959222315, -8.72365469e-006, 1, -2.44750862e-005, 0.959222348, 2.10988756e-005, 0.28265259, 0.282652589, 9.86533488e-006, -0.959222348, -2.30269755e-005, 1, 3.49939787e-006, 0, 0, 0, 0, 0, 0, 0, 0.243237061, -0.0315440918, -0.1672, -0.495339853, 0.795451756, -0.34899295, -0.77722168, -0.22644043, 0.586914063, 0.387928329, 0.561925525, 0.730581382, 0, -0, 0, 0, 0, 0, 0, 0.284279785, 0.00282773438, -0.147442773, -0.333682658, 0.527938111, -0.780918755, -0.400878906, -0.829101563, -0.389282227, -0.853028879, 0.18314095, 0.488430247, 0, 3, 5, 1, 
810.053463, 68, 0.1, 0.1, -0.00177743692, 0.377558959, -0.0199632637, 0.959222242, -7.41318128e-006, 0.28265295, 0.28265295, 1.10330572e-005, -0.959222242, 3.9923622e-006, 1, 1.26785114e-005, 0.959222249, -1.96298735e-005, 0.282652926, 0.282652926, -2.44547352e-005, -0.959222249, 2.57416139e-005, 1, -1.79090849e-005, 0, 0, 0, 0, 0, 0, 0, 0.244561719, -0.0329343262, -0.166295044, -0.500041982, 0.794493208, -0.344398283, -0.773803711, -0.231445313, 0.589477539, 0.388673073, 0.561335793, 0.730718802, 0, -0, 0, 0, 0, 0, 0, 0.285233008, 0.0013894043, -0.146714307, -0.339784455, 0.52849298, -0.777889545, -0.397583008, -0.830200195, -0.390380859, -0.852197292, 0.176693905, 0.492308168, 0, 3, 5, 1, 
810.054158, 68, 0.1, 0.1, -0.00177744342, 0.377558954, -0.0199628451, 0.95922231, 3.15858191e-005, 0.28265272, 0.28265272, -7.35199566e-006, -0.95922231, -2.82197608e-005, 0.999999999, -1.59800159e-005, 0.95922229, 4.18355278e-005, 0.282652783, 0.282652782, 2.46312251e-005, -0.959222291, -4.70916551e-005, 0.999999999, 1.18018918e-005, 0, 0, 0, 0, 0, 0, 0, 0.244561719, -0.0329343262, -0.166295044, -0.500041982, 0.794493208, -0.344398283, -0.773803711, -0.231445313, 0.589477539, 0.388673073, 0.561335793, 0.730718802, 0, -0, 0, 0, 0, 0, 0, 0.285233008, 0.0013894043, -0.146714307, -0.339784455, 0.52849298, -0.777889545, -0.397583008, -0.830200195, -0.390380859, -0.852197292, 0.176693905, 0.492308168, 0, 3, 5, 1, 
810.054849, 68, 0.1, 0.1, -0.00177744129, 0.377558958, -0.0199644716, 0.959222496, -1.00640372e-005, 0.28265209, 0.28265209, 2.26120959e-005, -0.959222495, 3.26229475e-006, 1, 2.45346522e-005, 0.959222453, -1.752012e-005, 0.282652236, 0.282652235, -1.08551097e-005, -0.959222453, 1.98739135e-005, 1, -5.46036388e-006, 0, 0, 0, 0, 0, 0, 0, 0.244561719, -0.0329343262, -0.166295044, -0.500041982, 0.794493208, -0.344398283, -0.773803711, -0.231445313, 0.589477539, 0.388673073, 0.561335793, 0.730718802, 0, -0, 0, 0, 0, 0, 0, 0.285233008, 0.0013894043, -0.146714307, -0.339784455, 0.52849298, -0.777889545, -0.397583008, -0.830200195, -0.390380859, -0.852197292, 0.176693905, 0.492308168, 0, 3, 5, 1, 
810.055543, 68, 0.1, 0.1, -0.0017774452, 0.377558952, -0.019967531, 0.95922278, 1.66757441e-005, 0.282651123, 0.282651123, 6.37279571e-006, -0.95922278, -1.77970315e-005, 1, 1.39951302e-006, 0.959222721, 2.67200202e-005, 0.282651322, 0.282651321, 3.55644128e-005, -0.959222721, -3.56827788e-005, 0.999999999, 2.65617438e-005, 0, 0, 0, 0, 0, 0, 0, 0.244561719, -0.0329343262, -0.166295044, -0.500041982, 0.794493208, -0.344398283, -0.773803711, -0.231445313, 0.589477539, 0.388673073, 0.561335793, 0.730718802, 0, -0, 0, 0, 0, 0, 0, 0.285233008, 0.0013894043, -0.146714307, -0.339784455, 0.52849298, -0.777889545, -0.397583008, -0.830200195, -0.390380859, -0.852197292, 0.176693905, 0.492308168, 0, 3, 5, 1, 
810.056234, 68, 0.1, 0.1, -0.00177744321, 0.377558964, -0.0199710711, 0.95922305, -5.20293298e-006, 0.28265021, 0.282650209, -6.03276947e-005, -0.959223048, 2.20424088e-005, 0.999999998, -5.63971052e-005, 0.959223, -1.22039847e-005, 0.282650379, 0.282650377, -7.27379473e-005, -0.959222998, 3.22657512e-005, 0.999999997, -6.63224512e-005, 0, 0, 0, 0, 0, 0, 0, 0.244561719, -0.0329343262, -0.166295044, -0.500041982, 0.794493208, -0.344398283, -0.773803711, -0.231445313, 0.589477539, 0.388673073, 0.561335793, 0.730718802, 0, -0, 0, 0, 0, 0, 0, 0.285233008, 0.0013894043, -0.146714307, -0.339784455, 0.52849298, -0.777889545, -0.397583008, -0.830200195, -0.390380859, -0.852197292, 0.176693905, 0.492308168, 0, 3, 5, 1, 
810.056931, 68, 0.1, 0.1, -0.00177744739, 0.37755896, -0.0199740449, 0.959223231, 2.30517587e-005, 0.282649594, 0.282649591, 7.62139931e-005, -0.959223229, -4.36536366e-005, 0.999999997, 6.65906625e-005, 0.959223208, 2.88300763e-005, 0.282649669, 0.282649667, 6.19032987e-005, -0.959223208, -4.51514251e-005, 0.999999998, 5.12302693e-005, 0, 0, 0, 0, 0, 0, 0, 0.244561719, -0.0329343262, -0.166295044, -0.500041982, 0.794493208, -0.344398283, -0.773803711, -0.231445313, 0.589477539, 0.388673073, 0.561335793, 0.730718802, 0, -0, 0, 0, 0, 0, 0, 0.285233008, 0.0013894043, -0.146714307, -0.339784455, 0.52849298, -0.777889545, -0.397583008, -0.830200195, -0.390380859, -0.852197292, 0.176693905, 0.492308168, 0, 3, 5, 1, 
810.057637, 68, 0.1, 0.1, -0.00177744457, 0.377558952, -0.0199755362, 0.959223263, -2.51567372e-005, 0.282649483, 0.282649483, -4.65059144e-006, -0.959223264, 2.54454149e-005, 1, 2.64958328e-006, 0.959223274, -2.73365013e-005, 0.282649447, 0.282649448, 2.6727508e-005, -0.959223274, 1.8667293e-005, 0.999999999, 3.33642947e-005, 0, 0, 0, 0, 0, 0, 0, 0.244561719, -0.0329343262, -0.166295044, -0.503500246, 0.793528669, -0.341764896, -0.771240234, -0.234375, 0.591796875, 0.389467992, 0.561488561, 0.730178122, 0, -0, 0, 0, 0, 0, 0, 0.285233008, 0.0013894043, -0.146714307, -0.339784455, 0.52849298, -0.777889545, -0.397583008, -0.830200195, -0.390380859, -0.852197292, 0.176693905, 0.492308168, 0, 3, 5, 1, 
810.058341, 68, 0.1, 0.1, -0.0017774473, 0.377558966, -0.0199749883, 0.959223107, 3.21118473e-005, 0.282650015, 0.282650016, -6.9137489e-005, -0.959223104, -1.12607136e-005, 0.999999997, -7.53946911e-005, 0.959223143, 3.26152726e-005, 0.282649892, 0.282649894, -7.33378079e-005, -0.95922314, -1.05564007e-005, 0.999999997, -7.95660259e-005, 0, 0, 0, 0, 0, 0, 0, 0.245726855, -0.0347690918, -0.165269141, -0.503500246, 0.793528669, -0.341764896, -0.771240234, -0.234375, 0.591796875, 0.389467992, 0.561488561, 0.730178122, 0, -0, 0, 0, 0, 0, 0, 0.286294141, -0.000476123047, -0.145622607, -0.34430803, 0.52853709, -0.775889151, -0.395874023, -0.831054688, -0.390380859, -0.851199826, 0.172770775, 0.495464243, 0, 3, 5, 1, 
810.059029, 68, 0.1, 0.1, -0.00177744617, 0.377558969, -0.0199730978, 0.959222977, -1.46713413e-005, 0.282650456, 0.282650456, 4.80457927e-005, -0.959222976, 4.92922446e-007, 0.999999999, 5.02334896e-005, 0.959222985, -1.80077141e-005, 0.28265043, 0.28265043, 2.02770514e-005, -0.959222984, 1.1542096e-005, 1, 2.45401019e-005, 0, 0, 0, 0, 0, 0, 0, 0.245726855, -0.0347690918, -0.165269141, -0.503500246, 0.793528669, -0.341764896, -0.771240234, -0.234375, 0.591796875, 0.389467992, 0.561488561, 0.730178122, 0, -0, 0, 0, 0, 0, 0, 0.286294141, -0.000476123047, -0.145622607, -0.34430803, 0.52853709, -0.775889151, -0.395874023, -0.831054688, -0.390380859, -0.851199826, 0.172770775, 0.495464243, 0, 3, 5, 1, 
810.059716, 68, 0.1, 0.1, -0.00177744646, 0.377558958, -0.0199705018, 0.959223003, -3.11244734e-006, 0.282650368, 0.282650368, 2.60335914e-005, -0.959223003, -4.37287311e-006, 1, 2.58517542e-005, 0.959222994, 5.69420474e-006, 0.282650398, 0.282650398, 5.42766301e-005, -0.959222993, -2.08033232e-005, 0.999999999, 5.04539224e-005, 0, 0, 0, 0, 0, 0, 0, 0.245726855, -0.0347690918, -0.165269141, -0.503500246, 0.793528669, -0.341764896, -0.771240234, -0.234375, 0.591796875, 0.389467992, 0.561488561, 0.730178122, 0, -0, 0, 0, 0, 0, 0, 0.286294141, -0.000476123047, -0.145622607, -0.34430803, 0.52853709, -0.775889151, -0.395874023, -0.831054688, -0.390380859, -0.851199826, 0.172770775, 0.495464243, 0, 3, 5, 1, 
810.060407, 68, 0.1, 0.1, -0.00177744235, 0.377558967, -0.0199678958, 0.959223034, -6.86471238e-006, 0.282650262, 0.282650261, -3.92765412e-005, -0.959223034, 1.76863149e-005, 0.999999999, -3.57346503e-005, 0.959223032, -1.90092143e-005, 0.282650268, 0.282650267, -5.27806018e-005, -0.959223031, 3.31525274e-005, 0.999999998, -4.52554094e-005, 0, 0, 0, 0, 0, 0, 0, 0.245726855, -0.0347690918, -0.165269141, -0.503500246, 0.793528669, -0.341764896, -0.771240234, -0.234375, 0.591796875, 0.389467992, 0.561488561, 0.730178122, 0, -0, 0, 0, 0, 0, 0, 0.286294141, -0.000476123047, -0.145622607, -0.34430803, 0.52853709, -0.775889151, -0.395874023, -0.831054688, -0.390380859, -0.851199826, 0.172770775, 0.495464243, 0, 3, 5, 1, 
810.061104, 68, 0.1, 0.1, -0.00177744336, 0.377558963, -0.0199660239, 0.959222967, -1.11848796e-005, 0.282650491, 0.282650491, 3.12275781e-005, -0.959222966, 1.90230314e-006, 0.999999999, 3.31156219e-005, 0.959222989, 4.19420853e-006, 0.282650417, 0.282650416, 4.11427426e-005, -0.959222988, -1.56521946e-005, 0.999999999, 3.82795697e-005, 0, 0, 0, 0, 0, 0, 0, 0.245726855, -0.0347690918, -0.165269141, -0.503500246, 0.793528669, -0.341764896, -0.771240234, -0.234375, 0.591796875, 0.389467992, 0.561488561, 0.730178122, 0, -0, 0, 0, 0, 0, 0, 0.286294141, -0.000476123047, -0.145622607, -0.34430803, 0.52853709, -0.775889151, -0.395874023, -0.831054688, -0.390380859, -0.851199826, 0.172770775, 0.495464243, 0, 3, 5, 1, 
810.061793, 68, 0.1, 0.1, -0.00177744434, 0.377558966, -0.0199653707, 0.959222789, 1.13752266e-005, 0.282651094, 0.282651094, -1.44009893e-005, -0.959222789, -6.84092119e-006, 1, -1.70289774e-005, 0.959222827, 2.06147673e-005, 0.282650963, 0.282650964, -2.0652504e-005, -0.959222827, -1.39367052e-005, 1, -2.56371371e-005, 0, 0, 0, 0, 0, 0, 0, 0.245726855, -0.0347690918, -0.165269141, -0.503500246, 0.793528669, -0.341764896, -0.771240234, -0.234375, 0.591796875, 0.389467992, 0.561488561, 0.730178122, 0, -0, 0, 0, 0, 0, 0, 0.286294141, -0.000476123047, -0.145622607, -0.34430803, 0.52853709, -0.775889151, -0.395874023, -0.831054688, -0.390380859, -0.851199826, 0.172770775, 0.495464243, 0, 3, 5, 1, 
810.062499, 68, 0.1, 0.1, -0.00177744281, 0.377558967, -0.0199660223, 0.959222608, 1.01459006e-005, 0.282651707, 0.282651707, -4.47771124e-006, -0.959222608, -8.46654448e-006, 1, -7.16287797e-006, 0.959222645, 4.60850613e-006, 0.282651584, 0.282651584, -3.6558168e-006, -0.959222645, -3.38726104e-006, 1, -4.80934381e-006, 0, 0, 0, 0, 0, 0, 0, 0.245726855, -0.0347690918, -0.165269141, -0.506418951, 0.792684697, -0.339150604, -0.768676758, -0.236938477, 0.593994141, 0.390548229, 0.561622233, 0.729516875, 0, -0, 0, 0, 0, 0, 0, 0.286294141, -0.000476123047, -0.145622607, -0.34430803, 0.52853709, -0.775889151, -0.395874023, -0.831054688, -0.390380859, -0.851199826, 0.172770775, 0.495464243, 0, 3, 5, 1, 
810.063206, 68, 0.1, 0.1, -0.00177744078, 0.377558969, -0.0199674211, 0.959222446, 4.30694923e-006, 0.282652259, 0.282652259, -6.94491885e-006, -0.959222446, -2.16832537e-006, 1, -7.87909098e-006, 0.959222474, -1.41509419e-005, 0.282652164, 0.282652164, 5.4256403e-007, -0.959222474, 1.34205446e-005, 1, 4.52023398e-006, 0, 0, 0, 0, 0, 0, 0, 0.246697192, -0.0365977539, -0.164021338, -0.506418951, 0.792684697, -0.339150604, -0.768676758, -0.236938477, 0.593994141, 0.390548229, 0.561622233, 0.729516875, 0, -0, 0, 0, 0, 0, 0, 0.287137158, -0.00279619141, -0.144759033, -0.348869885, 0.528274597, -0.774035677, -0.39465332, -0.83190918, -0.389892578, -0.849838156, 0.169429132, 0.498850362, 0, 3, 5, 1, 
810.063896, 68, 0.1, 0.1, -0.00177743905, 0.377558968, -0.0199694227, 0.959222307, -1.45971174e-005, 0.28265273, 0.28265273, 1.4749949e-005, -0.959222307, 9.83276732e-006, 1, 1.82743952e-005, 0.959222333, -2.05177589e-005, 0.282652643, 0.282652643, 1.64329474e-005, -0.959222333, 1.50362765e-005, 1, 2.15622489e-005, 0, 0, 0, 0, 0, 0, 0, 0.246697192, -0.0365977539, -0.164021338, -0.506418951, 0.792684697, -0.339150604, -0.768676758, -0.236938477, 0.593994141, 0.390548229, 0.561622233, 0.729516875, 0, -0, 0, 0, 0, 0, 0, 0.287137158, -0.00279619141, -0.144759033, -0.348869885, 0.528274597, -0.774035677, -0.39465332, -0.83190918, -0.389892578, -0.849838156, 0.169429132, 0.498850362, 0, 3, 5, 1, 
810.064584, 68, 0.1, 0.1, -0.0017774397, 0.377558973, -0.0199714235, 0.959222238, -5.36636469e-006, 0.282652963, 0.282652963, -2.32603858e-005, -0.959222238, 1.17221533e-005, 1, -2.07950604e-005, 0.959222243, 4.81716305e-007, 0.282652946, 0.282652946, -2.9728259e-005, -0.959222243, 7.94070701e-006, 1, -2.86521659e-005, 0, 0, 0, 0, 0, 0, 0, 0.246697192, -0.0365977539, -0.164021338, -0.506418951, 0.792684697, -0.339150604, -0.768676758, -0.236938477, 0.593994141, 0.390548229, 0.561622233, 0.729516875, 0, -0, 0, 0, 0, 0, 0, 0.287137158, -0.00279619141, -0.144759033, -0.348869885, 0.528274597, -0.774035677, -0.39465332, -0.83190918, -0.389892578, -0.849838156, 0.169429132, 0.498850362, 0, 3, 5, 1, 
810.065288, 68, 0.1, 0.1, -0.00177743845, 0.377558968, -0.0199728674, 0.959222228, -1.45724208e-005, 0.282652998, 0.282652999, 3.24270441e-005, -0.959222227, 4.81258866e-006, 0.999999999, 3.52236799e-005, 0.959222234, -3.8537291e-006, 0.282652978, 0.282652978, 4.04399392e-005, -0.959222233, -7.7338866e-006, 0.999999999, 3.98801568e-005, 0, 0, 0, 0, 0, 0, 0, 0.246697192, -0.0365977539, -0.164021338, -0.506418951, 0.792684697, -0.339150604, -0.768676758, -0.236938477, 0.593994141, 0.390548229, 0.561622233, 0.729516875, 0, -0, 0, 0, 0, 0, 0, 0.287137158, -0.00279619141, -0.144759033, -0.353457259, 0.528970557, -0.771492074, -0.394165039, -0.83203125, -0.389892578, -0.848233682, 0.16631097, 0.502677244, 0, 3, 5, 1, 
810.065978, 68, 0.1, 0.1, -0.00177744046, 0.377558973, -0.0199732105, 0.959222163, 2.81891882e-005, 0.282653218, 0.282653219, -4.80521393e-005, -0.959222162, -1.34576022e-005, 0.999999998, -5.40604417e-005, 0.959222173, 2.86432154e-005, 0.282653185, 0.282653186, -3.90650647e-005, -0.959222172, -1.64333423e-005, 0.999999999, -4.55681723e-005, 0, 0, 0, 0, 0, 0, 0, 0.246697192, -0.0365977539, -0.164021338, -0.506418951, 0.792684697, -0.339150604, -0.768676758, -0.236938477, 0.593994141, 0.390548229, 0.561622233, 0.729516875, 0, -0, 0, 0, 0, 0, 0, 0.287983594, -0.00482490234, -0.143840527, -0.353457259, 0.528970557, -0.771492074, -0.394165039, -0.83203125, -0.389892578, -0.848233682, 0.16631097, 0.502677244, 0, 3, 5, 1, 
810.066667, 68, 0.1, 0.1, -0.0017774383, 0.377558978, -0.0199726088, 0.95922218, -2.07412041e-005, 0.282653159, 0.282653159, 1.34890189e-005, -0.95922218, 1.60827092e-005, 1, 1.88015329e-005, 0.959222163, -2.43471095e-005, 0.282653216, 0.282653216, -5.20515221e-006, -0.959222164, 2.482554e-005, 1, 1.88889144e-006, 0, 0, 0, 0, 0, 0, 0, 0.246697192, -0.0365977539, -0.164021338, -0.506418951, 0.792684697, -0.339150604, -0.768676758, -0.236938477, 0.593994141, 0.390548229, 0.561622233, 0.729516875, 0, -0, 0, 0, 0, 0, 0, 0.287983594, -0.00482490234, -0.143840527, -0.353457259, 0.528970557, -0.771492074, -0.394165039, -0.83203125, -0.389892578, -0.848233682, 0.16631097, 0.502677244, 0, 3, 5, 1, 
810.067357, 68, 0.1, 0.1, -0.00177743793, 0.377558978, -0.0199712865, 0.959222312, 1.33987838e-006, 0.282652713, 0.282652713, -1.56424485e-005, -0.959222312, 3.13613925e-006, 1, -1.53833058e-005, 0.959222286, -6.48761269e-007, 0.282652801, 0.282652801, -6.15723667e-006, -0.959222286, 2.36266646e-006, 1, -5.72278445e-006, 0, 0, 0, 0, 0, 0, 0, 0.246697192, -0.0365977539, -0.164021338, -0.506418951, 0.792684697, -0.339150604, -0.768676758, -0.236938477, 0.593994141, 0.390548229, 0.561622233, 0.729516875, 0, -0, 0, 0, 0, 0, 0, 0.287983594, -0.00482490234, -0.143840527, -0.353457259, 0.528970557, -0.771492074, -0.394165039, -0.83203125, -0.389892578, -0.848233682, 0.16631097, 0.502677244, 0, 3, 5, 1, 
810.068129, 68, 0.1, 0.1, -0.00177743747, 0.377558977, -0.0199690847, 0.959222424, 5.11531952e-007, 0.282652332, 0.282652332, 1.70561764e-005, -0.959222424, -5.31164096e-006, 1, 1.62160812e-005, 0.959222394, -1.19972528e-005, 0.282652434, 0.282652434, 1.68095114e-005, -0.959222394, 6.75678424e-006, 1, 1.95151125e-005, 0, 0, 0, 0, 0, 0, 0, 0.247942896, -0.0388321289, -0.162980542, -0.508360013, 0.792690688, -0.33623789, -0.766479492, -0.238769531, 0.596069336, 0.392338766, 0.560879732, 0.729179139, 0, -0, 0, 0, 0, 0, 0, 0.287983594, -0.00482490234, -0.143840527, -0.353457259, 0.528970557, -0.771492074, -0.394165039, -0.83203125, -0.389892578, -0.848233682, 0.16631097, 0.502677244, 0, 3, 5, 1, 
810.069145, 68, 0.1, 0.1, -0.00177743568, 0.377558979, -0.0199623477, 0.959222659, 3.7483611e-006, 0.282651536, 0.282651536, -1.32455125e-005, -0.959222659, 1.48351538e-007, 1, -1.37648757e-005, 0.959222604, -3.64859098e-007, 0.282651723, 0.282651723, 5.90477865e-006, -0.959222604, -1.31901476e-006, 1, 5.7671252e-006, 0, 0, 0, 0, 0, 0, 0, 0.247942896, -0.0388321289, -0.162980542, -0.508360013, 0.792690688, -0.33623789, -0.766479492, -0.238769531, 0.596069336, 0.392338766, 0.560879732, 0.729179139, 0, -0, 0, 0, 0, 0, 0, 0.287983594, -0.00482490234, -0.143840527, -0.353457259, 0.528970557, -0.771492074, -0.394165039, -0.83203125, -0.389892578, -0.848233682, 0.16631097, 0.502677244, 0, 3, 5, 1, 
810.070096, 68, 0.1, 0.1, -0.00177743543, 0.37755898, -0.0199542128, 0.959222851, -1.88514999e-006, 0.282650883, 0.282650883, 1.20901297e-005, -0.959222851, -1.60900687e-006, 1, 1.2129968e-005, 0.95922282, -1.64769583e-005, 0.282650989, 0.28265099, 1.1634274e-005, -0.95922282, 1.25166354e-005, 1, 1.58170897e-005, 0, 0, 0, 0, 0, 0, 0, 0.248939722, -0.040866333, -0.161955371, -0.510733169, 0.792233506, -0.333648686, -0.764526367, -0.241210938, 0.59753418, 0.392961821, 0.560334183, 0.729139825, 0, -0, 0, 0, 0, 0, 0, 0.287983594, -0.00482490234, -0.143840527, -0.356933063, 0.528759104, -0.769983849, -0.391967773, -0.832885742, -0.390380859, -0.847862547, 0.162483722, 0.504676905, 0, 3, 5, 1, 
810.070783, 68, 0.1, 0.1, -0.00177743549, 0.377558982, -0.0199522111, 0.959222969, -5.38937782e-006, 0.282650485, 0.282650485, -1.80136139e-005, -0.959222968, 1.02611717e-005, 1, -1.57557619e-005, 0.959222955, -8.33297285e-006, 0.282650532, 0.282650532, -1.05753565e-006, -0.959222955, 8.29209185e-006, 1, 1.34090673e-006, 0, 0, 0, 0, 0, 0, 0, 0.248939722, -0.040866333, -0.161955371, -0.510733169, 0.792233506, -0.333648686, -0.764526367, -0.241210938, 0.59753418, 0.392961821, 0.560334183, 0.729139825, 0, -0, 0, 0, 0, 0, 0, 0.289100879, -0.00692856445, -0.142582471, -0.356933063, 0.528759104, -0.769983849, -0.391967773, -0.832885742, -0.390380859, -0.847862547, 0.162483722, 0.504676905, 0, 3, 5, 1, 
810.071476, 68, 0.1, 0.1, -0.00177743307, 0.37755898, -0.0199554499, 0.959223001, -1.49677651e-005, 0.282650375, 0.282650375, 2.69130648e-005, -0.959223001, 6.75043669e-006, 1, 3.00462752e-005, 0.959222993, -2.69284453e-005, 0.282650401, 0.282650401, 2.69770054e-005, -0.959222993, 1.82053225e-005, 0.999999999, 3.34882997e-005, 0, 0, 0, 0, 0, 0, 0, 0.248939722, -0.040866333, -0.161955371, -0.510733169, 0.792233506, -0.333648686, -0.764526367, -0.241210938, 0.59753418, 0.392961821, 0.560334183, 0.729139825, 0, -0, 0, 0, 0, 0, 0, 0.289100879, -0.00692856445, -0.142582471, -0.356933063, 0.528759104, -0.769983849, -0.391967773, -0.832885742, -0.390380859, -0.847862547, 0.162483722, 0.504676905, 0, 3, 5, 1, 
810.072169, 68, 0.1, 0.1, -0.00177743617, 0.377558984, -0.0199626347, 0.959223116, -9.04466522e-006, 0.282649985, 0.282649984, -2.80833599e-005, -0.959223116, 1.66136132e-005, 1, -2.43817335e-005, 0.959223084, 1.82801067e-005, 0.282650094, 0.282650094, -3.03797925e-005, -0.959223083, -8.9478491e-006, 0.999999999, -3.43078721e-005, 0, 0, 0, 0, 0, 0, 0, 0.248939722, -0.040866333, -0.161955371, -0.510733169, 0.792233506, -0.333648686, -0.764526367, -0.241210938, 0.59753418, 0.392961821, 0.560334183, 0.729139825, 0, -0, 0, 0, 0, 0, 0, 0.289100879, -0.00692856445, -0.142582471, -0.356933063, 0.528759104, -0.769983849, -0.391967773, -0.832885742, -0.390380859, -0.847862547, 0.162483722, 0.504676905, 0, 3, 5, 1, 
810.072862, 68, 0.1, 0.1, -0.00177743111, 0.377558979, -0.0199711897, 0.959223387, 2.38272549e-006, 0.282649064, 0.282649064, 5.37331362e-005, -0.959223386, -1.74731867e-005, 0.999999999, 5.08686058e-005, 0.959223322, -2.1967457e-005, 0.282649284, 0.282649285, 4.90555002e-005, -0.959223321, 7.20619508e-006, 0.999999999, 5.32642659e-005, 0, 0, 0, 0, 0, 0, 0, 0.248939722, -0.040866333, -0.161955371, -0.510733169, 0.792233506, -0.333648686, -0.764526367, -0.241210938, 0.59753418, 0.392961821, 0.560334183, 0.729139825, 0, -0, 0, 0, 0, 0, 0, 0.289100879, -0.00692856445, -0.142582471, -0.356933063, 0.528759104, -0.769983849, -0.391967773, -0.832885742, -0.390380859, -0.847862547, 0.162483722, 0.504676905, 0, 3, 5, 1, 
810.073558, 68, 0.1, 0.1, -0.00177743705, 0.377558979, -0.0199785341, 0.959223799, 2.45162786e-005, 0.282647667, 0.282647667, -2.92651655e-005, -0.959223798, -1.52448671e-005, 0.999999999, -3.50013122e-005, 0.959223707, 3.63566412e-005, 0.282647975, 0.282647976, -1.4772372e-005, -0.959223708, -3.06987711e-005, 0.999999999, -2.44461405e-005, 0, 0, 0, 0, 0, 0, 0, 0.248939722, -0.040866333, -0.161955371, -0.510733169, 0.792233506, -0.333648686, -0.764526367, -0.241210938, 0.59753418, 0.392961821, 0.560334183, 0.729139825, 0, -0, 0, 0, 0, 0, 0, 0.289100879, -0.00692856445, -0.142582471, -0.356933063, 0.528759104, -0.769983849, -0.391967773, -0.832885742, -0.390380859, -0.847862547, 0.162483722, 0.504676905, 0, 3, 5, 1, 
810.074251, 68, 0.1, 0.1, -0.00177743371, 0.377558985, -0.0199827607, 0.959224304, -2.72458755e-005, 0.282645951, 0.282645951, 4.68402053e-007, -0.959224305, 2.60025141e-005, 1, 8.15023904e-006, 0.9592242, -2.60354636e-005, 0.282646305, 0.282646304, -1.89192382e-005, -0.9592242, 3.03212995e-005, 0.999999999, -1.07889636e-005, 0, 0, 0, 0, 0, 0, 0, 0.248939722, -0.040866333, -0.161955371, -0.510733169, 0.792233506, -0.333648686, -0.764526367, -0.241210938, 0.59753418, 0.392961821, 0.560334183, 0.729139825, 0, -0, 0, 0, 0, 0, 0, 0.289100879, -0.00692856445, -0.142582471, -0.356933063, 0.528759104, -0.769983849, -0.391967773, -0.832885742, -0.390380859, -0.847862547, 0.162483722, 0.504676905, 0, 3, 5, 1, 
810.074971, 68, 0.1, 0.1, -0.00177743483, 0.37755898, -0.0199827151, 0.959224896, 3.18765643e-005, 0.282643941, 0.28264394, 2.48221662e-005, -0.959224897, -3.7592629e-005, 0.999999999, 1.4800322e-005, 0.959224778, 2.33202294e-005, 0.282644342, 0.282644341, 3.26046548e-005, -0.959224778, -3.15848631e-005, 0.999999999, 2.46838619e-005, 0, 0, 0, 0, 0, 0, 0, 0.250548047, -0.0426956055, -0.160669727, -0.514204537, 0.791414621, -0.330361165, -0.762329102, -0.245361328, 0.598754883, 0.392893672, 0.559845922, 0.729607868, 0, -0, 0, 0, 0, 0, 0, 0.290429687, -0.00903930664, -0.141536182, -0.360504749, 0.52878389, -0.768194541, -0.388793945, -0.833862305, -0.391601562, -0.847746976, 0.157576618, 0.506337882, 0, 3, 5, 1, 
810.075663, 68, 0.1, 0.1, -0.00177743746, 0.377558981, -0.0199788012, 0.959225505, -1.34311473e-005, 0.282641875, 0.282641875, -1.02068569e-006, -0.959225505, 1.31719876e-005, 1, 2.81713692e-006, 0.95922538, 6.93430407e-007, 0.282642301, 0.282642301, -7.59129187e-006, -0.95922538, 1.48046415e-006, 1, -7.4777526e-006, 0, 0, 0, 0, 0, 0, 0, 0.250548047, -0.0426956055, -0.160669727, -0.514204537, 0.791414621, -0.330361165, -0.762329102, -0.245361328, 0.598754883, 0.392893672, 0.559845922, 0.729607868, 0, -0, 0, 0, 0, 0, 0, 0.290429687, -0.00903930664, -0.141536182, -0.360504749, 0.52878389, -0.768194541, -0.388793945, -0.833862305, -0.391601562, -0.847746976, 0.157576618, 0.506337882, 0, 3, 5, 1, 
810.076364, 68, 0.1, 0.1, -0.00177743775, 0.377558983, -0.019972378, 0.959226075, 2.70618803e-005, 0.28263994, 0.28263994, 4.7715054e-007, -0.959226076, -2.60933231e-005, 1, -7.19107299e-006, 0.959225976, 1.98045905e-005, 0.282640277, 0.282640277, -7.56946699e-006, -0.959225976, -1.68576414e-005, 1, -1.28584043e-005, 0, 0, 0, 0, 0, 0, 0, 0.250548047, -0.0426956055, -0.160669727, -0.514204537, 0.791414621, -0.330361165, -0.762329102, -0.245361328, 0.598754883, 0.392893672, 0.559845922, 0.729607868, 0, -0, 0, 0, 0, 0, 0, 0.290429687, -0.00903930664, -0.141536182, -0.360504749, 0.52878389, -0.768194541, -0.388793945, -0.833862305, -0.391601562, -0.847746976, 0.157576618, 0.506337882, 0, 3, 5, 1, 
810.077054, 68, 0.1, 0.1, -0.00177743784, 0.377558984, -0.0199657595, 0.959226475, -6.96058303e-006, 0.282638585, 0.282638584, -1.65681387e-005, -0.959226475, 1.13595708e-005, 1, -1.39252679e-005, 0.959226408, -1.02401726e-005, 0.282638813, 0.282638813, -1.2943684e-005, -0.959226408, 1.34810314e-005, 1, -9.52165325e-006, 0, 0, 0, 0, 0, 0, 0, 0.250548047, -0.0426956055, -0.160669727, -0.514204537, 0.791414621, -0.330361165, -0.762329102, -0.245361328, 0.598754883, 0.392893672, 0.559845922, 0.729607868, 0, -0, 0, 0, 0, 0, 0, 0.290429687, -0.00903930664, -0.141536182, -0.360504749, 0.52878389, -0.768194541, -0.388793945, -0.833862305, -0.391601562, -0.847746976, 0.157576618, 0.506337882, 0, 3, 5, 1, 
810.077742, 68, 0.1, 0.1, -0.00177743727, 0.377558984, -0.0199607969, 0.959226744, 1.02882581e-005, 0.282637671, 0.282637671, -6.36231624e-006, -0.959226744, -8.0705421e-006, 1, -9.0107532e-006, 0.959226698, -8.07400209e-006, 0.282637827, 0.282637827, 7.61817302e-006, -0.959226698, 5.5916145e-006, 1, 9.58957336e-006, 0, 0, 0, 0, 0, 0, 0, 0.250548047, -0.0426956055, -0.160669727, -0.514204537, 0.791414621, -0.330361165, -0.762329102, -0.245361328, 0.598754883, 0.392893672, 0.559845922, 0.729607868, 0, -0, 0, 0, 0, 0, 0, 0.290429687, -0.00903930664, -0.141536182, -0.360504749, 0.52878389, -0.768194541, -0.388793945, -0.833862305, -0.391601562, -0.847746976, 0.157576618, 0.506337882, 0, 3, 5, 1, 
810.078432, 68, 0.1, 0.1, -0.0017774381, 0.377558984, -0.0199587914, 0.959226996, 1.10518166e-005, 0.282636816, 0.282636815, 1.42607791e-005, -0.959226996, -1.46318221e-005, 1, 1.0555674e-005, 0.959226942, 8.16880325e-006, 0.282637001, 0.282637, 2.08676527e-005, -0.959226942, -1.37337069e-005, 1, 1.77080087e-005, 0, 0, 0, 0, 0, 0, 0, 0.250548047, -0.0426956055, -0.160669727, -0.514204537, 0.791414621, -0.330361165, -0.762329102, -0.245361328, 0.598754883, 0.392893672, 0.559845922, 0.729607868, 0, -0, 0, 0, 0, 0, 0, 0.290429687, -0.00903930664, -0.141536182, -0.360504749, 0.52878389, -0.768194541, -0.388793945, -0.833862305, -0.391601562, -0.847746976, 0.157576618, 0.506337882, 0, 3, 5, 1, 
810.079126, 68, 0.1, 0.1, -0.00177743443, 0.377558986, -0.0199601392, 0.959227322, -1.59856455e-005, 0.282635711, 0.282635711, 1.15736448e-005, -0.959227322, 1.20627426e-005, 1, 1.56198705e-005, 0.959227248, -2.97406472e-005, 0.282635958, 0.282635959, 1.56940335e-006, -0.959227249, 2.80844694e-005, 1, 9.91119079e-006, 0, 0, 0, 0, 0, 0, 0, 0.250548047, -0.0426956055, -0.160669727, -0.514204537, 0.791414621, -0.330361165, -0.762329102, -0.245361328, 0.598754883, 0.392893672, 0.559845922, 0.729607868, 0, -0, 0, 0, 0, 0, 0, 0.290429687, -0.00903930664, -0.141536182, -0.360504749, 0.52878389, -0.768194541, -0.388793945, -0.833862305, -0.391601562, -0.847746976, 0.157576618, 0.506337882, 0, 3, 5, 1, 
810.079843, 68, 0.1, 0.1, -0.00177743849, 0.377558987, -0.0199640626, 0.959227745, -7.82471675e-007, 0.282634276, 0.282634276, 2.76843152e-006, -0.959227745, -3.18850961e-008, 1, 2.87670963e-006, 0.959227664, 2.41715696e-005, 0.282634549, 0.282634549, -6.29652695e-006, -0.959227664, -2.14064222e-005, 1, -1.28715235e-005, 0, 0, 0, 0, 0, 0, 0, 0.251650073, -0.044530249, -0.160411426, -0.518931754, 0.790519353, -0.325303325, -0.758422852, -0.250244141, 0.60168457, 0.39426035, 0.558875391, 0.729548337, 0, -0, 0, 0, 0, 0, 0, 0.291391455, -0.0109370605, -0.14103584, -0.366670344, 0.528885236, -0.765312252, -0.386230469, -0.834838867, -0.391967773, -0.84630838, 0.151941106, 0.510445846, 0, 3, 5, 1, 
