time, trialNum, realDorsalTactorPos, realVentralTactorPos, boxPosX, boxPosY, boxPosZ, boxLocalRot_11, boxLocalRot_12, boxLocalRot_13, boxLocalRot_21, boxLocalRot_22, boxLocalRot_23, boxLocalRot_31, boxLocalRot_32, boxLocalRot_33, boxGlobalRot_11, boxGlobalRot_12, boxGlobalRot_13, boxGlobalRot_21, boxGlobalRot_22, boxGlobalRot_23, boxGlobalRot_31, boxGlobalRot_32, boxGlobalRot_33, indexForceX, indexForceY, indexForceZ, indexForceGlobalX, indexForceGlobalY, indexForceGlobalZ, indexContact, indexPosX, indexPosY, indexPosZ, indexRot_11, indexRot_12, indexRot_13, indexRot_21, indexRot_22, indexRot_23, indexRot_31, indexRot_32, indexRot_33, thumbForceX, thumbForceY, thumbForceZ, thumbForceGlobalX, thumbForceGlobalY, thumbForceGlobalZ, thumbContact, thumbPosX, thumbPosY, thumbPosZ, thumbRot_11, thumbRot_12, thumbRot_13, thumbRot_21, thumbRot_22, thumbRot_23, thumbRot_31, thumbRot_32, thumbRot_33, manipForceTooHigh, cceExpType, mapping, trialSuccess, 
320.650372, 32, 0.1, 0.1, 0.00699377558, 0.363475425, -0.0349759228, 0.974238964, 1.95766634e-005, -0.225518162, 0.225518163, -4.13969048e-006, 0.974238964, 1.81387729e-005, -1, -8.44794092e-006, 0.974238972, 1.99079128e-005, -0.225518126, 0.225518126, -5.7731005e-006, 0.974238972, 1.80931257e-005, -1, -1.01139747e-005, 0, 0, 0, 0, 0, 0, 0, 0.380181104, -0.175645361, -0.15131875, -0.261545314, 0.387944163, -0.883781809, -0.936157227, 0.120605469, 0.330078125, 0.234722493, 0.913696042, 0.331791969, 0, 0, -0, 0, 0, 0, 0, 0.447394678, -0.141102783, -0.115512402, 0.211218981, 0.0123580007, -0.97735077, 0.196411133, -0.979980469, 0.0300292969, -0.957409558, -0.198158025, -0.209509863, 0, 1, 5, 1, 
320.694039, 32, 0.1, 0.1, 0.0069937843, 0.363475455, -0.0349712911, 0.974250332, 1.63244285e-005, -0.225469047, 0.225469047, -1.31617366e-005, 0.974250332, 1.29365157e-005, -1, -1.65034795e-005, 0.974250253, 1.90268381e-005, -0.225469387, 0.225469387, -9.92685276e-006, 0.974250253, 1.62987004e-005, -1, -1.39612083e-005, 0, 0, 0, 0, 0, 0, 0, 0.380309033, -0.176300439, -0.148112524, -0.280057271, 0.388084948, -0.878005434, -0.934204102, 0.100219727, 0.342285156, 0.220845996, 0.916145583, 0.334708431, 0, 0, -0, 0, 0, 0, 0, 0.447343604, -0.140508398, -0.111926855, 0.202280839, 0.0326597516, -0.978736494, 0.225097656, -0.974121094, 0.0140380859, -0.952948316, -0.223150364, -0.204500315, 0, 1, 5, 1, 
320.694764, 32, 0.1, 0.1, 0.00699378036, 0.363475456, -0.0349718952, 0.974250742, -1.79346393e-005, -0.225467275, 0.225467276, 1.41678743e-005, 0.974250742, -1.42784436e-005, -1, 1.78467362e-005, 0.974250663, -2.12721966e-005, -0.225467614, 0.225467614, 1.13495042e-005, 0.974250663, -1.8165506e-005, -1, 1.58534534e-005, 0, 0, 0, 0, 0, 0, 0, 0.380750635, -0.176948437, -0.147653833, -0.280228013, 0.388529026, -0.877764299, -0.933837891, 0.101196289, 0.342895508, 0.222108959, 0.915828064, 0.334670239, 0, 0, -0, 0, 0, 0, 0, 0.447540479, -0.140621289, -0.111701904, 0.201744193, 0.0349532556, -0.978749254, 0.227661133, -0.973632813, 0.0120849609, -0.952513749, -0.225118676, -0.204378913, 0, 1, 5, 1, 
320.695462, 32, 0.1, 0.1, 0.00699378406, 0.363475456, -0.0349716218, 0.974251132, 1.70893711e-005, -0.225465588, 0.225465589, -1.39927671e-005, 0.974251132, 1.34944516e-005, -1, -1.74855343e-005, 0.974251055, 1.99741136e-005, -0.225465921, 0.225465922, -1.0902149e-005, 0.974251055, 1.70017382e-005, -1, -1.51249121e-005, 0, 0, 0, 0, 0, 0, 0, 0.380750635, -0.176948437, -0.147653833, -0.280228013, 0.388529026, -0.877764299, -0.933837891, 0.101196289, 0.342895508, 0.222108959, 0.915828064, 0.334670239, 0, 0, -0, 0, 0, 0, 0, 0.447540479, -0.140621289, -0.111701904, 0.201744193, 0.0349532556, -0.978749254, 0.227661133, -0.973632813, 0.0120849609, -0.952513749, -0.225118676, -0.204378913, 0, 1, 5, 1, 
320.696163, 32, 0.1, 0.1, 0.00699378074, 0.363475456, -0.0349707297, 0.974251521, -1.61717488e-005, -0.225463906, 0.225463906, 1.35700371e-005, 0.974251521, -1.26957973e-005, -1, 1.68667749e-005, 0.974251443, -1.97359998e-005, -0.225464242, 0.225464242, 1.06635861e-005, 0.974251444, -1.6823569e-005, -1, 1.48387764e-005, 0, 0, 0, 0, 0, 0, 0, 0.380750635, -0.176948437, -0.147653833, -0.280228013, 0.388529026, -0.877764299, -0.933837891, 0.101196289, 0.342895508, 0.222108959, 0.915828064, 0.334670239, 0, 0, -0, 0, 0, 0, 0, 0.447540479, -0.140621289, -0.111701904, 0.201744193, 0.0349532556, -0.978749254, 0.227661133, -0.973632813, 0.0120849609, -0.952513749, -0.225118676, -0.204378913, 0, 1, 5, 1, 
320.696865, 32, 0.1, 0.1, 0.00699378554, 0.363475455, -0.034969513, 0.974251909, 2.00264637e-005, -0.22546223, 0.22546223, -1.61643396e-005, 0.974251909, 1.58663724e-005, -1, -2.02633499e-005, 0.974251831, 2.35191403e-005, -0.225462567, 0.225462567, -1.29296635e-005, 0.974251831, 1.99984104e-005, -1, -1.78994341e-005, 0, 0, 0, 0, 0, 0, 0, 0.380750635, -0.176948437, -0.147653833, -0.280228013, 0.388529026, -0.877764299, -0.933837891, 0.101196289, 0.342895508, 0.222108959, 0.915828064, 0.334670239, 0, 0, -0, 0, 0, 0, 0, 0.447540479, -0.140621289, -0.111701904, 0.201744193, 0.0349532556, -0.978749254, 0.227661133, -0.973632813, 0.0120849609, -0.952513749, -0.225118676, -0.204378913, 0, 1, 5, 1, 
320.697561, 32, 0.1, 0.1, 0.00699378225, 0.363475456, -0.0349683815, 0.974252295, -1.71843564e-005, -0.225460561, 0.225460561, 1.44524527e-005, 0.974252295, -1.34834406e-005, -1, 1.79547299e-005, 0.974252219, -2.06783196e-005, -0.225460893, 0.225460893, 1.11763764e-005, 0.974252219, -1.7626063e-005, -1, 1.55507619e-005, 0, 0, 0, 0, 0, 0, 0, 0.380750635, -0.176948437, -0.147653833, -0.280228013, 0.388529026, -0.877764299, -0.933837891, 0.101196289, 0.342895508, 0.222108959, 0.915828064, 0.334670239, 0, 0, -0, 0, 0, 0, 0, 0.447540479, -0.140621289, -0.111701904, 0.201744193, 0.0349532556, -0.978749254, 0.227661133, -0.973632813, 0.0120849609, -0.952513749, -0.225118676, -0.204378913, 0, 1, 5, 1, 
320.69826, 32, 0.1, 0.1, 0.00699378726, 0.363475455, -0.0349676474, 0.974252685, 2.11312507e-005, -0.225458877, 0.225458877, -1.66462031e-005, 0.974252685, 1.68341434e-005, -1, -2.09818361e-005, 0.974252608, 2.48536503e-005, -0.22545921, 0.225459211, -1.33260018e-005, 0.974252608, 2.12092638e-005, -1, -1.85863764e-005, 0, 0, 0, 0, 0, 0, 0, 0.380750635, -0.176948437, -0.147653833, -0.280228013, 0.388529026, -0.877764299, -0.933837891, 0.101196289, 0.342895508, 0.222108959, 0.915828064, 0.334670239, 0, 0, -0, 0, 0, 0, 0, 0.447540479, -0.140621289, -0.111701904, 0.201744193, 0.0349532556, -0.978749254, 0.227661133, -0.973632813, 0.0120849609, -0.952513749, -0.225118676, -0.204378913, 0, 1, 5, 1, 
320.69896, 32, 0.1, 0.1, 0.00699378358, 0.363475455, -0.0349675223, 0.974253078, -1.913162e-005, -0.225457178, 0.225457178, 1.5618955e-005, 0.974253078, -1.51176342e-005, -1, 1.9530176e-005, 0.974253, -2.24278239e-005, -0.225457517, 0.225457517, 1.20431003e-005, 0.974253, -1.91351672e-005, -1, 1.67895481e-005, 0, 0, 0, 0, 0, 0, 0, 0.380750635, -0.176948437, -0.147653833, -0.280228013, 0.388529026, -0.877764299, -0.933837891, 0.101196289, 0.342895508, 0.222108959, 0.915828064, 0.334670239, 0, 0, -0, 0, 0, 0, 0, 0.447540479, -0.140621289, -0.111701904, 0.201744193, 0.0349532556, -0.978749254, 0.227661133, -0.973632813, 0.0120849609, -0.952513749, -0.225118676, -0.204378913, 0, 1, 5, 1, 
320.699673, 32, 0.1, 0.1, 0.00699378805, 0.363475455, -0.0349679246, 0.974253482, 1.94251426e-005, -0.225455435, 0.225455435, -1.5985786e-005, 0.974253482, 1.53209305e-005, -1, -1.99537117e-005, 0.974253402, 2.30042274e-005, -0.225455777, 0.225455777, -1.26260838e-005, 0.974253403, 1.95653233e-005, -1, -1.74874411e-005, 0, 0, 0, 0, 0, 0, 0, 0.380955444, -0.177596436, -0.147190381, -0.280658986, 0.388973104, -0.877421692, -0.93347168, 0.102050781, 0.34375, 0.223289545, 0.915510545, 0.334492384, 0, 0, -0, 0, 0, 0, 0, 0.447540479, -0.140621289, -0.111701904, 0.201744193, 0.0349532556, -0.978749254, 0.227661133, -0.973632813, 0.0120849609, -0.952513749, -0.225118676, -0.204378913, 0, 1, 5, 1, 
320.700387, 32, 0.1, 0.1, 0.00699378376, 0.363475455, -0.0349684668, 0.974253888, -2.06587902e-005, -0.225453678, 0.225453679, 1.54872704e-005, 0.974253888, -1.66352446e-005, -1, 1.97461337e-005, 0.974253808, -2.39922445e-005, -0.225454024, 0.225454024, 1.19437682e-005, 0.974253808, -2.0681765e-005, -1, 1.70454097e-005, 0, 0, 0, 0, 0, 0, 0, 0.380955444, -0.177596436, -0.147190381, -0.280658986, 0.388973104, -0.877421692, -0.93347168, 0.102050781, 0.34375, 0.223289545, 0.915510545, 0.334492384, 0, 0, -0, 0, 0, 0, 0, 0.448200439, -0.140935693, -0.111258838, 0.20145035, 0.0374512833, -0.978723734, 0.229614258, -0.973144531, 0.0100097656, -0.952053662, -0.226697263, -0.204621716, 0, 1, 5, 1, 
320.701087, 32, 0.1, 0.1, 0.00699378734, 0.363475455, -0.0349692558, 0.974254287, 1.73354619e-005, -0.225451953, 0.225451953, -1.43300611e-005, 0.974254287, 1.36584078e-005, -1, -1.78694372e-005, 0.974254207, 2.05006096e-005, -0.225452299, 0.225452299, -1.10200386e-005, 0.974254207, 1.74883121e-005, -1, -1.53582285e-005, 0, 0, 0, 0, 0, 0, 0, 0.380955444, -0.177596436, -0.147190381, -0.280658986, 0.388973104, -0.877421692, -0.93347168, 0.102050781, 0.34375, 0.223289545, 0.915510545, 0.334492384, 0, 0, -0, 0, 0, 0, 0, 0.448200439, -0.140935693, -0.111258838, 0.20145035, 0.0374512833, -0.978723734, 0.229614258, -0.973144531, 0.0100097656, -0.952053662, -0.226697263, -0.204621716, 0, 1, 5, 1, 
320.701788, 32, 0.1, 0.1, 0.00699378336, 0.363475456, -0.034970045, 0.974254686, -1.89766266e-005, -0.225450231, 0.225450231, 1.51217347e-005, 0.974254686, -1.50788688e-005, -1, 1.90107057e-005, 0.974254607, -2.22578468e-005, -0.225450573, 0.225450573, 1.18679606e-005, 0.974254607, -1.90091713e-005, -1, 1.65804596e-005, 0, 0, 0, 0, 0, 0, 0, 0.380955444, -0.177596436, -0.147190381, -0.280658986, 0.388973104, -0.877421692, -0.93347168, 0.102050781, 0.34375, 0.223289545, 0.915510545, 0.334492384, 0, 0, -0, 0, 0, 0, 0, 0.448200439, -0.140935693, -0.111258838, 0.20145035, 0.0374512833, -0.978723734, 0.229614258, -0.973144531, 0.0100097656, -0.952053662, -0.226697263, -0.204621716, 0, 1, 5, 1, 
320.702514, 32, 0.1, 0.1, 0.00699378767, 0.363475455, -0.0349704204, 0.974255097, 1.88237475e-005, -0.225448455, 0.225448455, -1.4743423e-005, 0.974255097, 1.501525e-005, -1, -1.86076398e-005, 0.974255018, 2.20053746e-005, -0.225448797, 0.225448798, -1.1583497e-005, 0.974255018, 1.88273612e-005, -1, -1.62463653e-005, 0, 0, 0, 0, 0, 0, 0, 0.380833252, -0.178007642, -0.147357349, -0.283139606, 0.389677412, -0.87631749, -0.932250977, 0.102294922, 0.346679688, 0.224794764, 0.915275402, 0.334441087, 0, 0, -0, 0, 0, 0, 0, 0.44802124, -0.141030273, -0.11169458, 0.198753996, 0.0399748306, -0.979170694, 0.232055664, -0.97265625, 0.00732421876, -0.952091575, -0.228518654, -0.20270481, 0, 1, 5, 1, 
320.70321, 32, 0.1, 0.1, 0.00699378445, 0.363475456, -0.0349703578, 0.97425549, -1.67173615e-005, -0.225446757, 0.225446757, 1.40174984e-005, 0.97425549, -1.31267817e-005, -1, 1.74254997e-005, 0.974255412, -1.99274043e-005, -0.225447095, 0.225447095, 1.0870903e-005, 0.974255412, -1.6963568e-005, -1, 1.50836115e-005, 0, 0, 0, 0, 0, 0, 0, 0.380833252, -0.178007642, -0.147357349, -0.283139606, 0.389677412, -0.87631749, -0.932250977, 0.102294922, 0.346679688, 0.224794764, 0.915275402, 0.334441087, 0, 0, -0, 0, 0, 0, 0, 0.44802124, -0.141030273, -0.11169458, 0.198753996, 0.0399748306, -0.979170694, 0.232055664, -0.97265625, 0.00732421876, -0.952091575, -0.228518654, -0.20270481, 0, 1, 5, 1, 
320.703913, 32, 0.1, 0.1, 0.00699378889, 0.363475455, -0.034970035, 0.974255884, 1.9007825e-005, -0.225445052, 0.225445053, -1.49166196e-005, 0.974255884, 1.51556073e-005, -1, -1.88178245e-005, 0.974255806, 2.24223482e-005, -0.225445389, 0.225445389, -1.18280093e-005, 0.974255806, 1.91785328e-005, -1, -1.65785217e-005, 0, 0, 0, 0, 0, 0, 0, 0.380833252, -0.178007642, -0.147357349, -0.283139606, 0.389677412, -0.87631749, -0.932250977, 0.102294922, 0.346679688, 0.224794764, 0.915275402, 0.334441087, 0, 0, -0, 0, 0, 0, 0, 0.44802124, -0.141030273, -0.11169458, 0.198753996, 0.0399748306, -0.979170694, 0.232055664, -0.97265625, 0.00732421876, -0.952091575, -0.228518654, -0.20270481, 0, 1, 5, 1, 
320.704612, 32, 0.1, 0.1, 0.00699378532, 0.363475456, -0.034969551, 0.974256276, -1.79884135e-005, -0.225443361, 0.225443361, 1.48362333e-005, 0.974256276, -1.41805945e-005, -1, 1.85096618e-005, 0.974256198, -2.12339318e-005, -0.225443695, 0.225443695, 1.16072261e-005, 0.974256198, -1.80705137e-005, -1, 1.6095468e-005, 0, 0, 0, 0, 0, 0, 0, 0.380833252, -0.178007642, -0.147357349, -0.283139606, 0.389677412, -0.87631749, -0.932250977, 0.102294922, 0.346679688, 0.224794764, 0.915275402, 0.334441087, 0, 0, -0, 0, 0, 0, 0, 0.44802124, -0.141030273, -0.11169458, 0.198753996, 0.0399748306, -0.979170694, 0.232055664, -0.97265625, 0.00732421876, -0.952091575, -0.228518654, -0.20270481, 0, 1, 5, 1, 
320.705317, 32, 0.1, 0.1, 0.00699378971, 0.363475455, -0.0349690203, 0.97425667, 1.90761818e-005, -0.225441656, 0.225441656, -1.50705138e-005, 0.97425667, 1.51875758e-005, -1, -1.89831146e-005, 0.974256593, 2.26451801e-005, -0.22544199, 0.22544199, -1.18932714e-005, 0.974256593, 1.93809733e-005, -1, -1.66922725e-005, 0, 0, 0, 0, 0, 0, 0, 0.380833252, -0.178007642, -0.147357349, -0.283139606, 0.389677412, -0.87631749, -0.932250977, 0.102294922, 0.346679688, 0.224794764, 0.915275402, 0.334441087, 0, 0, -0, 0, 0, 0, 0, 0.44802124, -0.141030273, -0.11169458, 0.198753996, 0.0399748306, -0.979170694, 0.232055664, -0.97265625, 0.00732421876, -0.952091575, -0.228518654, -0.20270481, 0, 1, 5, 1, 
320.706024, 32, 0.1, 0.1, 0.00699378566, 0.363475456, -0.0349686202, 0.974257067, -1.94845938e-005, -0.22543994, 0.22543994, 1.60331224e-005, 0.974257067, -1.53684971e-005, -1, 2.00129885e-005, 0.974256988, -2.2846466e-005, -0.22544028, 0.225440281, 1.26676959e-005, 0.974256989, -1.94025203e-005, -1, 1.7492105e-005, 0, 0, 0, 0, 0, 0, 0, 0.380833252, -0.178007642, -0.147357349, -0.283139606, 0.389677412, -0.87631749, -0.932250977, 0.102294922, 0.346679688, 0.224794764, 0.915275402, 0.334441087, 0, 0, -0, 0, 0, 0, 0, 0.44802124, -0.141030273, -0.11169458, 0.198753996, 0.0399748306, -0.979170694, 0.232055664, -0.97265625, 0.00732421876, -0.952091575, -0.228518654, -0.20270481, 0, 1, 5, 1, 
320.706723, 32, 0.1, 0.1, 0.00699378957, 0.363475456, -0.0349684556, 0.97425746, 1.81106917e-005, -0.225438243, 0.225438244, -1.46366913e-005, 0.97425746, 1.43448065e-005, -1, -1.83427482e-005, 0.974257382, 2.15553748e-005, -0.225438579, 0.225438579, -1.1302118e-005, 0.974257382, 1.84525496e-005, -1, -1.5870585e-005, 0, 0, 0, 0, 0, 0, 0, 0.380833252, -0.178007642, -0.147357349, -0.283139606, 0.389677412, -0.87631749, -0.932250977, 0.102294922, 0.346679688, 0.224794764, 0.915275402, 0.334441087, 0, 0, -0, 0, 0, 0, 0, 0.44802124, -0.141030273, -0.11169458, 0.198753996, 0.0399748306, -0.979170694, 0.232055664, -0.97265625, 0.00732421876, -0.952091575, -0.228518654, -0.20270481, 0, 1, 5, 1, 
320.707447, 32, 0.1, 0.1, 0.00699378499, 0.363475457, -0.0349685236, 0.97425787, -2.01914709e-005, -0.22543647, 0.22543647, 1.67979857e-005, 0.97425787, -1.58848209e-005, -1, 2.09174637e-005, 0.974257784, -2.39103796e-005, -0.225436841, 0.225436841, 1.32306308e-005, 0.974257784, -2.03122019e-005, -1, 1.82803255e-005, 0, 0, 0, 0, 0, 0, 0, 0.380675293, -0.177954053, -0.147725952, -0.286230175, 0.390743423, -0.87483848, -0.931396484, 0.100708008, 0.349731445, 0.224789895, 0.91498297, 0.33519557, 0, 0, -0, 0, 0, 0, 0, 0.44802124, -0.141030273, -0.11169458, 0.196626369, 0.0427218582, -0.979457974, 0.235229492, -0.971801758, 0.0047607422, -0.951701484, -0.231298497, -0.201139349, 0, 1, 5, 1, 
320.708149, 32, 0.1, 0.1, 0.00699378884, 0.363475457, -0.0349686157, 0.974258268, 1.81031131e-005, -0.22543475, 0.22543475, -1.45351414e-005, 0.974258268, 1.43603817e-005, -1, -1.82420525e-005, 0.974258189, 2.14318497e-005, -0.225435091, 0.225435092, -1.10604755e-005, 0.974258189, 1.83867358e-005, -1, -1.56072498e-005, 0, 0, 0, 0, 0, 0, 0, 0.380675293, -0.177954053, -0.147725952, -0.286230175, 0.390743423, -0.87483848, -0.931396484, 0.100708008, 0.349731445, 0.224789895, 0.91498297, 0.33519557, 0, 0, -0, 0, 0, 0, 0, 0.44766543, -0.141130225, -0.112127148, 0.196626369, 0.0427218582, -0.979457974, 0.235229492, -0.971801758, 0.0047607422, -0.951701484, -0.231298497, -0.201139349, 0, 1, 5, 1, 
320.708845, 32, 0.1, 0.1, 0.00699378486, 0.363475458, -0.0349689754, 0.974258664, -1.9162531e-005, -0.225433041, 0.225433041, 1.49145995e-005, 0.974258664, -1.53070183e-005, -1, 1.88505454e-005, 0.974258584, -2.25392751e-005, -0.225433384, 0.225433385, 1.16755025e-005, 0.974258584, -1.93270342e-005, -1, 1.64560636e-005, 0, 0, 0, 0, 0, 0, 0, 0.380675293, -0.177954053, -0.147725952, -0.286230175, 0.390743423, -0.87483848, -0.931396484, 0.100708008, 0.349731445, 0.224789895, 0.91498297, 0.33519557, 0, 0, -0, 0, 0, 0, 0, 0.44766543, -0.141130225, -0.112127148, 0.196626369, 0.0427218582, -0.979457974, 0.235229492, -0.971801758, 0.0047607422, -0.951701484, -0.231298497, -0.201139349, 0, 1, 5, 1, 
320.709549, 32, 0.1, 0.1, 0.00699378891, 0.363475457, -0.0349694398, 0.974259063, 1.85653897e-005, -0.225431317, 0.225431317, -1.54628713e-005, 0.974259063, 1.46016837e-005, -1, -1.92500627e-005, 0.974258982, 2.1814424e-005, -0.225431663, 0.225431663, -1.20470572e-005, 0.974258983, 1.85371104e-005, -1, -1.66546156e-005, 0, 0, 0, 0, 0, 0, 0, 0.380675293, -0.177954053, -0.147725952, -0.286230175, 0.390743423, -0.87483848, -0.931396484, 0.100708008, 0.349731445, 0.224789895, 0.91498297, 0.33519557, 0, 0, -0, 0, 0, 0, 0, 0.44766543, -0.141130225, -0.112127148, 0.196626369, 0.0427218582, -0.979457974, 0.235229492, -0.971801758, 0.0047607422, -0.951701484, -0.231298497, -0.201139349, 0, 1, 5, 1, 
320.710287, 32, 0.1, 0.1, 0.00699378465, 0.363475458, -0.0349696364, 0.974259483, -1.89623745e-005, -0.225429498, 0.225429499, 1.5758311e-005, 0.974259483, -1.4921885e-005, -1, 1.96273625e-005, 0.974259395, -2.27738717e-005, -0.225429878, 0.225429878, 1.23182065e-005, 0.974259396, -1.94107667e-005, -1, 1.71350396e-005, 0, 0, 0, 0, 0, 0, 0, 0.380765234, -0.176998706, -0.147877539, -0.288699934, 0.391968193, -0.873549308, -0.931152344, 0.0969238281, 0.351318359, 0.222462043, 0.914912578, 0.337092449, 0, 0, -0, 0, 0, 0, 0, 0.44766543, -0.141130225, -0.112127148, 0.195163354, 0.0468294563, -0.979617655, 0.241088867, -0.970458984, 0.00170898438, -0.950627826, -0.236512936, -0.200787904, 0, 1, 5, 1, 
320.710988, 32, 0.1, 0.1, 0.00699378868, 0.363475458, -0.0349694904, 0.974259883, 1.84504959e-005, -0.225427771, 0.225427771, -1.46473131e-005, 0.974259883, 1.46736669e-005, -1, -1.84295437e-005, 0.974259804, 2.16610189e-005, -0.225428112, 0.225428112, -1.13091783e-005, 0.974259804, 1.85540533e-005, -1, -1.59010804e-005, 0, 0, 0, 0, 0, 0, 0, 0.380765234, -0.176998706, -0.147877539, -0.288699934, 0.391968193, -0.873549308, -0.931152344, 0.0969238281, 0.351318359, 0.222462043, 0.914912578, 0.337092449, 0, 0, -0, 0, 0, 0, 0, 0.447591211, -0.139628662, -0.112353564, 0.195163354, 0.0468294563, -0.979617655, 0.241088867, -0.970458984, 0.00170898438, -0.950627826, -0.236512936, -0.200787904, 0, 1, 5, 1, 
320.71169, 32, 0.1, 0.1, 0.00699378495, 0.363475458, -0.0349693174, 0.974260283, -1.81446039e-005, -0.225426044, 0.225426044, 1.47126846e-005, 0.974260283, -1.43609446e-005, -1, 1.84242505e-005, 0.974260203, -2.16031682e-005, -0.225426387, 0.225426387, 1.15681467e-005, 0.974260203, -1.84393415e-005, -1, 1.61403091e-005, 0, 0, 0, 0, 0, 0, 0, 0.380765234, -0.176998706, -0.147877539, -0.288699934, 0.391968193, -0.873549308, -0.931152344, 0.0969238281, 0.351318359, 0.222462043, 0.914912578, 0.337092449, 0, 0, -0, 0, 0, 0, 0, 0.447591211, -0.139628662, -0.112353564, 0.195163354, 0.0468294563, -0.979617655, 0.241088867, -0.970458984, 0.00170898438, -0.950627826, -0.236512936, -0.200787904, 0, 1, 5, 1, 
320.712389, 32, 0.1, 0.1, 0.00699378928, 0.363475458, -0.0349691894, 0.97426068, 1.92984067e-005, -0.225424328, 0.225424329, -1.54888844e-005, 0.97426068, 1.53101075e-005, -1, -1.94405414e-005, 0.974260601, 2.26138975e-005, -0.22542467, 0.22542467, -1.21406781e-005, 0.974260601, 1.9295021e-005, -1, -1.69259147e-005, 0, 0, 0, 0, 0, 0, 0, 0.380765234, -0.176998706, -0.147877539, -0.288699934, 0.391968193, -0.873549308, -0.931152344, 0.0969238281, 0.351318359, 0.222462043, 0.914912578, 0.337092449, 0, 0, -0, 0, 0, 0, 0, 0.447591211, -0.139628662, -0.112353564, 0.195163354, 0.0468294563, -0.979617655, 0.241088867, -0.970458984, 0.00170898438, -0.950627826, -0.236512936, -0.200787904, 0, 1, 5, 1, 
320.71309, 32, 0.1, 0.1, 0.00699378568, 0.363475458, -0.0349691577, 0.974261078, -1.80478118e-005, -0.225422608, 0.225422608, 1.44808246e-005, 0.974261078, -1.43189753e-005, -1, 1.81764886e-005, 0.974260999, -2.13825456e-005, -0.225422947, 0.225422948, 1.1263305e-005, 0.974260999, -1.82931729e-005, -1, 1.57935152e-005, 0, 0, 0, 0, 0, 0, 0, 0.380765234, -0.176998706, -0.147877539, -0.288699934, 0.391968193, -0.873549308, -0.931152344, 0.0969238281, 0.351318359, 0.222462043, 0.914912578, 0.337092449, 0, 0, -0, 0, 0, 0, 0, 0.447591211, -0.139628662, -0.112353564, 0.195163354, 0.0468294563, -0.979617655, 0.241088867, -0.970458984, 0.00170898438, -0.950627826, -0.236512936, -0.200787904, 0, 1, 5, 1, 
320.713796, 32, 0.1, 0.1, 0.00699379009, 0.363475457, -0.0349691799, 0.974261478, 1.93086145e-005, -0.225420879, 0.225420879, -1.57315432e-005, 0.974261478, 1.5265421e-005, -1, -1.96792013e-005, 0.974261397, 2.27638303e-005, -0.225421227, 0.225421227, -1.23843643e-005, 0.974261397, 1.93862225e-005, -1, -1.71970587e-005, 0, 0, 0, 0, 0, 0, 0, 0.380765234, -0.176998706, -0.147877539, -0.288699934, 0.391968193, -0.873549308, -0.931152344, 0.0969238281, 0.351318359, 0.222462043, 0.914912578, 0.337092449, 0, 0, -0, 0, 0, 0, 0, 0.447591211, -0.139628662, -0.112353564, 0.195163354, 0.0468294563, -0.979617655, 0.241088867, -0.970458984, 0.00170898438, -0.950627826, -0.236512936, -0.200787904, 0, 1, 5, 1, 
320.714495, 32, 0.1, 0.1, 0.00699378649, 0.363475458, -0.0349692583, 0.974261875, -1.80701451e-005, -0.225419163, 0.225419163, 1.43261706e-005, 0.974261875, -1.43756601e-005, -1, 1.80307988e-005, 0.974261795, -2.13595489e-005, -0.225419508, 0.225419508, 1.09700908e-005, 0.974261795, -1.83369199e-005, -1, 1.55025994e-005, 0, 0, 0, 0, 0, 0, 0, 0.380765234, -0.176998706, -0.147877539, -0.288699934, 0.391968193, -0.873549308, -0.931152344, 0.0969238281, 0.351318359, 0.222462043, 0.914912578, 0.337092449, 0, 0, -0, 0, 0, 0, 0, 0.447591211, -0.139628662, -0.112353564, 0.195163354, 0.0468294563, -0.979617655, 0.241088867, -0.970458984, 0.00170898438, -0.950627826, -0.236512936, -0.200787904, 0, 1, 5, 1, 
320.715209, 32, 0.1, 0.1, 0.0069937909, 0.363475457, -0.0349693007, 0.974262279, 1.91162153e-005, -0.225417414, 0.225417414, -1.58793342e-005, 0.974262279, 1.50447291e-005, -1, -1.97797641e-005, 0.974262201, 2.25331478e-005, -0.225417753, 0.225417753, -1.27255072e-005, 0.974262201, 1.90846389e-005, -1, -1.74773522e-005, 0, 0, 0, 0, 0, 0, 0, 0.380832837, -0.175615186, -0.148025708, -0.291588682, 0.392831261, -0.872177762, -0.930908203, 0.0930175781, 0.353149414, 0.219829778, 0.914899473, 0.338729096, 0, 0, -0, 0, 0, 0, 0, 0.447591211, -0.139628662, -0.112353564, 0.195163354, 0.0468294563, -0.979617655, 0.241088867, -0.970458984, 0.00170898438, -0.950627826, -0.236512936, -0.200787904, 0, 1, 5, 1, 
320.715924, 32, 0.1, 0.1, 0.00699378693, 0.363475457, -0.0349691129, 0.974262685, -1.91952983e-005, -0.225415662, 0.225415662, 1.48917045e-005, 0.974262685, -1.53444394e-005, -1, 1.88353529e-005, 0.974262605, -2.25802778e-005, -0.225416005, 0.225416005, 1.15065317e-005, 0.974262606, -1.94053638e-005, -1, 1.63003396e-005, 0, 0, 0, 0, 0, 0, 0, 0.380832837, -0.175615186, -0.148025708, -0.291588682, 0.392831261, -0.872177762, -0.930908203, 0.0930175781, 0.353149414, 0.219829778, 0.914899473, 0.338729096, 0, 0, -0, 0, 0, 0, 0, 0.447503809, -0.138190332, -0.112563135, 0.193432015, 0.0501255228, -0.979719733, 0.247314453, -0.96887207, -0.000732421865, -0.949336884, -0.242180898, -0.199816691, 0, 1, 5, 1, 
320.716623, 32, 0.1, 0.1, 0.00699379084, 0.363475457, -0.0349690366, 0.974263081, 1.81557294e-005, -0.225413949, 0.225413949, -1.47762777e-005, 0.974263081, 1.43576778e-005, -1, -1.84885365e-005, 0.974263002, 2.14745121e-005, -0.225414289, 0.225414289, -1.15741586e-005, 0.974263003, 1.8312842e-005, -1, -1.61169364e-005, 0, 0, 0, 0, 0, 0, 0, 0.380832837, -0.175615186, -0.148025708, -0.291588682, 0.392831261, -0.872177762, -0.930908203, 0.0930175781, 0.353149414, 0.219829778, 0.914899473, 0.338729096, 0, 0, -0, 0, 0, 0, 0, 0.447503809, -0.138190332, -0.112563135, 0.193432015, 0.0501255228, -0.979719733, 0.247314453, -0.96887207, -0.000732421865, -0.949336884, -0.242180898, -0.199816691, 0, 1, 5, 1, 
320.717324, 32, 0.1, 0.1, 0.00699378686, 0.363475458, -0.0349690997, 0.974263478, -1.90230679e-005, -0.225412233, 0.225412234, 1.55872884e-005, 0.974263478, -1.50199148e-005, -1, 1.9474158e-005, 0.974263399, -2.24345503e-005, -0.225412576, 0.225412576, 1.22299905e-005, 0.974263399, -1.91003676e-005, -1, 1.69722619e-005, 0, 0, 0, 0, 0, 0, 0, 0.380832837, -0.175615186, -0.148025708, -0.291588682, 0.392831261, -0.872177762, -0.930908203, 0.0930175781, 0.353149414, 0.219829778, 0.914899473, 0.338729096, 0, 0, -0, 0, 0, 0, 0, 0.447503809, -0.138190332, -0.112563135, 0.193432015, 0.0501255228, -0.979719733, 0.247314453, -0.96887207, -0.000732421865, -0.949336884, -0.242180898, -0.199816691, 0, 1, 5, 1, 
320.718028, 32, 0.1, 0.1, 0.00699379094, 0.363475457, -0.0349692261, 0.974263877, 1.85881397e-005, -0.225410508, 0.225410508, -1.44477017e-005, 0.974263877, 1.48530893e-005, -1, -1.82658359e-005, 0.974263797, 2.19113549e-005, -0.225410853, 0.225410854, -1.11296316e-005, 0.974263797, 1.88387001e-005, -1, -1.57822544e-005, 0, 0, 0, 0, 0, 0, 0, 0.380832837, -0.175615186, -0.148025708, -0.291588682, 0.392831261, -0.872177762, -0.930908203, 0.0930175781, 0.353149414, 0.219829778, 0.914899473, 0.338729096, 0, 0, -0, 0, 0, 0, 0, 0.447503809, -0.138190332, -0.112563135, 0.193432015, 0.0501255228, -0.979719733, 0.247314453, -0.96887207, -0.000732421865, -0.949336884, -0.242180898, -0.199816691, 0, 1, 5, 1, 
320.718729, 32, 0.1, 0.1, 0.00699378716, 0.363475458, -0.0349693814, 0.974264274, -1.84805831e-005, -0.225408793, 0.225408793, 1.53414642e-005, 0.974264274, -1.4546871e-005, -1, 1.91123264e-005, 0.974264196, -2.17959421e-005, -0.225409131, 0.225409132, 1.21145151e-005, 0.974264196, -1.85042837e-005, -1, 1.67157427e-005, 0, 0, 0, 0, 0, 0, 0, 0.380832837, -0.175615186, -0.148025708, -0.291588682, 0.392831261, -0.872177762, -0.930908203, 0.0930175781, 0.353149414, 0.219829778, 0.914899473, 0.338729096, 0, 0, -0, 0, 0, 0, 0, 0.447503809, -0.138190332, -0.112563135, 0.193432015, 0.0501255228, -0.979719733, 0.247314453, -0.96887207, -0.000732421865, -0.949336884, -0.242180898, -0.199816691, 0, 1, 5, 1, 
320.719425, 32, 0.1, 0.1, 0.00699379119, 0.363475458, -0.0349695728, 0.974264668, 1.84819027e-005, -0.22540709, 0.22540709, -1.43587245e-005, 0.974264668, 1.47697065e-005, -1, -1.81551498e-005, 0.97426459, 2.17150848e-005, -0.225407428, 0.225407428, -1.10847141e-005, 0.97426459, 1.86576613e-005, -1, -1.56941859e-005, 0, 0, 0, 0, 0, 0, 0, 0.380832837, -0.175615186, -0.148025708, -0.291588682, 0.392831261, -0.872177762, -0.930908203, 0.0930175781, 0.353149414, 0.219829778, 0.914899473, 0.338729096, 0, 0, -0, 0, 0, 0, 0, 0.447503809, -0.138190332, -0.112563135, 0.193432015, 0.0501255228, -0.979719733, 0.247314453, -0.96887207, -0.000732421865, -0.949336884, -0.242180898, -0.199816691, 0, 1, 5, 1, 
320.720141, 32, 0.1, 0.1, 0.00699378737, 0.363475459, -0.0349696892, 0.974265073, -1.78873433e-005, -0.225405342, 0.225405342, 1.5256287e-005, 0.974265073, -1.39881653e-005, -1, 1.88955703e-005, 0.974264986, -2.15137842e-005, -0.225405716, 0.225405716, 1.17846824e-005, 0.974264986, -1.83037919e-005, -1, 1.63307334e-005, 0, 0, 0, 0, 0, 0, 0, 0.380832837, -0.175615186, -0.148025708, -0.29296622, 0.39272979, -0.871676396, -0.930664062, 0.0916748047, 0.354125977, 0.218935631, 0.915039137, 0.338773279, 0, 0, -0, 0, 0, 0, 0, 0.447503809, -0.138190332, -0.112563135, 0.193432015, 0.0501255228, -0.979719733, 0.247314453, -0.96887207, -0.000732421865, -0.949336884, -0.242180898, -0.199816691, 0, 1, 5, 1, 
320.720873, 32, 0.1, 0.1, 0.00699379211, 0.363475458, -0.034969385, 0.974265485, 1.92899675e-005, -0.225403559, 0.225403559, -1.56055005e-005, 0.974265485, 1.52760142e-005, -1, -1.95519278e-005, 0.974265396, 2.32611943e-005, -0.225403944, 0.225403944, -1.19213456e-005, 0.974265396, 1.99754584e-005, -1, -1.68577195e-005, 0, 0, 0, 0, 0, 0, 0, 0.380313232, -0.175173462, -0.147776709, -0.29296622, 0.39272979, -0.871676396, -0.930664062, 0.0916748047, 0.354125977, 0.218935631, 0.915039137, 0.338773279, 0, 0, -0, 0, 0, 0, 0, 0.447209521, -0.137465674, -0.112784424, 0.19212868, 0.0520992981, -0.979917694, 0.251220703, -0.967773438, -0.00219726561, -0.948614671, -0.24577847, -0.199101042, 0, 1, 5, 1, 
320.721571, 32, 0.1, 0.1, 0.0069937884, 0.363475458, -0.034968903, 0.97426588, -1.85090856e-005, -0.225401851, 0.225401851, 1.44322743e-005, 0.97426588, -1.47797092e-005, -1, 1.82328546e-005, 0.974265802, -2.18179566e-005, -0.225402188, 0.225402188, 1.11734393e-005, 0.974265802, -1.87379713e-005, -1, 1.5803715e-005, 0, 0, 0, 0, 0, 0, 0, 0.380313232, -0.175173462, -0.147776709, -0.29296622, 0.39272979, -0.871676396, -0.930664062, 0.0916748047, 0.354125977, 0.218935631, 0.915039137, 0.338773279, 0, 0, -0, 0, 0, 0, 0, 0.447209521, -0.137465674, -0.112784424, 0.19212868, 0.0520992981, -0.979917694, 0.251220703, -0.967773438, -0.00219726561, -0.948614671, -0.24577847, -0.199101042, 0, 1, 5, 1, 
320.722271, 32, 0.1, 0.1, 0.00699379258, 0.363475458, -0.0349686543, 0.974266276, 1.87086595e-005, -0.225400141, 0.225400141, -1.58356384e-005, 0.974266276, 1.46578608e-005, -1, -1.9645063e-005, 0.974266196, 2.22368693e-005, -0.225400484, 0.225400484, -1.25224793e-005, 0.974266196, 1.88420572e-005, -1, -1.72124294e-005, 0, 0, 0, 0, 0, 0, 0, 0.380313232, -0.175173462, -0.147776709, -0.29296622, 0.39272979, -0.871676396, -0.930664062, 0.0916748047, 0.354125977, 0.218935631, 0.915039137, 0.338773279, 0, 0, -0, 0, 0, 0, 0, 0.447209521, -0.137465674, -0.112784424, 0.19212868, 0.0520992981, -0.979917694, 0.251220703, -0.967773438, -0.00219726561, -0.948614671, -0.24577847, -0.199101042, 0, 1, 5, 1, 
320.722996, 32, 0.1, 0.1, 0.00699378791, 0.363475459, -0.0349684498, 0.974266687, -2.09437048e-005, -0.225398365, 0.225398366, 1.62788638e-005, 0.974266687, -1.67355245e-005, -1, 2.05806316e-005, 0.974266608, -2.4455298e-005, -0.225398704, 0.225398705, 1.29437404e-005, 0.974266608, -2.09084779e-005, -1, 1.81228465e-005, 0, 0, 0, 0, 0, 0, 0, 0.379576367, -0.174731738, -0.147761084, -0.294292462, 0.392628318, -0.871352886, -0.930175781, 0.0913085937, 0.35534668, 0.219145687, 0.9151788, 0.338474857, 0, 0, -0, 0, 0, 0, 0, 0.446457031, -0.137188721, -0.113002295, 0.190729463, 0.0537154317, -0.980141174, 0.25402832, -0.967041016, -0.00354003905, -0.948148021, -0.248308947, -0.198142589, 0, 1, 5, 1, 
320.72369, 32, 0.1, 0.1, 0.00699379147, 0.363475458, -0.0349684847, 0.974267081, 1.75519322e-005, -0.22539666, 0.22539666, -1.43915808e-005, 0.974267081, 1.38564555e-005, -1, -1.79773904e-005, 0.974267001, 2.08038147e-005, -0.225397007, 0.225397007, -1.09227026e-005, 0.974267001, 1.78065257e-005, -1, -1.53307462e-005, 0, 0, 0, 0, 0, 0, 0, 0.379576367, -0.174731738, -0.147761084, -0.294292462, 0.392628318, -0.871352886, -0.930175781, 0.0913085937, 0.35534668, 0.219145687, 0.9151788, 0.338474857, 0, 0, -0, 0, 0, 0, 0, 0.446457031, -0.137188721, -0.113002295, 0.190729463, 0.0537154317, -0.980141174, 0.25402832, -0.967041016, -0.00354003905, -0.948148021, -0.248308947, -0.198142589, 0, 1, 5, 1, 
320.724391, 32, 0.1, 0.1, 0.00699378724, 0.363475459, -0.0349688017, 0.97426748, -1.96724084e-005, -0.225394936, 0.225394936, 1.55108035e-005, 0.97426748, -1.56701312e-005, -1, 1.95457327e-005, 0.974267401, -2.32177582e-005, -0.225395277, 0.225395278, 1.22508173e-005, 0.974267401, -1.98590286e-005, -1, 1.7168745e-005, 0, 0, 0, 0, 0, 0, 0, 0.379576367, -0.174731738, -0.147761084, -0.294292462, 0.392628318, -0.871352886, -0.930175781, 0.0913085937, 0.35534668, 0.219145687, 0.9151788, 0.338474857, 0, 0, -0, 0, 0, 0, 0, 0.446457031, -0.137188721, -0.113002295, 0.190729463, 0.0537154317, -0.980141174, 0.25402832, -0.967041016, -0.00354003905, -0.948148021, -0.248308947, -0.198142589, 0, 1, 5, 1, 
320.725093, 32, 0.1, 0.1, 0.00699379133, 0.363475458, -0.0349692997, 0.97426788, 1.91382036e-005, -0.225393206, 0.225393207, -1.53315222e-005, 0.97426788, 1.51901161e-005, -1, -1.92506307e-005, 0.974267801, 2.2198535e-005, -0.225393547, 0.225393548, -1.19589702e-005, 0.974267801, 1.89318432e-005, -1, -1.66546462e-005, 0, 0, 0, 0, 0, 0, 0, 0.379576367, -0.174731738, -0.147761084, -0.294292462, 0.392628318, -0.871352886, -0.930175781, 0.0913085937, 0.35534668, 0.219145687, 0.9151788, 0.338474857, 0, 0, -0, 0, 0, 0, 0, 0.446457031, -0.137188721, -0.113002295, 0.190729463, 0.0537154317, -0.980141174, 0.25402832, -0.967041016, -0.00354003905, -0.948148021, -0.248308947, -0.198142589, 0, 1, 5, 1, 
320.725796, 32, 0.1, 0.1, 0.00699378795, 0.363475459, -0.0349697861, 0.97426828, -1.70204552e-005, -0.225391478, 0.225391479, 1.39551111e-005, 0.97426828, -1.34371265e-005, -1, 1.74322876e-005, 0.9742682, -2.03709999e-005, -0.225391825, 0.225391825, 1.07189948e-005, 0.9742682, -1.74308436e-005, -1, 1.50346326e-005, 0, 0, 0, 0, 0, 0, 0, 0.379576367, -0.174731738, -0.147761084, -0.294292462, 0.392628318, -0.871352886, -0.930175781, 0.0913085937, 0.35534668, 0.219145687, 0.9151788, 0.338474857, 0, 0, -0, 0, 0, 0, 0, 0.446457031, -0.137188721, -0.113002295, 0.190729463, 0.0537154317, -0.980141174, 0.25402832, -0.967041016, -0.00354003905, -0.948148021, -0.248308947, -0.198142589, 0, 1, 5, 1, 
320.726493, 32, 0.1, 0.1, 0.00699379235, 0.363475458, -0.0349701427, 0.974268675, 1.94116526e-005, -0.225389771, 0.225389771, -1.51015664e-005, 0.974268675, 1.55084264e-005, -1, -1.90881711e-005, 0.974268596, 2.2617397e-005, -0.22539011, 0.225390111, -1.19042038e-005, 0.974268596, 1.93523298e-005, -1, -1.66956296e-005, 0, 0, 0, 0, 0, 0, 0, 0.379576367, -0.174731738, -0.147761084, -0.294292462, 0.392628318, -0.871352886, -0.930175781, 0.0913085937, 0.35534668, 0.219145687, 0.9151788, 0.338474857, 0, 0, -0, 0, 0, 0, 0, 0.446457031, -0.137188721, -0.113002295, 0.190729463, 0.0537154317, -0.980141174, 0.25402832, -0.967041016, -0.00354003905, -0.948148021, -0.248308947, -0.198142589, 0, 1, 5, 1, 
320.727201, 32, 0.1, 0.1, 0.0069937889, 0.363475459, -0.0349702127, 0.974269074, -1.73590382e-005, -0.225388046, 0.225388046, 1.42062662e-005, 0.974269074, -1.37104515e-005, -1, 1.77532455e-005, 0.974268995, -2.06048872e-005, -0.225388387, 0.225388387, 1.10138096e-005, 0.974268995, -1.7592318e-005, -1, 1.53745155e-005, 0, 0, 0, 0, 0, 0, 0, 0.379576367, -0.174731738, -0.147761084, -0.294292462, 0.392628318, -0.871352886, -0.930175781, 0.0913085937, 0.35534668, 0.219145687, 0.9151788, 0.338474857, 0, 0, -0, 0, 0, 0, 0, 0.446457031, -0.137188721, -0.113002295, 0.190729463, 0.0537154317, -0.980141174, 0.25402832, -0.967041016, -0.00354003905, -0.948148021, -0.248308947, -0.198142589, 0, 1, 5, 1, 
320.727927, 32, 0.1, 0.1, 0.0069937938, 0.363475458, -0.0349697795, 0.974269484, 2.03716454e-005, -0.225386274, 0.225386275, -1.62864957e-005, 0.974269484, 1.61767199e-005, -1, -2.0458925e-005, 0.974269405, 2.39727321e-005, -0.225386613, 0.225386613, -1.32209088e-005, 0.974269405, 2.03760836e-005, -1, -1.82838599e-005, 0, 0, 0, 0, 0, 0, 0, 0.379452856, -0.174790088, -0.146481201, -0.292300104, 0.391460836, -0.872470193, -0.930908203, 0.0919189453, 0.353149414, 0.218459353, 0.915610895, 0.337663085, 0, 0, -0, 0, 0, 0, 0, 0.44663501, -0.137126465, -0.111685547, 0.193068177, 0.0552677663, -0.979604895, 0.256225586, -0.966552734, -0.0040283203, -0.947043014, -0.250232417, -0.200909306, 0, 1, 5, 1, 
320.728626, 32, 0.1, 0.1, 0.00699379039, 0.363475458, -0.0349691982, 0.974269878, -1.76984301e-005, -0.225384569, 0.225384569, 1.42811778e-005, 0.974269878, -1.40242902e-005, -1, 1.79026743e-005, 0.9742698, -2.08530031e-005, -0.225384909, 0.225384909, 1.08987761e-005, 0.9742698, -1.78600315e-005, -1, 1.53183006e-005, 0, 0, 0, 0, 0, 0, 0, 0.379452856, -0.174790088, -0.146481201, -0.292300104, 0.391460836, -0.872470193, -0.930908203, 0.0919189453, 0.353149414, 0.218459353, 0.915610895, 0.337663085, 0, 0, -0, 0, 0, 0, 0, 0.44663501, -0.137126465, -0.111685547, 0.193068177, 0.0552677663, -0.979604895, 0.256225586, -0.966552734, -0.0040283203, -0.947043014, -0.250232417, -0.200909306, 0, 1, 5, 1, 
320.729321, 32, 0.1, 0.1, 0.00699379452, 0.363475457, -0.0349687673, 0.974270271, 1.84169044e-005, -0.225382873, 0.225382874, -1.50826241e-005, 0.974270271, 1.45436773e-005, -1, -1.88454071e-005, 0.974270194, 2.20033091e-005, -0.225383205, 0.225383206, -1.20113648e-005, 0.974270194, 1.87300084e-005, -1, -1.6661491e-005, 0, 0, 0, 0, 0, 0, 0, 0.379452856, -0.174790088, -0.146481201, -0.292300104, 0.391460836, -0.872470193, -0.930908203, 0.0919189453, 0.353149414, 0.218459353, 0.915610895, 0.337663085, 0, 0, -0, 0, 0, 0, 0, 0.44663501, -0.137126465, -0.111685547, 0.193068177, 0.0552677663, -0.979604895, 0.256225586, -0.966552734, -0.0040283203, -0.947043014, -0.250232417, -0.200909306, 0, 1, 5, 1, 
320.730024, 32, 0.1, 0.1, 0.00699379013, 0.363475458, -0.0349685889, 0.974270668, -2.04726539e-005, -0.225381156, 0.225381156, 1.63576599e-005, 0.974270668, -1.62591979e-005, -1, 2.05509387e-005, 0.974270588, -2.38104399e-005, -0.2253815, 0.2253815, 1.28751699e-005, 0.974270588, -2.02959862e-005, -1, 1.7910332e-005, 0, 0, 0, 0, 0, 0, 0, 0.379452856, -0.174790088, -0.146481201, -0.292300104, 0.391460836, -0.872470193, -0.930908203, 0.0919189453, 0.353149414, 0.218459353, 0.915610895, 0.337663085, 0, 0, -0, 0, 0, 0, 0, 0.44663501, -0.137126465, -0.111685547, 0.193068177, 0.0552677663, -0.979604895, 0.256225586, -0.966552734, -0.0040283203, -0.947043014, -0.250232417, -0.200909306, 0, 1, 5, 1, 
320.730721, 32, 0.1, 0.1, 0.0069937937, 0.363475458, -0.0349686874, 0.974271062, 1.77271899e-005, -0.225379452, 0.225379452, -1.42973081e-005, 0.974271062, 1.40487686e-005, -1, -1.79247979e-005, 0.974270984, 2.0858373e-005, -0.22537979, 0.22537979, -1.08761977e-005, 0.974270984, 1.78704325e-005, -1, -1.52974196e-005, 0, 0, 0, 0, 0, 0, 0, 0.379452856, -0.174790088, -0.146481201, -0.292300104, 0.391460836, -0.872470193, -0.930908203, 0.0919189453, 0.353149414, 0.218459353, 0.915610895, 0.337663085, 0, 0, -0, 0, 0, 0, 0, 0.44663501, -0.137126465, -0.111685547, 0.193068177, 0.0552677663, -0.979604895, 0.256225586, -0.966552734, -0.0040283203, -0.947043014, -0.250232417, -0.200909306, 0, 1, 5, 1, 
320.731418, 32, 0.1, 0.1, 0.00699378967, 0.363475459, -0.0349690384, 0.974271458, -1.88795765e-005, -0.225377739, 0.225377739, 1.51334667e-005, 0.974271458, -1.4983086e-005, -1, 1.8999141e-005, 0.974271379, -2.24072897e-005, -0.225378083, 0.225378083, 1.18996364e-005, 0.974271379, -1.91488638e-005, -1, 1.66435871e-005, 0, 0, 0, 0, 0, 0, 0, 0.379452856, -0.174790088, -0.146481201, -0.292300104, 0.391460836, -0.872470193, -0.930908203, 0.0919189453, 0.353149414, 0.218459353, 0.915610895, 0.337663085, 0, 0, -0, 0, 0, 0, 0, 0.44663501, -0.137126465, -0.111685547, 0.193068177, 0.0552677663, -0.979604895, 0.256225586, -0.966552734, -0.0040283203, -0.947043014, -0.250232417, -0.200909306, 0, 1, 5, 1, 
