time, trialNum, realDorsalTactorPos, realVentralTactorPos, boxPosX, boxPosY, boxPosZ, boxLocalRot_11, boxLocalRot_12, boxLocalRot_13, boxLocalRot_21, boxLocalRot_22, boxLocalRot_23, boxLocalRot_31, boxLocalRot_32, boxLocalRot_33, boxGlobalRot_11, boxGlobalRot_12, boxGlobalRot_13, boxGlobalRot_21, boxGlobalRot_22, boxGlobalRot_23, boxGlobalRot_31, boxGlobalRot_32, boxGlobalRot_33, indexForceX, indexForceY, indexForceZ, indexForceGlobalX, indexForceGlobalY, indexForceGlobalZ, indexContact, indexPosX, indexPosY, indexPosZ, indexRot_11, indexRot_12, indexRot_13, indexRot_21, indexRot_22, indexRot_23, indexRot_31, indexRot_32, indexRot_33, thumbForceX, thumbForceY, thumbForceZ, thumbForceGlobalX, thumbForceGlobalY, thumbForceGlobalZ, thumbContact, thumbPosX, thumbPosY, thumbPosZ, thumbRot_11, thumbRot_12, thumbRot_13, thumbRot_21, thumbRot_22, thumbRot_23, thumbRot_31, thumbRot_32, thumbRot_33, manipForceTooHigh, cceExpType, mapping, trialSuccess, 
209.128574, 21, 0.1, 0.1, 0.0240305861, 0.35916237, -0.0349782306, 0.950042724, -0.312119886, 2.5965278e-006, 0.312119886, 0.950042724, -1.09686165e-006, -2.12446001e-006, 1.85249339e-006, 1, 0.950042725, -0.312119883, 5.0347416e-006, 0.312119883, 0.950042725, -2.55861373e-006, -3.98462541e-006, 4.00223532e-006, 1, 0, 0, 0, 0, 0, 0, 0, 0.345840308, -0.170597607, -0.195878271, 0.00489400863, 0.5418257, -0.840502717, -0.946899414, 0.272460937, 0.170166016, 0.321181854, 0.795146547, 0.514527262, 0, 0, -0, 0, 0, 0, 0, 0.410214307, -0.11827915, -0.149320117, 0.385808078, 0.274627223, -0.880609966, 0.437988281, -0.89465332, -0.0871582031, -0.811898057, -0.352006145, -0.46544819, 0, 1, 3, 1, 
209.163743, 21, 0.1, 0.1, 0.0240306355, 0.359162366, -0.03496901, 0.950040315, -0.312127218, 2.28853875e-006, 0.312127218, 0.950040315, 4.70613033e-006, -3.64311544e-006, -3.75669831e-006, 1, 0.950040312, -0.312127227, 4.17316032e-006, 0.312127226, 0.950040312, 8.4767861e-006, -6.61050626e-006, -6.75073155e-006, 1, 0, 0, 0, 0, 0, 0, 0, 0.347389624, -0.167431396, -0.191917065, -0.00870390112, 0.619947425, -0.78461078, -0.945556641, 0.24987793, 0.208007813, 0.325065838, 0.743718231, 0.584155727, 0, 0, -0, 0, 0, 0, 0, 0.410523437, -0.118786084, -0.146136133, 0.347771098, 0.30848914, -0.885265137, 0.462280273, -0.877929688, -0.124389648, -0.815527677, -0.365876579, -0.448017032, 0, 1, 3, 1, 
209.164449, 21, 0.1, 0.1, 0.0240306358, 0.359162367, -0.0349708613, 0.950040329, -0.312127176, 3.92105412e-006, 0.312127176, 0.950040329, 7.46849033e-006, -6.05627833e-006, -5.87149946e-006, 1, 0.950040326, -0.312127184, 2.29537299e-006, 0.312127184, 0.950040326, 4.19198378e-006, -3.489129e-006, -3.26610533e-006, 1, 0, 0, 0, 0, 0, 0, 0, 0.347389624, -0.167431396, -0.191917065, -0.00870390112, 0.619947425, -0.78461078, -0.945556641, 0.24987793, 0.208007813, 0.325065838, 0.743718231, 0.584155727, 0, 0, -0, 0, 0, 0, 0, 0.410523437, -0.118786084, -0.146136133, 0.347771098, 0.30848914, -0.885265137, 0.462280273, -0.877929688, -0.124389648, -0.815527677, -0.365876579, -0.448017032, 0, 1, 3, 1, 
209.16515, 21, 0.1, 0.1, 0.0240306362, 0.359162368, -0.0349720803, 0.95004034, -0.312127142, 2.23261661e-006, 0.312127142, 0.95004034, 4.12340089e-006, -3.40810118e-006, -3.22053694e-006, 1, 0.950040338, -0.312127148, -2.64775846e-006, 0.312127148, 0.950040338, -5.41277023e-006, 4.20494987e-006, 4.31591276e-006, 1, 0, 0, 0, 0, 0, 0, 0, 0.347389624, -0.167431396, -0.191917065, -0.00870390112, 0.619947425, -0.78461078, -0.945556641, 0.24987793, 0.208007813, 0.325065838, 0.743718231, 0.584155727, 0, 0, -0, 0, 0, 0, 0, 0.410523437, -0.118786084, -0.146136133, 0.347771098, 0.30848914, -0.885265137, 0.462280273, -0.877929688, -0.124389648, -0.815527677, -0.365876579, -0.448017032, 0, 1, 3, 1, 
209.165854, 21, 0.1, 0.1, 0.0240306364, 0.359162369, -0.0349724183, 0.950040349, -0.312127113, -2.54307326e-006, 0.312127113, 0.950040349, -4.66172806e-006, 3.87107393e-006, 3.63506764e-006, 1, 0.950040347, -0.312127119, -4.36729037e-006, 0.312127119, 0.950040347, -8.16974059e-006, 6.69909966e-006, 6.39843343e-006, 1, 0, 0, 0, 0, 0, 0, 0, 0.347389624, -0.167431396, -0.191917065, -0.00870390112, 0.619947425, -0.78461078, -0.945556641, 0.24987793, 0.208007813, 0.325065838, 0.743718231, 0.584155727, 0, 0, -0, 0, 0, 0, 0, 0.410523437, -0.118786084, -0.146136133, 0.347771098, 0.30848914, -0.885265137, 0.462280273, -0.877929688, -0.124389648, -0.815527677, -0.365876579, -0.448017032, 0, 1, 3, 1, 
209.166565, 21, 0.1, 0.1, 0.0240306363, 0.359162369, -0.0349717406, 0.950040357, -0.312127089, -4.31213441e-006, 0.312127089, 0.950040357, -8.67596593e-006, 6.8047057e-006, 6.89658381e-006, 1, 0.950040356, -0.312127093, -2.79317022e-006, 0.312127093, 0.950040356, -5.87695617e-006, 4.48798168e-006, 4.71152143e-006, 1, 0, 0, 0, 0, 0, 0, 0, 0.34740354, -0.167720752, -0.191122192, -0.0086072993, 0.627788055, -0.778204236, -0.944580078, 0.250244141, 0.212280273, 0.328016745, 0.737038352, 0.591050914, 0, 0, -0, 0, 0, 0, 0, 0.410523437, -0.118786084, -0.146136133, 0.347771098, 0.30848914, -0.885265137, 0.462280273, -0.877929688, -0.124389648, -0.815527677, -0.365876579, -0.448017032, 0, 1, 3, 1, 
209.167281, 21, 0.1, 0.1, 0.024030636, 0.359162369, -0.0349701361, 0.950040366, -0.312127063, -2.79045514e-006, 0.312127063, 0.950040366, -5.24301002e-006, 4.28753035e-006, 4.11009459e-006, 1, 0.950040364, -0.312127068, 2.27512757e-006, 0.312127068, 0.950040364, 5.10257612e-006, -3.75411515e-006, -4.13752438e-006, 1, 0, 0, 0, 0, 0, 0, 0, 0.34740354, -0.167720752, -0.191122192, -0.0086072993, 0.627788055, -0.778204236, -0.944580078, 0.250244141, 0.212280273, 0.328016745, 0.737038352, 0.591050914, 0, 0, -0, 0, 0, 0, 0, 0.410216064, -0.118895313, -0.14592168, 0.34346444, 0.310571923, -0.886299782, 0.463623047, -0.876708984, -0.127563477, -0.816594038, -0.367007839, -0.445179953, 0, 1, 3, 1, 
209.167979, 21, 0.1, 0.1, 0.0240306357, 0.359162369, -0.034968453, 0.950040372, -0.312127043, 2.74560874e-006, 0.312127043, 0.950040372, 5.59665511e-006, -4.35530656e-006, -4.46006957e-006, 1, 0.950040371, -0.312127047, 4.89646169e-006, 0.312127046, 0.950040371, 9.4175496e-006, -7.59130823e-006, -7.41873419e-006, 1, 0, 0, 0, 0, 0, 0, 0, 0.34740354, -0.167720752, -0.191122192, -0.0086072993, 0.627788055, -0.778204236, -0.944580078, 0.250244141, 0.212280273, 0.328016745, 0.737038352, 0.591050914, 0, 0, -0, 0, 0, 0, 0, 0.410216064, -0.118895313, -0.14592168, 0.34346444, 0.310571923, -0.886299782, 0.463623047, -0.876708984, -0.127563477, -0.816594038, -0.367007839, -0.445179953, 0, 1, 3, 1, 
209.168675, 21, 0.1, 0.1, 0.0240306358, 0.359162369, -0.0349672135, 0.950040377, -0.312127028, 5.08951569e-006, 0.312127028, 0.950040377, 9.84753134e-006, -7.90892609e-006, -7.76697698e-006, 1, 0.950040376, -0.312127031, 3.31276943e-006, 0.312127031, 0.950040376, 6.46709868e-006, -5.16582103e-006, -5.10999998e-006, 1, 0, 0, 0, 0, 0, 0, 0, 0.34740354, -0.167720752, -0.191122192, -0.0086072993, 0.627788055, -0.778204236, -0.944580078, 0.250244141, 0.212280273, 0.328016745, 0.737038352, 0.591050914, 0, 0, -0, 0, 0, 0, 0, 0.410216064, -0.118895313, -0.14592168, 0.34346444, 0.310571923, -0.886299782, 0.463623047, -0.876708984, -0.127563477, -0.816594038, -0.367007839, -0.445179953, 0, 1, 3, 1, 
209.169369, 21, 0.1, 0.1, 0.024030636, 0.35916237, -0.0349667641, 0.950040381, -0.312127016, 3.1745662e-006, 0.312127016, 0.950040381, 6.2883288e-006, -4.97872339e-006, -4.98329841e-006, 1, 0.95004038, -0.312127018, -2.6687371e-006, 0.312127018, 0.95004038, -4.98643672e-006, 4.09180964e-006, 3.90433128e-006, 1, 0, 0, 0, 0, 0, 0, 0, 0.34740354, -0.167720752, -0.191122192, -0.0086072993, 0.627788055, -0.778204236, -0.944580078, 0.250244141, 0.212280273, 0.328016745, 0.737038352, 0.591050914, 0, 0, -0, 0, 0, 0, 0, 0.410216064, -0.118895313, -0.14592168, 0.34346444, 0.310571923, -0.886299782, 0.463623047, -0.876708984, -0.127563477, -0.816594038, -0.367007839, -0.445179953, 0, 1, 3, 1, 
209.170067, 21, 0.1, 0.1, 0.0240306361, 0.35916237, -0.0349671616, 0.950040385, -0.312127005, -2.70500694e-006, 0.312127005, 0.950040385, -5.18728641e-006, 4.18895801e-006, 4.08382586e-006, 1, 0.950040384, -0.312127008, -4.49235123e-006, 0.312127008, 0.950040384, -9.21330271e-006, 7.1436357e-006, 7.3508255e-006, 1, 0, 0, 0, 0, 0, 0, 0, 0.34740354, -0.167720752, -0.191122192, -0.0086072993, 0.627788055, -0.778204236, -0.944580078, 0.250244141, 0.212280273, 0.328016745, 0.737038352, 0.591050914, 0, 0, -0, 0, 0, 0, 0, 0.410216064, -0.118895313, -0.14592168, 0.34346444, 0.310571923, -0.886299782, 0.463623047, -0.876708984, -0.127563477, -0.816594038, -0.367007839, -0.445179953, 0, 1, 3, 1, 
209.170769, 21, 0.1, 0.1, 0.0240306359, 0.35916237, -0.0349682089, 0.950040389, -0.312126993, -4.30757347e-006, 0.312126992, 0.950040389, -9.01367123e-006, 6.90577887e-006, 7.21884177e-006, 1, 0.950040388, -0.312126995, -2.75526008e-006, 0.312126995, 0.950040388, -5.4310102e-006, 4.31277325e-006, 4.29968799e-006, 1, 0, 0, 0, 0, 0, 0, 0, 0.34740354, -0.167720752, -0.191122192, -0.0086072993, 0.627788055, -0.778204236, -0.944580078, 0.250244141, 0.212280273, 0.328016745, 0.737038352, 0.591050914, 0, 0, -0, 0, 0, 0, 0, 0.410216064, -0.118895313, -0.14592168, 0.34346444, 0.310571923, -0.886299782, 0.463623047, -0.876708984, -0.127563477, -0.816594038, -0.367007839, -0.445179953, 0, 1, 3, 1, 
209.171498, 21, 0.1, 0.1, 0.0240306356, 0.35916237, -0.0349694415, 0.950040392, -0.312126983, -3.64298373e-006, 0.312126983, 0.950040392, -6.78226457e-006, 5.57790947e-006, 5.30635176e-006, 1, 0.950040391, -0.312126985, 2.44272696e-006, 0.312126985, 0.950040391, 4.67379835e-006, -3.77950786e-006, -3.67785622e-006, 1, 0, 0, 0, 0, 0, 0, 0, 0.347039209, -0.168503345, -0.190601953, -0.00730390143, 0.634727426, -0.772731153, -0.942749023, 0.253051758, 0.216796875, 0.33312476, 0.730130442, 0.596734435, 0, 0, -0, 0, 0, 0, 0, 0.410216064, -0.118895313, -0.14592168, 0.339438864, 0.311728337, -0.887359947, 0.464111328, -0.876098633, -0.130249023, -0.817999085, -0.367500009, -0.44210007, 0, 1, 3, 1, 
209.172197, 21, 0.1, 0.1, 0.0240306356, 0.359162371, -0.0349702903, 0.950040394, -0.312126977, 2.03798613e-006, 0.312126977, 0.950040394, 3.56028775e-006, -3.047431e-006, -2.74630673e-006, 1, 0.950040394, -0.312126978, 3.59023214e-006, 0.312126978, 0.950040394, 7.18431113e-006, -5.65328288e-006, -5.70477746e-006, 1, 0, 0, 0, 0, 0, 0, 0, 0.347039209, -0.168503345, -0.190601953, -0.00730390143, 0.634727426, -0.772731153, -0.942749023, 0.253051758, 0.216796875, 0.33312476, 0.730130442, 0.596734435, 0, 0, -0, 0, 0, 0, 0, 0.409473682, -0.119498877, -0.145480566, 0.339438864, 0.311728337, -0.887359947, 0.464111328, -0.876098633, -0.130249023, -0.817999085, -0.367500009, -0.44210007, 0, 1, 3, 1, 
209.172962, 21, 0.1, 0.1, 0.0240306359, 0.359162372, -0.0349702781, 0.950040397, -0.312126968, 4.35321569e-006, 0.312126968, 0.950040397, 8.46689114e-006, -6.77847582e-006, -6.6851326e-006, 1, 0.950040397, -0.312126969, 2.88470598e-006, 0.312126969, 0.950040397, 5.10270389e-006, -4.33327871e-006, -3.9473803e-006, 1, 0, 0, 0, 0, 0, 0, 0, 0.347039209, -0.168503345, -0.190601953, -0.00730390143, 0.634727426, -0.772731153, -0.942749023, 0.253051758, 0.216796875, 0.33312476, 0.730130442, 0.596734435, 0, 0, -0, 0, 0, 0, 0, 0.409473682, -0.119498877, -0.145480566, 0.339438864, 0.311728337, -0.887359947, 0.464111328, -0.876098633, -0.130249023, -0.817999085, -0.367500009, -0.44210007, 0, 1, 3, 1, 
209.173704, 21, 0.1, 0.1, 0.0240306362, 0.359162372, -0.0349694845, 0.950040399, -0.312126963, 3.48239659e-006, 0.312126963, 0.950040399, 8.16056319e-006, -5.85554925e-006, -6.66591484e-006, 1, 0.950040398, -0.312126964, -2.55843272e-006, 0.312126964, 0.950040398, -3.65929501e-006, 3.57277908e-006, 2.67792225e-006, 1, 0, 0, 0, 0, 0, 0, 0, 0.347039209, -0.168503345, -0.190601953, -0.00859794249, 0.64296795, -0.765785052, -0.942382812, 0.250854492, 0.221191406, 0.334318451, 0.72363441, 0.60391494, 0, 0, -0, 0, 0, 0, 0, 0.409473682, -0.119498877, -0.145480566, 0.339438864, 0.311728337, -0.887359947, 0.464111328, -0.876098633, -0.130249023, -0.817999085, -0.367500009, -0.44210007, 0, 1, 3, 1, 
209.174422, 21, 0.1, 0.1, 0.024030636, 0.359162372, -0.0349682217, 0.950040401, -0.312126956, -1.01813186e-006, 0.312126956, 0.950040401, -3.88461392e-006, 2.17975912e-006, 3.37275377e-006, 1, 0.950040401, -0.312126957, -3.17612274e-006, 0.312126957, 0.950040401, -7.7322364e-006, 5.43088434e-006, 6.35458344e-006, 1, 0, 0, 0, 0, 0, 0, 0, 0.347423193, -0.167878735, -0.190225122, -0.00859794249, 0.64296795, -0.765785052, -0.942382812, 0.250854492, 0.221191406, 0.334318451, 0.72363441, 0.60391494, 0, 0, -0, 0, 0, 0, 0, 0.409398096, -0.119596875, -0.145254639, 0.335068407, 0.314277404, -0.88811351, 0.466430664, -0.874267578, -0.133422852, -0.818458439, -0.369564202, -0.439601676, 0, 1, 3, 1, 
209.175127, 21, 0.1, 0.1, 0.0240306352, 0.359162372, -0.0349673084, 0.950040402, -0.312126952, -3.97507998e-006, 0.312126952, 0.950040402, -8.34472278e-006, 6.38109947e-006, 6.68709418e-006, 1, 0.950040402, -0.312126953, -1.84119694e-006, 0.312126953, 0.950040402, -4.83149518e-006, 3.25725135e-006, 4.01542843e-006, 1, 0, 0, 0, 0, 0, 0, 0, 0.347423193, -0.167878735, -0.190225122, -0.00859794249, 0.64296795, -0.765785052, -0.942382812, 0.250854492, 0.221191406, 0.334318451, 0.72363441, 0.60391494, 0, 0, -0, 0, 0, 0, 0, 0.409398096, -0.119596875, -0.145254639, 0.335068407, 0.314277404, -0.88811351, 0.466430664, -0.874267578, -0.133422852, -0.818458439, -0.369564202, -0.439601676, 0, 1, 3, 1, 
209.175842, 21, 0.1, 0.1, 0.0240306349, 0.359162371, -0.0349669375, 0.950040404, -0.312126945, -3.56357262e-006, 0.312126945, 0.950040404, -5.31062867e-006, 5.04312828e-006, 3.93302478e-006, 1, 0.950040404, -0.312126947, 2.34871318e-006, 0.312126947, 0.950040404, 6.48999805e-006, -4.2570757e-006, -5.43266369e-006, 1, 0, 0, 0, 0, 0, 0, 0, 0.347423193, -0.167878735, -0.190225122, -0.00859794249, 0.64296795, -0.765785052, -0.942382812, 0.250854492, 0.221191406, 0.334318451, 0.72363441, 0.60391494, 0, 0, -0, 0, 0, 0, 0, 0.409398096, -0.119596875, -0.145254639, 0.335068407, 0.314277404, -0.88811351, 0.466430664, -0.874267578, -0.133422852, -0.818458439, -0.369564202, -0.439601676, 0, 1, 3, 1, 
209.176553, 21, 0.1, 0.1, 0.0240306348, 0.359162371, -0.0349671779, 0.950040406, -0.312126941, 2.98759899e-006, 0.312126941, 0.950040406, 4.60280248e-006, -4.27499842e-006, -3.4403382e-006, 1, 0.950040405, -0.312126943, 4.93033296e-006, 0.312126943, 0.950040405, 8.99294138e-006, -7.49095482e-006, -7.00476792e-006, 1, 0, 0, 0, 0, 0, 0, 0, 0.347423193, -0.167878735, -0.190225122, -0.00859794249, 0.64296795, -0.765785052, -0.942382812, 0.250854492, 0.221191406, 0.334318451, 0.72363441, 0.60391494, 0, 0, -0, 0, 0, 0, 0, 0.409398096, -0.119596875, -0.145254639, 0.335068407, 0.314277404, -0.88811351, 0.466430664, -0.874267578, -0.133422852, -0.818458439, -0.369564202, -0.439601676, 0, 1, 3, 1, 
209.177263, 21, 0.1, 0.1, 0.024030635, 0.359162372, -0.0349679309, 0.950040408, -0.312126935, 4.12000778e-006, 0.312126935, 0.950040408, 7.69154808e-006, -6.3149132e-006, -6.02131608e-006, 1, 0.950040407, -0.312126936, 2.60570245e-006, 0.312126936, 0.950040407, 4.10115475e-006, -3.75560349e-006, -3.08295281e-006, 1, 0, 0, 0, 0, 0, 0, 0, 0.347423193, -0.167878735, -0.190225122, -0.00859794249, 0.64296795, -0.765785052, -0.942382812, 0.250854492, 0.221191406, 0.334318451, 0.72363441, 0.60391494, 0, 0, -0, 0, 0, 0, 0, 0.409398096, -0.119596875, -0.145254639, 0.335068407, 0.314277404, -0.88811351, 0.466430664, -0.874267578, -0.133422852, -0.818458439, -0.369564202, -0.439601676, 0, 1, 3, 1, 
209.17797, 21, 0.1, 0.1, 0.0240306357, 0.359162373, -0.0349689554, 0.950040408, -0.312126933, 1.5285993e-006, 0.312126933, 0.950040408, 4.22528973e-006, -2.77105783e-006, -3.53707897e-006, 1, 0.950040408, -0.312126933, -3.95667984e-006, 0.312126933, 0.950040408, -6.42739695e-006, 5.76516943e-006, 4.87130048e-006, 1, 0, 0, 0, 0, 0, 0, 0, 0.347423193, -0.167878735, -0.190225122, -0.00859794249, 0.64296795, -0.765785052, -0.942382812, 0.250854492, 0.221191406, 0.334318451, 0.72363441, 0.60391494, 0, 0, -0, 0, 0, 0, 0, 0.409398096, -0.119596875, -0.145254639, 0.335068407, 0.314277404, -0.88811351, 0.466430664, -0.874267578, -0.133422852, -0.818458439, -0.369564202, -0.439601676, 0, 1, 3, 1, 
209.178682, 21, 0.1, 0.1, 0.0240306361, 0.359162375, -0.0349699322, 0.95004041, -0.312126929, -2.89953664e-006, 0.312126929, 0.95004041, -6.52026938e-006, 4.78982863e-006, 5.28949593e-006, 1, 0.95004041, -0.312126929, -4.85123408e-006, 0.312126929, 0.95004041, -1.03319277e-005, 7.83374129e-006, 8.30154806e-006, 1, 0, 0, 0, 0, 0, 0, 0, 0.347423193, -0.167878735, -0.190225122, -0.00859794249, 0.64296795, -0.765785052, -0.942382812, 0.250854492, 0.221191406, 0.334318451, 0.72363441, 0.60391494, 0, 0, -0, 0, 0, 0, 0, 0.409398096, -0.119596875, -0.145254639, 0.335068407, 0.314277404, -0.88811351, 0.466430664, -0.874267578, -0.133422852, -0.818458439, -0.369564202, -0.439601676, 0, 1, 3, 1, 
209.179423, 21, 0.1, 0.1, 0.0240306358, 0.359162374, -0.0349702523, 0.950040411, -0.312126926, -4.49354937e-006, 0.312126926, 0.950040411, -7.98242684e-006, 6.76058384e-006, 6.18107032e-006, 1, 0.950040411, -0.312126926, -2.7493289e-006, 0.312126926, 0.950040411, -4.74607385e-006, 4.093351e-006, 3.65082237e-006, 1, 0, 0, 0, 0, 0, 0, 0, 0.347244482, -0.167155615, -0.191314795, -0.0123213062, 0.653251008, -0.756998239, -0.940917969, 0.248413086, 0.229736328, 0.338121564, 0.715208178, 0.611792641, 0, 0, -0, 0, 0, 0, 0, 0.408954492, -0.11938667, -0.145919482, 0.328844842, 0.317842526, -0.889250234, 0.468261719, -0.872558594, -0.138671875, -0.819971761, -0.370785148, -0.435793384, 0, 1, 3, 1, 
209.180124, 21, 0.1, 0.1, 0.0240306354, 0.359162374, -0.0349701122, 0.950040411, -0.312126924, -2.05605559e-006, 0.312126924, 0.950040411, -4.88877493e-006, 3.47925418e-006, 4.00278344e-006, 1, 0.950040411, -0.312126925, 2.93046326e-006, 0.312126925, 0.950040411, 5.41548811e-006, -4.47437817e-006, -4.23025607e-006, 1, 0, 0, 0, 0, 0, 0, 0, 0.347244482, -0.167155615, -0.191314795, -0.0123213062, 0.653251008, -0.756998239, -0.940917969, 0.248413086, 0.229736328, 0.338121564, 0.715208178, 0.611792641, 0, 0, -0, 0, 0, 0, 0, 0.408954492, -0.11938667, -0.145919482, 0.328844842, 0.317842526, -0.889250234, 0.468261719, -0.872558594, -0.138671875, -0.819971761, -0.370785148, -0.435793384, 0, 1, 3, 1, 
209.180829, 21, 0.1, 0.1, 0.024030635, 0.359162373, -0.0349697297, 0.950040412, -0.312126921, 2.86469405e-006, 0.312126921, 0.950040412, 5.66483783e-006, -4.48972351e-006, -4.48767673e-006, 1, 0.950040412, -0.312126921, 5.01817798e-006, 0.312126921, 0.950040412, 9.31627667e-006, -7.67533263e-006, -7.28453088e-006, 1, 0, 0, 0, 0, 0, 0, 0, 0.347244482, -0.167155615, -0.191314795, -0.0123213062, 0.653251008, -0.756998239, -0.940917969, 0.248413086, 0.229736328, 0.338121564, 0.715208178, 0.611792641, 0, 0, -0, 0, 0, 0, 0, 0.408954492, -0.11938667, -0.145919482, 0.328844842, 0.317842526, -0.889250234, 0.468261719, -0.872558594, -0.138671875, -0.819971761, -0.370785148, -0.435793384, 0, 1, 3, 1, 
209.181534, 21, 0.1, 0.1, 0.0240306353, 0.359162374, -0.0349692279, 0.950040413, -0.31212692, 4.02896089e-006, 0.31212692, 0.950040413, 9.52250909e-006, -6.7999071e-006, -7.78922131e-006, 1, 0.950040413, -0.312126921, 2.3514587e-006, 0.312126921, 0.950040413, 6.32431511e-006, -4.20796979e-006, -5.27440138e-006, 1, 0, 0, 0, 0, 0, 0, 0, 0.347244482, -0.167155615, -0.191314795, -0.0123213062, 0.653251008, -0.756998239, -0.940917969, 0.248413086, 0.229736328, 0.338121564, 0.715208178, 0.611792641, 0, 0, -0, 0, 0, 0, 0, 0.408954492, -0.11938667, -0.145919482, 0.328844842, 0.317842526, -0.889250234, 0.468261719, -0.872558594, -0.138671875, -0.819971761, -0.370785148, -0.435793384, 0, 1, 3, 1, 
209.182232, 21, 0.1, 0.1, 0.0240306356, 0.359162375, -0.0349687952, 0.950040413, -0.312126918, 3.14254141e-006, 0.312126918, 0.950040413, 5.45245329e-006, -4.68739878e-006, -4.19917921e-006, 1, 0.950040413, -0.312126918, -2.31787926e-006, 0.312126918, 0.950040413, -5.126778e-006, 3.80228439e-006, 4.14717378e-006, 1, 0, 0, 0, 0, 0, 0, 0, 0.347244482, -0.167155615, -0.191314795, -0.0123213062, 0.653251008, -0.756998239, -0.940917969, 0.248413086, 0.229736328, 0.338121564, 0.715208178, 0.611792641, 0, 0, -0, 0, 0, 0, 0, 0.408954492, -0.11938667, -0.145919482, 0.328844842, 0.317842526, -0.889250234, 0.468261719, -0.872558594, -0.138671875, -0.819971761, -0.370785148, -0.435793384, 0, 1, 3, 1, 
209.182934, 21, 0.1, 0.1, 0.0240306357, 0.359162375, -0.0349685666, 0.950040413, -0.312126918, -3.00009462e-006, 0.312126918, 0.950040413, -5.31069056e-006, 4.50782061e-006, 4.10896037e-006, 1, 0.950040413, -0.312126918, -4.84317085e-006, 0.312126918, 0.950040413, -9.19427779e-006, 7.47098963e-006, 7.22325147e-006, 1, 0, 0, 0, 0, 0, 0, 0, 0.347244482, -0.167155615, -0.191314795, -0.0123213062, 0.653251008, -0.756998239, -0.940917969, 0.248413086, 0.229736328, 0.338121564, 0.715208178, 0.611792641, 0, 0, -0, 0, 0, 0, 0, 0.408954492, -0.11938667, -0.145919482, 0.328844842, 0.317842526, -0.889250234, 0.468261719, -0.872558594, -0.138671875, -0.819971761, -0.370785148, -0.435793384, 0, 1, 3, 1, 
209.18365, 21, 0.1, 0.1, 0.0240306356, 0.359162375, -0.0349685551, 0.950040414, -0.312126916, -4.51172479e-006, 0.312126916, 0.950040414, -9.66921823e-006, 7.30434415e-006, 7.77791735e-006, 1, 0.950040414, -0.312126916, -2.78758429e-006, 0.312126916, 0.950040414, -5.89684333e-006, 4.48888126e-006, 4.73215939e-006, 1, 0, 0, 0, 0, 0, 0, 0, 0.347244482, -0.167155615, -0.191314795, -0.0164456861, 0.663286939, -0.748154138, -0.940429687, 0.243774414, 0.236694336, 0.339392762, 0.707562637, 0.620032044, 0, 0, -0, 0, 0, 0, 0, 0.408954492, -0.11938667, -0.145919482, 0.328844842, 0.317842526, -0.889250234, 0.468261719, -0.872558594, -0.138671875, -0.819971761, -0.370785148, -0.435793384, 0, 1, 3, 1, 
209.184371, 21, 0.1, 0.1, 0.0240306351, 0.359162375, -0.0349684454, 0.950040415, -0.312126914, -2.91990105e-006, 0.312126914, 0.950040415, -4.92077761e-006, 4.30993113e-006, 3.76355789e-006, 1, 0.950040415, -0.312126914, 2.79304407e-006, 0.312126914, 0.950040415, 5.95519996e-006, -4.51228294e-006, -4.78589641e-006, 1, 0, 0, 0, 0, 0, 0, 0, 0.347260815, -0.16554978, -0.192177197, -0.0164456861, 0.663286939, -0.748154138, -0.940429687, 0.243774414, 0.236694336, 0.339392762, 0.707562637, 0.620032044, 0, 0, -0, 0, 0, 0, 0, 0.408701416, -0.118659424, -0.146557959, 0.32176527, 0.323081385, -0.889850312, 0.47253418, -0.869262695, -0.144775391, -0.820347626, -0.373916803, -0.432419659, 0, 1, 3, 1, 
209.185072, 21, 0.1, 0.1, 0.024030635, 0.359162374, -0.0349685379, 0.950040415, -0.312126914, 2.73012536e-006, 0.312126914, 0.950040415, 5.24082822e-006, -4.22953297e-006, -4.12685301e-006, 1, 0.950040414, -0.312126915, 4.45254074e-006, 0.312126915, 0.950040414, 9.29044743e-006, -7.12989234e-006, -7.43654272e-006, 1, 0, 0, 0, 0, 0, 0, 0, 0.347260815, -0.16554978, -0.192177197, -0.0164456861, 0.663286939, -0.748154138, -0.940429687, 0.243774414, 0.236694336, 0.339392762, 0.707562637, 0.620032044, 0, 0, -0, 0, 0, 0, 0, 0.408701416, -0.118659424, -0.146557959, 0.32176527, 0.323081385, -0.889850312, 0.47253418, -0.869262695, -0.144775391, -0.820347626, -0.373916803, -0.432419659, 0, 1, 3, 1, 
209.185777, 21, 0.1, 0.1, 0.0240306351, 0.359162375, -0.0349688518, 0.950040415, -0.312126912, 4.46557622e-006, 0.312126912, 0.950040415, 8.63989327e-006, -6.93922109e-006, -6.81442128e-006, 1, 0.950040415, -0.312126912, 2.94898233e-006, 0.312126912, 0.950040415, 5.25346732e-006, -4.44140093e-006, -4.07054953e-006, 1, 0, 0, 0, 0, 0, 0, 0, 0.347260815, -0.16554978, -0.192177197, -0.0164456861, 0.663286939, -0.748154138, -0.940429687, 0.243774414, 0.236694336, 0.339392762, 0.707562637, 0.620032044, 0, 0, -0, 0, 0, 0, 0, 0.408701416, -0.118659424, -0.146557959, 0.32176527, 0.323081385, -0.889850312, 0.47253418, -0.869262695, -0.144775391, -0.820347626, -0.373916803, -0.432419659, 0, 1, 3, 1, 
209.186507, 21, 0.1, 0.1, 0.0240306355, 0.359162376, -0.0349691571, 0.950040415, -0.312126913, 2.97337594e-006, 0.312126913, 0.950040415, 6.66648475e-006, -4.90561661e-006, -5.40535929e-006, 1, 0.950040415, -0.312126912, -3.0841902e-006, 0.312126912, 0.950040415, -5.04771684e-006, 4.50563361e-006, 3.83287624e-006, 1, 0, 0, 0, 0, 0, 0, 0, 0.346731812, -0.165575732, -0.192867017, -0.0183283378, 0.67200262, -0.740199314, -0.938720703, 0.243164062, 0.243896484, 0.34389307, 0.699384653, 0.626558415, 0, 0, -0, 0, 0, 0, 0, 0.408701416, -0.118659424, -0.146557959, 0.314947458, 0.326646507, -0.891038075, 0.474243164, -0.867431641, -0.150268555, -0.822046148, -0.375137749, -0.42812576, 0, 1, 3, 1, 
209.187211, 21, 0.1, 0.1, 0.0240306355, 0.359162376, -0.0349692072, 0.950040416, -0.312126911, -1.71346119e-006, 0.312126911, 0.950040416, -4.64474744e-006, 3.07760805e-006, 3.87788044e-006, 1, 0.950040416, -0.312126911, -3.60315002e-006, 0.312126911, 0.950040416, -8.33948435e-006, 6.02611564e-006, 6.79820709e-006, 1, 0, 0, 0, 0, 0, 0, 0, 0.346731812, -0.165575732, -0.192867017, -0.0183283378, 0.67200262, -0.740199314, -0.938720703, 0.243164062, 0.243896484, 0.34389307, 0.699384653, 0.626558415, 0, 0, -0, 0, 0, 0, 0, 0.407991357, -0.118895703, -0.147215967, 0.314947458, 0.326646507, -0.891038075, 0.474243164, -0.867431641, -0.150268555, -0.822046148, -0.375137749, -0.42812576, 0, 1, 3, 1, 
209.187916, 21, 0.1, 0.1, 0.0240306351, 0.359162376, -0.0349692467, 0.950040416, -0.312126911, -4.65287689e-006, 0.312126911, 0.950040416, -8.15064638e-006, 6.96445717e-006, 6.29115539e-006, 1, 0.950040416, -0.312126911, -2.72708879e-006, 0.312126911, 0.950040416, -4.88428054e-006, 4.11535997e-006, 3.78906612e-006, 1, 0, 0, 0, 0, 0, 0, 0, 0.346731812, -0.165575732, -0.192867017, -0.0183283378, 0.67200262, -0.740199314, -0.938720703, 0.243164062, 0.243896484, 0.34389307, 0.699384653, 0.626558415, 0, 0, -0, 0, 0, 0, 0, 0.407991357, -0.118895703, -0.147215967, 0.314947458, 0.326646507, -0.891038075, 0.474243164, -0.867431641, -0.150268555, -0.822046148, -0.375137749, -0.42812576, 0, 1, 3, 1, 
209.188626, 21, 0.1, 0.1, 0.0240306349, 0.359162376, -0.0349692857, 0.950040416, -0.31212691, -3.18708356e-006, 0.31212691, 0.950040416, -5.95240927e-006, 4.8857653e-006, 4.66025483e-006, 1, 0.950040416, -0.312126911, 2.02313798e-006, 0.312126911, 0.950040416, 4.88120726e-006, -3.44561899e-006, -4.00586837e-006, 1, 0, 0, 0, 0, 0, 0, 0, 0.346731812, -0.165575732, -0.192867017, -0.0183283378, 0.67200262, -0.740199314, -0.938720703, 0.243164062, 0.243896484, 0.34389307, 0.699384653, 0.626558415, 0, 0, -0, 0, 0, 0, 0, 0.407991357, -0.118895703, -0.147215967, 0.314947458, 0.326646507, -0.891038075, 0.474243164, -0.867431641, -0.150268555, -0.822046148, -0.375137749, -0.42812576, 0, 1, 3, 1, 
209.189326, 21, 0.1, 0.1, 0.0240306348, 0.359162376, -0.034969273, 0.950040416, -0.31212691, 2.28867919e-006, 0.31212691, 0.950040416, 3.92161036e-006, -3.39837785e-006, -3.01132998e-006, 1, 0.950040416, -0.31212691, 4.32292222e-006, 0.31212691, 0.950040416, 7.69661756e-006, -6.50927228e-006, -5.9627974e-006, 1, 0, 0, 0, 0, 0, 0, 0, 0.346731812, -0.165575732, -0.192867017, -0.0183283378, 0.67200262, -0.740199314, -0.938720703, 0.243164062, 0.243896484, 0.34389307, 0.699384653, 0.626558415, 0, 0, -0, 0, 0, 0, 0, 0.407991357, -0.118895703, -0.147215967, 0.314947458, 0.326646507, -0.891038075, 0.474243164, -0.867431641, -0.150268555, -0.822046148, -0.375137749, -0.42812576, 0, 1, 3, 1, 
209.190035, 21, 0.1, 0.1, 0.0240306353, 0.359162377, -0.0349691868, 0.950040416, -0.312126911, 3.50303498e-006, 0.312126911, 0.950040416, 7.38558026e-006, -5.63326316e-006, -5.92320826e-006, 1, 0.950040416, -0.312126911, 1.76281999e-006, 0.312126911, 0.950040416, 4.07091865e-006, -2.9453935e-006, -3.31731369e-006, 1, 0, 0, 0, 0, 0, 0, 0, 0.346731812, -0.165575732, -0.192867017, -0.0183283378, 0.67200262, -0.740199314, -0.938720703, 0.243164062, 0.243896484, 0.34389307, 0.699384653, 0.626558415, 0, 0, -0, 0, 0, 0, 0, 0.407991357, -0.118895703, -0.147215967, 0.314947458, 0.326646507, -0.891038075, 0.474243164, -0.867431641, -0.150268555, -0.822046148, -0.375137749, -0.42812576, 0, 1, 3, 1, 
209.190755, 21, 0.1, 0.1, 0.0240306359, 0.359162378, -0.034968922, 0.950040417, -0.312126908, 1.99117457e-006, 0.312126908, 0.950040417, 3.94572369e-006, -3.12326286e-006, -3.12709782e-006, 1, 0.950040416, -0.312126909, -3.29998104e-006, 0.312126909, 0.950040416, -6.89656431e-006, 5.28771866e-006, 5.52200195e-006, 1, 0, 0, 0, 0, 0, 0, 0, 0.346731812, -0.165575732, -0.192867017, -0.0183283378, 0.67200262, -0.740199314, -0.938720703, 0.243164062, 0.243896484, 0.34389307, 0.699384653, 0.626558415, 0, 0, -0, 0, 0, 0, 0, 0.407991357, -0.118895703, -0.147215967, 0.314947458, 0.326646507, -0.891038075, 0.474243164, -0.867431641, -0.150268555, -0.822046148, -0.375137749, -0.42812576, 0, 1, 3, 1, 
209.191481, 21, 0.1, 0.1, 0.0240306364, 0.35916238, -0.0349686732, 0.950040417, -0.312126905, -2.94284945e-006, 0.312126905, 0.950040417, -6.05992094e-006, 4.68729029e-006, 4.83862733e-006, 1, 0.950040417, -0.312126906, -5.25446168e-006, 0.312126906, 0.950040417, -1.06260413e-005, 8.30862436e-006, 8.45510984e-006, 1, 0, 0, 0, 0, 0, 0, 0, 0.347197339, -0.165779053, -0.191052002, -0.0179224522, 0.677014034, -0.735564211, -0.938964844, 0.241333008, 0.244873047, 0.343334417, 0.695130349, 0.631633108, 0, 0, -0, 0, 0, 0, 0, 0.407991357, -0.118895703, -0.147215967, 0.310973288, 0.327406267, -0.892168602, 0.477539062, -0.865478516, -0.151123047, -0.821604651, -0.378862919, -0.425544244, 0, 1, 3, 1, 
209.192191, 21, 0.1, 0.1, 0.0240306362, 0.359162379, -0.0349683816, 0.950040418, -0.312126904, -4.45622843e-006, 0.312126904, 0.950040418, -8.90652324e-006, 7.01356264e-006, 7.07064828e-006, 1, 0.950040418, -0.312126904, -2.99350458e-006, 0.312126904, 0.950040418, -5.72308093e-006, 4.63027788e-006, 4.50280488e-006, 1, 0, 0, 0, 0, 0, 0, 0, 0.347197339, -0.165779053, -0.191052002, -0.0179224522, 0.677014034, -0.735564211, -0.938964844, 0.241333008, 0.244873047, 0.343334417, 0.695130349, 0.631633108, 0, 0, -0, 0, 0, 0, 0, 0.407960937, -0.119370264, -0.145897021, 0.310973288, 0.327406267, -0.892168602, 0.477539062, -0.865478516, -0.151123047, -0.821604651, -0.378862919, -0.425544244, 0, 1, 3, 1, 
209.192893, 21, 0.1, 0.1, 0.0240306356, 0.359162379, -0.0349683254, 0.950040418, -0.312126903, -2.16200999e-006, 0.312126903, 0.950040418, -4.03941185e-006, 3.31480598e-006, 3.16278304e-006, 1, 0.950040418, -0.312126903, 3.25447181e-006, 0.312126903, 0.950040418, 6.65017266e-006, -5.16757756e-006, -5.30212461e-006, 1, 0, 0, 0, 0, 0, 0, 0, 0.347197339, -0.165779053, -0.191052002, -0.0179224522, 0.677014034, -0.735564211, -0.938964844, 0.241333008, 0.244873047, 0.343334417, 0.695130349, 0.631633108, 0, 0, -0, 0, 0, 0, 0, 0.407960937, -0.119370264, -0.145897021, 0.310973288, 0.327406267, -0.892168602, 0.477539062, -0.865478516, -0.151123047, -0.821604651, -0.378862919, -0.425544244, 0, 1, 3, 1, 
209.193599, 21, 0.1, 0.1, 0.0240306351, 0.359162378, -0.0349685692, 0.950040418, -0.312126904, 3.53406008e-006, 0.312126904, 0.950040418, 7.02412654e-006, -5.54991878e-006, -5.57012888e-006, 1, 0.950040418, -0.312126904, 5.64437025e-006, 0.312126904, 0.950040418, 1.08249123e-005, -8.74112623e-006, -8.52234438e-006, 1, 0, 0, 0, 0, 0, 0, 0, 0.347197339, -0.165779053, -0.191052002, -0.0179224522, 0.677014034, -0.735564211, -0.938964844, 0.241333008, 0.244873047, 0.343334417, 0.695130349, 0.631633108, 0, 0, -0, 0, 0, 0, 0, 0.407960937, -0.119370264, -0.145897021, 0.310973288, 0.327406267, -0.892168602, 0.477539062, -0.865478516, -0.151123047, -0.821604651, -0.378862919, -0.425544244, 0, 1, 3, 1, 
209.194297, 21, 0.1, 0.1, 0.024030635, 0.359162378, -0.034969019, 0.950040417, -0.312126908, 5.21514839e-006, 0.312126908, 0.950040417, 1.03322493e-005, -8.17957478e-006, -8.18826633e-006, 1, 0.950040417, -0.312126907, 3.6438105e-006, 0.312126907, 0.950040417, 7.09565999e-006, -5.67651365e-006, -5.60383248e-006, 1, 0, 0, 0, 0, 0, 0, 0, 0.347197339, -0.165779053, -0.191052002, -0.0179224522, 0.677014034, -0.735564211, -0.938964844, 0.241333008, 0.244873047, 0.343334417, 0.695130349, 0.631633108, 0, 0, -0, 0, 0, 0, 0, 0.407960937, -0.119370264, -0.145897021, 0.310973288, 0.327406267, -0.892168602, 0.477539062, -0.865478516, -0.151123047, -0.821604651, -0.378862919, -0.425544244, 0, 1, 3, 1, 
209.195017, 21, 0.1, 0.1, 0.0240306351, 0.359162378, -0.0349693643, 0.950040416, -0.31212691, 2.79584608e-006, 0.31212691, 0.950040416, 6.13194711e-006, -4.57011248e-006, -4.95293878e-006, 1, 0.950040416, -0.31212691, -2.49448676e-006, 0.31212691, 0.950040416, -4.57429466e-006, 3.7976237e-006, 3.56716836e-006, 1, 0, 0, 0, 0, 0, 0, 0, 0.347197339, -0.165779053, -0.191052002, -0.0179224522, 0.677014034, -0.735564211, -0.938964844, 0.241333008, 0.244873047, 0.343334417, 0.695130349, 0.631633108, 0, 0, -0, 0, 0, 0, 0, 0.407960937, -0.119370264, -0.145897021, 0.310973288, 0.327406267, -0.892168602, 0.477539062, -0.865478516, -0.151123047, -0.821604651, -0.378862919, -0.425544244, 0, 1, 3, 1, 
209.195721, 21, 0.1, 0.1, 0.0240306353, 0.359162379, -0.0349696057, 0.950040416, -0.312126909, -2.46099406e-006, 0.312126909, 0.950040416, -5.09612223e-006, 3.9286807e-006, 4.07337961e-006, 1, 0.950040416, -0.31212691, -4.27471817e-006, 0.31212691, 0.950040416, -8.73069011e-006, 6.78623835e-006, 6.96025389e-006, 1, 0, 0, 0, 0, 0, 0, 0, 0.347197339, -0.165779053, -0.191052002, -0.0179224522, 0.677014034, -0.735564211, -0.938964844, 0.241333008, 0.244873047, 0.343334417, 0.695130349, 0.631633108, 0, 0, -0, 0, 0, 0, 0, 0.407960937, -0.119370264, -0.145897021, 0.310973288, 0.327406267, -0.892168602, 0.477539062, -0.865478516, -0.151123047, -0.821604651, -0.378862919, -0.425544244, 0, 1, 3, 1, 
209.19645, 21, 0.1, 0.1, 0.0240306353, 0.359162379, -0.0349696302, 0.950040416, -0.312126909, -5.20165401e-006, 0.312126909, 0.950040416, -1.02832726e-005, 8.15146763e-006, 8.14594837e-006, 1, 0.950040416, -0.312126909, -3.50977207e-006, 0.312126909, 0.950040416, -6.6246835e-006, 5.4021673e-006, 5.19822276e-006, 1, 0, 0, 0, 0, 0, 0, 0, 0.347712427, -0.166040112, -0.18885752, -0.0165078437, 0.680832878, -0.73218608, -0.939453125, 0.239990234, 0.244384766, 0.342121629, 0.691930073, 0.635794558, 0, 0, -0, 0, 0, 0, 0, 0.407960937, -0.119370264, -0.145897021, 0.307382646, 0.328574707, -0.892967008, 0.482299805, -0.862670898, -0.151367187, -0.820140902, -0.38414079, -0.423787019, 0, 1, 3, 1, 
209.197154, 21, 0.1, 0.1, 0.0240306351, 0.359162379, -0.0349693029, 0.950040415, -0.312126912, -3.1424883e-006, 0.312126912, 0.950040415, -7.120329e-006, 5.2079372e-006, 5.78374515e-006, 1, 0.950040416, -0.312126911, 2.28557177e-006, 0.312126911, 0.950040416, 3.44332279e-006, -3.24613926e-006, -2.55790735e-006, 1, 0, 0, 0, 0, 0, 0, 0, 0.347712427, -0.166040112, -0.18885752, -0.0165078437, 0.680832878, -0.73218608, -0.939453125, 0.239990234, 0.244384766, 0.342121629, 0.691930073, 0.635794558, 0, 0, -0, 0, 0, 0, 0, 0.407977393, -0.119627197, -0.144573438, 0.307382646, 0.328574707, -0.892967008, 0.482299805, -0.862670898, -0.151367187, -0.820140902, -0.38414079, -0.423787019, 0, 1, 3, 1, 
209.197863, 21, 0.1, 0.1, 0.0240306351, 0.359162379, -0.0349689745, 0.950040415, -0.312126912, 1.64909879e-006, 0.312126912, 0.950040415, 4.21975127e-006, -2.88380843e-006, -3.49420614e-006, 1, 0.950040415, -0.312126912, 3.62813581e-006, 0.312126912, 0.950040415, 8.10949938e-006, -5.97806866e-006, -6.57191334e-006, 1, 0, 0, 0, 0, 0, 0, 0, 0.347712427, -0.166040112, -0.18885752, -0.0165078437, 0.680832878, -0.73218608, -0.939453125, 0.239990234, 0.244384766, 0.342121629, 0.691930073, 0.635794558, 0, 0, -0, 0, 0, 0, 0, 0.407977393, -0.119627197, -0.144573438, 0.307382646, 0.328574707, -0.892967008, 0.482299805, -0.862670898, -0.151367187, -0.820140902, -0.38414079, -0.423787019, 0, 1, 3, 1, 
209.198567, 21, 0.1, 0.1, 0.0240306354, 0.35916238, -0.034968687, 0.950040415, -0.312126913, 4.63840764e-006, 0.312126913, 0.950040415, 8.44944768e-006, -7.04397474e-006, -6.57954492e-006, 1, 0.950040415, -0.312126913, 2.79277183e-006, 0.312126913, 0.950040415, 5.01914226e-006, -4.21985549e-006, -3.89668874e-006, 1, 0, 0, 0, 0, 0, 0, 0, 0.347712427, -0.166040112, -0.18885752, -0.0165078437, 0.680832878, -0.73218608, -0.939453125, 0.239990234, 0.244384766, 0.342121629, 0.691930073, 0.635794558, 0, 0, -0, 0, 0, 0, 0, 0.407977393, -0.119627197, -0.144573438, 0.307382646, 0.328574707, -0.892967008, 0.482299805, -0.862670898, -0.151367187, -0.820140902, -0.38414079, -0.423787019, 0, 1, 3, 1, 
209.199296, 21, 0.1, 0.1, 0.0240306359, 0.359162381, -0.0349683502, 0.950040415, -0.312126914, 2.28573309e-006, 0.312126914, 0.950040415, 5.72703774e-006, -3.95910143e-006, -4.72747849e-006, 1, 0.950040414, -0.312126915, -3.11301227e-006, 0.312126915, 0.950040414, -5.43563761e-006, 4.65409627e-006, 4.1924205e-006, 1, 0, 0, 0, 0, 0, 0, 0, 0.347939941, -0.165623999, -0.186642041, -0.016312014, 0.684791385, -0.728408054, -0.940063477, 0.237426758, 0.244262695, 0.340236734, 0.688831268, 0.640139855, 0, 0, -0, 0, 0, 0, 0, 0.407765723, -0.119424463, -0.143026611, 0.303645082, 0.33001147, -0.893765413, 0.487548828, -0.859741211, -0.151733398, -0.81844711, -0.389635945, -0.422029794, 0, 1, 3, 1, 
209.199999, 21, 0.1, 0.1, 0.0240306362, 0.359162382, -0.0349682047, 0.950040415, -0.312126914, -2.40466112e-006, 0.312126914, 0.950040415, -4.52329986e-006, 3.69636888e-006, 3.54675822e-006, 1, 0.950040415, -0.312126914, -4.71877096e-006, 0.312126914, 0.950040415, -8.46871614e-006, 7.12633735e-006, 6.57276718e-006, 1, 0, 0, 0, 0, 0, 0, 0, 0.347939941, -0.165623999, -0.186642041, -0.016312014, 0.684791385, -0.728408054, -0.940063477, 0.237426758, 0.244262695, 0.340236734, 0.688831268, 0.640139855, 0, 0, -0, 0, 0, 0, 0, 0.407765723, -0.119424463, -0.143026611, 0.303645082, 0.33001147, -0.893765413, 0.487548828, -0.859741211, -0.151733398, -0.81844711, -0.389635945, -0.422029794, 0, 1, 3, 1, 
209.200701, 21, 0.1, 0.1, 0.0240306356, 0.359162381, -0.0349683958, 0.950040414, -0.312126916, -3.59274389e-006, 0.312126916, 0.950040414, -8.01912167e-006, 5.91623561e-006, 6.4970976e-006, 1, 0.950040414, -0.312126916, -1.84158115e-006, 0.312126916, 0.950040414, -4.75981897e-006, 3.23524413e-006, 3.94721335e-006, 1, 0, 0, 0, 0, 0, 0, 0, 0.347939941, -0.165623999, -0.186642041, -0.016312014, 0.684791385, -0.728408054, -0.940063477, 0.237426758, 0.244262695, 0.340236734, 0.688831268, 0.640139855, 0, 0, -0, 0, 0, 0, 0, 0.407765723, -0.119424463, -0.143026611, 0.303645082, 0.33001147, -0.893765413, 0.487548828, -0.859741211, -0.151733398, -0.81844711, -0.389635945, -0.422029794, 0, 1, 3, 1, 
209.20141, 21, 0.1, 0.1, 0.024030635, 0.35916238, -0.0349687887, 0.950040414, -0.312126915, -2.13034101e-006, 0.312126915, 0.950040414, -4.11724111e-006, 3.30901183e-006, 3.24660869e-006, 1, 0.950040414, -0.312126915, 3.25749462e-006, 0.312126915, 0.950040414, 6.79683656e-006, -5.21622717e-006, -5.44051767e-006, 1, 0, 0, 0, 0, 0, 0, 0, 0.347939941, -0.165623999, -0.186642041, -0.016312014, 0.684791385, -0.728408054, -0.940063477, 0.237426758, 0.244262695, 0.340236734, 0.688831268, 0.640139855, 0, 0, -0, 0, 0, 0, 0, 0.407765723, -0.119424463, -0.143026611, 0.303645082, 0.33001147, -0.893765413, 0.487548828, -0.859741211, -0.151733398, -0.81844711, -0.389635945, -0.422029794, 0, 1, 3, 1, 
