time, trialNum, realDorsalTactorPos, realVentralTactorPos, boxPosX, boxPosY, boxPosZ, boxLocalRot_11, boxLocalRot_12, boxLocalRot_13, boxLocalRot_21, boxLocalRot_22, boxLocalRot_23, boxLocalRot_31, boxLocalRot_32, boxLocalRot_33, boxGlobalRot_11, boxGlobalRot_12, boxGlobalRot_13, boxGlobalRot_21, boxGlobalRot_22, boxGlobalRot_23, boxGlobalRot_31, boxGlobalRot_32, boxGlobalRot_33, indexForceX, indexForceY, indexForceZ, indexForceGlobalX, indexForceGlobalY, indexForceGlobalZ, indexContact, indexPosX, indexPosY, indexPosZ, indexRot_11, indexRot_12, indexRot_13, indexRot_21, indexRot_22, indexRot_23, indexRot_31, indexRot_32, indexRot_33, thumbForceX, thumbForceY, thumbForceZ, thumbForceGlobalX, thumbForceGlobalY, thumbForceGlobalZ, thumbContact, thumbPosX, thumbPosY, thumbPosZ, thumbRot_11, thumbRot_12, thumbRot_13, thumbRot_21, thumbRot_22, thumbRot_23, thumbRot_31, thumbRot_32, thumbRot_33, manipForceTooHigh, cceExpType, mapping, trialSuccess, 
165.739971, 16, 0.1, 0.1, 0.00800695552, 0.369531372, -0.034968127, 0.94710903, 4.10100164e-006, 0.320911958, 0.320911958, 5.13491168e-006, -0.94710903, -5.53195025e-006, 1, 3.54726075e-006, 0.947108914, -5.0467047e-006, 0.320912302, 0.320912302, 5.52344897e-006, -0.947108914, 3.00723628e-006, 1, 6.85085737e-006, 0, 0, 0, 0, 0, 0, 0, 0.303726294, -0.10785271, -0.186774243, -0.167407345, 0.779948326, -0.602965183, -0.909790039, 0.11328125, 0.399169922, 0.379616875, 0.615424496, 0.690842651, 0, 0, 0, 0, 0, 0, 0, 0.350481738, -0.0815654297, -0.151930469, -0.142102279, 0.366745883, -0.919255365, 0.308837891, -0.865844727, -0.393188477, -0.940415584, -0.339746486, 0.00967755466, 0, 1, 3, 1, 
165.773894, 16, 0.1, 0.1, 0.00800697503, 0.369531341, -0.034956351, 0.947115604, -2.35476891e-006, 0.320892555, 0.320892555, 2.7679236e-005, -0.947115604, -6.65182239e-006, 1, 2.69710642e-005, 0.947115587, -7.81963477e-006, 0.320892608, 0.320892608, 3.03074673e-005, -0.947115586, -2.31934424e-006, 1, 3.12139376e-005, 0, 0, 0, 0, 0, 0, 0, 0.304975195, -0.114411108, -0.182926782, -0.186189271, 0.773277421, -0.605969629, -0.909423828, 0.0977783203, 0.404174805, 0.371839142, 0.626368418, 0.685138911, 0, 0, -0, 0, 0, 0, 0, 0.352411084, -0.0863002441, -0.148881201, -0.128568366, 0.358174843, -0.924689287, 0.333740234, -0.862304688, -0.380493164, -0.933715176, -0.35746309, -0.00869126646, 0, 1, 3, 1, 
165.774595, 16, 0.1, 0.1, 0.00800697507, 0.369531344, -0.0349655506, 0.947115697, 9.033011e-006, 0.320892281, 0.320892282, -1.45367721e-005, -0.947115697, -3.89056853e-006, 1, -1.66666286e-005, 0.947115683, 6.25176927e-007, 0.320892324, 0.320892324, -2.01080381e-005, -0.947115682, 5.86040021e-006, 1, -1.92452527e-005, 0, 0, 0, 0, 0, 0, 0, 0.304975195, -0.114411108, -0.182926782, -0.186189271, 0.773277421, -0.605969629, -0.909423828, 0.0977783203, 0.404174805, 0.371839142, 0.626368418, 0.685138911, 0, 0, -0, 0, 0, 0, 0, 0.352411084, -0.0863002441, -0.148881201, -0.128568366, 0.358174843, -0.924689287, 0.333740234, -0.862304688, -0.380493164, -0.933715176, -0.35746309, -0.00869126646, 0, 1, 3, 1, 
165.775287, 16, 0.1, 0.1, 0.00800697568, 0.369531341, -0.0349749051, 0.947115716, -6.0675677e-006, 0.320892226, 0.320892226, 1.16552489e-005, -0.947115716, 2.00660996e-006, 1, 1.29859047e-005, 0.947115715, -8.85195732e-006, 0.320892229, 0.320892229, 1.30790445e-005, -0.947115715, 4.18686414e-006, 1, 1.52278929e-005, 0, 0, 0, 0, 0, 0, 0, 0.304975195, -0.114411108, -0.182926782, -0.186189271, 0.773277421, -0.605969629, -0.909423828, 0.0977783203, 0.404174805, 0.371839142, 0.626368418, 0.685138911, 0, 0, -0, 0, 0, 0, 0, 0.352411084, -0.0863002441, -0.148881201, -0.128568366, 0.358174843, -0.924689287, 0.333740234, -0.862304688, -0.380493164, -0.933715176, -0.35746309, -0.00869126646, 0, 1, 3, 1, 
165.776027, 16, 0.1, 0.1, 0.00800697422, 0.369531343, -0.0349819876, 0.947115749, 1.37054061e-006, 0.320892129, 0.320892129, -1.09154147e-005, -0.947115749, 2.20461006e-006, 1, -1.07779568e-005, 0.947115737, 3.54456342e-006, 0.320892163, 0.320892163, -1.14893452e-005, -0.947115737, 3.29729046e-007, 1, -1.20191623e-005, 0, 0, 0, 0, 0, 0, 0, 0.304975195, -0.114411108, -0.182926782, -0.186189271, 0.773277421, -0.605969629, -0.909423828, 0.0977783203, 0.404174805, 0.371839142, 0.626368418, 0.685138911, 0, 0, -0, 0, 0, 0, 0, 0.352411084, -0.0863002441, -0.148881201, -0.128568366, 0.358174843, -0.924689287, 0.333740234, -0.862304688, -0.380493164, -0.933715176, -0.35746309, -0.00869126646, 0, 1, 3, 1, 
165.776718, 16, 0.1, 0.1, 0.00800697386, 0.369531342, -0.0349844559, 0.9471158, -2.32399313e-006, 0.320891978, 0.320891978, 3.58319761e-006, -0.9471158, 1.05127125e-006, 1, 4.13945383e-006, 0.947115792, 9.88490285e-007, 0.320892001, 0.320892001, 6.7626537e-006, -0.947115792, -3.10629624e-006, 1, 6.08781749e-006, 0, 0, 0, 0, 0, 0, 0, 0.304975195, -0.114411108, -0.182926782, -0.186189271, 0.773277421, -0.605969629, -0.909423828, 0.0977783203, 0.404174805, 0.371839142, 0.626368418, 0.685138911, 0, 0, -0, 0, 0, 0, 0, 0.352411084, -0.0863002441, -0.148881201, -0.128568366, 0.358174843, -0.924689287, 0.333740234, -0.862304688, -0.380493164, -0.933715176, -0.35746309, -0.00869126646, 0, 1, 3, 1, 
165.777462, 16, 0.1, 0.1, 0.00800697343, 0.369531342, -0.0349818058, 0.947115818, 9.05602553e-007, 0.320891926, 0.320891926, 4.88702241e-006, -0.947115818, -2.42591654e-006, 1, 4.33797568e-006, 0.947115817, 3.58302754e-006, 0.320891928, 0.320891928, 4.76064205e-006, -0.947115817, -4.92119366e-006, 1, 3.35911477e-006, 0, 0, 0, 0, 0, 0, 0, 0.305133618, -0.114671094, -0.182292334, -0.187313692, 0.772484746, -0.606673938, -0.91015625, 0.095703125, 0.402954102, 0.369421802, 0.627606293, 0.685374055, 0, 0, -0, 0, 0, 0, 0, 0.352411084, -0.0863002441, -0.148881201, -0.125814408, 0.358123437, -0.925047661, 0.336791992, -0.861572266, -0.379394531, -0.933057495, -0.359309634, -0.0122884718, 0, 1, 3, 1, 
165.778153, 16, 0.1, 0.1, 0.00800697338, 0.369531342, -0.0349757112, 0.947115798, 4.27395991e-006, 0.320891985, 0.320891985, 3.76419188e-006, -0.947115798, -5.25583396e-006, 1, 2.19364612e-006, 0.947115805, 4.7617403e-006, 0.320891963, 0.320891963, -2.78570298e-006, -0.947115805, -3.6160098e-006, 1, -4.16638751e-006, 0, 0, 0, 0, 0, 0, 0, 0.305133618, -0.114671094, -0.182292334, -0.187313692, 0.772484746, -0.606673938, -0.91015625, 0.095703125, 0.402954102, 0.369421802, 0.627606293, 0.685374055, 0, 0, -0, 0, 0, 0, 0, 0.352830371, -0.0863424805, -0.14831084, -0.125814408, 0.358123437, -0.925047661, 0.336791992, -0.861572266, -0.379394531, -0.933057495, -0.359309634, -0.0122884718, 0, 1, 3, 1, 
165.778846, 16, 0.1, 0.1, 0.00800697369, 0.369531343, -0.034968451, 0.947115735, 6.33503358e-006, 0.320892169, 0.320892169, -4.62362796e-006, -0.947115735, -4.51632398e-006, 1, -6.41197345e-006, 0.947115751, -8.07246675e-007, 0.320892122, 0.320892122, -1.06307584e-005, -0.947115751, 4.17588266e-006, 1, -9.8095196e-006, 0, 0, 0, 0, 0, 0, 0, 0.305133618, -0.114671094, -0.182292334, -0.187313692, 0.772484746, -0.606673938, -0.91015625, 0.095703125, 0.402954102, 0.369421802, 0.627606293, 0.685374055, 0, 0, -0, 0, 0, 0, 0, 0.352830371, -0.0863424805, -0.14831084, -0.125814408, 0.358123437, -0.925047661, 0.336791992, -0.861572266, -0.379394531, -0.933057495, -0.359309634, -0.0122884718, 0, 1, 3, 1, 
165.779537, 16, 0.1, 0.1, 0.00800697418, 0.369531344, -0.0349622147, 0.947115621, -1.12797915e-006, 0.320892506, 0.320892506, -1.16836055e-005, -0.947115621, 4.81750813e-006, 1, -1.07037652e-005, 0.947115647, -5.92654214e-006, 0.320892428, 0.320892428, -1.02794798e-005, -0.947115647, 8.91172803e-006, 1, -7.83407369e-006, 0, 0, 0, 0, 0, 0, 0, 0.305133618, -0.114671094, -0.182292334, -0.187313692, 0.772484746, -0.606673938, -0.91015625, 0.095703125, 0.402954102, 0.369421802, 0.627606293, 0.685374055, 0, 0, -0, 0, 0, 0, 0, 0.352830371, -0.0863424805, -0.14831084, -0.125814408, 0.358123437, -0.925047661, 0.336791992, -0.861572266, -0.379394531, -0.933057495, -0.359309634, -0.0122884718, 0, 1, 3, 1, 
165.780246, 16, 0.1, 0.1, 0.00800697405, 0.369531343, -0.0349584483, 0.947115448, -6.98539686e-006, 0.320893016, 0.320893016, -9.56669045e-006, -0.947115448, 9.68586143e-006, 1, -6.81919525e-006, 0.947115487, -7.56718407e-006, 0.320892902, 0.320892902, 1.78654139e-006, -0.947115487, 6.59370877e-006, 1, 4.12031667e-006, 0, 0, 0, 0, 0, 0, 0, 0.305133618, -0.114671094, -0.182292334, -0.187313692, 0.772484746, -0.606673938, -0.91015625, 0.095703125, 0.402954102, 0.369421802, 0.627606293, 0.685374055, 0, 0, -0, 0, 0, 0, 0, 0.353041064, -0.0872635254, -0.147970068, -0.122619687, 0.357599551, -0.925725398, 0.337768555, -0.861938477, -0.377807617, -0.933089945, -0.358996468, -0.0151827871, 0, 1, 3, 1, 
165.780938, 16, 0.1, 0.1, 0.00800697347, 0.369531343, -0.0349582008, 0.947115227, -6.7934521e-006, 0.320893668, 0.320893668, 4.04060194e-006, -0.947115227, 5.13757835e-006, 1, 6.00689139e-006, 0.947115275, 2.4789062e-006, 0.320893529, 0.320893529, 1.12492554e-005, -0.947115275, -5.95762319e-006, 1, 9.85887665e-006, 0, 0, 0, 0, 0, 0, 0, 0.305133618, -0.114671094, -0.182292334, -0.187313692, 0.772484746, -0.606673938, -0.91015625, 0.095703125, 0.402954102, 0.369421802, 0.627606293, 0.685374055, 0, 0, -0, 0, 0, 0, 0, 0.353041064, -0.0872635254, -0.147970068, -0.122619687, 0.357599551, -0.925725398, 0.337768555, -0.861938477, -0.377807617, -0.933089945, -0.358996468, -0.0151827871, 0, 1, 3, 1, 
165.781633, 16, 0.1, 0.1, 0.00800697293, 0.369531342, -0.0349613184, 0.947114958, 2.48857577e-006, 0.320894464, 0.320894464, 1.06521696e-005, -0.947114957, -5.77518958e-006, 1, 9.29025894e-006, 0.947115014, 7.1487189e-006, 0.320894297, 0.320894297, 8.5821399e-006, -0.947115014, -9.52461875e-006, 1, 5.83429043e-006, 0, 0, 0, 0, 0, 0, 0, 0.305133618, -0.114671094, -0.182292334, -0.187313692, 0.772484746, -0.606673938, -0.91015625, 0.095703125, 0.402954102, 0.369421802, 0.627606293, 0.685374055, 0, 0, -0, 0, 0, 0, 0, 0.353041064, -0.0872635254, -0.147970068, -0.122619687, 0.357599551, -0.925725398, 0.337768555, -0.861938477, -0.377807617, -0.933089945, -0.358996468, -0.0151827871, 0, 1, 3, 1, 
165.782339, 16, 0.1, 0.1, 0.00800697327, 0.369531343, -0.0349667143, 0.94711465, 5.17329273e-006, 0.320895372, 0.320895372, 7.2671037e-006, -0.94711465, -7.23168129e-006, 1, 5.22269468e-006, 0.947114718, 5.33433269e-006, 0.320895171, 0.320895171, -2.74929983e-006, -0.947114718, -4.16998796e-006, 1, -4.31566393e-006, 0, 0, 0, 0, 0, 0, 0, 0.305133618, -0.114671094, -0.182292334, -0.187834154, 0.771349464, -0.607988197, -0.91003418, 0.0960693359, 0.403076172, 0.369257051, 0.629022024, 0.68409911, 0, 0, -0, 0, 0, 0, 0, 0.353041064, -0.0872635254, -0.147970068, -0.122619687, 0.357599551, -0.925725398, 0.337768555, -0.861938477, -0.377807617, -0.933089945, -0.358996468, -0.0151827871, 0, 1, 3, 1, 
165.783044, 16, 0.1, 0.1, 0.00800697387, 0.369531343, -0.0349724622, 0.947114321, 4.00222926e-006, 0.320896342, 0.320896342, -1.99817502e-006, -0.947114321, -3.14936159e-006, 1, -3.17680091e-006, 0.947114387, -2.08179188e-006, 0.320896148, 0.320896148, -6.56997689e-006, -0.947114387, 4.07997532e-006, 1, -5.55448064e-006, 0, 0, 0, 0, 0, 0, 0, 0.305106519, -0.115841016, -0.181693652, -0.187834154, 0.771349464, -0.607988197, -0.91003418, 0.0960693359, 0.403076172, 0.369257051, 0.629022024, 0.68409911, 0, 0, -0, 0, 0, 0, 0, 0.353041064, -0.0872635254, -0.147970068, -0.122619687, 0.357599551, -0.925725398, 0.337768555, -0.861938477, -0.377807617, -0.933089945, -0.358996468, -0.0151827871, 0, 1, 3, 1, 
165.783737, 16, 0.1, 0.1, 0.00800697433, 0.369531342, -0.0349768569, 0.94711399, -1.72949486e-006, 0.32089732, 0.32089732, -5.71159664e-006, -0.94711399, 3.47086483e-006, 1, -4.85454281e-006, 0.947114056, -4.4152508e-006, 0.320897125, 0.320897125, -4.32764786e-006, -0.947114056, 5.57047585e-006, 1, -2.68193483e-006, 0, 0, 0, 0, 0, 0, 0, 0.305106519, -0.115841016, -0.181693652, -0.187834154, 0.771349464, -0.607988197, -0.91003418, 0.0960693359, 0.403076172, 0.369257051, 0.629022024, 0.68409911, 0, 0, -0, 0, 0, 0, 0, 0.353041064, -0.0872635254, -0.147970068, -0.122619687, 0.357599551, -0.925725398, 0.337768555, -0.861938477, -0.377807617, -0.933089945, -0.358996468, -0.0151827871, 0, 1, 3, 1, 
165.784429, 16, 0.1, 0.1, 0.00800697441, 0.369531342, -0.034978882, 0.94711366, -3.70239555e-006, 0.320898293, 0.320898293, -4.62760449e-006, -0.94711366, 4.99157979e-006, 1, -3.19477501e-006, 0.947113726, -3.9410802e-006, 0.320898099, 0.320898099, 1.29856359e-006, -0.947113726, 3.31594456e-006, 1, 2.49457254e-006, 0, 0, 0, 0, 0, 0, 0, 0.305106519, -0.115841016, -0.181693652, -0.187834154, 0.771349464, -0.607988197, -0.91003418, 0.0960693359, 0.403076172, 0.369257051, 0.629022024, 0.68409911, 0, 0, -0, 0, 0, 0, 0, 0.353041064, -0.0872635254, -0.147970068, -0.122619687, 0.357599551, -0.925725398, 0.337768555, -0.861938477, -0.377807617, -0.933089945, -0.358996468, -0.0151827871, 0, 1, 3, 1, 
165.785153, 16, 0.1, 0.1, 0.00800697415, 0.369531341, -0.0349778279, 0.947113318, -3.96313196e-006, 0.320899303, 0.320899303, 1.23570892e-006, -0.947113318, 3.35699693e-006, 1, 2.44212266e-006, 0.947113383, 1.00128878e-006, 0.320899112, 0.320899112, 5.45239498e-006, -0.947113383, -2.69800271e-006, 1, 4.84272357e-006, 0, 0, 0, 0, 0, 0, 0, 0.305067944, -0.116812842, -0.181123413, -0.188551567, 0.769687729, -0.609842013, -0.91015625, 0.0960693359, 0.402832031, 0.368629126, 0.631015504, 0.682538846, 0, 0, -0, 0, 0, 0, 0, 0.353499902, -0.0882294922, -0.147424365, -0.119060762, 0.356494177, -0.926633178, 0.339233398, -0.862426758, -0.375488281, -0.933084115, -0.358989905, -0.0182240237, 0, 1, 3, 1, 
165.785847, 16, 0.1, 0.1, 0.00800697381, 0.369531341, -0.0349743858, 0.94711299, 1.11106042e-006, 0.320900271, 0.320900271, 6.09134438e-006, -0.94711299, -3.00701382e-006, 1, 5.4126518e-006, 0.947113055, 4.38150184e-006, 0.320900079, 0.320900079, 5.12991924e-006, -0.947113055, -5.79596908e-006, 1, 3.4525892e-006, 0, 0, 0, 0, 0, 0, 0, 0.305067944, -0.116812842, -0.181123413, -0.188551567, 0.769687729, -0.609842013, -0.91015625, 0.0960693359, 0.402832031, 0.368629126, 0.631015504, 0.682538846, 0, 0, -0, 0, 0, 0, 0, 0.353499902, -0.0882294922, -0.147424365, -0.119060762, 0.356494177, -0.926633178, 0.339233398, -0.862426758, -0.375488281, -0.933084115, -0.358989905, -0.0182240237, 0, 1, 3, 1, 
165.786543, 16, 0.1, 0.1, 0.00800697389, 0.369531342, -0.0349697551, 0.947112653, 5.11049669e-006, 0.320901265, 0.320901265, 6.05389116e-006, -0.947112653, -6.78291741e-006, 1, 4.09375207e-006, 0.947112722, 5.59903722e-006, 0.320901062, 0.320901063, -2.56169618e-006, -0.947112722, -4.48086836e-006, 1, -4.22295203e-006, 0, 0, 0, 0, 0, 0, 0, 0.305067944, -0.116812842, -0.181123413, -0.188551567, 0.769687729, -0.609842013, -0.91015625, 0.0960693359, 0.402832031, 0.368629126, 0.631015504, 0.682538846, 0, 0, -0, 0, 0, 0, 0, 0.353499902, -0.0882294922, -0.147424365, -0.119060762, 0.356494177, -0.926633178, 0.339233398, -0.862426758, -0.375488281, -0.933084115, -0.358989905, -0.0182240237, 0, 1, 3, 1, 
165.787236, 16, 0.1, 0.1, 0.00800697437, 0.369531342, -0.0349654181, 0.947112305, 6.28189397e-006, 0.320902294, 0.320902294, -2.94193714e-006, -0.947112305, -5.0055847e-006, 1, -4.80221905e-006, 0.947112375, -1.46882303e-006, 0.320902088, 0.320902088, -9.40490988e-006, -0.947112375, 4.40919568e-006, 1, -8.43615815e-006, 0, 0, 0, 0, 0, 0, 0, 0.305067944, -0.116812842, -0.181123413, -0.188551567, 0.769687729, -0.609842013, -0.91015625, 0.0960693359, 0.402832031, 0.368629126, 0.631015504, 0.682538846, 0, 0, -0, 0, 0, 0, 0, 0.353499902, -0.0882294922, -0.147424365, -0.119060762, 0.356494177, -0.926633178, 0.339233398, -0.862426758, -0.375488281, -0.933084115, -0.358989905, -0.0182240237, 0, 1, 3, 1, 
165.787929, 16, 0.1, 0.1, 0.00800697496, 0.369531342, -0.0349626634, 0.947111936, -1.63027658e-006, 0.320903383, 0.320903383, -9.88821317e-006, -0.947111936, 4.71721546e-006, 1, -8.84208345e-006, 0.947112012, -6.37045548e-006, 0.320903157, 0.320903157, -8.21122983e-006, -0.947112012, 8.66854448e-006, 1, -5.73265513e-006, 0, 0, 0, 0, 0, 0, 0, 0.305067944, -0.116812842, -0.181123413, -0.188551567, 0.769687729, -0.609842013, -0.91015625, 0.0960693359, 0.402832031, 0.368629126, 0.631015504, 0.682538846, 0, 0, -0, 0, 0, 0, 0, 0.353499902, -0.0882294922, -0.147424365, -0.119060762, 0.356494177, -0.926633178, 0.339233398, -0.862426758, -0.375488281, -0.933084115, -0.358989905, -0.0182240237, 0, 1, 3, 1, 
165.788624, 16, 0.1, 0.1, 0.00800697484, 0.369531341, -0.0349621263, 0.947111546, -6.32559025e-006, 0.320904535, 0.320904535, -7.89855652e-006, -0.947111546, 8.52572216e-006, 1, -5.45090348e-006, 0.947111626, -6.6803248e-006, 0.320904298, 0.320904298, 2.72777268e-006, -0.947111626, 5.45165931e-006, 1, 4.72725016e-006, 0, 0, 0, 0, 0, 0, 0, 0.305067944, -0.116812842, -0.181123413, -0.188551567, 0.769687729, -0.609842013, -0.91015625, 0.0960693359, 0.402832031, 0.368629126, 0.631015504, 0.682538846, 0, 0, -0, 0, 0, 0, 0, 0.353499902, -0.0882294922, -0.147424365, -0.119060762, 0.356494177, -0.926633178, 0.339233398, -0.862426758, -0.375488281, -0.933084115, -0.358989905, -0.0182240237, 0, 1, 3, 1, 
165.789316, 16, 0.1, 0.1, 0.00800697438, 0.369531341, -0.0349638174, 0.947111139, -5.95123043e-006, 0.320905734, 0.320905734, 2.92038918e-006, -0.947111139, 4.699307e-006, 1, 4.67571709e-006, 0.94711122, 2.09178091e-006, 0.320905494, 0.320905494, 9.26732265e-006, -0.94711122, -4.95508392e-006, 1, 8.10592128e-006, 0, 0, 0, 0, 0, 0, 0, 0.305067944, -0.116812842, -0.181123413, -0.188551567, 0.769687729, -0.609842013, -0.91015625, 0.0960693359, 0.402832031, 0.368629126, 0.631015504, 0.682538846, 0, 0, -0, 0, 0, 0, 0, 0.353499902, -0.0882294922, -0.147424365, -0.119060762, 0.356494177, -0.926633178, 0.339233398, -0.862426758, -0.375488281, -0.933084115, -0.358989905, -0.0182240237, 0, 1, 3, 1, 
165.790034, 16, 0.1, 0.1, 0.00800697388, 0.369531341, -0.0349671371, 0.947110702, 2.01725051e-006, 0.320907024, 0.320907024, 8.89285551e-006, -0.947110702, -4.76433934e-006, 1, 7.77516877e-006, 0.947110795, 6.36646494e-006, 0.320906749, 0.320906749, 7.01714849e-006, -0.947110795, -8.28159799e-006, 1, 4.60297552e-006, 0, 0, 0, 0, 0, 0, 0, 0.305196338, -0.117519312, -0.180481396, -0.190373183, 0.768895054, -0.610337387, -0.91003418, 0.0948486328, 0.403442383, 0.368052498, 0.632253378, 0.681752163, 0, 0, -0, 0, 0, 0, 0, 0.353499902, -0.0882294922, -0.147424365, -0.117035214, 0.35625757, -0.92697223, 0.341430664, -0.862060547, -0.374389648, -0.932502993, -0.360242201, -0.0208372564, 0, 1, 3, 1, 
165.790729, 16, 0.1, 0.1, 0.00800697414, 0.369531341, -0.0349706751, 0.947110274, 4.6074212e-006, 0.320908287, 0.320908287, 5.62066382e-006, -0.947110274, -6.16745355e-006, 1, 3.84482881e-006, 0.947110359, 4.87570431e-006, 0.320908036, 0.320908036, -2.38452077e-006, -0.947110359, -3.85261818e-006, 1, -3.82305702e-006, 0, 0, 0, 0, 0, 0, 0, 0.305196338, -0.117519312, -0.180481396, -0.190373183, 0.768895054, -0.610337387, -0.91003418, 0.0948486328, 0.403442383, 0.368052498, 0.632253378, 0.681752163, 0, 0, -0, 0, 0, 0, 0, 0.353869385, -0.0889412109, -0.147055273, -0.117035214, 0.35625757, -0.92697223, 0.341430664, -0.862060547, -0.374389648, -0.932502993, -0.360242201, -0.0208372564, 0, 1, 3, 1, 
165.791421, 16, 0.1, 0.1, 0.00800697472, 0.369531341, -0.0349736831, 0.94710985, 3.73996373e-006, 0.320909539, 0.320909539, -2.55799609e-006, -0.94710985, -2.72127114e-006, 1, -3.62289333e-006, 0.947109933, -1.99501715e-006, 0.320909295, 0.320909295, -7.06635252e-006, -0.947109933, 4.15715876e-006, 1, -6.05239311e-006, 0, 0, 0, 0, 0, 0, 0, 0.305196338, -0.117519312, -0.180481396, -0.190373183, 0.768895054, -0.610337387, -0.91003418, 0.0948486328, 0.403442383, 0.368052498, 0.632253378, 0.681752163, 0, 0, -0, 0, 0, 0, 0, 0.353869385, -0.0889412109, -0.147055273, -0.117035214, 0.35625757, -0.92697223, 0.341430664, -0.862060547, -0.374389648, -0.932502993, -0.360242201, -0.0208372564, 0, 1, 3, 1, 
165.792135, 16, 0.1, 0.1, 0.00800697531, 0.369531341, -0.0349752812, 0.947109417, -1.63477629e-006, 0.320910816, 0.320910816, -7.15412892e-006, -0.947109417, 3.84414936e-006, 1, -6.25112548e-006, 0.947109501, -4.72111561e-006, 0.320910569, 0.320910569, -6.06194571e-006, -0.947109501, 6.4167559e-006, 1, -4.22627048e-006, 0, 0, 0, 0, 0, 0, 0, 0.305196338, -0.117519312, -0.180481396, -0.190373183, 0.768895054, -0.610337387, -0.91003418, 0.0948486328, 0.403442383, 0.368052498, 0.632253378, 0.681752163, 0, 0, -0, 0, 0, 0, 0, 0.353869385, -0.0889412109, -0.147055273, -0.117035214, 0.35625757, -0.92697223, 0.341430664, -0.862060547, -0.374389648, -0.932502993, -0.360242201, -0.0208372564, 0, 1, 3, 1, 
165.792855, 16, 0.1, 0.1, 0.0080069754, 0.369531341, -0.0349748038, 0.947108988, -4.23201298e-006, 0.320912082, 0.320912082, -5.97310494e-006, -0.947108988, 5.92501907e-006, 1, -4.29907728e-006, 0.947109079, -4.72549622e-006, 0.320911813, 0.320911813, 1.60649797e-006, -0.947109079, 3.9600162e-006, 1, 3.03799637e-006, 0, 0, 0, 0, 0, 0, 0, 0.305476196, -0.117784058, -0.180264868, -0.193553241, 0.768000907, -0.610432867, -0.909912109, 0.0920410156, 0.404296875, 0.366702291, 0.633630917, 0.681149325, 0, 0, -0, 0, 0, 0, 0, 0.353869385, -0.0889412109, -0.147055273, -0.115667713, 0.35603992, -0.92722816, 0.344726563, -0.860961914, -0.373657227, -0.931500064, -0.362842673, -0.0230735244, 0, 1, 3, 1, 
165.79355, 16, 0.1, 0.1, 0.00800697501, 0.36953134, -0.0349726748, 0.947108579, -4.41745633e-006, 0.32091329, 0.32091329, 2.20970305e-006, -0.947108579, 3.47468771e-006, 1, 3.51044916e-006, 0.947108659, 1.62672938e-006, 0.320913052, 0.320913052, 7.11305668e-006, -0.947108659, -3.82336222e-006, 1, 6.21479888e-006, 0, 0, 0, 0, 0, 0, 0, 0.305476196, -0.117784058, -0.180264868, -0.193553241, 0.768000907, -0.610432867, -0.909912109, 0.0920410156, 0.404296875, 0.366702291, 0.633630917, 0.681149325, 0, 0, -0, 0, 0, 0, 0, 0.354427441, -0.0892335449, -0.146672754, -0.115667713, 0.35603992, -0.92722816, 0.344726563, -0.860961914, -0.373657227, -0.931500064, -0.362842673, -0.0230735244, 0, 1, 3, 1, 
165.794244, 16, 0.1, 0.1, 0.00800697443, 0.36953134, -0.034969821, 0.94710817, 1.87939396e-006, 0.320914497, 0.320914497, 8.20610587e-006, -0.94710817, -4.41344771e-006, 1, 7.16894514e-006, 0.947108252, 5.71809565e-006, 0.320914256, 0.320914256, 6.87562128e-006, -0.947108252, -7.62214046e-006, 1, 4.67693924e-006, 0, 0, 0, 0, 0, 0, 0, 0.305476196, -0.117784058, -0.180264868, -0.193553241, 0.768000907, -0.610432867, -0.909912109, 0.0920410156, 0.404296875, 0.366702291, 0.633630917, 0.681149325, 0, 0, -0, 0, 0, 0, 0, 0.354427441, -0.0892335449, -0.146672754, -0.115667713, 0.35603992, -0.92722816, 0.344726563, -0.860961914, -0.373657227, -0.931500064, -0.362842673, -0.0230735244, 0, 1, 3, 1, 
165.79494, 16, 0.1, 0.1, 0.00800697437, 0.36953134, -0.0349671101, 0.947107756, 5.97693839e-006, 0.32091572, 0.32091572, 7.69732452e-006, -0.947107756, -8.13099714e-006, 1, 5.37210227e-006, 0.94710784, 6.44861094e-006, 0.32091547, 0.32091547, -1.71036504e-006, -0.94710784, -5.55864738e-006, 1, -3.68935916e-006, 0, 0, 0, 0, 0, 0, 0, 0.305476196, -0.117784058, -0.180264868, -0.193553241, 0.768000907, -0.610432867, -0.909912109, 0.0920410156, 0.404296875, 0.366702291, 0.633630917, 0.681149325, 0, 0, -0, 0, 0, 0, 0, 0.354427441, -0.0892335449, -0.146672754, -0.115667713, 0.35603992, -0.92722816, 0.344726563, -0.860961914, -0.373657227, -0.931500064, -0.362842673, -0.0230735244, 0, 1, 3, 1, 
165.795632, 16, 0.1, 0.1, 0.00800697478, 0.36953134, -0.0349653338, 0.947107336, 6.15675291e-006, 0.320916958, 0.320916958, -2.28581013e-006, -0.947107336, -5.09755061e-006, 1, -4.14071396e-006, 0.94710742, -1.54749304e-006, 0.32091671, 0.320916709, -8.48953347e-006, -0.94710742, 4.19007529e-006, 1, -7.54388377e-006, 0, 0, 0, 0, 0, 0, 0, 0.305476196, -0.117784058, -0.180264868, -0.193553241, 0.768000907, -0.610432867, -0.909912109, 0.0920410156, 0.404296875, 0.366702291, 0.633630917, 0.681149325, 0, 0, -0, 0, 0, 0, 0, 0.354427441, -0.0892335449, -0.146672754, -0.115667713, 0.35603992, -0.92722816, 0.344726563, -0.860961914, -0.373657227, -0.931500064, -0.362842673, -0.0230735244, 0, 1, 3, 1, 
165.796323, 16, 0.1, 0.1, 0.00800697541, 0.36953134, -0.0349649615, 0.947106906, -2.34920513e-006, 0.320918226, 0.320918226, -9.28808999e-006, -0.947106906, 5.20566577e-006, 1, -8.04291143e-006, 0.947106991, -6.47263461e-006, 0.320917976, 0.320917976, -7.51564938e-006, -0.947106991, 8.54218448e-006, 1, -5.04093927e-006, 0, 0, 0, 0, 0, 0, 0, 0.305476196, -0.117784058, -0.180264868, -0.193553241, 0.768000907, -0.610432867, -0.909912109, 0.0920410156, 0.404296875, 0.366702291, 0.633630917, 0.681149325, 0, 0, -0, 0, 0, 0, 0, 0.354427441, -0.0892335449, -0.146672754, -0.115667713, 0.35603992, -0.92722816, 0.344726563, -0.860961914, -0.373657227, -0.931500064, -0.362842673, -0.0230735244, 0, 1, 3, 1, 
165.797018, 16, 0.1, 0.1, 0.00800697547, 0.369531339, -0.0349660191, 0.947106466, -6.15717572e-006, 0.320919526, 0.320919526, -7.09770092e-006, -0.947106466, 8.10929175e-006, 1, -4.74632053e-006, 0.947106554, -6.47170593e-006, 0.320919265, 0.320919265, 2.36172222e-006, -0.947106554, 5.37147294e-006, 1, 4.31369771e-006, 0, 0, 0, 0, 0, 0, 0, 0.305476196, -0.117784058, -0.180264868, -0.193553241, 0.768000907, -0.610432867, -0.909912109, 0.0920410156, 0.404296875, 0.366702291, 0.633630917, 0.681149325, 0, 0, -0, 0, 0, 0, 0, 0.354427441, -0.0892335449, -0.146672754, -0.115667713, 0.35603992, -0.92722816, 0.344726563, -0.860961914, -0.373657227, -0.931500064, -0.362842673, -0.0230735244, 0, 1, 3, 1, 
165.797708, 16, 0.1, 0.1, 0.00800697519, 0.369531339, -0.0349680918, 0.947106023, -5.39464026e-006, 0.320920832, 0.320920832, 2.80758725e-006, -0.947106023, 4.20828305e-006, 1, 4.39033523e-006, 0.947106111, 1.55334743e-006, 0.320920574, 0.320920574, 8.27064322e-006, -0.947106111, -4.12540441e-006, 1, 7.33467559e-006, 0, 0, 0, 0, 0, 0, 0, 0.305476196, -0.117784058, -0.180264868, -0.19751287, 0.768381705, -0.608643452, -0.908691406, 0.0892333984, 0.407592773, 0.367453027, 0.633694196, 0.680742318, 0, 0, -0, 0, 0, 0, 0, 0.354427441, -0.0892335449, -0.146672754, -0.115667713, 0.35603992, -0.92722816, 0.344726563, -0.860961914, -0.373657227, -0.931500064, -0.362842673, -0.0230735244, 0, 1, 3, 1, 
165.79844, 16, 0.1, 0.1, 0.00800697469, 0.369531339, -0.0349702277, 0.947105549, 2.35036717e-006, 0.320922231, 0.320922231, 7.01864874e-006, -0.947105549, -4.4784862e-006, 1, 5.8931161e-006, 0.947105639, 5.97937193e-006, 0.320921967, 0.320921967, 5.51648303e-006, -0.947105639, -7.43345746e-006, 1, 3.30578038e-006, 0, 0, 0, 0, 0, 0, 0, 0.305276123, -0.117987646, -0.1803979, -0.19751287, 0.768381705, -0.608643452, -0.908691406, 0.0892333984, 0.407592773, 0.367453027, 0.633694196, 0.680742318, 0, 0, -0, 0, 0, 0, 0, 0.354146582, -0.089254541, -0.147097754, -0.116887926, 0.35656344, -0.926838435, 0.347167969, -0.859619141, -0.374511719, -0.930400886, -0.365487989, -0.0232780482, 0, 1, 3, 1, 
165.799134, 16, 0.1, 0.1, 0.00800697467, 0.36953134, -0.0349718809, 0.947105104, 5.14577882e-006, 0.320923545, 0.320923545, 5.31783428e-006, -0.947105104, -6.58021162e-006, 1, 3.38514641e-006, 0.947105192, 5.46750801e-006, 0.320923284, 0.320923284, -2.53283709e-006, -0.947105192, -4.36545883e-006, 1, -4.15351379e-006, 0, 0, 0, 0, 0, 0, 0, 0.305276123, -0.117987646, -0.1803979, -0.19751287, 0.768381705, -0.608643452, -0.908691406, 0.0892333984, 0.407592773, 0.367453027, 0.633694196, 0.680742318, 0, 0, -0, 0, 0, 0, 0, 0.354146582, -0.089254541, -0.147097754, -0.116887926, 0.35656344, -0.926838435, 0.347167969, -0.859619141, -0.374511719, -0.930400886, -0.365487989, -0.0232780482, 0, 1, 3, 1, 
165.799825, 16, 0.1, 0.1, 0.00800697496, 0.36953134, -0.0349728031, 0.947104666, 4.79443045e-006, 0.320924838, 0.320924838, -2.08293814e-006, -0.947104666, -3.87236087e-006, 1, -3.51141224e-006, 0.947104752, -1.12816326e-006, 0.320924585, 0.320924585, -6.96402687e-006, -0.947104752, 3.30341622e-006, 1, -6.23360761e-006, 0, 0, 0, 0, 0, 0, 0, 0.305276123, -0.117987646, -0.1803979, -0.19751287, 0.768381705, -0.608643452, -0.908691406, 0.0892333984, 0.407592773, 0.367453027, 0.633694196, 0.680742318, 0, 0, -0, 0, 0, 0, 0, 0.354146582, -0.089254541, -0.147097754, -0.116887926, 0.35656344, -0.926838435, 0.347167969, -0.859619141, -0.374511719, -0.930400886, -0.365487989, -0.0232780482, 0, 1, 3, 1, 
165.800519, 16, 0.1, 0.1, 0.00800697541, 0.36953134, -0.0349727656, 0.94710423, -1.50697499e-006, 0.320926124, 0.320926124, -6.53961172e-006, -0.94710423, 3.52599462e-006, 1, -5.71006628e-006, 0.947104317, -4.84183913e-006, 0.320925867, 0.320925867, -5.29174663e-006, -0.947104317, 6.28398512e-006, 1, -3.45796466e-006, 0, 0, 0, 0, 0, 0, 0, 0.305276123, -0.117987646, -0.1803979, -0.19751287, 0.768381705, -0.608643452, -0.908691406, 0.0892333984, 0.407592773, 0.367453027, 0.633694196, 0.680742318, 0, 0, -0, 0, 0, 0, 0, 0.354146582, -0.089254541, -0.147097754, -0.116887926, 0.35656344, -0.926838435, 0.347167969, -0.859619141, -0.374511719, -0.930400886, -0.365487989, -0.0232780482, 0, 1, 3, 1, 
165.801211, 16, 0.1, 0.1, 0.00800697551, 0.369531339, -0.0349718625, 0.947103803, -5.13401325e-006, 0.320927385, 0.320927385, -5.54206448e-006, -0.947103803, 6.64104373e-006, 1, -3.6012649e-006, 0.947103888, -5.44579512e-006, 0.320927134, 0.320927134, 2.30839883e-006, -0.947103888, 4.41690591e-006, 1, 3.93399693e-006, 0, 0, 0, 0, 0, 0, 0, 0.305276123, -0.117987646, -0.1803979, -0.19751287, 0.768381705, -0.608643452, -0.908691406, 0.0892333984, 0.407592773, 0.367453027, 0.633694196, 0.680742318, 0, 0, -0, 0, 0, 0, 0, 0.354146582, -0.089254541, -0.147097754, -0.116887926, 0.35656344, -0.926838435, 0.347167969, -0.859619141, -0.374511719, -0.930400886, -0.365487989, -0.0232780482, 0, 1, 3, 1, 
165.801903, 16, 0.1, 0.1, 0.00800697538, 0.369531338, -0.0349704205, 0.947103378, -5.78414345e-006, 0.320928639, 0.320928639, 2.29811446e-006, -0.947103378, 4.74065105e-006, 1, 4.03284925e-006, 0.947103462, 8.70545937e-007, 0.32092839, 0.32092839, 7.78142139e-006, -0.947103462, -3.32177611e-006, 1, 7.09042823e-006, 0, 0, 0, 0, 0, 0, 0, 0.305276123, -0.117987646, -0.1803979, -0.19751287, 0.768381705, -0.608643452, -0.908691406, 0.0892333984, 0.407592773, 0.367453027, 0.633694196, 0.680742318, 0, 0, -0, 0, 0, 0, 0, 0.354146582, -0.089254541, -0.147097754, -0.116887926, 0.35656344, -0.926838435, 0.347167969, -0.859619141, -0.374511719, -0.930400886, -0.365487989, -0.0232780482, 0, 1, 3, 1, 
165.802591, 16, 0.1, 0.1, 0.00800697517, 0.369531338, -0.0349689172, 0.947102953, 1.08479694e-006, 0.320929892, 0.320929892, 8.03186472e-006, -0.947102953, -3.60507986e-006, 1, 7.25885904e-006, 0.947103037, 4.86154826e-006, 0.320929644, 0.320929644, 6.66289416e-006, -0.947103037, -6.74270737e-006, 1, 4.75023234e-006, 0, 0, 0, 0, 0, 0, 0, 0.305276123, -0.117987646, -0.1803979, -0.19751287, 0.768381705, -0.608643452, -0.908691406, 0.0892333984, 0.407592773, 0.367453027, 0.633694196, 0.680742318, 0, 0, -0, 0, 0, 0, 0, 0.354146582, -0.089254541, -0.147097754, -0.116887926, 0.35656344, -0.926838435, 0.347167969, -0.859619141, -0.374511719, -0.930400886, -0.365487989, -0.0232780482, 0, 1, 3, 1, 
165.803313, 16, 0.1, 0.1, 0.0080069756, 0.369531339, -0.0349674077, 0.947102505, 5.23924653e-006, 0.320931216, 0.320931216, 6.29662248e-006, -0.947102505, -6.98288622e-006, 1, 4.28210916e-006, 0.947102591, 5.46609142e-006, 0.320930962, 0.320930962, -2.95842665e-006, -0.947102591, -4.22749863e-006, 1, -4.55617152e-006, 0, 0, 0, 0, 0, 0, 0, 0.305088867, -0.118192578, -0.180762964, -0.201256452, 0.768743408, -0.607012796, -0.907348633, 0.0870361328, 0.411010742, 0.368787503, 0.633636908, 0.680113272, 0, 0, -0, 0, 0, 0, 0, 0.354110449, -0.0892853027, -0.147539355, -0.117718414, 0.356793116, -0.926691514, 0.349121094, -0.858642578, -0.375, -0.929506232, -0.367673218, -0.0235080915, 0, 1, 3, 1, 
165.804005, 16, 0.1, 0.1, 0.00800697596, 0.369531339, -0.0349666956, 0.94710207, 6.42468819e-006, 0.3209325, 0.3209325, -2.12032372e-006, -0.94710207, -5.40435469e-006, 1, -4.07005422e-006, 0.947102157, -1.20165902e-006, 0.320932243, 0.320932242, -8.39438079e-006, -0.947102157, 3.8321213e-006, 1, -7.56468503e-006, 0, 0, 0, 0, 0, 0, 0, 0.305088867, -0.118192578, -0.180762964, -0.201256452, 0.768743408, -0.607012796, -0.907348633, 0.0870361328, 0.411010742, 0.368787503, 0.633636908, 0.680113272, 0, 0, -0, 0, 0, 0, 0, 0.354110449, -0.0892853027, -0.147539355, -0.117718414, 0.356793116, -0.926691514, 0.349121094, -0.858642578, -0.375, -0.929506232, -0.367673218, -0.0235080915, 0, 1, 3, 1, 
165.804699, 16, 0.1, 0.1, 0.00800697618, 0.369531339, -0.0349668924, 0.947101628, -9.1720304e-007, 0.320933805, 0.320933805, -7.4812362e-006, -0.947101627, 3.26966609e-006, 1, -6.79112952e-006, 0.947101715, -4.90759208e-006, 0.320933546, 0.320933546, -5.87798597e-006, -0.947101715, 6.53443175e-006, 1, -3.99203967e-006, 0, 0, 0, 0, 0, 0, 0, 0.305088867, -0.118192578, -0.180762964, -0.201256452, 0.768743408, -0.607012796, -0.907348633, 0.0870361328, 0.411010742, 0.368787503, 0.633636908, 0.680113272, 0, 0, -0, 0, 0, 0, 0, 0.354110449, -0.0892853027, -0.147539355, -0.117718414, 0.356793116, -0.926691514, 0.349121094, -0.858642578, -0.375, -0.929506232, -0.367673218, -0.0235080915, 0, 1, 3, 1, 
165.805403, 16, 0.1, 0.1, 0.00800697599, 0.369531338, -0.034967877, 0.947101174, -5.42424148e-006, 0.320935143, 0.320935143, -6.29571803e-006, -0.947101174, 7.15782264e-006, 1, -4.22185223e-006, 0.947101264, -5.69446683e-006, 0.320934879, 0.320934879, 2.72403718e-006, -0.947101264, 4.51899819e-006, 1, 4.40749208e-006, 0, 0, 0, 0, 0, 0, 0, 0.304776025, -0.118396777, -0.180923828, -0.203070954, 0.769149293, -0.605788026, -0.906494141, 0.0859375, 0.413085938, 0.369816444, 0.633078254, 0.680042879, 0, 0, -0, 0, 0, 0, 0, 0.354110449, -0.0892853027, -0.147539355, -0.117718414, 0.356793116, -0.926691514, 0.349121094, -0.858642578, -0.375, -0.929506232, -0.367673218, -0.0235080915, 0, 1, 3, 1, 
165.806109, 16, 0.1, 0.1, 0.00800697558, 0.369531337, -0.0349690764, 0.947100719, -5.14598014e-006, 0.320936487, 0.320936487, 2.13868736e-006, -0.947100719, 4.18737868e-006, 1, 3.67708512e-006, 0.947100806, 1.70289816e-006, 0.32093623, 0.32093623, 7.65066307e-006, -0.947100806, -4.06819118e-006, 1, 6.69942744e-006, 0, 0, 0, 0, 0, 0, 0, 0.304776025, -0.118396777, -0.180923828, -0.203070954, 0.769149293, -0.605788026, -0.906494141, 0.0859375, 0.413085938, 0.369816444, 0.633078254, 0.680042879, 0, 0, -0, 0, 0, 0, 0, 0.353907227, -0.0894855957, -0.147543018, -0.117501131, 0.357355282, -0.926480794, 0.350097656, -0.858154297, -0.375366211, -0.929237909, -0.368350588, -0.0243451429, 0, 1, 3, 1, 
165.806797, 16, 0.1, 0.1, 0.00800697525, 0.369531337, -0.0349703939, 0.947100274, 1.61316419e-006, 0.3209378, 0.3209378, 7.03884201e-006, -0.947100274, -3.78685871e-006, 1, 6.14876383e-006, 0.947100361, 5.09635615e-006, 0.320937544, 0.320937544, 5.53126748e-006, -0.947100361, -6.60195215e-006, 1, 3.6030534e-006, 0, 0, 0, 0, 0, 0, 0, 0.304776025, -0.118396777, -0.180923828, -0.203070954, 0.769149293, -0.605788026, -0.906494141, 0.0859375, 0.413085938, 0.369816444, 0.633078254, 0.680042879, 0, 0, -0, 0, 0, 0, 0, 0.353907227, -0.0894855957, -0.147543018, -0.117501131, 0.357355282, -0.926480794, 0.350097656, -0.858154297, -0.375366211, -0.929237909, -0.368350588, -0.0243451429, 0, 1, 3, 1, 
165.80749, 16, 0.1, 0.1, 0.00800697541, 0.369531338, -0.0349714663, 0.947099829, 4.84775171e-006, 0.320939112, 0.320939112, 5.6591085e-006, -0.947099829, -6.40753408e-006, 1, 3.80390757e-006, 0.947099917, 5.10156493e-006, 0.320938854, 0.320938854, -2.32103501e-006, -0.947099917, -4.0867814e-006, 1, -3.83554247e-006, 0, 0, 0, 0, 0, 0, 0, 0.304776025, -0.118396777, -0.180923828, -0.203070954, 0.769149293, -0.605788026, -0.906494141, 0.0859375, 0.413085938, 0.369816444, 0.633078254, 0.680042879, 0, 0, -0, 0, 0, 0, 0, 0.353907227, -0.0894855957, -0.147543018, -0.117501131, 0.357355282, -0.926480794, 0.350097656, -0.858154297, -0.375366211, -0.929237909, -0.368350588, -0.0243451429, 0, 1, 3, 1, 
165.808229, 16, 0.1, 0.1, 0.0080069758, 0.369531339, -0.0349716045, 0.947099358, 5.37109204e-006, 0.320940503, 0.320940503, -3.85871275e-006, -0.947099358, -3.84854062e-006, 1, -5.37838534e-006, 0.947099445, -1.00726672e-006, 0.320940245, 0.320940245, -9.26504825e-006, -0.947099445, 3.92750861e-006, 1, -8.45164963e-006, 0, 0, 0, 0, 0, 0, 0, 0.304776025, -0.118396777, -0.180923828, -0.203070954, 0.769149293, -0.605788026, -0.906494141, 0.0859375, 0.413085938, 0.369816444, 0.633078254, 0.680042879, 0, 0, -0, 0, 0, 0, 0, 0.353907227, -0.0894855957, -0.147543018, -0.117501131, 0.357355282, -0.926480794, 0.350097656, -0.858154297, -0.375366211, -0.929237909, -0.368350588, -0.0243451429, 0, 1, 3, 1, 
165.808924, 16, 0.1, 0.1, 0.00800697604, 0.369531339, -0.0349709565, 0.947098916, -6.89902063e-007, 0.320941806, 0.320941806, -7.28998933e-006, -0.947098916, 2.99306784e-006, 1, -6.68292258e-006, 0.947099004, -4.34608464e-006, 0.320941547, 0.320941547, -6.31134524e-006, -0.947099004, 6.14174534e-006, 1, -4.58262966e-006, 0, 0, 0, 0, 0, 0, 0, 0.304776025, -0.118396777, -0.180923828, -0.203070954, 0.769149293, -0.605788026, -0.906494141, 0.0859375, 0.413085938, 0.369816444, 0.633078254, 0.680042879, 0, 0, -0, 0, 0, 0, 0, 0.353907227, -0.0894855957, -0.147543018, -0.117501131, 0.357355282, -0.926480794, 0.350097656, -0.858154297, -0.375366211, -0.929237909, -0.368350588, -0.0243451429, 0, 1, 3, 1, 
165.809616, 16, 0.1, 0.1, 0.00800697572, 0.369531338, -0.034969991, 0.947098479, -4.26139006e-006, 0.320943098, 0.320943098, -4.87843435e-006, -0.947098479, 5.60165587e-006, 1, -3.25269402e-006, 0.947098567, -4.55112311e-006, 0.320942838, 0.320942838, 3.47817889e-006, -0.947098567, 3.19406557e-006, 1, 4.75482861e-006, 0, 0, 0, 0, 0, 0, 0, 0.304776025, -0.118396777, -0.180923828, -0.203070954, 0.769149293, -0.605788026, -0.906494141, 0.0859375, 0.413085938, 0.369816444, 0.633078254, 0.680042879, 0, 0, -0, 0, 0, 0, 0, 0.353907227, -0.0894855957, -0.147543018, -0.117501131, 0.357355282, -0.926480794, 0.350097656, -0.858154297, -0.375366211, -0.929237909, -0.368350588, -0.0243451429, 0, 1, 3, 1, 
165.810307, 16, 0.1, 0.1, 0.00800697521, 0.369531336, -0.0349690292, 0.947098043, -5.070902e-006, 0.320944382, 0.320944382, 3.87457762e-006, -0.947098043, 3.55911744e-006, 1, 5.29708239e-006, 0.947098129, 1.8706658e-006, 0.32094413, 0.32094413, 9.47628227e-006, -0.947098129, -4.81306124e-006, 1, 8.37459e-006, 0, 0, 0, 0, 0, 0, 0, 0.304776025, -0.118396777, -0.180923828, -0.203070954, 0.769149293, -0.605788026, -0.906494141, 0.0859375, 0.413085938, 0.369816444, 0.633078254, 0.680042879, 0, 0, -0, 0, 0, 0, 0, 0.353907227, -0.0894855957, -0.147543018, -0.117501131, 0.357355282, -0.926480794, 0.350097656, -0.858154297, -0.375366211, -0.929237909, -0.368350588, -0.0243451429, 0, 1, 3, 1, 
165.811027, 16, 0.1, 0.1, 0.00800697469, 0.369531336, -0.0349680665, 0.947097585, 1.76476305e-006, 0.320945734, 0.320945734, 8.73754878e-006, -0.947097585, -4.47568183e-006, 1, 7.70891818e-006, 0.947097674, 5.93163486e-006, 0.320945471, 0.320945471, 7.39804905e-006, -0.947097674, -7.99220792e-006, 1, 5.1029437e-006, 0, 0, 0, 0, 0, 0, 0, 0.304252148, -0.118816772, -0.180636865, -0.204644322, 0.769694843, -0.60454416, -0.905883789, 0.0850830078, 0.414794922, 0.370807193, 0.632621072, 0.680093054, 0, 0, -0, 0, 0, 0, 0, 0.353555469, -0.0897374023, -0.147366895, -0.116191233, 0.357201797, -0.926679121, 0.3515625, -0.857788086, -0.374755859, -0.928854748, -0.369225919, -0.0259616431, 0, 1, 3, 1, 
