time, trialNum, realDorsalTactorPos, realVentralTactorPos, boxPosX, boxPosY, boxPosZ, boxLocalRot_11, boxLocalRot_12, boxLocalRot_13, boxLocalRot_21, boxLocalRot_22, boxLocalRot_23, boxLocalRot_31, boxLocalRot_32, boxLocalRot_33, boxGlobalRot_11, boxGlobalRot_12, boxGlobalRot_13, boxGlobalRot_21, boxGlobalRot_22, boxGlobalRot_23, boxGlobalRot_31, boxGlobalRot_32, boxGlobalRot_33, indexForceX, indexForceY, indexForceZ, indexForceGlobalX, indexForceGlobalY, indexForceGlobalZ, indexContact, indexPosX, indexPosY, indexPosZ, indexRot_11, indexRot_12, indexRot_13, indexRot_21, indexRot_22, indexRot_23, indexRot_31, indexRot_32, indexRot_33, thumbForceX, thumbForceY, thumbForceZ, thumbForceGlobalX, thumbForceGlobalY, thumbForceGlobalZ, thumbContact, thumbPosX, thumbPosY, thumbPosZ, thumbRot_11, thumbRot_12, thumbRot_13, thumbRot_21, thumbRot_22, thumbRot_23, thumbRot_31, thumbRot_32, thumbRot_33, manipForceTooHigh, cceExpType, mapping, trialSuccess, 
262.421863, 27, 0.1, 0.1, 0.0248084156, 0.370253882, -0.0349822643, 0.975650565, 5.29601779e-006, 0.219330745, 0.219330745, 3.11156177e-005, -0.975650564, -1.19916743e-005, 1, 2.91963904e-005, 0.975650537, 3.76926477e-007, 0.219330866, 0.219330866, 3.46228691e-005, -0.975650537, -7.96161239e-006, 0.999999999, 3.36971492e-005, 0, 0, 0, 0, 0, 0, 0, 0.303679736, -0.119184863, -0.19325769, -0.304071961, 0.636396248, -0.708774609, -0.900024414, 0.0516357422, 0.432495117, 0.311905455, 0.769539138, 0.557313425, 0, 0, -0, 0, 0, 0, 0, 0.368555371, -0.0738885254, -0.147041895, 0.132155261, 0.471966054, -0.871495245, 0.455566406, -0.809814453, -0.369384766, -0.880167821, -0.348203492, -0.32210865, 0, 1, 5, 1, 
262.439518, 27, 0.1, 0.1, 0.0248088637, 0.370251924, -0.0349623112, 0.97564717, 3.5246193e-006, 0.219345843, 0.219345843, 1.43772157e-005, -0.97564717, -6.59236734e-006, 1, 1.32539792e-005, 0.975647236, 1.09293728e-005, 0.219345553, 0.219345553, 1.65151671e-005, -0.975647236, -1.42857408e-005, 1, 1.37156678e-005, 0, 0, 0, 0, 0, 0, 0, 0.304029395, -0.123779932, -0.191242749, -0.310379659, 0.638293126, -0.704369781, -0.897583008, 0.046875, 0.438110352, 0.312657313, 0.768249966, 0.55859324, 0, 0, -0, 0, 0, 0, 0, 0.368529346, -0.0789151367, -0.145202393, 0.127414769, 0.466808118, -0.874996202, 0.463012695, -0.808227539, -0.363647461, -0.877106529, -0.358687772, -0.319162563, 0, 1, 5, 1, 
262.440219, 27, 0.1, 0.1, 0.0248088805, 0.370251863, -0.0349635529, 0.975646835, 7.34978545e-006, 0.219347335, 0.219347335, -5.10101609e-006, -0.975646835, -6.05190063e-006, 1, -6.58894605e-006, 0.975646902, -3.74667742e-006, 0.219347039, 0.219347039, -1.51061182e-005, -0.975646901, 6.96891652e-006, 1, -1.39164148e-005, 0, 0, 0, 0, 0, 0, 0, 0.304029395, -0.123779932, -0.191242749, -0.310379659, 0.638293126, -0.704369781, -0.897583008, 0.046875, 0.438110352, 0.312657313, 0.768249966, 0.55859324, 0, 0, -0, 0, 0, 0, 0, 0.368529346, -0.0789151367, -0.145202393, 0.127414769, 0.466808118, -0.874996202, 0.463012695, -0.808227539, -0.363647461, -0.877106529, -0.358687772, -0.319162563, 0, 1, 5, 1, 
262.440918, 27, 0.1, 0.1, 0.0248088952, 0.370251796, -0.034966445, 0.975646489, -1.16567952e-005, 0.219348873, 0.219348873, -7.30978407e-006, -0.975646489, 1.29763042e-005, 1, -4.57486027e-006, 0.975646558, -8.6527511e-006, 0.219348565, 0.219348565, 5.64706747e-006, -0.975646558, 7.20335068e-006, 1, 7.40751048e-006, 0, 0, 0, 0, 0, 0, 0, 0.304029395, -0.123779932, -0.191242749, -0.310379659, 0.638293126, -0.704369781, -0.897583008, 0.046875, 0.438110352, 0.312657313, 0.768249966, 0.55859324, 0, 0, -0, 0, 0, 0, 0, 0.368529346, -0.0789151367, -0.145202393, 0.127414769, 0.466808118, -0.874996202, 0.463012695, -0.808227539, -0.363647461, -0.877106529, -0.358687772, -0.319162563, 0, 1, 5, 1, 
262.441647, 27, 0.1, 0.1, 0.0248089095, 0.370251731, -0.0349700342, 0.975646124, 8.27519789e-006, 0.219350496, 0.219350496, 1.43193152e-005, -0.975646124, -1.12146136e-005, 1, 1.21554157e-005, 0.975646202, 9.8238089e-006, 0.219350152, 0.219350152, 8.84910458e-006, -0.975646202, -1.15256143e-005, 1, 6.47874129e-006, 0, 0, 0, 0, 0, 0, 0, 0.304087842, -0.1234854, -0.191766846, -0.31363498, 0.639745927, -0.701589617, -0.896362305, 0.0441894531, 0.440917969, 0.313172905, 0.767278314, 0.5597596, 0, 0, -0, 0, 0, 0, 0, 0.368529346, -0.0789151367, -0.145202393, 0.125127461, 0.467440279, -0.87508552, 0.46496582, -0.806762695, -0.364501953, -0.876364993, -0.361198926, -0.318312751, 0, 1, 5, 1, 
262.442345, 27, 0.1, 0.1, 0.024808925, 0.37025167, -0.0349728651, 0.975645778, -1.28849591e-006, 0.219352037, 0.219352037, -1.07418974e-005, -0.975645778, 3.61337267e-006, 1, -1.01976527e-005, 0.975645846, -6.30751474e-006, 0.219351732, 0.219351732, -1.17547427e-005, -0.975645846, 8.73232373e-006, 1, -1.00849016e-005, 0, 0, 0, 0, 0, 0, 0, 0.304087842, -0.1234854, -0.191766846, -0.31363498, 0.639745927, -0.701589617, -0.896362305, 0.0441894531, 0.440917969, 0.313172905, 0.767278314, 0.5597596, 0, 0, -0, 0, 0, 0, 0, 0.368393604, -0.0787028809, -0.145636914, 0.125127461, 0.467440279, -0.87508552, 0.46496582, -0.806762695, -0.364501953, -0.876364993, -0.361198926, -0.318312751, 0, 1, 5, 1, 
262.443047, 27, 0.1, 0.1, 0.0248089378, 0.370251606, -0.034974497, 0.975645435, -5.13777336e-006, 0.219353563, 0.219353563, 1.78093808e-006, -0.975645435, 4.62199001e-006, 1, 2.864553e-006, 0.975645501, 2.9909175e-006, 0.219353267, 0.219353267, 8.80612649e-006, -0.975645501, -4.84972782e-006, 1, 7.93559017e-006, 0, 0, 0, 0, 0, 0, 0, 0.304087842, -0.1234854, -0.191766846, -0.31363498, 0.639745927, -0.701589617, -0.896362305, 0.0441894531, 0.440917969, 0.313172905, 0.767278314, 0.5597596, 0, 0, -0, 0, 0, 0, 0, 0.368393604, -0.0787028809, -0.145636914, 0.125127461, 0.467440279, -0.87508552, 0.46496582, -0.806762695, -0.364501953, -0.876364993, -0.361198926, -0.318312751, 0, 1, 5, 1, 
262.4439, 27, 0.1, 0.1, 0.0248089537, 0.370251534, -0.0349736144, 0.975645028, 1.12844523e-005, 0.219355373, 0.219355373, 1.41769779e-005, -0.975645028, -1.41194161e-005, 1, 1.13563928e-005, 0.975645134, 9.08140319e-006, 0.2193549, 0.2193549, -1.26136545e-006, -0.975645134, -8.58354015e-006, 1, -3.22269535e-006, 0, 0, 0, 0, 0, 0, 0, 0.304087842, -0.1234854, -0.191766846, -0.31363498, 0.639745927, -0.701589617, -0.896362305, 0.0441894531, 0.440917969, 0.313172905, 0.767278314, 0.5597596, 0, 0, -0, 0, 0, 0, 0, 0.368393604, -0.0787028809, -0.145636914, 0.125127461, 0.467440279, -0.87508552, 0.46496582, -0.806762695, -0.364501953, -0.876364993, -0.361198926, -0.318312751, 0, 1, 5, 1, 
262.445021, 27, 0.1, 0.1, 0.0248089818, 0.37025144, -0.0349640422, 0.975644469, -1.62502871e-005, 0.219357859, 0.219357859, -3.08199215e-005, -0.975644468, 2.26150948e-005, 0.999999999, -2.65046578e-005, 0.975644584, -2.19206118e-005, 0.219357344, 0.219357344, -2.27313033e-005, -0.975644584, 2.63730045e-005, 1, -1.73692258e-005, 0, 0, 0, 0, 0, 0, 0, 0.304087842, -0.1234854, -0.191766846, -0.31363498, 0.639745927, -0.701589617, -0.896362305, 0.0441894531, 0.440917969, 0.313172905, 0.767278314, 0.5597596, 0, 0, -0, 0, 0, 0, 0, 0.368393604, -0.0787028809, -0.145636914, 0.125127461, 0.467440279, -0.87508552, 0.46496582, -0.806762695, -0.364501953, -0.876364993, -0.361198926, -0.318312751, 0, 1, 5, 1, 
262.446136, 27, 0.1, 0.1, 0.0248089973, 0.370251341, -0.0349500393, 0.975643856, -1.08950868e-006, 0.219360585, 0.219360585, 2.83348974e-005, -0.975643856, -5.15258722e-006, 1, 2.78837638e-005, 0.975643985, 1.5472165e-005, 0.21936001, 0.21936001, 3.5738957e-005, -0.975643985, -2.29350227e-005, 0.999999999, 3.14745241e-005, 0, 0, 0, 0, 0, 0, 0, 0.304087842, -0.1234854, -0.191766846, -0.31363498, 0.639745927, -0.701589617, -0.896362305, 0.0441894531, 0.440917969, 0.313172905, 0.767278314, 0.5597596, 0, 0, -0, 0, 0, 0, 0, 0.368393604, -0.0787028809, -0.145636914, 0.125127461, 0.467440279, -0.87508552, 0.46496582, -0.806762695, -0.364501953, -0.876364993, -0.361198926, -0.318312751, 0, 1, 5, 1, 
262.447302, 27, 0.1, 0.1, 0.0248090272, 0.370251267, -0.0349370916, 0.975643112, 2.60191477e-005, 0.219363894, 0.219363894, -1.2432942e-005, -0.975643112, -2.26580637e-005, 1, -1.78377757e-005, 0.975643263, -7.02079054e-006, 0.219363222, 0.219363221, -4.4243663e-005, -0.975643262, 1.65552194e-005, 0.999999999, -4.16259285e-005, 0, 0, 0, 0, 0, 0, 0, 0.304521509, -0.123660425, -0.191714111, -0.313851027, 0.640735554, -0.70063706, -0.896484375, 0.04296875, 0.440917969, 0.312589164, 0.766503613, 0.561091833, 0, 0, -0, 0, 0, 0, 0, 0.368847168, -0.0784637695, -0.145627393, 0.124891221, 0.468238684, -0.874606477, 0.467041016, -0.805419922, -0.364501953, -0.875285138, -0.362956151, -0.319367086, 0, 1, 5, 1, 
262.448426, 27, 0.1, 0.1, 0.0248090459, 0.370251169, -0.0349324026, 0.975642248, -3.47997653e-005, 0.219367733, 0.219367732, -3.14142949e-005, -0.975642248, 4.08434039e-005, 0.999999999, -2.30151677e-005, 0.975642437, -2.70180674e-005, 0.219366893, 0.219366893, 1.16242265e-005, -0.975642438, 2.38100027e-005, 1, 1.72679582e-005, 0, 0, 0, 0, 0, 0, 0, 0.304521509, -0.123660425, -0.191714111, -0.313851027, 0.640735554, -0.70063706, -0.896484375, 0.04296875, 0.440917969, 0.312589164, 0.766503613, 0.561091833, 0, 0, -0, 0, 0, 0, 0, 0.368847168, -0.0784637695, -0.145627393, 0.124891221, 0.468238684, -0.874606477, 0.467041016, -0.805419922, -0.364501953, -0.875285138, -0.362956151, -0.319367086, 0, 1, 5, 1, 
262.449605, 27, 0.1, 0.1, 0.0248090562, 0.370251083, -0.034935741, 0.975641218, 3.62410701e-005, 0.219372313, 0.219372311, 5.34492936e-005, -0.975641218, -4.70835769e-005, 0.999999998, 4.41970466e-005, 0.975641422, 4.31058342e-005, 0.219371405, 0.219371404, 3.52511524e-005, -0.975641423, -4.97889323e-005, 0.999999998, 2.49362971e-005, 0, 0, 0, 0, 0, 0, 0, 0.305135205, -0.123393726, -0.191194629, -0.314816688, 0.641623709, -0.699328793, -0.896972656, 0.0397949219, 0.440307617, 0.310393862, 0.765868575, 0.563109279, 0, 0, -0, 0, 0, 0, 0, 0.369345898, -0.0782583496, -0.145423193, 0.125051269, 0.468921885, -0.874280918, 0.470703125, -0.803710938, -0.363769531, -0.873304433, -0.365952912, -0.321296752, 0, 1, 5, 1, 
262.450728, 27, 0.1, 0.1, 0.0248090822, 0.370251, -0.0349453519, 0.975640142, -1.06435914e-005, 0.219377102, 0.219377102, -2.69748237e-005, -0.975640142, 1.63019737e-005, 1, -2.39827606e-005, 0.975640361, -2.55136797e-005, 0.219376125, 0.219376125, -2.97373431e-005, -0.975640362, 3.14158387e-005, 0.999999999, -2.341586e-005, 0, 0, 0, 0, 0, 0, 0, 0.305135205, -0.123393726, -0.191194629, -0.314816688, 0.641623709, -0.699328793, -0.896972656, 0.0397949219, 0.440307617, 0.310393862, 0.765868575, 0.563109279, 0, 0, -0, 0, 0, 0, 0, 0.369345898, -0.0782583496, -0.145423193, 0.125051269, 0.468921885, -0.874280918, 0.470703125, -0.803710938, -0.363769531, -0.873304433, -0.365952912, -0.321296752, 0, 1, 5, 1, 
262.451849, 27, 0.1, 0.1, 0.0248090968, 0.370250908, -0.0349563435, 0.975639039, -1.95894847e-005, 0.219382009, 0.21938201, 1.25417683e-005, -0.975639039, 1.63608277e-005, 1, 1.65338193e-005, 0.975639251, 1.74182902e-006, 0.219381063, 0.219381063, 3.20685337e-005, -0.975639251, -8.73462579e-006, 0.999999999, 3.09051959e-005, 0, 0, 0, 0, 0, 0, 0, 0.305135205, -0.123393726, -0.191194629, -0.314816688, 0.641623709, -0.699328793, -0.896972656, 0.0397949219, 0.440307617, 0.310393862, 0.765868575, 0.563109279, 0, 0, -0, 0, 0, 0, 0, 0.369345898, -0.0782583496, -0.145423193, 0.125051269, 0.468921885, -0.874280918, 0.470703125, -0.803710938, -0.363769531, -0.873304433, -0.365952912, -0.321296752, 0, 1, 5, 1, 
262.452981, 27, 0.1, 0.1, 0.0248091194, 0.370250838, -0.03496375, 0.97563791, 1.33158197e-005, 0.21938703, 0.21938703, 6.12649155e-006, -0.97563791, -1.43354913e-005, 1, 3.05591928e-006, 0.975638135, 7.72942028e-006, 0.21938603, 0.21938603, -1.50342475e-005, -0.975638135, -4.2428133e-006, 1, -1.6363712e-005, 0, 0, 0, 0, 0, 0, 0, 0.305135205, -0.123393726, -0.191194629, -0.314816688, 0.641623709, -0.699328793, -0.896972656, 0.0397949219, 0.440307617, 0.310393862, 0.765868575, 0.563109279, 0, 0, -0, 0, 0, 0, 0, 0.369345898, -0.0782583496, -0.145423193, 0.125051269, 0.468921885, -0.874280918, 0.470703125, -0.803710938, -0.363769531, -0.873304433, -0.365952912, -0.321296752, 0, 1, 5, 1, 
262.454156, 27, 0.1, 0.1, 0.0248091452, 0.370250756, -0.0349638815, 0.975636806, -2.60906791e-005, 0.219391938, 0.219391938, -2.81361549e-006, -0.975636806, 2.60723114e-005, 1, 2.97901782e-006, 0.975637001, -2.72677918e-005, 0.219391068, 0.219391068, -1.15153498e-005, -0.975637002, 2.91298315e-005, 1, -5.25249139e-006, 0, 0, 0, 0, 0, 0, 0, 0.305382739, -0.124026099, -0.190941602, -0.314403689, 0.642391297, -0.698770139, -0.896606445, 0.0405273437, 0.440673828, 0.311440777, 0.765252633, 0.563515165, 0, 0, -0, 0, 0, 0, 0, 0.369379346, -0.0790098633, -0.145005029, 0.125351675, 0.46806551, -0.874619604, 0.471801758, -0.803588867, -0.362548828, -0.872659146, -0.367147605, -0.321577835, 0, 1, 5, 1, 
262.455296, 27, 0.1, 0.1, 0.0248091559, 0.370250678, -0.0349573516, 0.975635903, 4.86588455e-006, 0.219395953, 0.219395953, 1.87683739e-005, -0.975635903, -8.86503695e-006, 1, 1.72435441e-005, 0.975636076, 2.38116017e-005, 0.219395184, 0.219395184, 9.08045246e-007, -0.975636076, -2.34306784e-005, 1, -4.33822903e-006, 0, 0, 0, 0, 0, 0, 0, 0.305382739, -0.124026099, -0.190941602, -0.314403689, 0.642391297, -0.698770139, -0.896606445, 0.0405273437, 0.440673828, 0.311440777, 0.765252633, 0.563515165, 0, 0, -0, 0, 0, 0, 0, 0.369379346, -0.0790098633, -0.145005029, 0.125351675, 0.46806551, -0.874619604, 0.471801758, -0.803588867, -0.362548828, -0.872659146, -0.367147605, -0.321577835, 0, 1, 5, 1, 
262.45641, 27, 0.1, 0.1, 0.0248091802, 0.370250601, -0.0349484566, 0.975635003, 2.18080929e-005, 0.219399956, 0.219399956, 6.1207582e-006, -0.975635003, -2.26196329e-005, 1, 1.18693131e-006, 0.975635176, -5.20167505e-006, 0.219399189, 0.219399189, -9.72454546e-006, -0.975635176, 7.20849454e-006, 1, -8.34636533e-006, 0, 0, 0, 0, 0, 0, 0, 0.305382739, -0.124026099, -0.190941602, -0.314403689, 0.642391297, -0.698770139, -0.896606445, 0.0405273437, 0.440673828, 0.311440777, 0.765252633, 0.563515165, 0, 0, -0, 0, 0, 0, 0, 0.369379346, -0.0790098633, -0.145005029, 0.125351675, 0.46806551, -0.874619604, 0.471801758, -0.803588867, -0.362548828, -0.872659146, -0.367147605, -0.321577835, 0, 1, 5, 1, 
262.457114, 27, 0.1, 0.1, 0.0248091864, 0.370250555, -0.0349472434, 0.975634473, -2.43687199e-005, 0.219402311, 0.219402311, -1.9228278e-005, -0.975634473, 2.79936918e-005, 1, -1.34132174e-005, 0.975634569, 2.89434833e-006, 0.219401888, 0.219401888, -1.08429326e-005, -0.975634569, -4.44866408e-007, 1, -1.12137653e-005, 0, 0, 0, 0, 0, 0, 0, 0.305382739, -0.124026099, -0.190941602, -0.314403689, 0.642391297, -0.698770139, -0.896606445, 0.0405273437, 0.440673828, 0.311440777, 0.765252633, 0.563515165, 0, 0, -0, 0, 0, 0, 0, 0.369379346, -0.0790098633, -0.145005029, 0.125351675, 0.46806551, -0.874619604, 0.471801758, -0.803588867, -0.362548828, -0.872659146, -0.367147605, -0.321577835, 0, 1, 5, 1, 
262.457816, 27, 0.1, 0.1, 0.024809211, 0.37025051, -0.034952748, 0.975634085, -1.57226963e-005, 0.219404039, 0.219404039, -2.15043143e-006, -0.975634085, 1.58114118e-005, 1, 1.35158887e-006, 0.975634152, -3.86229769e-005, 0.219403736, 0.219403736, 3.68326239e-006, -0.975634153, 3.68737738e-005, 0.999999999, 1.2067542e-005, 0, 0, 0, 0, 0, 0, 0, 0.305382739, -0.124026099, -0.190941602, -0.314403689, 0.642391297, -0.698770139, -0.896606445, 0.0405273437, 0.440673828, 0.311440777, 0.765252633, 0.563515165, 0, 0, -0, 0, 0, 0, 0, 0.369379346, -0.0790098633, -0.145005029, 0.125351675, 0.46806551, -0.874619604, 0.471801758, -0.803588867, -0.362548828, -0.872659146, -0.367147605, -0.321577835, 0, 1, 5, 1, 
262.458547, 27, 0.1, 0.1, 0.024809207, 0.370250468, -0.0349629461, 0.975633745, 4.34356359e-005, 0.219405546, 0.219405546, -2.74505844e-006, -0.975633746, -4.17749911e-005, 0.999999999, -1.22081911e-005, 0.975633816, 5.14682002e-005, 0.219405228, 0.219405229, -1.31814727e-005, -0.975633817, -4.73220326e-005, 0.999999999, -2.41526828e-005, 0, 0, 0, 0, 0, 0, 0, 0.305406421, -0.124909546, -0.190054736, -0.313965603, 0.64259424, -0.698890707, -0.896728516, 0.0411376953, 0.440673828, 0.311865759, 0.764973306, 0.563534261, 0, 0, -0, 0, 0, 0, 0, 0.369379346, -0.0790098633, -0.145005029, 0.126706415, 0.466519006, -0.875341817, 0.473510742, -0.803833008, -0.359741211, -0.871534815, -0.368783061, -0.32288117, 0, 1, 5, 1, 
262.459244, 27, 0.1, 0.1, 0.02480922, 0.370250422, -0.0349734115, 0.975633392, -3.73015027e-005, 0.219407116, 0.219407116, 2.0781075e-006, -0.975633393, 3.59366401e-005, 0.999999999, 1.02116862e-005, 0.975633468, -2.85957315e-005, 0.219406779, 0.219406779, 1.03408174e-005, -0.975633469, 2.56301072e-005, 1, 1.63629448e-005, 0, 0, 0, 0, 0, 0, 0, 0.305406421, -0.124909546, -0.190054736, -0.313965603, 0.64259424, -0.698890707, -0.896728516, 0.0411376953, 0.440673828, 0.311865759, 0.764973306, 0.563534261, 0, 0, -0, 0, 0, 0, 0, 0.369715869, -0.0798163086, -0.144410498, 0.126706415, 0.466519006, -0.875341817, 0.473510742, -0.803833008, -0.359741211, -0.871534815, -0.368783061, -0.32288117, 0, 1, 5, 1, 
262.459984, 27, 0.1, 0.1, 0.0248092411, 0.370250384, -0.0349818442, 0.975632989, -1.48220464e-005, 0.219408913, 0.219408912, -7.35903261e-006, -0.975632989, 1.60755148e-005, 1, -3.9276259e-006, 0.975633064, -2.52889221e-005, 0.219408579, 0.219408578, -1.40886099e-005, -0.975633064, 2.77638704e-005, 1, -8.19670719e-006, 0, 0, 0, 0, 0, 0, 0, 0.305406421, -0.124909546, -0.190054736, -0.313965603, 0.64259424, -0.698890707, -0.896728516, 0.0411376953, 0.440673828, 0.311865759, 0.764973306, 0.563534261, 0, 0, -0, 0, 0, 0, 0, 0.369715869, -0.0798163086, -0.144410498, 0.126706415, 0.466519006, -0.875341817, 0.473510742, -0.803833008, -0.359741211, -0.871534815, -0.368783061, -0.32288117, 0, 1, 5, 1, 
262.460686, 27, 0.1, 0.1, 0.0248092421, 0.37025034, -0.0349854146, 0.97563266, 4.16173511e-005, 0.219410371, 0.21941037, 1.26533055e-005, -0.975632661, -4.33795134e-005, 0.999999999, 3.2136997e-006, 0.975632717, 3.5440077e-005, 0.219410118, 0.219410118, 1.49865744e-005, -0.975632718, -3.78647047e-005, 0.999999999, 6.84548079e-006, 0, 0, 0, 0, 0, 0, 0, 0.305406421, -0.124909546, -0.190054736, -0.313965603, 0.64259424, -0.698890707, -0.896728516, 0.0411376953, 0.440673828, 0.311865759, 0.764973306, 0.563534261, 0, 0, -0, 0, 0, 0, 0, 0.369715869, -0.0798163086, -0.144410498, 0.126706415, 0.466519006, -0.875341817, 0.473510742, -0.803833008, -0.359741211, -0.871534815, -0.368783061, -0.32288117, 0, 1, 5, 1, 
262.461397, 27, 0.1, 0.1, 0.0248092387, 0.370250298, -0.0349840508, 0.975632414, 1.818619e-005, 0.219411467, 0.219411467, 4.27968584e-006, -0.975632414, -1.86820486e-005, 1, 1.85141584e-007, 0.975632457, 3.02049872e-005, 0.219411275, 0.219411275, 2.29259741e-006, -0.975632458, -2.99719876e-005, 1, -4.3905823e-006, 0, 0, 0, 0, 0, 0, 0, 0.305406421, -0.124909546, -0.190054736, -0.313965603, 0.64259424, -0.698890707, -0.896728516, 0.0411376953, 0.440673828, 0.311865759, 0.764973306, 0.563534261, 0, 0, -0, 0, 0, 0, 0, 0.370194336, -0.0803482422, -0.14377251, 0.12683438, 0.465873352, -0.875654982, 0.475585937, -0.803222656, -0.358520508, -0.870416681, -0.370814806, -0.323405055, 0, 1, 5, 1, 
262.4621, 27, 0.1, 0.1, 0.0248092545, 0.37025026, -0.0349784242, 0.97563219, -3.4946512e-005, 0.219412462, 0.219412462, -7.16085395e-006, -0.975632191, 3.56661226e-005, 0.999999999, 6.81340612e-007, 0.975632232, -3.16317931e-005, 0.219412275, 0.219412275, -8.08445205e-006, -0.975632233, 3.2634825e-005, 0.999999999, -9.47048318e-007, 0, 0, 0, 0, 0, 0, 0, 0.305406421, -0.124909546, -0.190054736, -0.313965603, 0.64259424, -0.698890707, -0.896728516, 0.0411376953, 0.440673828, 0.311865759, 0.764973306, 0.563534261, 0, 0, -0, 0, 0, 0, 0, 0.370194336, -0.0803482422, -0.14377251, 0.12683438, 0.465873352, -0.875654982, 0.475585937, -0.803222656, -0.358520508, -0.870416681, -0.370814806, -0.323405055, 0, 1, 5, 1, 
262.4628, 27, 0.1, 0.1, 0.0248092673, 0.370250223, -0.0349707216, 0.975631993, 1.14422748e-005, 0.219413342, 0.219413342, -2.43605959e-007, -0.975631993, -1.1109999e-005, 1, -2.74825753e-006, 0.975632029, 6.04132133e-007, 0.21941318, 0.21941318, 2.03929121e-007, -0.975632029, -6.34155396e-007, 1, 6.64052299e-008, 0, 0, 0, 0, 0, 0, 0, 0.305406421, -0.124909546, -0.190054736, -0.313965603, 0.64259424, -0.698890707, -0.896728516, 0.0411376953, 0.440673828, 0.311865759, 0.764973306, 0.563534261, 0, 0, -0, 0, 0, 0, 0, 0.370194336, -0.0803482422, -0.14377251, 0.12683438, 0.465873352, -0.875654982, 0.475585937, -0.803222656, -0.358520508, -0.870416681, -0.370814806, -0.323405055, 0, 1, 5, 1, 
262.463518, 27, 0.1, 0.1, 0.0248092755, 0.370250185, -0.0349631664, 0.975631819, -1.94048315e-005, 0.219414116, 0.219414116, 8.14066818e-006, -0.975631819, 1.71457935e-005, 1, 1.21999889e-005, 0.975631851, -1.19141341e-005, 0.219413972, 0.219413972, 7.6073418e-006, -0.975631851, 9.95465157e-006, 1, 1.00360924e-005, 0, 0, 0, 0, 0, 0, 0, 0.305842651, -0.125535815, -0.189334229, -0.314212729, 0.643482395, -0.697932159, -0.896362305, 0.041015625, 0.44128418, 0.312646452, 0.764338268, 0.564123993, 0, 0, -0, 0, 0, 0, 0, 0.370194336, -0.0803482422, -0.14377251, 0.12683438, 0.465873352, -0.875654982, 0.475585937, -0.803222656, -0.358520508, -0.870416681, -0.370814806, -0.323405055, 0, 1, 5, 1, 
262.464219, 27, 0.1, 0.1, 0.0248092832, 0.370250149, -0.0349580767, 0.975631644, 9.14795413e-006, 0.219414891, 0.21941489, 9.43717791e-006, -0.975631645, -1.09956909e-005, 1, 7.20001205e-006, 0.975631682, 1.27819314e-005, 0.219414723, 0.219414723, -9.99504608e-007, -0.975631682, -1.22511513e-005, 1, -3.77969231e-006, 0, 0, 0, 0, 0, 0, 0, 0.305842651, -0.125535815, -0.189334229, -0.314212729, 0.643482395, -0.697932159, -0.896362305, 0.041015625, 0.44128418, 0.312646452, 0.764338268, 0.564123993, 0, 0, -0, 0, 0, 0, 0, 0.370194336, -0.0803482422, -0.14377251, 0.12683438, 0.465873352, -0.875654982, 0.475585937, -0.803222656, -0.358520508, -0.870416681, -0.370814806, -0.323405055, 0, 1, 5, 1, 
262.464924, 27, 0.1, 0.1, 0.0248092954, 0.370250115, -0.0349566661, 0.975631431, -9.52621533e-006, 0.219415839, 0.219415839, -9.90133236e-006, -0.975631431, 1.14665842e-005, 1, -7.56984853e-006, 0.975631476, -1.76209911e-005, 0.219415641, 0.21941564, -1.54509433e-005, -0.975631476, 2.05817721e-005, 1, -1.12081055e-005, 0, 0, 0, 0, 0, 0, 0, 0.305842651, -0.125535815, -0.189334229, -0.314212729, 0.643482395, -0.697932159, -0.896362305, 0.041015625, 0.44128418, 0.312646452, 0.764338268, 0.564123993, 0, 0, -0, 0, 0, 0, 0, 0.370194336, -0.0803482422, -0.14377251, 0.12683438, 0.465873352, -0.875654982, 0.475585937, -0.803222656, -0.358520508, -0.870416681, -0.370814806, -0.323405055, 0, 1, 5, 1, 
262.465626, 27, 0.1, 0.1, 0.024809301, 0.37025008, -0.0349590669, 0.975631233, -5.30874989e-006, 0.21941672, 0.21941672, -1.38547983e-005, -0.975631233, 8.21935659e-006, 1, -1.23523454e-005, 0.975631266, 7.87956309e-006, 0.219416574, 0.219416574, -7.3418429e-006, -0.975631266, -6.0766261e-006, 1, -8.89183821e-006, 0, 0, 0, 0, 0, 0, 0, 0.305842651, -0.125535815, -0.189334229, -0.314212729, 0.643482395, -0.697932159, -0.896362305, 0.041015625, 0.44128418, 0.312646452, 0.764338268, 0.564123993, 0, 0, -0, 0, 0, 0, 0, 0.370194336, -0.0803482422, -0.14377251, 0.12683438, 0.465873352, -0.875654982, 0.475585937, -0.803222656, -0.358520508, -0.870416681, -0.370814806, -0.323405055, 0, 1, 5, 1, 
262.466353, 27, 0.1, 0.1, 0.0248093101, 0.370250045, -0.0349642195, 0.97563111, 1.51569527e-005, 0.219417265, 0.219417265, -2.89886996e-006, -0.975631111, -1.41515325e-005, 1, -6.15392482e-006, 0.975631127, 6.45846592e-006, 0.219417192, 0.219417192, 4.60219565e-006, -0.975631127, -7.31088123e-006, 1, 3.07294687e-006, 0, 0, 0, 0, 0, 0, 0, 0.306050146, -0.125946289, -0.188842334, -0.31460551, 0.644230887, -0.697049995, -0.895629883, 0.0415039062, 0.442626953, 0.314068173, 0.763601759, 0.564231456, 0, 0, -0, 0, 0, 0, 0, 0.370437842, -0.0811083008, -0.143141113, 0.126866463, 0.465080776, -0.876102309, 0.477050781, -0.802856445, -0.357055664, -0.86955411, -0.372616506, -0.3238203, 0, 1, 5, 1, 
262.467056, 27, 0.1, 0.1, 0.0248093175, 0.37025001, -0.0349703484, 0.975631039, -8.90742761e-006, 0.219417581, 0.219417582, 9.88869383e-007, -0.975631039, 8.47338753e-006, 1, 2.91921789e-006, 0.975631053, -9.49536999e-006, 0.21941752, 0.21941752, 3.34095883e-006, -0.975631053, 8.53091292e-006, 1, 5.34299372e-006, 0, 0, 0, 0, 0, 0, 0, 0.306050146, -0.125946289, -0.188842334, -0.31460551, 0.644230887, -0.697049995, -0.895629883, 0.0415039062, 0.442626953, 0.314068173, 0.763601759, 0.564231456, 0, 0, -0, 0, 0, 0, 0, 0.370437842, -0.0811083008, -0.143141113, 0.126866463, 0.465080776, -0.876102309, 0.477050781, -0.802856445, -0.357055664, -0.86955411, -0.372616506, -0.3238203, 0, 1, 5, 1, 
262.467758, 27, 0.1, 0.1, 0.0248093227, 0.370249976, -0.0349757417, 0.975630954, 5.04827383e-006, 0.219417961, 0.219417961, 6.42048829e-006, -0.975630954, -6.33402266e-006, 1, 5.15634517e-006, 0.975630973, 1.01169538e-005, 0.219417876, 0.219417876, 5.18779184e-006, -0.975630973, -1.10087077e-005, 1, 2.84152989e-006, 0, 0, 0, 0, 0, 0, 0, 0.306050146, -0.125946289, -0.188842334, -0.31460551, 0.644230887, -0.697049995, -0.895629883, 0.0415039062, 0.442626953, 0.314068173, 0.763601759, 0.564231456, 0, 0, -0, 0, 0, 0, 0, 0.370437842, -0.0811083008, -0.143141113, 0.126866463, 0.465080776, -0.876102309, 0.477050781, -0.802856445, -0.357055664, -0.86955411, -0.372616506, -0.3238203, 0, 1, 5, 1, 
262.468456, 27, 0.1, 0.1, 0.0248093312, 0.370249943, -0.0349789175, 0.975630847, 2.96874876e-006, 0.219418436, 0.219418436, 4.19045091e-006, -0.975630847, -3.81586506e-006, 1, 3.43693496e-006, 0.975630869, -2.94735957e-006, 0.219418341, 0.219418341, -3.00632623e-006, -0.975630869, 3.53517809e-006, 1, -2.28635992e-006, 0, 0, 0, 0, 0, 0, 0, 0.306050146, -0.125946289, -0.188842334, -0.31460551, 0.644230887, -0.697049995, -0.895629883, 0.0415039062, 0.442626953, 0.314068173, 0.763601759, 0.564231456, 0, 0, -0, 0, 0, 0, 0, 0.370437842, -0.0811083008, -0.143141113, 0.126866463, 0.465080776, -0.876102309, 0.477050781, -0.802856445, -0.357055664, -0.86955411, -0.372616506, -0.3238203, 0, 1, 5, 1, 
262.469156, 27, 0.1, 0.1, 0.0248093385, 0.37024991, -0.0349791094, 0.975630757, -8.80773494e-006, 0.219418838, 0.219418838, -3.00761299e-006, -0.975630757, 9.25302405e-006, 1, -1.00173677e-006, 0.975630771, -4.72013477e-006, 0.219418774, 0.219418774, -4.36564299e-006, -0.975630771, 5.56301275e-006, 1, -3.22356946e-006, 0, 0, 0, 0, 0, 0, 0, 0.306050146, -0.125946289, -0.188842334, -0.31460551, 0.644230887, -0.697049995, -0.895629883, 0.0415039062, 0.442626953, 0.314068173, 0.763601759, 0.564231456, 0, 0, -0, 0, 0, 0, 0, 0.370437842, -0.0811083008, -0.143141113, 0.126866463, 0.465080776, -0.876102309, 0.477050781, -0.802856445, -0.357055664, -0.86955411, -0.372616506, -0.3238203, 0, 1, 5, 1, 
262.469852, 27, 0.1, 0.1, 0.0248093457, 0.370249877, -0.0349764929, 0.975630707, 7.19414816e-006, 0.219419057, 0.219419057, -2.65005883e-006, -0.975630707, -6.43735845e-006, 1, -4.16401198e-006, 0.975630714, 7.48555681e-006, 0.219419027, 0.219419027, -5.47759267e-007, -0.975630714, -7.18295033e-006, 1, -2.17688436e-006, 0, 0, 0, 0, 0, 0, 0, 0.306050146, -0.125946289, -0.188842334, -0.31460551, 0.644230887, -0.697049995, -0.895629883, 0.0415039062, 0.442626953, 0.314068173, 0.763601759, 0.564231456, 0, 0, -0, 0, 0, 0, 0, 0.370437842, -0.0811083008, -0.143141113, 0.126866463, 0.465080776, -0.876102309, 0.477050781, -0.802856445, -0.357055664, -0.86955411, -0.372616506, -0.3238203, 0, 1, 5, 1, 
262.470554, 27, 0.1, 0.1, 0.0248093556, 0.370249844, -0.0349719592, 0.975630679, -4.49167999e-006, 0.219419185, 0.219419185, -4.50922328e-006, -0.975630679, 5.3716309e-006, 1, -3.41377581e-006, 0.975630685, -1.21962024e-005, 0.219419158, 0.219419158, 1.60506482e-006, -0.975630685, 1.15468073e-005, 1, 4.24203094e-006, 0, 0, 0, 0, 0, 0, 0, 0.306050146, -0.125946289, -0.188842334, -0.31460551, 0.644230887, -0.697049995, -0.895629883, 0.0415039062, 0.442626953, 0.314068173, 0.763601759, 0.564231456, 0, 0, -0, 0, 0, 0, 0, 0.370437842, -0.0811083008, -0.143141113, 0.126866463, 0.465080776, -0.876102309, 0.477050781, -0.802856445, -0.357055664, -0.86955411, -0.372616506, -0.3238203, 0, 1, 5, 1, 
262.471281, 27, 0.1, 0.1, 0.0248093611, 0.370249809, -0.0349665055, 0.975630615, -8.58193426e-006, 0.219419468, 0.219419468, 3.33578797e-006, -0.975630615, 7.64086098e-006, 1, 5.13754031e-006, 0.975630631, 2.83687202e-006, 0.219419399, 0.219419399, 9.77408878e-006, -0.975630631, -4.91236393e-006, 1, 8.91343565e-006, 0, 0, 0, 0, 0, 0, 0, 0.305762207, -0.126307202, -0.188501172, -0.316032102, 0.645988102, -0.694765205, -0.894287109, 0.0417480469, 0.445556641, 0.316765962, 0.762211116, 0.564611133, 0, 0, -0, 0, 0, 0, 0, 0.370338477, -0.0816568359, -0.143157227, 0.125224443, 0.464192319, -0.876715514, 0.478393555, -0.802368164, -0.356567383, -0.869112979, -0.37467377, -0.322657323, 0, 1, 5, 1, 
262.471981, 27, 0.1, 0.1, 0.0248093685, 0.370249777, -0.0349624457, 0.97563052, 1.3657097e-005, 0.219419889, 0.219419889, 1.20037333e-005, -0.97563052, -1.59581384e-005, 1, 8.71456986e-006, 0.975630539, 7.8813065e-006, 0.219419808, 0.219419808, 7.67930253e-006, -0.975630539, -9.3742344e-006, 1, 5.7628473e-006, 0, 0, 0, 0, 0, 0, 0, 0.305762207, -0.126307202, -0.188501172, -0.316032102, 0.645988102, -0.694765205, -0.894287109, 0.0417480469, 0.445556641, 0.316765962, 0.762211116, 0.564611133, 0, 0, -0, 0, 0, 0, 0, 0.370338477, -0.0816568359, -0.143157227, 0.125224443, 0.464192319, -0.876715514, 0.478393555, -0.802368164, -0.356567383, -0.869112979, -0.37467377, -0.322657323, 0, 1, 5, 1, 
262.472682, 27, 0.1, 0.1, 0.0248093762, 0.370249746, -0.0349607203, 0.975630458, -1.46011098e-005, 0.219420164, 0.219420164, 3.12041523e-006, -0.975630459, 1.35606055e-005, 1, 6.24815006e-006, 0.975630465, -1.2810882e-005, 0.219420134, 0.219420134, -7.49881575e-006, -0.975630465, 1.4144078e-005, 1, -4.50510765e-006, 0, 0, 0, 0, 0, 0, 0, 0.305762207, -0.126307202, -0.188501172, -0.316032102, 0.645988102, -0.694765205, -0.894287109, 0.0417480469, 0.445556641, 0.316765962, 0.762211116, 0.564611133, 0, 0, -0, 0, 0, 0, 0, 0.370338477, -0.0816568359, -0.143157227, 0.125224443, 0.464192319, -0.876715514, 0.478393555, -0.802368164, -0.356567383, -0.869112979, -0.37467377, -0.322657323, 0, 1, 5, 1, 
262.473383, 27, 0.1, 0.1, 0.0248093805, 0.370249715, -0.0349616565, 0.975630461, 7.34775561e-006, 0.219420155, 0.219420155, -2.91022303e-006, -0.975630461, -6.5301326e-006, 1, -4.45154791e-006, 0.975630457, 1.57652504e-005, 0.219420171, 0.219420171, -4.62837044e-006, -0.975630457, -1.43655006e-005, 1, -7.9747931e-006, 0, 0, 0, 0, 0, 0, 0, 0.305762207, -0.126307202, -0.188501172, -0.316032102, 0.645988102, -0.694765205, -0.894287109, 0.0417480469, 0.445556641, 0.316765962, 0.762211116, 0.564611133, 0, 0, -0, 0, 0, 0, 0, 0.370338477, -0.0816568359, -0.143157227, 0.125224443, 0.464192319, -0.876715514, 0.478393555, -0.802368164, -0.356567383, -0.869112979, -0.37467377, -0.322657323, 0, 1, 5, 1, 
262.474086, 27, 0.1, 0.1, 0.0248093905, 0.370249683, -0.0349648103, 0.975630472, 5.53805236e-006, 0.219420102, 0.219420102, -5.40987346e-006, -0.975630472, -4.21605765e-006, 1, -6.49319742e-006, 0.975630474, -7.51645793e-006, 0.219420096, 0.219420096, -5.42959562e-006, -0.975630474, 8.5246478e-006, 1, -3.64801703e-006, 0, 0, 0, 0, 0, 0, 0, 0.305762207, -0.126307202, -0.188501172, -0.316032102, 0.645988102, -0.694765205, -0.894287109, 0.0417480469, 0.445556641, 0.316765962, 0.762211116, 0.564611133, 0, 0, -0, 0, 0, 0, 0, 0.370338477, -0.0816568359, -0.143157227, 0.125224443, 0.464192319, -0.876715514, 0.478393555, -0.802368164, -0.356567383, -0.869112979, -0.37467377, -0.322657323, 0, 1, 5, 1, 
262.474829, 27, 0.1, 0.1, 0.024809398, 0.37024965, -0.0349690269, 0.975630433, -1.36657285e-005, 0.219420278, 0.219420278, -5.05267748e-006, -0.975630433, 1.44413605e-005, 1, -1.93100798e-006, 0.975630445, -1.0422348e-005, 0.219420225, 0.219420225, 4.17719999e-006, -0.975630445, 9.25179786e-006, 1, 6.36227743e-006, 0, 0, 0, 0, 0, 0, 0, 0.305762207, -0.126307202, -0.188501172, -0.316032102, 0.645988102, -0.694765205, -0.894287109, 0.0417480469, 0.445556641, 0.316765962, 0.762211116, 0.564611133, 0, 0, -0, 0, 0, 0, 0, 0.370338477, -0.0816568359, -0.143157227, 0.125224443, 0.464192319, -0.876715514, 0.478393555, -0.802368164, -0.356567383, -0.869112979, -0.37467377, -0.322657323, 0, 1, 5, 1, 
262.475614, 27, 0.1, 0.1, 0.0248094052, 0.370249615, -0.0349726392, 0.975630365, 8.7905794e-006, 0.219420579, 0.219420579, 6.09305876e-006, -0.975630365, -9.91329867e-006, 1, 4.01573913e-006, 0.975630381, 7.41970306e-006, 0.219420509, 0.219420509, 9.72202056e-006, -0.975630381, -9.37209842e-006, 1, 7.8570636e-006, 0, 0, 0, 0, 0, 0, 0, 0.305705566, -0.126659937, -0.188375806, -0.317344117, 0.647929163, -0.692340752, -0.892578125, 0.0423583984, 0.448852539, 0.320187155, 0.760420579, 0.56509228, 0, 0, -0, 0, 0, 0, 0, 0.370338477, -0.0816568359, -0.143157227, 0.123716585, 0.463278342, -0.87746288, 0.479370117, -0.802001953, -0.355957031, -0.868780491, -0.376488231, -0.321385704, 0, 1, 5, 1, 
262.476315, 27, 0.1, 0.1, 0.024809413, 0.370249585, -0.0349739635, 0.975630336, -3.44425834e-006, 0.219420709, 0.219420709, 5.29419346e-006, -0.975630336, 2.19866724e-006, 1, 5.92091735e-006, 0.975630338, -8.24912723e-006, 0.219420699, 0.219420699, 1.97006263e-006, -0.975630338, 7.61582627e-006, 1, 3.73208214e-006, 0, 0, 0, 0, 0, 0, 0, 0.305705566, -0.126659937, -0.188375806, -0.317344117, 0.647929163, -0.692340752, -0.892578125, 0.0423583984, 0.448852539, 0.320187155, 0.760420579, 0.56509228, 0, 0, -0, 0, 0, 0, 0, 0.370245703, -0.0824251953, -0.142956689, 0.123716585, 0.463278342, -0.87746288, 0.479370117, -0.802001953, -0.355957031, -0.868780491, -0.376488231, -0.321385704, 0, 1, 5, 1, 
262.477014, 27, 0.1, 0.1, 0.024809417, 0.370249555, -0.0349738715, 0.975630347, -3.38735518e-006, 0.219420662, 0.219420662, 2.75981158e-006, -0.975630347, 2.69924683e-006, 1, 3.43581164e-006, 0.975630343, 7.57108946e-006, 0.219420678, 0.219420678, -1.89969351e-006, -0.975630343, -6.96975257e-006, 1, -3.51465221e-006, 0, 0, 0, 0, 0, 0, 0, 0.305705566, -0.126659937, -0.188375806, -0.317344117, 0.647929163, -0.692340752, -0.892578125, 0.0423583984, 0.448852539, 0.320187155, 0.760420579, 0.56509228, 0, 0, -0, 0, 0, 0, 0, 0.370245703, -0.0824251953, -0.142956689, 0.123716585, 0.463278342, -0.87746288, 0.479370117, -0.802001953, -0.355957031, -0.868780491, -0.376488231, -0.321385704, 0, 1, 5, 1, 
262.477713, 27, 0.1, 0.1, 0.0248094232, 0.370249526, -0.0349725076, 0.97563035, 1.25302907e-005, 0.219420645, 0.219420646, -9.31595747e-007, -0.97563035, -1.20205206e-005, 1, -3.65829756e-006, 0.975630353, 8.97972824e-006, 0.219420635, 0.219420635, -4.58955282e-006, -0.975630353, -7.75385283e-006, 1, -6.44804471e-006, 0, 0, 0, 0, 0, 0, 0, 0.305705566, -0.126659937, -0.188375806, -0.317344117, 0.647929163, -0.692340752, -0.892578125, 0.0423583984, 0.448852539, 0.320187155, 0.760420579, 0.56509228, 0, 0, -0, 0, 0, 0, 0, 0.370245703, -0.0824251953, -0.142956689, 0.123716585, 0.463278342, -0.87746288, 0.479370117, -0.802001953, -0.355957031, -0.868780491, -0.376488231, -0.321385704, 0, 1, 5, 1, 
262.478474, 27, 0.1, 0.1, 0.0248094319, 0.370249495, -0.0349696102, 0.975630309, -1.176761e-005, 0.21942083, 0.219420829, -1.11384472e-005, -0.975630309, 1.39248443e-005, 1, -8.28494792e-006, 0.97563032, -1.31048664e-005, 0.21942078, 0.21942078, -8.72254727e-006, -0.97563032, 1.46994131e-005, 1, -5.63450157e-006, 0, 0, 0, 0, 0, 0, 0, 0.305442041, -0.126560083, -0.18780603, -0.318288439, 0.649990792, -0.689979578, -0.891235352, 0.0426025391, 0.451293945, 0.322808559, 0.758610946, 0.565954227, 0, 0, -0, 0, 0, 0, 0, 0.370216162, -0.0824823242, -0.14274834, 0.123020258, 0.462971373, -0.877718443, 0.480834961, -0.801391602, -0.35534668, -0.867994479, -0.378238893, -0.321289822, 0, 1, 5, 1, 
262.479171, 27, 0.1, 0.1, 0.0248094368, 0.370249466, -0.0349668507, 0.975630255, 4.73421898e-006, 0.219421067, 0.219421067, -5.74824061e-006, -0.975630255, -3.35756219e-006, 1, -6.64694484e-006, 0.975630265, 9.12066379e-006, 0.219421026, 0.219421026, 4.43211589e-006, -0.975630265, -9.87089505e-006, 1, 2.32284099e-006, 0, 0, 0, 0, 0, 0, 0, 0.305442041, -0.126560083, -0.18780603, -0.318288439, 0.649990792, -0.689979578, -0.891235352, 0.0426025391, 0.451293945, 0.322808559, 0.758610946, 0.565954227, 0, 0, -0, 0, 0, 0, 0, 0.370216162, -0.0824823242, -0.14274834, 0.123020258, 0.462971373, -0.877718443, 0.480834961, -0.801391602, -0.35534668, -0.867994479, -0.378238893, -0.321289822, 0, 1, 5, 1, 
262.479872, 27, 0.1, 0.1, 0.0248094457, 0.370249438, -0.0349650145, 0.975630248, 5.72649463e-006, 0.2194211, 0.2194211, 5.4583322e-006, -0.975630248, -6.78461464e-006, 1, 4.06880024e-006, 0.975630245, -7.74853861e-006, 0.219421112, 0.219421112, 5.89819399e-006, -0.975630245, 6.26552034e-006, 1, 7.45464941e-006, 0, 0, 0, 0, 0, 0, 0, 0.305442041, -0.126560083, -0.18780603, -0.318288439, 0.649990792, -0.689979578, -0.891235352, 0.0426025391, 0.451293945, 0.322808559, 0.758610946, 0.565954227, 0, 0, -0, 0, 0, 0, 0, 0.370216162, -0.0824823242, -0.14274834, 0.123020258, 0.462971373, -0.877718443, 0.480834961, -0.801391602, -0.35534668, -0.867994479, -0.378238893, -0.321289822, 0, 1, 5, 1, 
262.48057, 27, 0.1, 0.1, 0.0248094511, 0.37024941, -0.0349646542, 0.975630283, -1.49742516e-005, 0.219420944, 0.219420944, 4.86390346e-006, -0.975630283, 1.3542091e-005, 1, 8.03103592e-006, 0.975630276, -8.24461809e-006, 0.219420975, 0.219420975, 3.18616249e-006, -0.975630276, 7.34458814e-006, 1, 4.91755873e-006, 0, 0, 0, 0, 0, 0, 0, 0.305442041, -0.126560083, -0.18780603, -0.318288439, 0.649990792, -0.689979578, -0.891235352, 0.0426025391, 0.451293945, 0.322808559, 0.758610946, 0.565954227, 0, 0, -0, 0, 0, 0, 0, 0.370216162, -0.0824823242, -0.14274834, 0.123020258, 0.462971373, -0.877718443, 0.480834961, -0.801391602, -0.35534668, -0.867994479, -0.378238893, -0.321289822, 0, 1, 5, 1, 
262.481269, 27, 0.1, 0.1, 0.0248094563, 0.370249382, -0.034965748, 0.975630295, 1.10858055e-005, 0.219420891, 0.219420891, 8.64044419e-006, -0.975630295, -1.27115416e-005, 1, 5.9974218e-006, 0.975630297, 1.35578233e-005, 0.219420883, 0.219420883, -3.81413537e-007, -0.975630297, -1.31437331e-005, 1, -3.34698816e-006, 0, 0, 0, 0, 0, 0, 0, 0.305442041, -0.126560083, -0.18780603, -0.318288439, 0.649990792, -0.689979578, -0.891235352, 0.0426025391, 0.451293945, 0.322808559, 0.758610946, 0.565954227, 0, 0, -0, 0, 0, 0, 0, 0.370216162, -0.0824823242, -0.14274834, 0.123020258, 0.462971373, -0.877718443, 0.480834961, -0.801391602, -0.35534668, -0.867994479, -0.378238893, -0.321289822, 0, 1, 5, 1, 
262.48197, 27, 0.1, 0.1, 0.0248094644, 0.370249355, -0.0349678447, 0.975630257, -4.22010944e-006, 0.219421061, 0.219421061, -4.15836386e-006, -0.975630257, 5.02969907e-006, 1, -3.13104471e-006, 0.975630267, -9.86302536e-006, 0.219421016, 0.219421016, -8.40580892e-006, -0.975630267, 1.14670772e-005, 1, -6.03680655e-006, 0, 0, 0, 0, 0, 0, 0, 0.305442041, -0.126560083, -0.18780603, -0.318288439, 0.649990792, -0.689979578, -0.891235352, 0.0426025391, 0.451293945, 0.322808559, 0.758610946, 0.565954227, 0, 0, -0, 0, 0, 0, 0, 0.370216162, -0.0824823242, -0.14274834, 0.123020258, 0.462971373, -0.877718443, 0.480834961, -0.801391602, -0.35534668, -0.867994479, -0.378238893, -0.321289822, 0, 1, 5, 1, 
