time, trialNum, realDorsalTactorPos, realVentralTactorPos, boxPosX, boxPosY, boxPosZ, boxLocalRot_11, boxLocalRot_12, boxLocalRot_13, boxLocalRot_21, boxLocalRot_22, boxLocalRot_23, boxLocalRot_31, boxLocalRot_32, boxLocalRot_33, boxGlobalRot_11, boxGlobalRot_12, boxGlobalRot_13, boxGlobalRot_21, boxGlobalRot_22, boxGlobalRot_23, boxGlobalRot_31, boxGlobalRot_32, boxGlobalRot_33, indexForceX, indexForceY, indexForceZ, indexForceGlobalX, indexForceGlobalY, indexForceGlobalZ, indexContact, indexPosX, indexPosY, indexPosZ, indexRot_11, indexRot_12, indexRot_13, indexRot_21, indexRot_22, indexRot_23, indexRot_31, indexRot_32, indexRot_33, thumbForceX, thumbForceY, thumbForceZ, thumbForceGlobalX, thumbForceGlobalY, thumbForceGlobalZ, thumbContact, thumbPosX, thumbPosY, thumbPosZ, thumbRot_11, thumbRot_12, thumbRot_13, thumbRot_21, thumbRot_22, thumbRot_23, thumbRot_31, thumbRot_32, thumbRot_33, manipForceTooHigh, cceExpType, mapping, trialSuccess, 
191.784002, 17, 0.1, 0.1, 0.0249897789, 0.367896605, -0.0349695765, 0.969438871, 4.89997395e-006, 0.245332987, 0.245332987, 1.52841357e-005, -0.969438871, -8.49992788e-006, 1, 1.361491e-005, 0.969438909, 6.76907304e-006, 0.245332838, 0.245332838, 1.04632731e-005, -0.969438909, -9.12918727e-006, 1, 8.48282817e-006, 0, 0, 0, 0, 0, 0, 0, 0.33370332, -0.134394482, -0.246934619, 0.00372915238, 0.326829226, -0.945069731, -0.94934082, 0.297729492, 0.0992431641, 0.313827241, 0.896927024, 0.311589774, 0, 0, -0, 0, 0, 0, 0, 0.4094771, -0.0840856934, -0.186102832, 0.548315246, 0.216449745, -0.807629488, 0.287841797, -0.955688477, -0.0607910156, -0.784998449, -0.199046292, -0.586411992, 0, 1, 3, 1, 
191.80438, 17, 0.1, 0.1, 0.0249898065, 0.367896625, -0.034975085, 0.969437262, 5.51759258e-006, 0.245339349, 0.245339349, 5.0733731e-007, -0.969437262, -5.47342964e-006, 1, -8.61850876e-007, 0.969437238, -7.47602585e-006, 0.245339442, 0.245339442, 2.45010001e-006, -0.969437238, 6.64643168e-006, 1, 4.20938219e-006, 0, 0, 0, 0, 0, 0, 0, 0.338488599, -0.142729175, -0.242158667, -0.010660668, 0.320430536, -0.947231328, -0.955688477, 0.275146484, 0.103881836, 0.293983409, 0.90646832, 0.303404294, 0, 0, -0, 0, 0, 0, 0, 0.413281055, -0.0899910645, -0.18229248, 0.537479154, 0.223806001, -0.812861416, 0.314453125, -0.947753906, -0.0531005859, -0.782332344, -0.226994912, -0.579842813, 0, 1, 3, 1, 
191.805083, 17, 0.1, 0.1, 0.024989803, 0.367896625, -0.0349757183, 0.969437361, -2.72953497e-006, 0.245338957, 0.245338957, -5.1965311e-006, -0.969437361, 3.9210247e-006, 1, -4.36805013e-006, 0.969437341, 7.45058889e-006, 0.245339036, 0.245339036, -2.13251326e-006, -0.969437341, -6.69969033e-006, 1, -3.89525828e-006, 0, 0, 0, 0, 0, 0, 0, 0.338488599, -0.142729175, -0.242158667, -0.010660668, 0.320430536, -0.947231328, -0.955688477, 0.275146484, 0.103881836, 0.293983409, 0.90646832, 0.303404294, 0, 0, -0, 0, 0, 0, 0, 0.413281055, -0.0899910645, -0.18229248, 0.537479154, 0.223806001, -0.812861416, 0.314453125, -0.947753906, -0.0531005859, -0.782332344, -0.226994912, -0.579842813, 0, 1, 3, 1, 
191.805783, 17, 0.1, 0.1, 0.0249898049, 0.367896623, -0.0349744554, 0.969437484, 2.21560826e-006, 0.245338469, 0.245338469, 3.78977552e-006, -0.969437484, -3.07767142e-006, 1, 3.13037651e-006, 0.969437457, -2.08440755e-006, 0.245338574, 0.245338574, 8.97115792e-006, -0.969437457, -1.80268333e-007, 1, 9.2083621e-006, 0, 0, 0, 0, 0, 0, 0, 0.338488599, -0.142729175, -0.242158667, -0.010660668, 0.320430536, -0.947231328, -0.955688477, 0.275146484, 0.103881836, 0.293983409, 0.90646832, 0.303404294, 0, 0, -0, 0, 0, 0, 0, 0.413281055, -0.0899910645, -0.18229248, 0.537479154, 0.223806001, -0.812861416, 0.314453125, -0.947753906, -0.0531005859, -0.782332344, -0.226994912, -0.579842813, 0, 1, 3, 1, 
191.806485, 17, 0.1, 0.1, 0.0249898044, 0.367896626, -0.0349717728, 0.969437635, 4.62627358e-006, 0.245337872, 0.245337872, 3.29151277e-006, -0.969437635, -5.29241646e-006, 1, 2.05591624e-006, 0.969437605, -9.6356152e-007, 0.24533799, 0.24533799, -8.48045669e-006, -0.969437605, 3.01469097e-006, 1, -7.98487537e-006, 0, 0, 0, 0, 0, 0, 0, 0.338488599, -0.142729175, -0.242158667, -0.010660668, 0.320430536, -0.947231328, -0.955688477, 0.275146484, 0.103881836, 0.293983409, 0.90646832, 0.303404294, 0, 0, -0, 0, 0, 0, 0, 0.413281055, -0.0899910645, -0.18229248, 0.537479154, 0.223806001, -0.812861416, 0.314453125, -0.947753906, -0.0531005859, -0.782332344, -0.226994912, -0.579842813, 0, 1, 3, 1, 
191.807201, 17, 0.1, 0.1, 0.0249898039, 0.367896625, -0.0349684976, 0.969437774, -1.45153168e-006, 0.245337325, 0.245337325, 4.67004049e-006, -0.969437774, 2.61434397e-007, 1, 4.88342855e-006, 0.969437745, -4.03627971e-006, 0.245337439, 0.245337439, -1.72320967e-006, -0.969437745, 4.33568975e-006, 1, -6.80293967e-007, 0, 0, 0, 0, 0, 0, 0, 0.338488599, -0.142729175, -0.242158667, -0.013631792, 0.319618764, -0.947422288, -0.956420898, 0.272094727, 0.10559082, 0.291611374, 0.907585628, 0.30219862, 0, 0, -0, 0, 0, 0, 0, 0.413281055, -0.0899910645, -0.18229248, 0.537479154, 0.223806001, -0.812861416, 0.314453125, -0.947753906, -0.0531005859, -0.782332344, -0.226994912, -0.579842813, 0, 1, 3, 1, 
191.807918, 17, 0.1, 0.1, 0.0249898018, 0.367896625, -0.0349653938, 0.96943792, -4.2538321e-006, 0.245336745, 0.245336745, -4.60481648e-007, -0.96943792, 4.23679921e-006, 1, 5.97212949e-007, 0.969437892, -1.4293164e-006, 0.245336856, 0.245336856, 1.11622478e-006, -0.969437892, 1.1117824e-006, 1, 1.43277459e-006, 0, 0, 0, 0, 0, 0, 0, 0.33922251, -0.143883472, -0.241502368, -0.013631792, 0.319618764, -0.947422288, -0.956420898, 0.272094727, 0.10559082, 0.291611374, 0.907585628, 0.30219862, 0, 0, -0, 0, 0, 0, 0, 0.414034619, -0.0913368652, -0.181666943, 0.535402567, 0.224770284, -0.813998507, 0.317626953, -0.946655273, -0.0524902344, -0.782427859, -0.230330358, -0.578366671, 0, 1, 3, 1, 
191.808615, 17, 0.1, 0.1, 0.0249898003, 0.367896624, -0.0349637081, 0.969438023, -7.33023301e-006, 0.245336341, 0.245336341, 1.46469e-005, -0.969438023, 3.51278974e-006, 1, 1.59976343e-005, 0.969438009, 3.80844279e-006, 0.245336396, 0.245336396, 1.24872755e-005, -0.969438009, -6.75563235e-006, 1, 1.11712899e-005, 0, 0, 0, 0, 0, 0, 0, 0.33922251, -0.143883472, -0.241502368, -0.013631792, 0.319618764, -0.947422288, -0.956420898, 0.272094727, 0.10559082, 0.291611374, 0.907585628, 0.30219862, 0, 0, -0, 0, 0, 0, 0, 0.414034619, -0.0913368652, -0.181666943, 0.535402567, 0.224770284, -0.813998507, 0.317626953, -0.946655273, -0.0524902344, -0.782427859, -0.230330358, -0.578366671, 0, 1, 3, 1, 
191.809325, 17, 0.1, 0.1, 0.0249897992, 0.367896626, -0.0349638482, 0.969438076, 7.7060345e-006, 0.245336131, 0.245336131, -1.62236646e-005, -0.969438076, -3.49027216e-006, 1, -1.76184069e-005, 0.969438064, 1.14500758e-005, 0.245336176, 0.245336176, -1.46241443e-005, -0.969438064, -7.51230771e-006, 1, -1.69863199e-005, 0, 0, 0, 0, 0, 0, 0, 0.33922251, -0.143883472, -0.241502368, -0.013631792, 0.319618764, -0.947422288, -0.956420898, 0.272094727, 0.10559082, 0.291611374, 0.907585628, 0.30219862, 0, 0, -0, 0, 0, 0, 0, 0.414034619, -0.0913368652, -0.181666943, 0.535402567, 0.224770284, -0.813998507, 0.317626953, -0.946655273, -0.0524902344, -0.782427859, -0.230330358, -0.578366671, 0, 1, 3, 1, 
191.810059, 17, 0.1, 0.1, 0.0249897997, 0.367896626, -0.0349653786, 0.969438163, 7.23569566e-006, 0.245335787, 0.245335787, 8.13837813e-007, -0.969438163, -7.21422305e-006, 1, -9.86209657e-007, 0.969438142, 2.81614979e-006, 0.245335868, 0.245335868, 6.99119007e-006, -0.969438142, -4.44527271e-006, 1, 6.08662376e-006, 0, 0, 0, 0, 0, 0, 0, 0.339902954, -0.145038501, -0.24085144, -0.017599656, 0.318762809, -0.947689632, -0.957275391, 0.267944336, 0.107910156, 0.288408472, 0.909204301, 0.300510676, 0, 0, -0, 0, 0, 0, 0, 0.414325098, -0.0925062988, -0.181052881, 0.533083177, 0.225351039, -0.81541668, 0.321411133, -0.94543457, -0.0512695312, -0.782548894, -0.234688056, -0.576551843, 0, 1, 3, 1, 
191.810757, 17, 0.1, 0.1, 0.0249898002, 0.367896627, -0.0349677125, 0.969438261, 4.1684185e-006, 0.2453354, 0.2453354, -3.54395541e-006, -0.969438261, -3.17156667e-006, 1, -4.45830659e-006, 0.969438245, -4.44284735e-006, 0.245335463, 0.245335463, -5.15820673e-006, -0.969438245, 5.57255718e-006, 1, -3.91057487e-006, 0, 0, 0, 0, 0, 0, 0, 0.339902954, -0.145038501, -0.24085144, -0.017599656, 0.318762809, -0.947689632, -0.957275391, 0.267944336, 0.107910156, 0.288408472, 0.909204301, 0.300510676, 0, 0, -0, 0, 0, 0, 0, 0.414325098, -0.0925062988, -0.181052881, 0.533083177, 0.225351039, -0.81541668, 0.321411133, -0.94543457, -0.0512695312, -0.782548894, -0.234688056, -0.576551843, 0, 1, 3, 1, 
191.811459, 17, 0.1, 0.1, 0.0249898003, 0.367896628, -0.0349703989, 0.969438324, -4.41679938e-006, 0.245335151, 0.245335151, -2.2066234e-006, -0.969438324, 4.82317687e-006, 1, -1.05558914e-006, 0.969438312, -5.98649983e-006, 0.245335199, 0.245335199, -7.63056127e-006, -0.969438312, 7.67558755e-006, 1, -5.9286593e-006, 0, 0, 0, 0, 0, 0, 0, 0.339902954, -0.145038501, -0.24085144, -0.017599656, 0.318762809, -0.947689632, -0.957275391, 0.267944336, 0.107910156, 0.288408472, 0.909204301, 0.300510676, 0, 0, -0, 0, 0, 0, 0, 0.414325098, -0.0925062988, -0.181052881, 0.533083177, 0.225351039, -0.81541668, 0.321411133, -0.94543457, -0.0512695312, -0.782548894, -0.234688056, -0.576551843, 0, 1, 3, 1, 
191.812158, 17, 0.1, 0.1, 0.0249898003, 0.367896625, -0.0349726205, 0.969438377, -3.78162466e-006, 0.24533494, 0.24533494, -6.19197901e-006, -0.969438377, 5.18516087e-006, 1, -5.07497742e-006, 0.96943837, -4.6094565e-006, 0.245334968, 0.245334968, 4.69692092e-006, -0.96943837, 3.31626505e-006, 1, 5.68423622e-006, 0, 0, 0, 0, 0, 0, 0, 0.339902954, -0.145038501, -0.24085144, -0.017599656, 0.318762809, -0.947689632, -0.957275391, 0.267944336, 0.107910156, 0.288408472, 0.909204301, 0.300510676, 0, 0, -0, 0, 0, 0, 0, 0.414325098, -0.0925062988, -0.181052881, 0.533083177, 0.225351039, -0.81541668, 0.321411133, -0.94543457, -0.0512695312, -0.782548894, -0.234688056, -0.576551843, 0, 1, 3, 1, 
191.812861, 17, 0.1, 0.1, 0.0249897986, 0.367896627, -0.0349737659, 0.969438383, -2.95525936e-006, 0.245334917, 0.245334917, 5.0551539e-006, -0.969438383, 1.62473609e-006, 1, 5.62568853e-006, 0.969438386, 4.89626607e-006, 0.245334905, 0.245334905, 3.02657529e-006, -0.969438386, -5.48915284e-006, 1, 1.7328533e-006, 0, 0, 0, 0, 0, 0, 0, 0.339902954, -0.145038501, -0.24085144, -0.017599656, 0.318762809, -0.947689632, -0.957275391, 0.267944336, 0.107910156, 0.288408472, 0.909204301, 0.300510676, 0, 0, -0, 0, 0, 0, 0, 0.414325098, -0.0925062988, -0.181052881, 0.533083177, 0.225351039, -0.81541668, 0.321411133, -0.94543457, -0.0512695312, -0.782548894, -0.234688056, -0.576551843, 0, 1, 3, 1, 
191.813561, 17, 0.1, 0.1, 0.0249897975, 0.367896626, -0.034973525, 0.969438353, 4.57268234e-006, 0.245335035, 0.245335035, 2.1914398e-006, -0.969438353, -4.9705706e-006, 1, 1.00262661e-006, 0.969438361, 7.07920647e-006, 0.245335004, 0.245335004, 3.81796534e-006, -0.969438361, -7.79953486e-006, 1, 1.96450491e-006, 0, 0, 0, 0, 0, 0, 0, 0.339902954, -0.145038501, -0.24085144, -0.017599656, 0.318762809, -0.947689632, -0.957275391, 0.267944336, 0.107910156, 0.288408472, 0.909204301, 0.300510676, 0, 0, -0, 0, 0, 0, 0, 0.414325098, -0.0925062988, -0.181052881, 0.533083177, 0.225351039, -0.81541668, 0.321411133, -0.94543457, -0.0512695312, -0.782548894, -0.234688056, -0.576551843, 0, 1, 3, 1, 
191.814257, 17, 0.1, 0.1, 0.0249897974, 0.367896626, -0.0349721378, 0.969438319, 3.31241203e-006, 0.245335171, 0.24533517, 1.27004116e-005, -0.969438319, -6.32703681e-006, 1, 1.14996145e-005, 0.969438325, 2.19581777e-006, 0.245335146, 0.245335146, 8.76047815e-006, -0.969438325, -4.27796309e-006, 1, 7.95403199e-006, 0, 0, 0, 0, 0, 0, 0, 0.339902954, -0.145038501, -0.24085144, -0.017599656, 0.318762809, -0.947689632, -0.957275391, 0.267944336, 0.107910156, 0.288408472, 0.909204301, 0.300510676, 0, 0, -0, 0, 0, 0, 0, 0.414325098, -0.0925062988, -0.181052881, 0.533083177, 0.225351039, -0.81541668, 0.321411133, -0.94543457, -0.0512695312, -0.782548894, -0.234688056, -0.576551843, 0, 1, 3, 1, 
191.814983, 17, 0.1, 0.1, 0.0249897973, 0.367896628, -0.0349697682, 0.969438269, 7.53348802e-006, 0.245335367, 0.245335367, -1.4958283e-005, -0.969438269, -3.63345572e-006, 1, -1.6349363e-005, 0.969438282, -3.04999926e-007, 0.245335314, 0.245335314, -1.71215422e-005, -0.969438282, 4.49619754e-006, 1, -1.65234512e-005, 0, 0, 0, 0, 0, 0, 0, 0.340329761, -0.145692114, -0.240174878, -0.0221010863, 0.318991961, -0.947524881, -0.958374023, 0.262573242, 0.110839844, 0.284177751, 0.91065111, 0.299990214, 0, 0, -0, 0, 0, 0, 0, 0.414817334, -0.0936227539, -0.180207275, 0.530374062, 0.226819885, -0.816713452, 0.325927734, -0.943969727, -0.0504150391, -0.782465406, -0.239320639, -0.574724256, 0, 1, 3, 1, 
191.815678, 17, 0.1, 0.1, 0.0249897977, 0.367896629, -0.034967514, 0.969438178, -4.26704446e-006, 0.245335728, 0.245335728, -2.23393676e-006, -0.969438178, 4.68470031e-006, 1, -1.11880512e-006, 0.969438198, -9.14874119e-006, 0.245335649, 0.245335649, 3.10789205e-006, -0.969438198, 8.10666246e-006, 1, 5.25742162e-006, 0, 0, 0, 0, 0, 0, 0, 0.340329761, -0.145692114, -0.240174878, -0.0221010863, 0.318991961, -0.947524881, -0.958374023, 0.262573242, 0.110839844, 0.284177751, 0.91065111, 0.299990214, 0, 0, -0, 0, 0, 0, 0, 0.414817334, -0.0936227539, -0.180207275, 0.530374062, 0.226819885, -0.816713452, 0.325927734, -0.943969727, -0.0504150391, -0.782465406, -0.239320639, -0.574724256, 0, 1, 3, 1, 
191.816375, 17, 0.1, 0.1, 0.0249897973, 0.367896629, -0.0349660025, 0.969438063, -6.93552766e-006, 0.245336181, 0.245336181, -5.37819127e-006, -0.969438063, 8.04302941e-006, 1, -3.51228746e-006, 0.969438085, -4.32784431e-006, 0.245336094, 0.245336094, -4.3370555e-006, -0.969438085, 5.25961336e-006, 1, -3.14273036e-006, 0, 0, 0, 0, 0, 0, 0, 0.340329761, -0.145692114, -0.240174878, -0.0221010863, 0.318991961, -0.947524881, -0.958374023, 0.262573242, 0.110839844, 0.284177751, 0.91065111, 0.299990214, 0, 0, -0, 0, 0, 0, 0, 0.414817334, -0.0936227539, -0.180207275, 0.530374062, 0.226819885, -0.816713452, 0.325927734, -0.943969727, -0.0504150391, -0.782465406, -0.239320639, -0.574724256, 0, 1, 3, 1, 
191.817074, 17, 0.1, 0.1, 0.0249897964, 0.367896629, -0.0349656179, 0.96943798, -4.96347062e-006, 0.245336511, 0.245336511, -6.82292086e-007, -0.96943798, 4.97916809e-006, 1, 5.56280705e-007, 0.969437993, 5.40675497e-006, 0.24533646, 0.24533646, -4.07367046e-006, -0.969437993, -4.2420938e-006, 1, -5.27564503e-006, 0, 0, 0, 0, 0, 0, 0, 0.340329761, -0.145692114, -0.240174878, -0.0221010863, 0.318991961, -0.947524881, -0.958374023, 0.262573242, 0.110839844, 0.284177751, 0.91065111, 0.299990214, 0, 0, -0, 0, 0, 0, 0, 0.414817334, -0.0936227539, -0.180207275, 0.530374062, 0.226819885, -0.816713452, 0.325927734, -0.943969727, -0.0504150391, -0.782465406, -0.239320639, -0.574724256, 0, 1, 3, 1, 
191.817769, 17, 0.1, 0.1, 0.0249897957, 0.36789663, -0.0349664221, 0.969437901, 4.29326143e-006, 0.245336822, 0.245336822, 1.51754964e-006, -0.969437901, -4.53436115e-006, 1, 4.17875022e-007, 0.969437918, 7.39603638e-006, 0.245336753, 0.245336753, 2.22196569e-006, -0.969437919, -7.71512796e-006, 1, 3.39538245e-007, 0, 0, 0, 0, 0, 0, 0, 0.340329761, -0.145692114, -0.240174878, -0.0221010863, 0.318991961, -0.947524881, -0.958374023, 0.262573242, 0.110839844, 0.284177751, 0.91065111, 0.299990214, 0, 0, -0, 0, 0, 0, 0, 0.414817334, -0.0936227539, -0.180207275, 0.530374062, 0.226819885, -0.816713452, 0.325927734, -0.943969727, -0.0504150391, -0.782465406, -0.239320639, -0.574724256, 0, 1, 3, 1, 
191.818468, 17, 0.1, 0.1, 0.0249897956, 0.367896631, -0.0349680889, 0.969437825, 7.7157405e-006, 0.245337123, 0.245337123, -2.82035551e-006, -0.969437825, -6.78799278e-006, 1, -4.62711689e-006, 0.969437836, 3.78174682e-006, 0.24533708, 0.24533708, 1.76693583e-006, -0.969437836, -4.09966333e-006, 1, 7.85131723e-007, 0, 0, 0, 0, 0, 0, 0, 0.340329761, -0.145692114, -0.240174878, -0.0221010863, 0.318991961, -0.947524881, -0.958374023, 0.262573242, 0.110839844, 0.284177751, 0.91065111, 0.299990214, 0, 0, -0, 0, 0, 0, 0, 0.414817334, -0.0936227539, -0.180207275, 0.530374062, 0.226819885, -0.816713452, 0.325927734, -0.943969727, -0.0504150391, -0.782465406, -0.239320639, -0.574724256, 0, 1, 3, 1, 
191.819203, 17, 0.1, 0.1, 0.024989796, 0.367896632, -0.0349699003, 0.969437772, 4.36242173e-006, 0.245337333, 0.245337333, -1.90863027e-006, -0.969437772, -3.76083814e-006, 1, -2.92056319e-006, 0.969437783, -3.51267584e-006, 0.245337287, 0.245337287, -4.45815582e-006, -0.969437783, 4.49907254e-006, 1, -3.46011433e-006, 0, 0, 0, 0, 0, 0, 0, 0.340329761, -0.145692114, -0.240174878, -0.0221010863, 0.318991961, -0.947524881, -0.958374023, 0.262573242, 0.110839844, 0.284177751, 0.91065111, 0.299990214, 0, 0, -0, 0, 0, 0, 0, 0.414817334, -0.0936227539, -0.180207275, 0.530374062, 0.226819885, -0.816713452, 0.325927734, -0.943969727, -0.0504150391, -0.782465406, -0.239320639, -0.574724256, 0, 1, 3, 1, 
191.819932, 17, 0.1, 0.1, 0.0249897964, 0.367896632, -0.0349709595, 0.969437702, -5.59614892e-006, 0.245337608, 0.245337608, 2.39677389e-006, -0.969437702, 4.83709897e-006, 1, 3.69646877e-006, 0.969437714, -7.18259033e-006, 0.24533756, 0.24533756, -3.66160151e-006, -0.969437714, 7.86140233e-006, 1, -1.78753542e-006, 0, 0, 0, 0, 0, 0, 0, 0.340605103, -0.146571655, -0.239047803, -0.0252440743, 0.319182922, -0.947302842, -0.959350586, 0.258300781, 0.112548828, 0.280720609, 0.911856784, 0.299831455, 0, 0, -0, 0, 0, 0, 0, 0.415142969, -0.0940362793, -0.179123779, 0.528342318, 0.228774337, -0.817569459, 0.330688477, -0.942260742, -0.0499267578, -0.781819752, -0.243902184, -0.573586799, 0, 1, 3, 1, 
191.820634, 17, 0.1, 0.1, 0.0249897962, 0.367896631, -0.0349713292, 0.969437664, -7.46811494e-006, 0.245337758, 0.245337758, 2.45789656e-006, -0.969437664, 6.63685707e-006, 1, 4.21498807e-006, 0.969437671, -5.28458718e-006, 0.245337731, 0.245337731, 2.98629632e-006, -0.969437671, 4.39042672e-006, 1, 4.19153678e-006, 0, 0, 0, 0, 0, 0, 0, 0.340605103, -0.146571655, -0.239047803, -0.0252440743, 0.319182922, -0.947302842, -0.959350586, 0.258300781, 0.112548828, 0.280720609, 0.911856784, 0.299831455, 0, 0, -0, 0, 0, 0, 0, 0.415142969, -0.0940362793, -0.179123779, 0.528342318, 0.228774337, -0.817569459, 0.330688477, -0.942260742, -0.0499267578, -0.781819752, -0.243902184, -0.573586799, 0, 1, 3, 1, 
191.821336, 17, 0.1, 0.1, 0.0249897955, 0.36789663, -0.0349710691, 0.969437616, -3.08561898e-006, 0.245337947, 0.245337947, -1.44742636e-006, -0.969437616, 3.34642372e-006, 1, -6.46170132e-007, 0.969437627, 3.18763249e-006, 0.245337903, 0.245337903, 5.58771171e-006, -0.969437627, -4.46108835e-006, 1, 4.63489091e-006, 0, 0, 0, 0, 0, 0, 0, 0.340605103, -0.146571655, -0.239047803, -0.0252440743, 0.319182922, -0.947302842, -0.959350586, 0.258300781, 0.112548828, 0.280720609, 0.911856784, 0.299831455, 0, 0, -0, 0, 0, 0, 0, 0.415142969, -0.0940362793, -0.179123779, 0.528342318, 0.228774337, -0.817569459, 0.330688477, -0.942260742, -0.0499267578, -0.781819752, -0.243902184, -0.573586799, 0, 1, 3, 1, 
191.822032, 17, 0.1, 0.1, 0.0249897947, 0.36789663, -0.0349703866, 0.96943758, 4.9750885e-006, 0.245338091, 0.245338091, -2.68592723e-007, -0.96943758, -4.75714173e-006, 1, -1.48096259e-006, 0.969437584, 7.88463055e-006, 0.245338074, 0.245338074, 5.59849181e-007, -0.969437584, -7.78100951e-006, 1, -1.39166124e-006, 0, 0, 0, 0, 0, 0, 0, 0.340605103, -0.146571655, -0.239047803, -0.0252440743, 0.319182922, -0.947302842, -0.959350586, 0.258300781, 0.112548828, 0.280720609, 0.911856784, 0.299831455, 0, 0, -0, 0, 0, 0, 0, 0.415142969, -0.0940362793, -0.179123779, 0.528342318, 0.228774337, -0.817569459, 0.330688477, -0.942260742, -0.0499267578, -0.781819752, -0.243902184, -0.573586799, 0, 1, 3, 1, 
191.822743, 17, 0.1, 0.1, 0.0249897947, 0.36789663, -0.0349693565, 0.969437552, 6.15474657e-006, 0.245338201, 0.245338201, 4.61974663e-006, -0.969437552, -7.10004278e-006, 1, 2.96856141e-006, 0.96943756, 5.14685353e-006, 0.245338168, 0.245338168, -1.1126791e-006, -0.96943756, -4.71657047e-006, 1, -2.34139253e-006, 0, 0, 0, 0, 0, 0, 0, 0.340605103, -0.146571655, -0.239047803, -0.0252440743, 0.319182922, -0.947302842, -0.959350586, 0.258300781, 0.112548828, 0.280720609, 0.911856784, 0.299831455, 0, 0, -0, 0, 0, 0, 0, 0.414605762, -0.0943848633, -0.179195557, 0.523901498, 0.231527562, -0.819600837, 0.335327148, -0.940551758, -0.0512695312, -0.782777472, -0.247908803, -0.570608995, 0, 1, 3, 1, 
191.82344, 17, 0.1, 0.1, 0.0249897951, 0.36789663, -0.0349684159, 0.969437512, 3.34241146e-006, 0.245338358, 0.245338358, 2.46761174e-006, -0.969437512, -3.84565886e-006, 1, 1.57217365e-006, 0.969437518, -5.0328315e-006, 0.245338336, 0.245338336, 7.75383934e-007, -0.969437518, 4.68878427e-006, 1, 1.98643278e-006, 0, 0, 0, 0, 0, 0, 0, 0.340605103, -0.146571655, -0.239047803, -0.0252440743, 0.319182922, -0.947302842, -0.959350586, 0.258300781, 0.112548828, 0.280720609, 0.911856784, 0.299831455, 0, 0, -0, 0, 0, 0, 0, 0.414605762, -0.0943848633, -0.179195557, 0.523901498, 0.231527562, -0.819600837, 0.335327148, -0.940551758, -0.0512695312, -0.782777472, -0.247908803, -0.570608995, 0, 1, 3, 1, 
191.82414, 17, 0.1, 0.1, 0.0249897953, 0.367896631, -0.0349678631, 0.9694375, -3.85577746e-006, 0.245338406, 0.245338406, -5.77568324e-006, -0.9694375, 5.15493218e-006, 1, -4.65319362e-006, 0.969437503, -8.40836063e-006, 0.245338395, 0.245338395, -1.03505174e-006, -0.969437503, 8.40531806e-006, 1, 1.05947573e-006, 0, 0, 0, 0, 0, 0, 0, 0.340605103, -0.146571655, -0.239047803, -0.0252440743, 0.319182922, -0.947302842, -0.959350586, 0.258300781, 0.112548828, 0.280720609, 0.911856784, 0.299831455, 0, 0, -0, 0, 0, 0, 0, 0.414605762, -0.0943848633, -0.179195557, 0.523901498, 0.231527562, -0.819600837, 0.335327148, -0.940551758, -0.0512695312, -0.782777472, -0.247908803, -0.570608995, 0, 1, 3, 1, 
191.824859, 17, 0.1, 0.1, 0.0249897947, 0.367896632, -0.0349676485, 0.969437464, -6.43750172e-006, 0.245338547, 0.245338547, -5.03022068e-006, -0.969437464, 7.47486238e-006, 1, -3.29711706e-006, 0.969437472, -3.74025385e-006, 0.245338518, 0.245338518, -4.55507379e-006, -0.969437472, 4.74347729e-006, 1, -3.49823089e-006, 0, 0, 0, 0, 0, 0, 0, 0.340323975, -0.146925977, -0.239009229, -0.0306265468, 0.320966345, -0.946585429, -0.959838867, 0.254638672, 0.11730957, 0.278730495, 0.912192277, 0.300459379, 0, 0, -0, 0, 0, 0, 0, 0.414605762, -0.0943848633, -0.179195557, 0.523901498, 0.231527562, -0.819600837, 0.335327148, -0.940551758, -0.0512695312, -0.782777472, -0.247908803, -0.570608995, 0, 1, 3, 1, 
191.825559, 17, 0.1, 0.1, 0.024989794, 0.367896631, -0.0349678985, 0.96943745, -4.91509193e-006, 0.245338604, 0.245338604, 1.8157723e-006, -0.96943745, 4.31939515e-006, 1, 2.96613946e-006, 0.96943745, 5.07281306e-006, 0.245338602, 0.245338602, -1.68321451e-006, -0.96943745, -4.50481747e-006, 1, -2.87632804e-006, 0, 0, 0, 0, 0, 0, 0, 0.340323975, -0.146925977, -0.239009229, -0.0306265468, 0.320966345, -0.946585429, -0.959838867, 0.254638672, 0.11730957, 0.278730495, 0.912192277, 0.300459379, 0, 0, -0, 0, 0, 0, 0, 0.414605762, -0.0943848633, -0.179195557, 0.523901498, 0.231527562, -0.819600837, 0.335327148, -0.940551758, -0.0512695312, -0.782777472, -0.247908803, -0.570608995, 0, 1, 3, 1, 
191.826272, 17, 0.1, 0.1, 0.0249897933, 0.367896631, -0.034968494, 0.969437431, 3.7718761e-006, 0.245338679, 0.245338679, 4.45231007e-006, -0.969437431, -4.74892175e-006, 1, 3.39084893e-006, 0.969437437, 6.85919365e-006, 0.245338653, 0.245338653, 5.23872469e-006, -0.969437437, -7.93482078e-006, 1, 3.3957905e-006, 0, 0, 0, 0, 0, 0, 0, 0.340323975, -0.146925977, -0.239009229, -0.0306265468, 0.320966345, -0.946585429, -0.959838867, 0.254638672, 0.11730957, 0.278730495, 0.912192277, 0.300459379, 0, 0, -0, 0, 0, 0, 0, 0.414605762, -0.0943848633, -0.179195557, 0.523901498, 0.231527562, -0.819600837, 0.335327148, -0.940551758, -0.0512695312, -0.782777472, -0.247908803, -0.570608995, 0, 1, 3, 1, 
191.826984, 17, 0.1, 0.1, 0.0249897932, 0.367896631, -0.0349692507, 0.969437408, 7.77351485e-006, 0.245338768, 0.245338768, -9.11099501e-007, -0.969437408, -7.31240806e-006, 1, -2.7903985e-006, 0.969437409, 3.65717392e-006, 0.245338764, 0.245338764, 4.27046122e-006, -0.969437409, -4.59311089e-006, 1, 3.24269834e-006, 0, 0, 0, 0, 0, 0, 0, 0.340323975, -0.146925977, -0.239009229, -0.034593289, 0.320338421, -0.946592542, -0.959960937, 0.252685547, 0.120605469, 0.277875662, 0.91290969, 0.298853811, 0, 0, -0, 0, 0, 0, 0, 0.414605762, -0.0943848633, -0.179195557, 0.523901498, 0.231527562, -0.819600837, 0.335327148, -0.940551758, -0.0512695312, -0.782777472, -0.247908803, -0.570608995, 0, 1, 3, 1, 
191.827691, 17, 0.1, 0.1, 0.0249897935, 0.367896632, -0.0349697433, 0.969437405, 4.24241389e-006, 0.24533878, 0.24533878, -1.27805192e-006, -0.969437406, -3.79919902e-006, 1, -2.27981998e-006, 0.969437408, -3.61084982e-006, 0.24533877, 0.24533877, -3.50259277e-006, -0.969437408, 4.35981469e-006, 1, -2.509663e-006, 0, 0, 0, 0, 0, 0, 0, 0.340118652, -0.148072095, -0.238567993, -0.034593289, 0.320338421, -0.946592542, -0.959960937, 0.252685547, 0.120605469, 0.277875662, 0.91290969, 0.298853811, 0, 0, -0, 0, 0, 0, 0, 0.414521387, -0.0952939453, -0.179052148, 0.51978004, 0.232198002, -0.821938817, 0.337890625, -0.939697266, -0.0517578125, -0.784438081, -0.250784162, -0.567049703, 0, 1, 3, 1, 
191.828389, 17, 0.1, 0.1, 0.0249897938, 0.367896631, -0.0349701446, 0.969437381, -5.0754132e-006, 0.245338876, 0.245338876, 1.99496206e-006, -0.969437381, 4.43085353e-006, 1, 3.17918697e-006, 0.969437385, -6.67441986e-006, 0.245338859, 0.245338859, -3.76055501e-006, -0.969437385, 7.39304241e-006, 1, -2.00812807e-006, 0, 0, 0, 0, 0, 0, 0, 0.340118652, -0.148072095, -0.238567993, -0.034593289, 0.320338421, -0.946592542, -0.959960937, 0.252685547, 0.120605469, 0.277875662, 0.91290969, 0.298853811, 0, 0, -0, 0, 0, 0, 0, 0.414521387, -0.0952939453, -0.179052148, 0.51978004, 0.232198002, -0.821938817, 0.337890625, -0.939697266, -0.0517578125, -0.784438081, -0.250784162, -0.567049703, 0, 1, 3, 1, 
191.829138, 17, 0.1, 0.1, 0.0249897939, 0.367896631, -0.0349701668, 0.969437381, -9.17528888e-006, 0.245338875, 0.245338875, 1.00503208e-006, -0.969437381, 8.64829458e-006, 1, 3.22537072e-006, 0.969437381, -6.40062212e-006, 0.245338877, 0.245338877, 1.93002635e-006, -0.969437381, 5.73149185e-006, 1, 3.44136113e-006, 0, 0, 0, 0, 0, 0, 0, 0.340118652, -0.148072095, -0.238567993, -0.034593289, 0.320338421, -0.946592542, -0.959960937, 0.252685547, 0.120605469, 0.277875662, 0.91290969, 0.298853811, 0, 0, -0, 0, 0, 0, 0, 0.414521387, -0.0952939453, -0.179052148, 0.51978004, 0.232198002, -0.821938817, 0.337890625, -0.939697266, -0.0517578125, -0.784438081, -0.250784162, -0.567049703, 0, 1, 3, 1, 
191.829883, 17, 0.1, 0.1, 0.0249897936, 0.367896631, -0.0349692168, 0.969437364, -5.51446435e-006, 0.245338945, 0.245338945, -5.05763388e-006, -0.969437364, 6.58676234e-006, 1, -3.55014638e-006, 0.96943737, 2.18984356e-006, 0.245338921, 0.245338921, 3.71271044e-006, -0.96943737, -3.03378856e-006, 1, 3.06198639e-006, 0, 0, 0, 0, 0, 0, 0, 0.340118652, -0.148072095, -0.238567993, -0.034593289, 0.320338421, -0.946592542, -0.959960937, 0.252685547, 0.120605469, 0.277875662, 0.91290969, 0.298853811, 0, 0, -0, 0, 0, 0, 0, 0.414521387, -0.0952939453, -0.179052148, 0.51978004, 0.232198002, -0.821938817, 0.337890625, -0.939697266, -0.0517578125, -0.784438081, -0.250784162, -0.567049703, 0, 1, 3, 1, 
191.830582, 17, 0.1, 0.1, 0.0249897934, 0.367896632, -0.0349680825, 0.969437354, 4.44521513e-006, 0.245338982, 0.245338982, -3.23522536e-006, -0.969437354, -3.51563069e-006, 1, -4.22693287e-006, 0.969437353, 7.25983827e-006, 0.245338986, 0.245338986, -2.52055726e-006, -0.969437353, -6.41956743e-006, 1, -4.22464372e-006, 0, 0, 0, 0, 0, 0, 0, 0.340118652, -0.148072095, -0.238567993, -0.034593289, 0.320338421, -0.946592542, -0.959960937, 0.252685547, 0.120605469, 0.277875662, 0.91290969, 0.298853811, 0, 0, -0, 0, 0, 0, 0, 0.414521387, -0.0952939453, -0.179052148, 0.51978004, 0.232198002, -0.821938817, 0.337890625, -0.939697266, -0.0517578125, -0.784438081, -0.250784162, -0.567049703, 0, 1, 3, 1, 
191.831285, 17, 0.1, 0.1, 0.0249897933, 0.367896632, -0.0349674128, 0.969437352, 7.4046764e-006, 0.245338991, 0.245338991, 4.09195849e-006, -0.969437352, -8.18228684e-006, 1, 2.15024156e-006, 0.969437356, 6.07610563e-006, 0.245338976, 0.245338976, -2.41520375e-006, -0.969437356, -5.29786016e-006, 1, -3.83209428e-006, 0, 0, 0, 0, 0, 0, 0, 0.340118652, -0.148072095, -0.238567993, -0.034593289, 0.320338421, -0.946592542, -0.959960937, 0.252685547, 0.120605469, 0.277875662, 0.91290969, 0.298853811, 0, 0, -0, 0, 0, 0, 0, 0.414521387, -0.0952939453, -0.179052148, 0.51978004, 0.232198002, -0.821938817, 0.337890625, -0.939697266, -0.0517578125, -0.784438081, -0.250784162, -0.567049703, 0, 1, 3, 1, 
191.832001, 17, 0.1, 0.1, 0.0249897932, 0.367896632, -0.0349673012, 0.969437333, 5.38721615e-006, 0.245339066, 0.245339066, 4.66033243e-006, -0.969437333, -6.36593007e-006, 1, 3.19620566e-006, 0.969437334, -3.42685386e-006, 0.245339061, 0.245339061, 2.60948788e-006, -0.969437334, 2.68191076e-006, 1, 3.37047608e-006, 0, 0, 0, 0, 0, 0, 0, 0.339919556, -0.148515283, -0.237892773, -0.038370193, 0.320351526, -0.946446887, -0.960327148, 0.249755859, 0.123413086, 0.275878434, 0.913772758, 0.298212782, 0, 0, -0, 0, 0, 0, 0, 0.414521387, -0.0952939453, -0.179052148, 0.51978004, 0.232198002, -0.821938817, 0.337890625, -0.939697266, -0.0517578125, -0.784438081, -0.250784162, -0.567049703, 0, 1, 3, 1, 
191.832715, 17, 0.1, 0.1, 0.0249897927, 0.367896633, -0.034967529, 0.969437342, -2.23044861e-006, 0.245339032, 0.245339032, -3.7847796e-006, -0.969437342, 3.09083433e-006, 1, -3.12189057e-006, 0.969437341, -6.55106195e-006, 0.245339036, 0.245339036, 1.01227606e-006, -0.969437341, 6.10249324e-006, 1, 2.58856944e-006, 0, 0, 0, 0, 0, 0, 0, 0.339919556, -0.148515283, -0.237892773, -0.038370193, 0.320351526, -0.946446887, -0.960327148, 0.249755859, 0.123413086, 0.275878434, 0.913772758, 0.298212782, 0, 0, -0, 0, 0, 0, 0, 0.414225488, -0.0957250488, -0.1791354, 0.515754464, 0.233366809, -0.824251278, 0.340820312, -0.938598633, -0.0524902344, -0.785843128, -0.253729883, -0.563733214, 0, 1, 3, 1, 
191.833415, 17, 0.1, 0.1, 0.024989792, 0.367896633, -0.0349682841, 0.969437326, -6.68278194e-006, 0.245339095, 0.245339095, -3.97441133e-006, -0.969437326, 7.45361673e-006, 1, -2.21339502e-006, 0.969437329, -3.72384272e-006, 0.24533908, 0.24533908, -3.39101811e-006, -0.969437329, 4.44198141e-006, 1, -2.37377539e-006, 0, 0, 0, 0, 0, 0, 0, 0.339919556, -0.148515283, -0.237892773, -0.038370193, 0.320351526, -0.946446887, -0.960327148, 0.249755859, 0.123413086, 0.275878434, 0.913772758, 0.298212782, 0, 0, -0, 0, 0, 0, 0, 0.414225488, -0.0957250488, -0.1791354, 0.515754464, 0.233366809, -0.824251278, 0.340820312, -0.938598633, -0.0524902344, -0.785843128, -0.253729883, -0.563733214, 0, 1, 3, 1, 
191.834116, 17, 0.1, 0.1, 0.0249897917, 0.367896632, -0.0349693139, 0.969437328, -6.36949983e-006, 0.245339087, 0.245339087, 1.95708489e-006, -0.969437328, 5.69468148e-006, 1, 3.45995842e-006, 0.969437325, 3.17948818e-006, 0.245339097, 0.245339097, -1.22177768e-006, -0.969437325, -2.78256469e-006, 1, -1.96448964e-006, 0, 0, 0, 0, 0, 0, 0, 0.339919556, -0.148515283, -0.237892773, -0.038370193, 0.320351526, -0.946446887, -0.960327148, 0.249755859, 0.123413086, 0.275878434, 0.913772758, 0.298212782, 0, 0, -0, 0, 0, 0, 0, 0.414225488, -0.0957250488, -0.1791354, 0.515754464, 0.233366809, -0.824251278, 0.340820312, -0.938598633, -0.0524902344, -0.785843128, -0.253729883, -0.563733214, 0, 1, 3, 1, 
191.834831, 17, 0.1, 0.1, 0.024989792, 0.367896632, -0.0349702815, 0.969437324, 9.12964823e-007, 0.245339103, 0.245339103, 4.59221186e-006, -0.969437324, -2.01171131e-006, 1, 4.22787561e-006, 0.969437327, 3.80106765e-006, 0.245339089, 0.245339089, 5.36640777e-006, -0.969437327, -5.00148646e-006, 1, 4.26984553e-006, 0, 0, 0, 0, 0, 0, 0, 0.340472095, -0.149621362, -0.237442871, -0.0406107993, 0.320529381, -0.946364512, -0.960571289, 0.248168945, 0.125244141, 0.274997392, 0.914115364, 0.297952551, 0, 0, -0, 0, 0, 0, 0, 0.414225488, -0.0957250488, -0.1791354, 0.512348656, 0.234868104, -0.825880171, 0.342651367, -0.937744141, -0.0541992187, -0.787305777, -0.255167746, -0.561081335, 0, 1, 3, 1, 
191.836005, 17, 0.1, 0.1, 0.0249897941, 0.367896634, -0.0349651648, 0.969437313, 1.20207954e-005, 0.245339143, 0.245339143, -5.04827363e-006, -0.969437313, -1.04148685e-005, 1, -7.84315646e-006, 0.969437306, 4.74835474e-006, 0.245339172, 0.245339172, 3.89046148e-006, -0.969437306, -5.55771483e-006, 1, 2.60660107e-006, 0, 0, 0, 0, 0, 0, 0, 0.340472095, -0.149621362, -0.237442871, -0.0406107993, 0.320529381, -0.946364512, -0.960571289, 0.248168945, 0.125244141, 0.274997392, 0.914115364, 0.297952551, 0, 0, -0, 0, 0, 0, 0, 0.414192627, -0.0965489258, -0.179187402, 0.512348656, 0.234868104, -0.825880171, 0.342651367, -0.937744141, -0.0541992187, -0.787305777, -0.255167746, -0.561081335, 0, 1, 3, 1, 
191.837128, 17, 0.1, 0.1, 0.0249897953, 0.367896636, -0.0349541666, 0.96943735, 1.50562438e-005, 0.245338998, 0.245338998, -2.73727697e-006, -0.96943735, -1.39245243e-005, 1, -6.34750232e-006, 0.96943735, -5.13321459e-006, 0.245338997, 0.245338997, -9.58138124e-006, -0.96943735, 7.32701641e-006, 1, -8.02917112e-006, 0, 0, 0, 0, 0, 0, 0, 0.340472095, -0.149621362, -0.237442871, -0.0406107993, 0.320529381, -0.946364512, -0.960571289, 0.248168945, 0.125244141, 0.274997392, 0.914115364, 0.297952551, 0, 0, -0, 0, 0, 0, 0, 0.414192627, -0.0965489258, -0.179187402, 0.512348656, 0.234868104, -0.825880171, 0.342651367, -0.937744141, -0.0541992187, -0.787305777, -0.255167746, -0.561081335, 0, 1, 3, 1, 
191.838249, 17, 0.1, 0.1, 0.0249897965, 0.367896635, -0.03494321, 0.969437295, -1.16261998e-005, 0.245339215, 0.245339216, 9.00188067e-006, -0.969437295, 9.06235731e-006, 1, 1.15791216e-005, 0.969437304, -1.73969773e-005, 0.245339182, 0.245339182, -9.58083895e-006, -0.969437304, 1.9215834e-005, 1, -5.01986249e-006, 0, 0, 0, 0, 0, 0, 0, 0.340472095, -0.149621362, -0.237442871, -0.0406107993, 0.320529381, -0.946364512, -0.960571289, 0.248168945, 0.125244141, 0.274997392, 0.914115364, 0.297952551, 0, 0, -0, 0, 0, 0, 0, 0.414192627, -0.0965489258, -0.179187402, 0.512348656, 0.234868104, -0.825880171, 0.342651367, -0.937744141, -0.0541992187, -0.787305777, -0.255167746, -0.561081335, 0, 1, 3, 1, 
191.839353, 17, 0.1, 0.1, 0.0249897946, 0.367896632, -0.0349371946, 0.969437353, -2.47477274e-005, 0.245338985, 0.245338985, 4.0073471e-006, -0.969437353, 2.30082129e-005, 1, 9.9564543e-006, 0.969437339, -1.62494892e-005, 0.245339041, 0.245339041, 6.69919603e-006, -0.969437339, 1.41092872e-005, 1, 1.04810849e-005, 0, 0, 0, 0, 0, 0, 0, 0.340472095, -0.149621362, -0.237442871, -0.0406107993, 0.320529381, -0.946364512, -0.960571289, 0.248168945, 0.125244141, 0.274997392, 0.914115364, 0.297952551, 0, 0, -0, 0, 0, 0, 0, 0.414192627, -0.0965489258, -0.179187402, 0.512348656, 0.234868104, -0.825880171, 0.342651367, -0.937744141, -0.0541992187, -0.787305777, -0.255167746, -0.561081335, 0, 1, 3, 1, 
191.840318, 17, 0.1, 0.1, 0.0249897903, 0.367896631, -0.034938233, 0.969437335, -1.24058186e-006, 0.245339059, 0.245339059, -5.19327759e-007, -0.969437335, 1.33007775e-006, 1, -1.99092532e-007, 0.969437344, 1.34340158e-005, 0.245339021, 0.245339021, 1.45889648e-005, -0.969437344, -1.6602679e-005, 1, 1.0847199e-005, 0, 0, 0, 0, 0, 0, 0, 0.340329883, -0.150466235, -0.237195947, -0.0433085878, 0.321449737, -0.945926426, -0.96081543, 0.245849609, 0.127563477, 0.273570801, 0.914463962, 0.298377533, 0, 0, -0, 0, 0, 0, 0, 0.414044922, -0.0973898926, -0.179001758, 0.510150668, 0.236496998, -0.8268831, 0.345703125, -0.936645508, -0.0546875, -0.787414052, -0.257819625, -0.559713834, 0, 1, 3, 1, 
191.841014, 17, 0.1, 0.1, 0.0249897892, 0.36789663, -0.0349476213, 0.969437321, 7.70535419e-006, 0.245339115, 0.245339115, 1.18281667e-006, -0.969437321, -7.76004911e-006, 1, -7.43758147e-007, 0.969437319, 1.33540877e-005, 0.245339123, 0.245339123, 3.06451246e-006, -0.969437319, -1.36977957e-005, 1, -3.05427416e-007, 0, 0, 0, 0, 0, 0, 0, 0.340329883, -0.150466235, -0.237195947, -0.0433085878, 0.321449737, -0.945926426, -0.96081543, 0.245849609, 0.127563477, 0.273570801, 0.914463962, 0.298377533, 0, 0, -0, 0, 0, 0, 0, 0.414044922, -0.0973898926, -0.179001758, 0.510150668, 0.236496998, -0.8268831, 0.345703125, -0.936645508, -0.0546875, -0.787414052, -0.257819625, -0.559713834, 0, 1, 3, 1, 
191.841709, 17, 0.1, 0.1, 0.0249897906, 0.367896629, -0.0349624128, 0.969437321, 1.27721944e-005, 0.245339112, 0.245339112, 8.44664094e-006, -0.969437321, -1.44541333e-005, 1, 5.05497014e-006, 0.969437325, -8.50842489e-007, 0.245339096, 0.245339096, -1.24746916e-006, -0.969437325, 1.13089142e-006, 1, -1.00059824e-006, 0, 0, 0, 0, 0, 0, 0, 0.340329883, -0.150466235, -0.237195947, -0.0433085878, 0.321449737, -0.945926426, -0.96081543, 0.245849609, 0.127563477, 0.273570801, 0.914463962, 0.298377533, 0, 0, -0, 0, 0, 0, 0, 0.414044922, -0.0973898926, -0.179001758, 0.510150668, 0.236496998, -0.8268831, 0.345703125, -0.936645508, -0.0546875, -0.787414052, -0.257819625, -0.559713834, 0, 1, 3, 1, 
191.842404, 17, 0.1, 0.1, 0.0249897846, 0.367896627, -0.03497788, 0.969437322, 3.40376457e-006, 0.245339111, 0.245339111, 4.34383565e-006, -0.969437322, -4.36544919e-006, 1, 3.37599982e-006, 0.969437322, 1.43281951e-005, 0.245339107, 0.245339107, 7.14944736e-006, -0.969437323, -1.56443261e-005, 1, 3.41567451e-006, 0, 0, 0, 0, 0, 0, 0, 0.340329883, -0.150466235, -0.237195947, -0.0433085878, 0.321449737, -0.945926426, -0.96081543, 0.245849609, 0.127563477, 0.273570801, 0.914463962, 0.298377533, 0, 0, -0, 0, 0, 0, 0, 0.414044922, -0.0973898926, -0.179001758, 0.510150668, 0.236496998, -0.8268831, 0.345703125, -0.936645508, -0.0546875, -0.787414052, -0.257819625, -0.559713834, 0, 1, 3, 1, 
191.843114, 17, 0.1, 0.1, 0.0249897934, 0.36789663, -0.0349896036, 0.969437317, -3.37984943e-005, 0.245339126, 0.245339125, -9.65745191e-006, -0.969437318, 3.51348725e-005, 0.999999999, -1.07020124e-006, 0.969437318, -3.25391949e-005, 0.245339123, 0.245339123, -7.46867126e-006, -0.969437319, 3.33770671e-005, 0.999999999, 7.42728911e-007, 0, 0, 0, 0, 0, 0, 0, 0.340329883, -0.150466235, -0.237195947, -0.0433085878, 0.321449737, -0.945926426, -0.96081543, 0.245849609, 0.127563477, 0.273570801, 0.914463962, 0.298377533, 0, 0, -0, 0, 0, 0, 0, 0.414044922, -0.0973898926, -0.179001758, 0.510150668, 0.236496998, -0.8268831, 0.345703125, -0.936645508, -0.0546875, -0.787414052, -0.257819625, -0.559713834, 0, 1, 3, 1, 
191.843809, 17, 0.1, 0.1, 0.0249898021, 0.367896632, -0.0349942592, 0.969437315, -1.59635422e-005, 0.245339138, 0.245339138, -2.7824028e-006, -0.969437315, 1.61582857e-005, 1, 1.21911657e-006, 0.969437313, -2.24150004e-005, 0.245339143, 0.245339143, -4.13777381e-006, -0.969437314, 2.27450957e-005, 1, 1.48796466e-006, 0, 0, 0, 0, 0, 0, 0, 0.340329883, -0.150466235, -0.237195947, -0.0433085878, 0.321449737, -0.945926426, -0.96081543, 0.245849609, 0.127563477, 0.273570801, 0.914463962, 0.298377533, 0, 0, -0, 0, 0, 0, 0, 0.414044922, -0.0973898926, -0.179001758, 0.510150668, 0.236496998, -0.8268831, 0.345703125, -0.936645508, -0.0546875, -0.787414052, -0.257819625, -0.559713834, 0, 1, 3, 1, 
