time, trialNum, realDorsalTactorPos, realVentralTactorPos, boxPosX, boxPosY, boxPosZ, boxLocalRot_11, boxLocalRot_12, boxLocalRot_13, boxLocalRot_21, boxLocalRot_22, boxLocalRot_23, boxLocalRot_31, boxLocalRot_32, boxLocalRot_33, boxGlobalRot_11, boxGlobalRot_12, boxGlobalRot_13, boxGlobalRot_21, boxGlobalRot_22, boxGlobalRot_23, boxGlobalRot_31, boxGlobalRot_32, boxGlobalRot_33, indexForceX, indexForceY, indexForceZ, indexForceGlobalX, indexForceGlobalY, indexForceGlobalZ, indexContact, indexPosX, indexPosY, indexPosZ, indexRot_11, indexRot_12, indexRot_13, indexRot_21, indexRot_22, indexRot_23, indexRot_31, indexRot_32, indexRot_33, thumbForceX, thumbForceY, thumbForceZ, thumbForceGlobalX, thumbForceGlobalY, thumbForceGlobalZ, thumbContact, thumbPosX, thumbPosY, thumbPosZ, thumbRot_11, thumbRot_12, thumbRot_13, thumbRot_21, thumbRot_22, thumbRot_23, thumbRot_31, thumbRot_32, thumbRot_33, manipForceTooHigh, cceExpType, mapping, trialSuccess, 
267.513052, 28, 0.1, 0.1, 0.0270625439, 0.377443016, -0.0349688071, 0.971680516, -5.22529187e-006, 0.236298486, 0.236298486, 9.64918377e-006, -0.971680516, 2.79722678e-006, 1, 1.06106524e-005, 0.971680519, -5.72964674e-006, 0.236298475, 0.236298475, 1.01309708e-005, -0.971680519, 3.17345318e-006, 1, 1.11979737e-005, 0, 0, 0, 0, 0, 0, 0, 0.341913672, -0.143435986, -0.260804004, -0.0338549947, 0.55080462, -0.833920919, -0.909057617, 0.329711914, 0.254760742, 0.415192959, 0.766781385, 0.489755156, 0, 0, -0, 0, 0, 0, 0, 0.411807227, -0.102239453, -0.209870361, 0.417542369, 0.24997254, -0.873456034, 0.379638672, -0.921386719, -0.0821533203, -0.8253784, -0.297276611, -0.479793635, 0, 1, 5, 1, 
267.528591, 28, 0.1, 0.1, 0.027062527, 0.377443029, -0.0349665416, 0.971679299, -1.19917237e-006, 0.236303492, 0.236303492, -1.10772065e-005, -0.971679299, 3.78279355e-006, 1, -1.04801237e-005, 0.97167932, -1.18756812e-005, 0.236303402, 0.236303402, -1.41156197e-005, -0.97167932, 1.48749228e-005, 1, -1.09095919e-005, 0, 0, 0, 0, 0, 0, 0, 0.338762671, -0.141119409, -0.262840234, -0.0521861128, 0.561457615, -0.825828675, -0.905395508, 0.322143555, 0.276245117, 0.421186121, 0.762251501, 0.491686861, 0, 0, -0, 0, 0, 0, 0, 0.409525732, -0.101284229, -0.211146973, 0.401670109, 0.25280852, -0.880143683, 0.384887695, -0.918701172, -0.0882568359, -0.830851666, -0.303238415, -0.466381123, 0, 1, 5, 1, 
267.529291, 28, 0.1, 0.1, 0.0270625224, 0.377443025, -0.0349625753, 0.971679162, 6.29315275e-006, 0.236304055, 0.236304055, 8.26170427e-006, -0.971679162, -8.06719961e-006, 1, 6.54062837e-006, 0.97167919, 1.59686995e-005, 0.236303938, 0.236303937, 1.82698624e-005, -0.97167919, -1.98336934e-005, 1, 1.39789785e-005, 0, 0, 0, 0, 0, 0, 0, 0.338762671, -0.141119409, -0.262840234, -0.0521861128, 0.561457615, -0.825828675, -0.905395508, 0.322143555, 0.276245117, 0.421186121, 0.762251501, 0.491686861, 0, 0, -0, 0, 0, 0, 0, 0.409525732, -0.101284229, -0.211146973, 0.401670109, 0.25280852, -0.880143683, 0.384887695, -0.918701172, -0.0882568359, -0.830851666, -0.303238415, -0.466381123, 0, 1, 5, 1, 
267.529996, 28, 0.1, 0.1, 0.0270625283, 0.377443029, -0.0349608321, 0.97167903, -8.99485426e-006, 0.236304597, 0.236304597, 4.45079832e-006, -0.97167903, 7.68836716e-006, 1, 6.4502728e-006, 0.971679054, -1.73669696e-005, 0.2363045, 0.236304499, -1.17191982e-005, -0.971679054, 1.96444199e-005, 1, -7.28340634e-006, 0, 0, 0, 0, 0, 0, 0, 0.338762671, -0.141119409, -0.262840234, -0.0521861128, 0.561457615, -0.825828675, -0.905395508, 0.322143555, 0.276245117, 0.421186121, 0.762251501, 0.491686861, 0, 0, -0, 0, 0, 0, 0, 0.409525732, -0.101284229, -0.211146973, 0.401670109, 0.25280852, -0.880143683, 0.384887695, -0.918701172, -0.0882568359, -0.830851666, -0.303238415, -0.466381123, 0, 1, 5, 1, 
267.530731, 28, 0.1, 0.1, 0.027062522, 0.377443027, -0.0349614135, 0.971678976, 1.48056728e-005, 0.23630482, 0.23630482, -1.47730569e-005, -0.971678976, -1.08954165e-005, 1, -1.78533206e-005, 0.971678979, 2.45923487e-005, 0.236304807, 0.236304807, -5.24262555e-006, -0.971678979, -2.26570106e-005, 1, -1.09054392e-005, 0, 0, 0, 0, 0, 0, 0, 0.338779639, -0.14113772, -0.261737573, -0.0518435065, 0.561095913, -0.826088906, -0.905517578, 0.322265625, 0.275756836, 0.421008265, 0.762308789, 0.491604485, 0, 0, -0, 0, 0, 0, 0, 0.409192627, -0.10109248, -0.21116626, 0.400289849, 0.252310153, -0.880916568, 0.384521484, -0.918823242, -0.0885009766, -0.831733193, -0.303168053, -0.464866701, 0, 1, 5, 1, 
267.531435, 28, 0.1, 0.1, 0.0270625276, 0.377443028, -0.0349642243, 0.971679016, -9.38160476e-006, 0.236304653, 0.236304653, 8.5864359e-006, -0.971679016, 7.08689373e-006, 1, 1.05601764e-005, 0.971679003, -1.93757992e-005, 0.236304708, 0.236304708, 6.06699429e-006, -0.971679003, 1.73933979e-005, 1, 1.04737635e-005, 0, 0, 0, 0, 0, 0, 0, 0.338779639, -0.14113772, -0.261737573, -0.0518435065, 0.561095913, -0.826088906, -0.905517578, 0.322265625, 0.275756836, 0.421008265, 0.762308789, 0.491604485, 0, 0, -0, 0, 0, 0, 0, 0.409192627, -0.10109248, -0.21116626, 0.400289849, 0.252310153, -0.880916568, 0.384521484, -0.918823242, -0.0885009766, -0.831733193, -0.303168053, -0.464866701, 0, 1, 5, 1, 
267.532132, 28, 0.1, 0.1, 0.0270625227, 0.37744303, -0.0349683689, 0.971679113, 9.20445021e-006, 0.236304255, 0.236304255, -5.81617033e-006, -0.971679113, -7.56938622e-006, 1, -7.82650198e-006, 0.971679092, 1.97761515e-005, 0.23630434, 0.23630434, -9.10206428e-006, -0.971679093, -1.70652157e-005, 1, -1.3517476e-005, 0, 0, 0, 0, 0, 0, 0, 0.338779639, -0.14113772, -0.261737573, -0.0518435065, 0.561095913, -0.826088906, -0.905517578, 0.322265625, 0.275756836, 0.421008265, 0.762308789, 0.491604485, 0, 0, -0, 0, 0, 0, 0, 0.409192627, -0.10109248, -0.21116626, 0.400289849, 0.252310153, -0.880916568, 0.384521484, -0.918823242, -0.0885009766, -0.831733193, -0.303168053, -0.464866701, 0, 1, 5, 1, 
267.532832, 28, 0.1, 0.1, 0.0270625284, 0.377443029, -0.0349726046, 0.971679208, -7.28308133e-006, 0.236303863, 0.236303863, -6.25094481e-006, -0.971679208, 8.55394111e-006, 1, -4.35289286e-006, 0.971679191, -1.69065134e-005, 0.236303933, 0.236303933, 8.34786863e-007, -0.971679191, 1.62304439e-005, 1, 4.80622064e-006, 0, 0, 0, 0, 0, 0, 0, 0.338779639, -0.14113772, -0.261737573, -0.0518435065, 0.561095913, -0.826088906, -0.905517578, 0.322265625, 0.275756836, 0.421008265, 0.762308789, 0.491604485, 0, 0, -0, 0, 0, 0, 0, 0.409192627, -0.10109248, -0.21116626, 0.400289849, 0.252310153, -0.880916568, 0.384521484, -0.918823242, -0.0885009766, -0.831733193, -0.303168053, -0.464866701, 0, 1, 5, 1, 
267.533532, 28, 0.1, 0.1, 0.0270625262, 0.377443028, -0.0349756303, 0.971679251, 8.18120535e-007, 0.236303687, 0.236303687, 1.16657415e-005, -0.971679251, -3.55160848e-006, 1, 1.11420341e-005, 0.971679247, 8.6473515e-006, 0.236303703, 0.236303703, 8.92449119e-006, -0.971679247, -1.05113423e-005, 1, 6.62834171e-006, 0, 0, 0, 0, 0, 0, 0, 0.338779639, -0.14113772, -0.261737573, -0.0518435065, 0.561095913, -0.826088906, -0.905517578, 0.322265625, 0.275756836, 0.421008265, 0.762308789, 0.491604485, 0, 0, -0, 0, 0, 0, 0, 0.409192627, -0.10109248, -0.21116626, 0.400289849, 0.252310153, -0.880916568, 0.384521484, -0.918823242, -0.0885009766, -0.831733193, -0.303168053, -0.464866701, 0, 1, 5, 1, 
267.534231, 28, 0.1, 0.1, 0.0270625306, 0.377443029, -0.0349766582, 0.971679237, -3.72858617e-006, 0.236303747, 0.236303747, -6.55809982e-006, -0.971679237, 5.17269332e-006, 1, -5.49129054e-006, 0.971679243, -1.05605541e-005, 0.236303721, 0.236303721, -8.52263955e-006, -0.971679243, 1.22754026e-005, 1, -5.78577373e-006, 0, 0, 0, 0, 0, 0, 0, 0.338779639, -0.14113772, -0.261737573, -0.0518435065, 0.561095913, -0.826088906, -0.905517578, 0.322265625, 0.275756836, 0.421008265, 0.762308789, 0.491604485, 0, 0, -0, 0, 0, 0, 0, 0.409192627, -0.10109248, -0.21116626, 0.400289849, 0.252310153, -0.880916568, 0.384521484, -0.918823242, -0.0885009766, -0.831733193, -0.303168053, -0.464866701, 0, 1, 5, 1, 
267.534948, 28, 0.1, 0.1, 0.0270625287, 0.377443026, -0.0349753774, 0.971679181, 1.39229342e-006, 0.236303976, 0.236303976, 6.33706417e-006, -0.971679181, -2.85033598e-006, 1, 5.82858885e-006, 0.971679194, 7.85310709e-006, 0.236303922, 0.236303922, 1.35946962e-005, -0.971679194, -1.08431808e-005, 1, 1.13539635e-005, 0, 0, 0, 0, 0, 0, 0, 0.338779639, -0.14113772, -0.261737573, -0.0513481322, 0.560594547, -0.826444617, -0.905151367, 0.323486328, 0.275634766, 0.421794949, 0.762264606, 0.490919273, 0, 0, -0, 0, 0, 0, 0, 0.409192627, -0.10109248, -0.21116626, 0.400289849, 0.252310153, -0.880916568, 0.384521484, -0.918823242, -0.0885009766, -0.831733193, -0.303168053, -0.464866701, 0, 1, 5, 1, 
267.535665, 28, 0.1, 0.1, 0.0270625332, 0.377443028, -0.0349720979, 0.971679124, -4.91837023e-006, 0.23630421, 0.23630421, 4.59554593e-006, -0.971679124, 3.69313083e-006, 1, 5.62762763e-006, 0.971679134, -1.16193855e-005, 0.236304168, 0.236304168, -6.9681188e-006, -0.971679134, 1.29369099e-005, 1, -4.02506642e-006, 0, 0, 0, 0, 0, 0, 0, 0.338360864, -0.141163477, -0.26108811, -0.0513481322, 0.560594547, -0.826444617, -0.905151367, 0.323486328, 0.275634766, 0.421794949, 0.762264606, 0.490919273, 0, 0, -0, 0, 0, 0, 0, 0.40864458, -0.101157178, -0.210962305, 0.39903099, 0.251326181, -0.881689454, 0.383789062, -0.919067383, -0.0882568359, -0.832601961, -0.30314873, -0.46335228, 0, 1, 5, 1, 
267.536367, 28, 0.1, 0.1, 0.027062529, 0.377443027, -0.034968281, 0.971679117, 9.15354658e-006, 0.236304237, 0.236304237, -1.34903809e-005, -0.971679117, -5.70647588e-006, 1, -1.52713433e-005, 0.971679113, 1.75586081e-005, 0.236304253, 0.236304253, -5.78239973e-006, -0.971679114, -1.56949271e-005, 1, -9.76781083e-006, 0, 0, 0, 0, 0, 0, 0, 0.338360864, -0.141163477, -0.26108811, -0.0513481322, 0.560594547, -0.826444617, -0.905151367, 0.323486328, 0.275634766, 0.421794949, 0.762264606, 0.490919273, 0, 0, -0, 0, 0, 0, 0, 0.40864458, -0.101157178, -0.210962305, 0.39903099, 0.251326181, -0.881689454, 0.383789062, -0.919067383, -0.0882568359, -0.832601961, -0.30314873, -0.46335228, 0, 1, 5, 1, 
267.537067, 28, 0.1, 0.1, 0.0270625344, 0.377443028, -0.0349650662, 0.971679183, -7.2939522e-006, 0.236303969, 0.236303969, 9.07574624e-006, -0.971679183, 4.94274666e-006, 1, 1.05423035e-005, 0.971679165, -1.79462412e-005, 0.236304042, 0.236304042, 6.94904288e-006, -0.971679165, 1.57959018e-005, 1, 1.09930095e-005, 0, 0, 0, 0, 0, 0, 0, 0.338360864, -0.141163477, -0.26108811, -0.0513481322, 0.560594547, -0.826444617, -0.905151367, 0.323486328, 0.275634766, 0.421794949, 0.762264606, 0.490919273, 0, 0, -0, 0, 0, 0, 0, 0.40864458, -0.101157178, -0.210962305, 0.39903099, 0.251326181, -0.881689454, 0.383789062, -0.919067383, -0.0882568359, -0.832601961, -0.30314873, -0.46335228, 0, 1, 5, 1, 
267.537768, 28, 0.1, 0.1, 0.0270625287, 0.37744303, -0.0349633631, 0.971679303, 8.88617033e-006, 0.236303476, 0.236303476, -6.0244046e-006, -0.971679303, -7.21092004e-006, 1, -7.9536222e-006, 0.971679277, 2.16987619e-005, 0.23630358, 0.236303581, -1.01114615e-005, -0.971679277, -1.86948628e-005, 1, -1.49525927e-005, 0, 0, 0, 0, 0, 0, 0, 0.338360864, -0.141163477, -0.26108811, -0.0513481322, 0.560594547, -0.826444617, -0.905151367, 0.323486328, 0.275634766, 0.421794949, 0.762264606, 0.490919273, 0, 0, -0, 0, 0, 0, 0, 0.40864458, -0.101157178, -0.210962305, 0.39903099, 0.251326181, -0.881689454, 0.383789062, -0.919067383, -0.0882568359, -0.832601961, -0.30314873, -0.46335228, 0, 1, 5, 1, 
267.538473, 28, 0.1, 0.1, 0.0270625355, 0.377443029, -0.0349635539, 0.971679419, -6.51996269e-006, 0.236302996, 0.236302996, -8.79349809e-006, -0.971679419, 8.41324351e-006, 1, -7.0037744e-006, 0.971679398, -2.02459091e-005, 0.236303083, 0.236303083, 9.33449795e-007, -0.971679398, 1.94519557e-005, 1, 5.69118468e-006, 0, 0, 0, 0, 0, 0, 0, 0.338360864, -0.141163477, -0.26108811, -0.0513481322, 0.560594547, -0.826444617, -0.905151367, 0.323486328, 0.275634766, 0.421794949, 0.762264606, 0.490919273, 0, 0, -0, 0, 0, 0, 0, 0.40864458, -0.101157178, -0.210962305, 0.39903099, 0.251326181, -0.881689454, 0.383789062, -0.919067383, -0.0882568359, -0.832601961, -0.30314873, -0.46335228, 0, 1, 5, 1, 
267.539178, 28, 0.1, 0.1, 0.0270625309, 0.377443028, -0.03496539, 0.971679466, 3.98894567e-006, 0.236302805, 0.236302805, 1.66275207e-005, -0.971679466, -7.80510638e-006, 1, 1.52140214e-005, 0.971679463, 1.54216285e-005, 0.236302817, 0.236302816, 1.28079837e-005, -0.971679463, -1.80114423e-005, 1, 8.80108048e-006, 0, 0, 0, 0, 0, 0, 0, 0.338360864, -0.141163477, -0.26108811, -0.0513481322, 0.560594547, -0.826444617, -0.905151367, 0.323486328, 0.275634766, 0.421794949, 0.762264606, 0.490919273, 0, 0, -0, 0, 0, 0, 0, 0.40864458, -0.101157178, -0.210962305, 0.39903099, 0.251326181, -0.881689454, 0.383789062, -0.919067383, -0.0882568359, -0.832601961, -0.30314873, -0.46335228, 0, 1, 5, 1, 
267.539882, 28, 0.1, 0.1, 0.0270625363, 0.377443029, -0.0349682768, 0.971679431, -4.65701891e-006, 0.236302949, 0.236302949, -1.0413461e-005, -0.971679431, 6.98586102e-006, 1, -9.01807853e-006, 0.971679442, -1.37233943e-005, 0.236302901, 0.236302901, -1.27231849e-005, -0.971679442, 1.63412656e-005, 1, -9.11997931e-006, 0, 0, 0, 0, 0, 0, 0, 0.338360864, -0.141163477, -0.26108811, -0.0513481322, 0.560594547, -0.826444617, -0.905151367, 0.323486328, 0.275634766, 0.421794949, 0.762264606, 0.490919273, 0, 0, -0, 0, 0, 0, 0, 0.40864458, -0.101157178, -0.210962305, 0.39903099, 0.251326181, -0.881689454, 0.383789062, -0.919067383, -0.0882568359, -0.832601961, -0.30314873, -0.46335228, 0, 1, 5, 1, 
267.540609, 28, 0.1, 0.1, 0.0270625328, 0.377443025, -0.0349711077, 0.971679341, 5.21480046e-006, 0.236303318, 0.236303318, 1.00833448e-005, -0.971679341, -7.44984172e-006, 1, 8.56550321e-006, 0.97167936, 1.24410631e-005, 0.236303242, 0.236303242, 1.72155153e-005, -0.97167936, -1.61568063e-005, 1, 1.37880973e-005, 0, 0, 0, 0, 0, 0, 0, 0.337919751, -0.141628271, -0.260435962, -0.0512717482, 0.560232845, -0.826762136, -0.904907227, 0.323974609, 0.275756836, 0.422277219, 0.762321894, 0.490475195, 0, 0, -0, 0, 0, 0, 0, 0.408321484, -0.101423633, -0.211206543, 0.397759372, 0.250731933, -0.88244958, 0.383544922, -0.919189453, -0.0882568359, -0.833349327, -0.303333931, -0.46195926, 0, 1, 5, 1, 
267.54131, 28, 0.1, 0.1, 0.027062537, 0.377443026, -0.0349730718, 0.971679256, -7.42513084e-006, 0.236303668, 0.236303668, 5.00944992e-006, -0.971679256, 6.03109422e-006, 1, 6.62216423e-006, 0.971679271, -1.27605435e-005, 0.236303606, 0.236303606, -5.61454487e-006, -0.971679271, 1.37258928e-005, 1, -2.44017443e-006, 0, 0, 0, 0, 0, 0, 0, 0.337919751, -0.141628271, -0.260435962, -0.0512717482, 0.560232845, -0.826762136, -0.904907227, 0.323974609, 0.275756836, 0.422277219, 0.762321894, 0.490475195, 0, 0, -0, 0, 0, 0, 0, 0.408321484, -0.101423633, -0.211206543, 0.397759372, 0.250731933, -0.88244958, 0.383544922, -0.919189453, -0.0882568359, -0.833349327, -0.303333931, -0.46195926, 0, 1, 5, 1, 
267.542103, 28, 0.1, 0.1, 0.0270625322, 0.377443023, -0.0349727027, 0.971679226, 9.50925463e-006, 0.236303793, 0.236303793, -7.16720392e-006, -0.971679226, -7.54630771e-006, 1, -9.21129609e-006, 0.971679226, 1.733461e-005, 0.236303792, 0.236303792, -1.80472536e-007, -0.971679226, -1.68010341e-005, 1, -4.2715955e-006, 0, 0, 0, 0, 0, 0, 0, 0.337919751, -0.141628271, -0.260435962, -0.0512717482, 0.560232845, -0.826762136, -0.904907227, 0.323974609, 0.275756836, 0.422277219, 0.762321894, 0.490475195, 0, 0, -0, 0, 0, 0, 0, 0.408321484, -0.101423633, -0.211206543, 0.397759372, 0.250731933, -0.88244958, 0.383544922, -0.919189453, -0.0882568359, -0.833349327, -0.303333931, -0.46195926, 0, 1, 5, 1, 
267.542824, 28, 0.1, 0.1, 0.0270625371, 0.377443023, -0.0349712727, 0.971679268, -7.79240167e-006, 0.236303618, 0.236303619, 9.05397048e-006, -0.971679268, 5.43222916e-006, 1, 1.06389281e-005, 0.971679255, -1.6385045e-005, 0.236303672, 0.236303672, 7.71764266e-006, -0.971679255, 1.4097301e-005, 1, 1.13709196e-005, 0, 0, 0, 0, 0, 0, 0, 0.338022046, -0.142332544, -0.25956875, -0.0493104688, 0.55957272, -0.827263502, -0.904785156, 0.325805664, 0.274291992, 0.422955318, 0.762055672, 0.490431012, 0, 0, -0, 0, 0, 0, 0, 0.408321484, -0.101423633, -0.211206543, 0.39906927, 0.249370995, -0.882251619, 0.383056641, -0.919555664, -0.0866699219, -0.832966166, -0.303231486, -0.462674909, 0, 1, 5, 1, 
267.543522, 28, 0.1, 0.1, 0.0270625339, 0.377443024, -0.0349692617, 0.971679353, 2.00384364e-006, 0.236303269, 0.236303269, -5.10187647e-006, -0.971679353, -7.41503408e-007, 1, -5.43090283e-006, 0.971679335, 1.29458939e-005, 0.236303344, 0.236303345, -8.54825224e-006, -0.971679335, -1.0559277e-005, 1, -1.13653181e-005, 0, 0, 0, 0, 0, 0, 0, 0.338022046, -0.142332544, -0.25956875, -0.0493104688, 0.55957272, -0.827263502, -0.904785156, 0.325805664, 0.274291992, 0.422955318, 0.762055672, 0.490431012, 0, 0, -0, 0, 0, 0, 0, 0.408639453, -0.101958008, -0.210092285, 0.39906927, 0.249370995, -0.882251619, 0.383056641, -0.919555664, -0.0866699219, -0.832966166, -0.303231486, -0.462674909, 0, 1, 5, 1, 
267.544214, 28, 0.1, 0.1, 0.0270625414, 0.377443024, -0.0349675224, 0.971679438, -9.37865572e-006, 0.23630292, 0.23630292, -7.83725213e-006, -0.971679438, 1.09650125e-005, 1, -5.39909301e-006, 0.971679422, -2.18944767e-005, 0.236302983, 0.236302983, 6.39490191e-007, -0.971679423, 2.1123299e-005, 1, 5.79510962e-006, 0, 0, 0, 0, 0, 0, 0, 0.338022046, -0.142332544, -0.25956875, -0.0493104688, 0.55957272, -0.827263502, -0.904785156, 0.325805664, 0.274291992, 0.422955318, 0.762055672, 0.490431012, 0, 0, -0, 0, 0, 0, 0, 0.408639453, -0.101958008, -0.210092285, 0.39906927, 0.249370995, -0.882251619, 0.383056641, -0.919555664, -0.0866699219, -0.832966166, -0.303231486, -0.462674909, 0, 1, 5, 1, 
267.544909, 28, 0.1, 0.1, 0.0270625385, 0.377443023, -0.0349665639, 0.971679463, -2.86131923e-007, 0.236302818, 0.236302818, 1.63171335e-005, -0.971679463, -3.5777561e-006, 1, 1.59226373e-005, 0.971679463, 1.03960585e-005, 0.236302814, 0.236302814, 1.28119545e-005, -0.971679463, -1.31291375e-005, 1, 9.99249517e-006, 0, 0, 0, 0, 0, 0, 0, 0.338022046, -0.142332544, -0.25956875, -0.0493104688, 0.55957272, -0.827263502, -0.904785156, 0.325805664, 0.274291992, 0.422955318, 0.762055672, 0.490431012, 0, 0, -0, 0, 0, 0, 0, 0.408639453, -0.101958008, -0.210092285, 0.39906927, 0.249370995, -0.882251619, 0.383056641, -0.919555664, -0.0866699219, -0.832966166, -0.303231486, -0.462674909, 0, 1, 5, 1, 
267.545611, 28, 0.1, 0.1, 0.0270625443, 0.377443024, -0.0349665694, 0.971679412, -3.97056822e-006, 0.236303026, 0.236303026, -1.0641892e-005, -0.971679412, 6.37283067e-006, 1, -9.40225005e-006, 0.971679427, -1.41659756e-005, 0.236302964, 0.236302964, -1.33662027e-005, -0.971679427, 1.69232604e-005, 1, -9.64020212e-006, 0, 0, 0, 0, 0, 0, 0, 0.338022046, -0.142332544, -0.25956875, -0.0493104688, 0.55957272, -0.827263502, -0.904785156, 0.325805664, 0.274291992, 0.422955318, 0.762055672, 0.490431012, 0, 0, -0, 0, 0, 0, 0, 0.408639453, -0.101958008, -0.210092285, 0.39906927, 0.249370995, -0.882251619, 0.383056641, -0.919555664, -0.0866699219, -0.832966166, -0.303231486, -0.462674909, 0, 1, 5, 1, 
267.546304, 28, 0.1, 0.1, 0.0270625403, 0.37744302, -0.0349674363, 0.97167931, 6.36697836e-006, 0.236303447, 0.236303446, 9.72386338e-006, -0.97167931, -8.48444357e-006, 1, 7.94393793e-006, 0.971679331, 1.4254623e-005, 0.236303357, 0.236303357, 1.78389533e-005, -0.971679331, -1.80663271e-005, 1, 1.39653269e-005, 0, 0, 0, 0, 0, 0, 0, 0.338022046, -0.142332544, -0.25956875, -0.0493104688, 0.55957272, -0.827263502, -0.904785156, 0.325805664, 0.274291992, 0.422955318, 0.762055672, 0.490431012, 0, 0, -0, 0, 0, 0, 0, 0.408639453, -0.101958008, -0.210092285, 0.39906927, 0.249370995, -0.882251619, 0.383056641, -0.919555664, -0.0866699219, -0.832966166, -0.303231486, -0.462674909, 0, 1, 5, 1, 
267.547, 28, 0.1, 0.1, 0.0270625447, 0.377443022, -0.0349688968, 0.971679211, -7.30888065e-006, 0.236303854, 0.236303854, 5.49648803e-006, -0.971679211, 5.80304608e-006, 1, 7.06793982e-006, 0.971679228, -1.35339494e-005, 0.236303782, 0.236303782, -6.96110758e-006, -0.971679228, 1.47955935e-005, 1, -3.56584021e-006, 0, 0, 0, 0, 0, 0, 0, 0.338022046, -0.142332544, -0.25956875, -0.0493104688, 0.55957272, -0.827263502, -0.904785156, 0.325805664, 0.274291992, 0.422955318, 0.762055672, 0.490431012, 0, 0, -0, 0, 0, 0, 0, 0.408639453, -0.101958008, -0.210092285, 0.39906927, 0.249370995, -0.882251619, 0.383056641, -0.919555664, -0.0866699219, -0.832966166, -0.303231486, -0.462674909, 0, 1, 5, 1, 
267.547719, 28, 0.1, 0.1, 0.027062541, 0.377443021, -0.0349704717, 0.97167917, 8.13438058e-006, 0.236304023, 0.236304023, -1.15186203e-005, -0.971679169, -5.18211186e-006, 1, -1.31145902e-005, 0.971679172, 1.60841215e-005, 0.236304012, 0.236304012, -3.57847005e-006, -0.971679172, -1.47829991e-005, 1, -7.27786727e-006, 0, 0, 0, 0, 0, 0, 0, 0.338305591, -0.142749121, -0.258877417, -0.048148978, 0.560200644, -0.826888695, -0.904663086, 0.326293945, 0.273803711, 0.423265724, 0.761338259, 0.491236792, 0, 0, -0, 0, 0, 0, 0, 0.408639453, -0.101958008, -0.210092285, 0.399586959, 0.250348405, -0.881798096, 0.384521484, -0.918945313, -0.0866699219, -0.832052556, -0.304356183, -0.463486441, 0, 1, 5, 1, 
267.548417, 28, 0.1, 0.1, 0.0270625459, 0.377443022, -0.0349714371, 0.971679199, -8.16204567e-006, 0.2363039, 0.2363039, 6.17614961e-006, -0.971679199, 6.47144176e-006, 1, 7.92995934e-006, 0.971679189, -1.66082392e-005, 0.236303943, 0.236303943, 4.35902592e-006, -0.971679189, 1.51078253e-005, 1, 8.16016716e-006, 0, 0, 0, 0, 0, 0, 0, 0.338305591, -0.142749121, -0.258877417, -0.048148978, 0.560200644, -0.826888695, -0.904663086, 0.326293945, 0.273803711, 0.423265724, 0.761338259, 0.491236792, 0, 0, -0, 0, 0, 0, 0, 0.408916162, -0.10169375, -0.209186377, 0.399586959, 0.250348405, -0.881798096, 0.384521484, -0.918945313, -0.0866699219, -0.832052556, -0.304356183, -0.463486441, 0, 1, 5, 1, 
267.549109, 28, 0.1, 0.1, 0.0270625422, 0.377443023, -0.0349718302, 0.971679274, 5.65588072e-006, 0.236303593, 0.236303593, -5.52564743e-006, -0.971679274, -4.18997173e-006, 1, -6.70566202e-006, 0.971679258, 1.51170217e-005, 0.236303659, 0.23630366, -8.61965448e-006, -0.971679258, -1.26520406e-005, 1, -1.1947747e-005, 0, 0, 0, 0, 0, 0, 0, 0.338305591, -0.142749121, -0.258877417, -0.048148978, 0.560200644, -0.826888695, -0.904663086, 0.326293945, 0.273803711, 0.423265724, 0.761338259, 0.491236792, 0, 0, -0, 0, 0, 0, 0, 0.408916162, -0.10169375, -0.209186377, 0.399586959, 0.250348405, -0.881798096, 0.384521484, -0.918945313, -0.0866699219, -0.832052556, -0.304356183, -0.463486441, 0, 1, 5, 1, 
267.549804, 28, 0.1, 0.1, 0.0270625475, 0.377443023, -0.0349715673, 0.971679349, -4.84815269e-006, 0.236303287, 0.236303287, -7.47505591e-006, -0.971679349, 6.47723013e-006, 1, -6.11772304e-006, 0.971679335, -1.55702032e-005, 0.236303342, 0.236303342, -9.64025359e-008, -0.971679335, 1.51520249e-005, 1, 3.58561869e-006, 0, 0, 0, 0, 0, 0, 0, 0.338305591, -0.142749121, -0.258877417, -0.048148978, 0.560200644, -0.826888695, -0.904663086, 0.326293945, 0.273803711, 0.423265724, 0.761338259, 0.491236792, 0, 0, -0, 0, 0, 0, 0, 0.408916162, -0.10169375, -0.209186377, 0.399586959, 0.250348405, -0.881798096, 0.384521484, -0.918945313, -0.0866699219, -0.832052556, -0.304356183, -0.463486441, 0, 1, 5, 1, 
267.5505, 28, 0.1, 0.1, 0.0270625441, 0.377443022, -0.0349707815, 0.971679371, 2.00583859e-006, 0.236303196, 0.236303196, 1.35050985e-005, -0.971679371, -5.14032993e-006, 1, 1.26486396e-005, 0.971679371, 1.16471176e-005, 0.236303194, 0.236303194, 1.04818764e-005, -0.971679371, -1.37941647e-005, 1, 7.43277204e-006, 0, 0, 0, 0, 0, 0, 0, 0.338305591, -0.142749121, -0.258877417, -0.048148978, 0.560200644, -0.826888695, -0.904663086, 0.326293945, 0.273803711, 0.423265724, 0.761338259, 0.491236792, 0, 0, -0, 0, 0, 0, 0, 0.408916162, -0.10169375, -0.209186377, 0.399586959, 0.250348405, -0.881798096, 0.384521484, -0.918945313, -0.0866699219, -0.832052556, -0.304356183, -0.463486441, 0, 1, 5, 1, 
267.551191, 28, 0.1, 0.1, 0.0270625485, 0.377443024, -0.0349697544, 0.971679327, -2.13976716e-006, 0.236303375, 0.236303375, -9.74270174e-006, -0.971679327, 4.38140082e-006, 1, -8.96114767e-006, 0.97167934, -1.11357988e-005, 0.236303322, 0.236303322, -1.23484687e-005, -0.97167934, 1.37384098e-005, 1, -9.3673257e-006, 0, 0, 0, 0, 0, 0, 0, 0.338305591, -0.142749121, -0.258877417, -0.048148978, 0.560200644, -0.826888695, -0.904663086, 0.326293945, 0.273803711, 0.423265724, 0.761338259, 0.491236792, 0, 0, -0, 0, 0, 0, 0, 0.408916162, -0.10169375, -0.209186377, 0.399586959, 0.250348405, -0.881798096, 0.384521484, -0.918945313, -0.0866699219, -0.832052556, -0.304356183, -0.463486441, 0, 1, 5, 1, 
267.551887, 28, 0.1, 0.1, 0.0270625448, 0.37744302, -0.0349687808, 0.971679236, 4.9521918e-006, 0.236303751, 0.236303751, 8.52817825e-006, -0.971679236, -6.82718246e-006, 1, 7.11643223e-006, 0.971679255, 1.28954395e-005, 0.236303671, 0.236303671, 1.64701491e-005, -0.971679255, -1.64221878e-005, 1, 1.29564626e-005, 0, 0, 0, 0, 0, 0, 0, 0.338305591, -0.142749121, -0.258877417, -0.048148978, 0.560200644, -0.826888695, -0.904663086, 0.326293945, 0.273803711, 0.423265724, 0.761338259, 0.491236792, 0, 0, -0, 0, 0, 0, 0, 0.408916162, -0.10169375, -0.209186377, 0.399586959, 0.250348405, -0.881798096, 0.384521484, -0.918945313, -0.0866699219, -0.832052556, -0.304356183, -0.463486441, 0, 1, 5, 1, 
267.552593, 28, 0.1, 0.1, 0.0270625493, 0.377443022, -0.0349681232, 0.971679145, -6.46582958e-006, 0.236304124, 0.236304124, 6.77925153e-006, -0.971679145, 4.68074666e-006, 1, 8.11515953e-006, 0.971679162, -1.37517881e-005, 0.236304052, 0.236304052, -7.35891347e-006, -0.971679162, 1.51012671e-005, 1, -3.90089962e-006, 0, 0, 0, 0, 0, 0, 0, 0.338305591, -0.142749121, -0.258877417, -0.0476214031, 0.559984597, -0.827104742, -0.903808594, 0.32824707, 0.274169922, 0.425036043, 0.760754517, 0.490653051, 0, 0, -0, 0, 0, 0, 0, 0.408916162, -0.10169375, -0.209186377, 0.399586959, 0.250348405, -0.881798096, 0.384521484, -0.918945313, -0.0866699219, -0.832052556, -0.304356183, -0.463486441, 0, 1, 5, 1, 
267.553294, 28, 0.1, 0.1, 0.0270625447, 0.37744302, -0.0349677197, 0.971679115, 1.05180093e-005, 0.236304246, 0.236304246, -1.05694074e-005, -0.971679115, -7.72253408e-006, 1, -1.27555227e-005, 0.971679115, 1.87563127e-005, 0.236304245, 0.236304245, -2.44245891e-006, -0.971679116, -1.76479539e-005, 1, -6.80548264e-006, 0, 0, 0, 0, 0, 0, 0, 0.338337939, -0.143878149, -0.258220508, -0.0476214031, 0.559984597, -0.827104742, -0.903808594, 0.32824707, 0.274169922, 0.425036043, 0.760754517, 0.490653051, 0, 0, -0, 0, 0, 0, 0, 0.408909326, -0.102686084, -0.208533008, 0.399637998, 0.248706385, -0.8822261, 0.383300781, -0.919555664, -0.0855712891, -0.832538162, -0.303915053, -0.462917713, 0, 1, 5, 1, 
267.553987, 28, 0.1, 0.1, 0.0270625497, 0.377443021, -0.0349679747, 0.97167916, -8.7274906e-006, 0.236304061, 0.236304061, 7.64026052e-006, -0.97167916, 6.67489615e-006, 1, 9.4862234e-006, 0.971679147, -1.78109845e-005, 0.236304116, 0.236304116, 5.93152668e-006, -0.971679147, 1.59049181e-005, 1, 9.97234973e-006, 0, 0, 0, 0, 0, 0, 0, 0.338337939, -0.143878149, -0.258220508, -0.0476214031, 0.559984597, -0.827104742, -0.903808594, 0.32824707, 0.274169922, 0.425036043, 0.760754517, 0.490653051, 0, 0, -0, 0, 0, 0, 0, 0.408909326, -0.102686084, -0.208533008, 0.399637998, 0.248706385, -0.8822261, 0.383300781, -0.919555664, -0.0855712891, -0.832538162, -0.303915053, -0.462917713, 0, 1, 5, 1, 
267.55469, 28, 0.1, 0.1, 0.0270625455, 0.377443023, -0.0349687369, 0.971679255, 5.86052445e-006, 0.23630367, 0.23630367, -6.87253891e-006, -0.971679255, -4.07054386e-006, 1, -8.06276693e-006, 0.971679234, 1.7056222e-005, 0.236303758, 0.236303758, -1.02074598e-005, -0.971679234, -1.41611157e-005, 1, -1.39488261e-005, 0, 0, 0, 0, 0, 0, 0, 0.338337939, -0.143878149, -0.258220508, -0.0476214031, 0.559984597, -0.827104742, -0.903808594, 0.32824707, 0.274169922, 0.425036043, 0.760754517, 0.490653051, 0, 0, -0, 0, 0, 0, 0, 0.408909326, -0.102686084, -0.208533008, 0.399637998, 0.248706385, -0.8822261, 0.383300781, -0.919555664, -0.0855712891, -0.832538162, -0.303915053, -0.462917713, 0, 1, 5, 1, 
267.555415, 28, 0.1, 0.1, 0.0270625518, 0.377443023, -0.0349695004, 0.971679352, -6.30504985e-006, 0.236303274, 0.236303273, -1.02605985e-005, -0.971679352, 8.55109977e-006, 1, -8.48010776e-006, 0.971679333, -1.88661364e-005, 0.236303349, 0.236303349, -1.39905093e-006, -0.971679334, 1.86624352e-005, 1, 3.09870233e-006, 0, 0, 0, 0, 0, 0, 0, 0.337768652, -0.144557397, -0.258221729, -0.050076935, 0.559781654, -0.827054567, -0.903320312, 0.327758789, 0.276611328, 0.425919329, 0.761033844, 0.489409184, 0, 0, -0, 0, 0, 0, 0, 0.408909326, -0.102686084, -0.208533008, 0.397893533, 0.247083321, -0.883439749, 0.383178711, -0.919677734, -0.0845947266, -0.833457969, -0.3048221, -0.460713161, 0, 1, 5, 1, 
267.556107, 28, 0.1, 0.1, 0.0270625484, 0.377443023, -0.0349700525, 0.971679387, 2.04828043e-006, 0.236303131, 0.236303131, 1.1327546e-005, -0.971679387, -4.66700644e-006, 1, 1.05227278e-005, 0.971679385, 1.1693923e-005, 0.236303138, 0.236303137, 8.08893498e-006, -0.971679385, -1.32741847e-005, 1, 5.09654066e-006, 0, 0, 0, 0, 0, 0, 0, 0.337768652, -0.144557397, -0.258221729, -0.050076935, 0.559781654, -0.827054567, -0.903320312, 0.327758789, 0.276611328, 0.425919329, 0.761033844, 0.489409184, 0, 0, -0, 0, 0, 0, 0, 0.408551318, -0.103705518, -0.208120459, 0.397893533, 0.247083321, -0.883439749, 0.383178711, -0.919677734, -0.0845947266, -0.833457969, -0.3048221, -0.460713161, 0, 1, 5, 1, 
267.556815, 28, 0.1, 0.1, 0.0270625532, 0.377443025, -0.0349703683, 0.971679352, -3.19707617e-006, 0.236303274, 0.236303274, -1.21738751e-005, -0.971679352, 5.98325944e-006, 1, -1.10736235e-005, 0.971679363, -1.19351958e-005, 0.236303229, 0.236303228, -1.48193719e-005, -0.971679363, 1.50990489e-005, 1, -1.15793525e-005, 0, 0, 0, 0, 0, 0, 0, 0.337768652, -0.144557397, -0.258221729, -0.050076935, 0.559781654, -0.827054567, -0.903320312, 0.327758789, 0.276611328, 0.425919329, 0.761033844, 0.489409184, 0, 0, -0, 0, 0, 0, 0, 0.408551318, -0.103705518, -0.208120459, 0.397893533, 0.247083321, -0.883439749, 0.383178711, -0.919677734, -0.0845947266, -0.833457969, -0.3048221, -0.460713161, 0, 1, 5, 1, 
267.557514, 28, 0.1, 0.1, 0.0270625498, 0.377443022, -0.0349703942, 0.971679269, 4.41212891e-006, 0.236303613, 0.236303613, 6.86513687e-006, -0.971679269, -5.90943084e-006, 1, 5.62810917e-006, 0.971679287, 1.1913776e-005, 0.236303539, 0.236303538, 1.42242821e-005, -0.971679287, -1.49376175e-005, 1, 1.10061728e-005, 0, 0, 0, 0, 0, 0, 0, 0.337768652, -0.144557397, -0.258221729, -0.050076935, 0.559781654, -0.827054567, -0.903320312, 0.327758789, 0.276611328, 0.425919329, 0.761033844, 0.489409184, 0, 0, -0, 0, 0, 0, 0, 0.408551318, -0.103705518, -0.208120459, 0.397893533, 0.247083321, -0.883439749, 0.383178711, -0.919677734, -0.0845947266, -0.833457969, -0.3048221, -0.460713161, 0, 1, 5, 1, 
267.558209, 28, 0.1, 0.1, 0.0270625542, 0.377443025, -0.0349701755, 0.971679189, -7.14701316e-006, 0.236303945, 0.236303945, 5.6337327e-006, -0.971679189, 5.61333069e-006, 1, 7.16304823e-006, 0.971679203, -1.33457225e-005, 0.236303887, 0.236303887, -6.71114161e-006, -0.971679203, 1.45536299e-005, 1, -3.36743062e-006, 0, 0, 0, 0, 0, 0, 0, 0.337768652, -0.144557397, -0.258221729, -0.050076935, 0.559781654, -0.827054567, -0.903320312, 0.327758789, 0.276611328, 0.425919329, 0.761033844, 0.489409184, 0, 0, -0, 0, 0, 0, 0, 0.408551318, -0.103705518, -0.208120459, 0.397893533, 0.247083321, -0.883439749, 0.383178711, -0.919677734, -0.0845947266, -0.833457969, -0.3048221, -0.460713161, 0, 1, 5, 1, 
267.558905, 28, 0.1, 0.1, 0.0270625505, 0.377443023, -0.0349698261, 0.971679163, 8.17465679e-006, 0.23630405, 0.23630405, -9.57019578e-006, -0.971679163, -5.68166764e-006, 1, -1.12308643e-005, 0.971679163, 1.5803962e-005, 0.23630405, 0.23630405, -2.28798517e-006, -0.971679163, -1.48157204e-005, 1, -5.95772775e-006, 0, 0, 0, 0, 0, 0, 0, 0.337768652, -0.144557397, -0.258221729, -0.050076935, 0.559781654, -0.827054567, -0.903320312, 0.327758789, 0.276611328, 0.425919329, 0.761033844, 0.489409184, 0, 0, -0, 0, 0, 0, 0, 0.408551318, -0.103705518, -0.208120459, 0.397893533, 0.247083321, -0.883439749, 0.383178711, -0.919677734, -0.0845947266, -0.833457969, -0.3048221, -0.460713161, 0, 1, 5, 1, 
267.559609, 28, 0.1, 0.1, 0.0270625556, 0.377443023, -0.0349694057, 0.971679207, -7.93328921e-006, 0.23630387, 0.23630387, 9.83094925e-006, -0.971679207, 5.38552082e-006, 1, 1.14271959e-005, 0.971679194, -1.70941126e-005, 0.236303924, 0.236303924, 7.98025649e-006, -0.971679194, 1.47242276e-005, 1, 1.17936551e-005, 0, 0, 0, 0, 0, 0, 0, 0.337768652, -0.144557397, -0.258221729, -0.050076935, 0.559781654, -0.827054567, -0.903320312, 0.327758789, 0.276611328, 0.425919329, 0.761033844, 0.489409184, 0, 0, -0, 0, 0, 0, 0, 0.408551318, -0.103705518, -0.208120459, 0.397893533, 0.247083321, -0.883439749, 0.383178711, -0.919677734, -0.0845947266, -0.833457969, -0.3048221, -0.460713161, 0, 1, 5, 1, 
267.560331, 28, 0.1, 0.1, 0.0270625507, 0.377443024, -0.0349687995, 0.971679303, 6.73142008e-006, 0.236303473, 0.236303473, -4.36123909e-006, -0.971679303, -5.51020563e-006, 1, -5.8283837e-006, 0.971679283, 1.75317765e-005, 0.236303555, 0.236303555, -7.72783966e-006, -0.971679283, -1.5209148e-005, 1, -1.16518028e-005, 0, 0, 0, 0, 0, 0, 0, 0.337865186, -0.144773926, -0.257768408, -0.0525204841, 0.559877134, -0.826889817, -0.903442383, 0.326049805, 0.278198242, 0.425317614, 0.761636681, 0.488888723, 0, 0, -0, 0, 0, 0, 0, 0.408409961, -0.104488525, -0.20770791, 0.396014907, 0.245728581, -0.884653399, 0.383422852, -0.919677734, -0.0838623047, -0.834269134, -0.30594643, -0.458508609, 0, 1, 5, 1, 
267.561032, 28, 0.1, 0.1, 0.0270625565, 0.377443023, -0.034968335, 0.971679396, -5.44958724e-006, 0.236303092, 0.236303092, -7.44945075e-006, -0.971679396, 7.05557988e-006, 1, -5.95072349e-006, 0.971679379, -1.75152628e-005, 0.236303161, 0.236303161, 1.08124805e-006, -0.971679379, 1.67637174e-005, 1, 5.1895384e-006, 0, 0, 0, 0, 0, 0, 0, 0.337865186, -0.144773926, -0.257768408, -0.0525204841, 0.559877134, -0.826889817, -0.903442383, 0.326049805, 0.278198242, 0.425317614, 0.761636681, 0.488888723, 0, 0, -0, 0, 0, 0, 0, 0.408409961, -0.104488525, -0.20770791, 0.396014907, 0.245728581, -0.884653399, 0.383422852, -0.919677734, -0.0838623047, -0.834269134, -0.30594643, -0.458508609, 0, 1, 5, 1, 
267.561725, 28, 0.1, 0.1, 0.0270625525, 0.377443022, -0.0349682758, 0.971679428, 2.66559305e-006, 0.236302959, 0.236302959, 1.46678443e-005, -0.971679428, -6.05615693e-006, 1, 1.3622555e-005, 0.971679427, 1.3063736e-005, 0.236302963, 0.236302963, 1.14465841e-005, -0.971679427, -1.53986252e-005, 1, 8.03541073e-006, 0, 0, 0, 0, 0, 0, 0, 0.337865186, -0.144773926, -0.257768408, -0.0525204841, 0.559877134, -0.826889817, -0.903442383, 0.326049805, 0.278198242, 0.425317614, 0.761636681, 0.488888723, 0, 0, -0, 0, 0, 0, 0, 0.408409961, -0.104488525, -0.20770791, 0.396014907, 0.245728581, -0.884653399, 0.383422852, -0.919677734, -0.0838623047, -0.834269134, -0.30594643, -0.458508609, 0, 1, 5, 1, 
267.56242, 28, 0.1, 0.1, 0.0270625573, 0.377443024, -0.0349686747, 0.971679389, -3.0223156e-006, 0.236303121, 0.236303121, -1.07410752e-005, -0.971679389, 5.47487137e-006, 1, -9.72269877e-006, 0.971679401, -1.22657814e-005, 0.23630307, 0.23630307, -1.32227298e-005, -0.971679401, 1.50429788e-005, 1, -9.94981235e-006, 0, 0, 0, 0, 0, 0, 0, 0.337865186, -0.144773926, -0.257768408, -0.0525204841, 0.559877134, -0.826889817, -0.903442383, 0.326049805, 0.278198242, 0.425317614, 0.761636681, 0.488888723, 0, 0, -0, 0, 0, 0, 0, 0.408409961, -0.104488525, -0.20770791, 0.396014907, 0.245728581, -0.884653399, 0.383422852, -0.919677734, -0.0838623047, -0.834269134, -0.30594643, -0.458508609, 0, 1, 5, 1, 
267.563114, 28, 0.1, 0.1, 0.0270625536, 0.37744302, -0.0349693262, 0.9716793, 4.94462851e-006, 0.236303487, 0.236303487, 8.04096374e-006, -0.9716793, -6.70470094e-006, 1, 6.64480506e-006, 0.971679319, 1.26329415e-005, 0.236303408, 0.236303408, 1.57356334e-005, -0.971679319, -1.59935518e-005, 1, 1.23047824e-005, 0, 0, 0, 0, 0, 0, 0, 0.337865186, -0.144773926, -0.257768408, -0.0525204841, 0.559877134, -0.826889817, -0.903442383, 0.326049805, 0.278198242, 0.425317614, 0.761636681, 0.488888723, 0, 0, -0, 0, 0, 0, 0, 0.408409961, -0.104488525, -0.20770791, 0.396014907, 0.245728581, -0.884653399, 0.383422852, -0.919677734, -0.0838623047, -0.834269134, -0.30594643, -0.458508609, 0, 1, 5, 1, 
267.563811, 28, 0.1, 0.1, 0.0270625582, 0.377443023, -0.0349700276, 0.971679213, -8.34908442e-006, 0.236303845, 0.236303846, 4.42479425e-006, -0.971679213, 7.06703588e-006, 1, 6.27240135e-006, 0.971679228, -1.43990709e-005, 0.236303782, 0.236303782, -7.69333215e-006, -0.971679228, 1.58092416e-005, 1, -4.07289612e-006, 0, 0, 0, 0, 0, 0, 0, 0.337865186, -0.144773926, -0.257768408, -0.0525204841, 0.559877134, -0.826889817, -0.903442383, 0.326049805, 0.278198242, 0.425317614, 0.761636681, 0.488888723, 0, 0, -0, 0, 0, 0, 0, 0.408409961, -0.104488525, -0.20770791, 0.396014907, 0.245728581, -0.884653399, 0.383422852, -0.919677734, -0.0838623047, -0.834269134, -0.30594643, -0.458508609, 0, 1, 5, 1, 
267.564507, 28, 0.1, 0.1, 0.0270625549, 0.377443021, -0.0349705984, 0.971679182, 7.30873348e-006, 0.236303973, 0.236303974, -1.03486612e-005, -0.971679182, -4.6563144e-006, 1, -1.17826614e-005, 0.971679183, 1.46625247e-005, 0.236303969, 0.236303969, -3.14264692e-006, -0.971679183, -1.35046501e-005, 1, -6.51845738e-006, 0, 0, 0, 0, 0, 0, 0, 0.337865186, -0.144773926, -0.257768408, -0.0525204841, 0.559877134, -0.826889817, -0.903442383, 0.326049805, 0.278198242, 0.425317614, 0.761636681, 0.488888723, 0, 0, -0, 0, 0, 0, 0, 0.408409961, -0.104488525, -0.20770791, 0.396014907, 0.245728581, -0.884653399, 0.383422852, -0.919677734, -0.0838623047, -0.834269134, -0.30594643, -0.458508609, 0, 1, 5, 1, 
267.565231, 28, 0.1, 0.1, 0.0270625604, 0.377443022, -0.0349705911, 0.971679221, -9.09757162e-006, 0.236303812, 0.236303812, 9.20084997e-006, -0.971679221, 6.66572538e-006, 1, 1.10900656e-005, 0.971679209, -1.80787982e-005, 0.236303861, 0.236303862, 7.40621495e-006, -0.971679209, 1.58166752e-005, 1, 1.14685549e-005, 0, 0, 0, 0, 0, 0, 0, 0.338200708, -0.144058179, -0.257060107, -0.0545712521, 0.560734211, -0.826172403, -0.904296875, 0.322998047, 0.279052734, 0.423294177, 0.762366077, 0.489516647, 0, 0, -0, 0, 0, 0, 0, 0.408302295, -0.103823193, -0.207277539, 0.394251485, 0.246494903, -0.885266603, 0.385986328, -0.918579102, -0.0838623047, -0.833840764, -0.308566226, -0.457345632, 0, 1, 5, 1, 
267.565927, 28, 0.1, 0.1, 0.0270625564, 0.377443023, -0.0349701921, 0.971679307, 5.93474536e-006, 0.23630346, 0.23630346, -3.68454658e-006, -0.971679307, -4.89599815e-006, 1, -4.98259853e-006, 0.971679288, 1.58756858e-005, 0.236303535, 0.236303535, -6.86884108e-006, -0.971679288, -1.38029437e-005, 1, -1.04257913e-005, 0, 0, 0, 0, 0, 0, 0, 0.338200708, -0.144058179, -0.257060107, -0.0545712521, 0.560734211, -0.826172403, -0.904296875, 0.322998047, 0.279052734, 0.423294177, 0.762366077, 0.489516647, 0, 0, -0, 0, 0, 0, 0, 0.408302295, -0.103823193, -0.207277539, 0.394251485, 0.246494903, -0.885266603, 0.385986328, -0.918579102, -0.0838623047, -0.833840764, -0.308566226, -0.457345632, 0, 1, 5, 1, 
