time, trialNum, realDorsalTactorPos, realVentralTactorPos, boxPosX, boxPosY, boxPosZ, boxLocalRot_11, boxLocalRot_12, boxLocalRot_13, boxLocalRot_21, boxLocalRot_22, boxLocalRot_23, boxLocalRot_31, boxLocalRot_32, boxLocalRot_33, boxGlobalRot_11, boxGlobalRot_12, boxGlobalRot_13, boxGlobalRot_21, boxGlobalRot_22, boxGlobalRot_23, boxGlobalRot_31, boxGlobalRot_32, boxGlobalRot_33, indexForceX, indexForceY, indexForceZ, indexForceGlobalX, indexForceGlobalY, indexForceGlobalZ, indexContact, indexPosX, indexPosY, indexPosZ, indexRot_11, indexRot_12, indexRot_13, indexRot_21, indexRot_22, indexRot_23, indexRot_31, indexRot_32, indexRot_33, thumbForceX, thumbForceY, thumbForceZ, thumbForceGlobalX, thumbForceGlobalY, thumbForceGlobalZ, thumbContact, thumbPosX, thumbPosY, thumbPosZ, thumbRot_11, thumbRot_12, thumbRot_13, thumbRot_21, thumbRot_22, thumbRot_23, thumbRot_31, thumbRot_32, thumbRot_33, manipForceTooHigh, cceExpType, mapping, trialSuccess, 
106.264449, 5, 0.1, 0.1, 0.028692034, 0.325724859, -0.0349807303, 0.999997964, 3.34324294e-006, -0.00201779308, -0.00201779309, 2.83219964e-006, -0.999997964, -3.33752134e-006, 1, 2.83893984e-006, 0.999997964, 1.69498748e-006, -0.0020177932, -0.0020177932, 9.2186031e-007, -0.999997964, -1.6931239e-006, 1, 9.25278567e-007, 0, 0, 0, 0, 0, 0, 0, 0.278963086, -0.0876223633, -0.238805322, -0.152769251, 0.528388411, -0.835050184, -0.919799805, 0.232788086, 0.315673828, 0.361231477, 0.816431555, 0.450631779, 0, 0, -0, 0, 0, 0, 0, 0.355187012, -0.0499689941, -0.182734766, 0.302830914, 0.492486067, -0.815738799, 0.259277344, -0.866210938, -0.426757812, -0.916972336, -0.082149925, -0.390139523, 0, 1, 1, 1, 
106.287696, 5, 0.1, 0.1, 0.0286920435, 0.325724867, -0.0349708879, 0.999997917, -6.81612688e-006, -0.00204104007, -0.00204104004, 4.86795299e-006, -0.999997917, 6.82604837e-006, 1, 4.85403086e-006, 0.999997918, -4.73518872e-006, -0.00204079335, -0.00204079336, -3.03080599e-006, -0.999997918, 4.72899362e-006, 1, -3.04046322e-006, 0, 0, 0, 0, 0, 0, 0, 0.285103247, -0.0996454102, -0.233401172, -0.159017035, 0.517464324, -0.840829925, -0.921386719, 0.228027344, 0.314575195, 0.354558329, 0.824712133, 0.44067111, 0, 0, -0, 0, 0, 0, 0, 0.359736865, -0.0593024902, -0.177892969, 0.293259877, 0.478712249, -0.827456785, 0.277954102, -0.870849609, -0.405273437, -0.914664239, -0.111091979, -0.388425308, 0, 1, 1, 1, 
106.288422, 5, 0.1, 0.1, 0.0286920424, 0.325724868, -0.0349663849, 0.999997914, -4.66760586e-006, -0.00204235193, -0.00204235195, -5.20209743e-006, -0.999997914, 4.65697161e-006, 1, -5.21161948e-006, 0.999997915, 4.60895333e-006, -0.00204209975, -0.00204209971, -8.8527976e-006, -0.999997915, -4.62702202e-006, 1, -8.8433672e-006, 0, 0, 0, 0, 0, 0, 0, 0.285103247, -0.0996454102, -0.233401172, -0.159017035, 0.517464324, -0.840829925, -0.921386719, 0.228027344, 0.314575195, 0.354558329, 0.824712133, 0.44067111, 0, 0, -0, 0, 0, 0, 0, 0.359736865, -0.0593024902, -0.177892969, 0.293259877, 0.478712249, -0.827456785, 0.277954102, -0.870849609, -0.405273437, -0.914664239, -0.111091979, -0.388425308, 0, 1, 1, 1, 
106.289115, 5, 0.1, 0.1, 0.0286920416, 0.325724867, -0.0349632101, 0.999997912, 4.4945465e-006, -0.00204364693, -0.00204364689, -8.61697062e-006, -0.999997912, -4.51214716e-006, 1, -8.60776736e-006, 0.999997912, 8.46300841e-006, -0.00204338491, -0.00204338487, -5.75608134e-006, -0.999997912, -8.47475263e-006, 1, -5.73877614e-006, 0, 0, 0, 0, 0, 0, 0, 0.285103247, -0.0996454102, -0.233401172, -0.159017035, 0.517464324, -0.840829925, -0.921386719, 0.228027344, 0.314575195, 0.354558329, 0.824712133, 0.44067111, 0, 0, -0, 0, 0, 0, 0, 0.359736865, -0.0593024902, -0.177892969, 0.293259877, 0.478712249, -0.827456785, 0.277954102, -0.870849609, -0.405273437, -0.914664239, -0.111091979, -0.388425308, 0, 1, 1, 1, 
106.289843, 5, 0.1, 0.1, 0.0286920416, 0.325724866, -0.0349619237, 0.999997909, 9.11891548e-006, -0.0020450561, -0.00204505604, -6.0639607e-006, -0.999997909, -9.13129755e-006, 1, -6.04529933e-006, 0.999997909, 5.89578467e-006, -0.00204475265, -0.00204475268, 5.11677218e-006, -0.999997909, -5.88530981e-006, 1, 5.12881691e-006, 0, 0, 0, 0, 0, 0, 0, 0.285911133, -0.0998809814, -0.232944556, -0.160497167, 0.517153918, -0.840652069, -0.922241211, 0.224731445, 0.314331055, 0.351455777, 0.825873624, 0.441013716, 0, 0, -0, 0, 0, 0, 0, 0.359736865, -0.0593024902, -0.177892969, 0.291215373, 0.478506992, -0.828306596, 0.282226562, -0.870239258, -0.403442383, -0.913897184, -0.116146003, -0.388514627, 0, 1, 1, 1, 
106.290538, 5, 0.1, 0.1, 0.028692042, 0.325724866, -0.0349627301, 0.999997906, 4.90463841e-006, -0.00204645047, -0.0020464505, 4.8842514e-006, -0.999997906, -4.89463277e-006, 1, 4.89427827e-006, 0.999997907, -5.00575632e-006, -0.00204617253, -0.00204617249, 8.38830168e-006, -0.999997907, 5.02290976e-006, 1, 8.37804148e-006, 0, 0, 0, 0, 0, 0, 0, 0.285911133, -0.0998809814, -0.232944556, -0.160497167, 0.517153918, -0.840652069, -0.922241211, 0.224731445, 0.314331055, 0.351455777, 0.825873624, 0.441013716, 0, 0, -0, 0, 0, 0, 0, 0.360287451, -0.0591991211, -0.17750459, 0.291215373, 0.478506992, -0.828306596, 0.282226562, -0.870239258, -0.403442383, -0.913897184, -0.116146003, -0.388514627, 0, 1, 1, 1, 
106.291236, 5, 0.1, 0.1, 0.0286920422, 0.325724866, -0.0349655135, 0.999997903, -5.22598279e-006, -0.0020478868, -0.00204788675, 8.25509615e-006, -0.999997903, 5.24287733e-006, 1, 8.24437662e-006, 0.999997904, -8.51687716e-006, -0.00204760072, -0.00204760067, 5.14917958e-006, -0.999997904, 8.52740277e-006, 1, 5.13172962e-006, 0, 0, 0, 0, 0, 0, 0, 0.285911133, -0.0998809814, -0.232944556, -0.160497167, 0.517153918, -0.840652069, -0.922241211, 0.224731445, 0.314331055, 0.351455777, 0.825873624, 0.441013716, 0, 0, -0, 0, 0, 0, 0, 0.360287451, -0.0591991211, -0.17750459, 0.291215373, 0.478506992, -0.828306596, 0.282226562, -0.870239258, -0.403442383, -0.913897184, -0.116146003, -0.388514627, 0, 1, 1, 1, 
106.291931, 5, 0.1, 0.1, 0.0286920417, 0.325724866, -0.0349693093, 0.9999979, -7.16544255e-006, -0.00204932706, -0.00204932702, 4.6579817e-006, -0.9999979, 7.17497323e-006, 1, 4.64328758e-006, 0.999997901, -4.6713041e-006, -0.00204903732, -0.00204903733, -3.49817196e-006, -0.999997901, 4.66412641e-006, 1, -3.5077363e-006, 0, 0, 0, 0, 0, 0, 0, 0.285911133, -0.0998809814, -0.232944556, -0.160497167, 0.517153918, -0.840652069, -0.922241211, 0.224731445, 0.314331055, 0.351455777, 0.825873624, 0.441013716, 0, 0, -0, 0, 0, 0, 0, 0.360287451, -0.0591991211, -0.17750459, 0.291215373, 0.478506992, -0.828306596, 0.282226562, -0.870239258, -0.403442383, -0.913897184, -0.116146003, -0.388514627, 0, 1, 1, 1, 
106.29263, 5, 0.1, 0.1, 0.028692041, 0.325724865, -0.0349729089, 0.999997897, -3.15463766e-006, -0.00205076302, -0.00205076303, -3.40238287e-006, -0.999997897, 3.14765354e-006, 1, -3.40884513e-006, 0.999997898, 3.90851166e-006, -0.0020504825, -0.00205048247, -5.83104744e-006, -0.999997898, -3.9204599e-006, 1, -5.82302085e-006, 0, 0, 0, 0, 0, 0, 0, 0.285911133, -0.0998809814, -0.232944556, -0.160497167, 0.517153918, -0.840652069, -0.922241211, 0.224731445, 0.314331055, 0.351455777, 0.825873624, 0.441013716, 0, 0, -0, 0, 0, 0, 0, 0.360287451, -0.0591991211, -0.17750459, 0.291215373, 0.478506992, -0.828306596, 0.282226562, -0.870239258, -0.403442383, -0.913897184, -0.116146003, -0.388514627, 0, 1, 1, 1, 
106.293328, 5, 0.1, 0.1, 0.0286920403, 0.325724865, -0.0349752779, 0.999997894, 3.82915584e-006, -0.00205217219, -0.00205217217, -5.57623931e-006, -0.999997894, -3.84059118e-006, 1, -5.56836948e-006, 0.999997895, 6.24349181e-006, -0.00205189795, -0.00205189793, -3.44293614e-006, -0.999997895, -6.25054322e-006, 1, -3.43011789e-006, 0, 0, 0, 0, 0, 0, 0, 0.285911133, -0.0998809814, -0.232944556, -0.160497167, 0.517153918, -0.840652069, -0.922241211, 0.224731445, 0.314331055, 0.351455777, 0.825873624, 0.441013716, 0, 0, -0, 0, 0, 0, 0, 0.360287451, -0.0591991211, -0.17750459, 0.291215373, 0.478506992, -0.828306596, 0.282226562, -0.870239258, -0.403442383, -0.913897184, -0.116146003, -0.388514627, 0, 1, 1, 1, 
106.294023, 5, 0.1, 0.1, 0.0286920401, 0.325724864, -0.0349758228, 0.999997891, 5.67161578e-006, -0.00205353757, -0.00205353755, -3.49178152e-006, -0.999997891, -5.67877433e-006, 1, -3.48012728e-006, 0.999997892, 3.85239304e-006, -0.00205326714, -0.00205326715, 2.9929872e-006, -0.999997892, -3.84623952e-006, 1, 3.00089089e-006, 0, 0, 0, 0, 0, 0, 0, 0.285911133, -0.0998809814, -0.232944556, -0.160497167, 0.517153918, -0.840652069, -0.922241211, 0.224731445, 0.314331055, 0.351455777, 0.825873624, 0.441013716, 0, 0, -0, 0, 0, 0, 0, 0.360287451, -0.0591991211, -0.17750459, 0.291215373, 0.478506992, -0.828306596, 0.282226562, -0.870239258, -0.403442383, -0.913897184, -0.116146003, -0.388514627, 0, 1, 1, 1, 
106.294742, 5, 0.1, 0.1, 0.0286920402, 0.325724863, -0.0349743151, 0.999997889, 3.96938503e-006, -0.0020549181, -0.00205491812, 3.80530985e-006, -0.999997889, -3.96155705e-006, 1, 3.81345858e-006, 0.999997889, -2.98374027e-006, -0.0020546556, -0.00205465558, 6.53829603e-006, -0.999997889, 2.99716792e-006, 1, 6.53215167e-006, 0, 0, 0, 0, 0, 0, 0, 0.286712915, -0.100117896, -0.232494043, -0.162097866, 0.516824417, -0.840594781, -0.923095703, 0.221313477, 0.314208984, 0.34837232, 0.826914547, 0.441375418, 0, 0, -0, 0, 0, 0, 0, 0.36104126, -0.0593089844, -0.177104492, 0.288953586, 0.478410377, -0.829060525, 0.286254883, -0.869628906, -0.402099609, -0.913398451, -0.121065866, -0.388348383, 0, 1, 1, 1, 
106.295442, 5, 0.1, 0.1, 0.0286920404, 0.325724863, -0.0349713854, 0.999997886, -3.75568055e-006, -0.00205624718, -0.00205624715, 7.05575983e-006, -0.999997886, 3.77018099e-006, 1, 7.04802231e-006, 0.999997886, -6.78523294e-006, -0.00205598423, -0.0020559842, 4.78885688e-006, -0.999997886, 6.79506441e-006, 1, 4.77489642e-006, 0, 0, 0, 0, 0, 0, 0, 0.286712915, -0.100117896, -0.232494043, -0.162097866, 0.516824417, -0.840594781, -0.923095703, 0.221313477, 0.314208984, 0.34837232, 0.826914547, 0.441375418, 0, 0, -0, 0, 0, 0, 0, 0.36104126, -0.0593089844, -0.177104492, 0.288953586, 0.478410377, -0.829060525, 0.286254883, -0.869628906, -0.402099609, -0.913398451, -0.121065866, -0.388348383, 0, 1, 1, 1, 
106.296139, 5, 0.1, 0.1, 0.02869204, 0.325724863, -0.0349681093, 0.999997883, -7.77825682e-006, -0.0020575712, -0.00205757116, 4.97211308e-006, -0.999997883, 7.78847083e-006, 1, 4.95609824e-006, 0.999997884, -5.29921197e-006, -0.0020573061, -0.00205730612, -3.65917859e-006, -0.999997884, 5.2916727e-006, 1, -3.67007295e-006, 0, 0, 0, 0, 0, 0, 0, 0.286712915, -0.100117896, -0.232494043, -0.162097866, 0.516824417, -0.840594781, -0.923095703, 0.221313477, 0.314208984, 0.34837232, 0.826914547, 0.441375418, 0, 0, -0, 0, 0, 0, 0, 0.36104126, -0.0593089844, -0.177104492, 0.288953586, 0.478410377, -0.829060525, 0.286254883, -0.869628906, -0.402099609, -0.913398451, -0.121065866, -0.388348383, 0, 1, 1, 1, 
106.296831, 5, 0.1, 0.1, 0.0286920394, 0.325724863, -0.0349655281, 0.99999788, -5.54162134e-006, -0.00205890038, -0.0020589004, -4.25248097e-006, -0.99999788, 5.53285416e-006, 1, -4.2638816e-006, 0.999997881, 3.77849322e-006, -0.00205863646, -0.00205863643, -7.74469442e-006, -0.999997881, -3.79442872e-006, 1, -7.73689947e-006, 0, 0, 0, 0, 0, 0, 0, 0.286712915, -0.100117896, -0.232494043, -0.162097866, 0.516824417, -0.840594781, -0.923095703, 0.221313477, 0.314208984, 0.34837232, 0.826914547, 0.441375418, 0, 0, -0, 0, 0, 0, 0, 0.36104126, -0.0593089844, -0.177104492, 0.288953586, 0.478410377, -0.829060525, 0.286254883, -0.869628906, -0.402099609, -0.913398451, -0.121065866, -0.388348383, 0, 1, 1, 1, 
106.297543, 5, 0.1, 0.1, 0.0286920386, 0.325724863, -0.0349641802, 0.999997878, 5.09609794e-006, -0.00206030103, -0.00206030099, -8.69786827e-006, -0.999997878, -5.11400736e-006, 1, -8.68735031e-006, 0.999997878, 8.81035458e-006, -0.00206002486, -0.00206002481, -5.6540306e-006, -0.999997878, -8.82198333e-006, 1, -5.63586905e-006, 0, 0, 0, 0, 0, 0, 0, 0.286712915, -0.100117896, -0.232494043, -0.162097866, 0.516824417, -0.840594781, -0.923095703, 0.221313477, 0.314208984, 0.34837232, 0.826914547, 0.441375418, 0, 0, -0, 0, 0, 0, 0, 0.361859766, -0.059703125, -0.17696084, 0.287675771, 0.477119069, -0.830300061, 0.289306641, -0.869750977, -0.399658203, -0.912919041, -0.125129355, -0.388233178, 0, 1, 1, 1, 
106.298241, 5, 0.1, 0.1, 0.0286920386, 0.325724862, -0.034964438, 0.999997875, 7.90804144e-006, -0.00206170672, -0.00206170668, -5.05024596e-006, -0.999997875, -7.91843676e-006, 1, -5.03393116e-006, 0.999997875, 5.15217887e-006, -0.00206142267, -0.0020614227, 4.46675566e-006, -0.999997875, -5.14296005e-006, 1, 4.47736699e-006, 0, 0, 0, 0, 0, 0, 0, 0.286712915, -0.100117896, -0.232494043, -0.162097866, 0.516824417, -0.840594781, -0.923095703, 0.221313477, 0.314208984, 0.34837232, 0.826914547, 0.441375418, 0, 0, -0, 0, 0, 0, 0, 0.361859766, -0.059703125, -0.17696084, 0.287675771, 0.477119069, -0.830300061, 0.289306641, -0.869750977, -0.399658203, -0.912919041, -0.125129355, -0.388233178, 0, 1, 1, 1, 
106.298938, 5, 0.1, 0.1, 0.0286920391, 0.325724862, -0.034966159, 0.999997872, 3.90991324e-006, -0.00206313003, -0.00206313005, 4.59739413e-006, -0.999997872, -3.9004199e-006, 1, 4.60545101e-006, 0.999997872, -5.11307896e-006, -0.0020628475, -0.00206284746, 7.82860345e-006, -0.999997872, 5.1292173e-006, 1, 7.81803929e-006, 0, 0, 0, 0, 0, 0, 0, 0.286712915, -0.100117896, -0.232494043, -0.162097866, 0.516824417, -0.840594781, -0.923095703, 0.221313477, 0.314208984, 0.34837232, 0.826914547, 0.441375418, 0, 0, -0, 0, 0, 0, 0, 0.361859766, -0.059703125, -0.17696084, 0.287675771, 0.477119069, -0.830300061, 0.289306641, -0.869750977, -0.399658203, -0.912919041, -0.125129355, -0.388233178, 0, 1, 1, 1, 
106.299649, 5, 0.1, 0.1, 0.0286920395, 0.325724862, -0.0349686963, 0.999997869, -5.27053483e-006, -0.00206460052, -0.00206460048, 7.0147447e-006, -0.999997869, 5.28500624e-006, 1, 7.00384821e-006, 0.999997869, -8.40935671e-006, -0.00206431793, -0.00206431789, 4.38650829e-006, -0.999997869, 8.41839394e-006, 1, 4.36913936e-006, 0, 0, 0, 0, 0, 0, 0, 0.287761621, -0.100611987, -0.232069897, -0.163260478, 0.515809702, -0.841013772, -0.923950195, 0.21875, 0.313476563, 0.345713845, 0.828311181, 0.441071004, 0, 0, -0, 0, 0, 0, 0, 0.361859766, -0.059703125, -0.17696084, 0.287675771, 0.477119069, -0.830300061, 0.289306641, -0.869750977, -0.399658203, -0.912919041, -0.125129355, -0.388233178, 0, 1, 1, 1, 
106.30035, 5, 0.1, 0.1, 0.0286920391, 0.325724862, -0.0349711957, 0.999997866, -6.55083096e-006, -0.00206604324, -0.00206604322, 3.3872277e-006, -0.999997866, 6.55781514e-006, 1, 3.37368617e-006, 0.999997866, -4.28742035e-006, -0.00206575587, -0.00206575589, -4.3628423e-006, -0.999997866, 4.27839864e-006, 1, -4.37168976e-006, 0, 0, 0, 0, 0, 0, 0, 0.287761621, -0.100611987, -0.232069897, -0.163260478, 0.515809702, -0.841013772, -0.923950195, 0.21875, 0.313476563, 0.345713845, 0.828311181, 0.441071004, 0, 0, -0, 0, 0, 0, 0, 0.361859766, -0.059703125, -0.17696084, 0.287675771, 0.477119069, -0.830300061, 0.289306641, -0.869750977, -0.399658203, -0.912919041, -0.125129355, -0.388233178, 0, 1, 1, 1, 
106.301048, 5, 0.1, 0.1, 0.0286920384, 0.325724862, -0.0349730134, 0.999997863, -3.46354379e-006, -0.00206746202, -0.00206746203, -3.78583502e-006, -0.999997863, 3.45570932e-006, 1, -3.79298767e-006, 0.999997863, 3.78199403e-006, -0.00206718161, -0.00206718159, -6.49797303e-006, -0.999997863, -3.79541844e-006, 1, -6.49014108e-006, 0, 0, 0, 0, 0, 0, 0, 0.287761621, -0.100611987, -0.232069897, -0.163260478, 0.515809702, -0.841013772, -0.923950195, 0.21875, 0.313476563, 0.345713845, 0.828311181, 0.441071004, 0, 0, -0, 0, 0, 0, 0, 0.361859766, -0.059703125, -0.17696084, 0.287675771, 0.477119069, -0.830300061, 0.289306641, -0.869750977, -0.399658203, -0.912919041, -0.125129355, -0.388233178, 0, 1, 1, 1, 
106.301756, 5, 0.1, 0.1, 0.0286920378, 0.325724862, -0.034973675, 0.99999786, 3.18631505e-006, -0.00206887693, -0.00206887691, -5.75356985e-006, -0.99999786, -3.19821166e-006, 1, -5.74696544e-006, 0.99999786, 6.14731142e-006, -0.00206857447, -0.00206857444, -3.45670243e-006, -0.99999786, -6.15444872e-006, 1, -3.44397887e-006, 0, 0, 0, 0, 0, 0, 0, 0.287761621, -0.100611987, -0.232069897, -0.163794044, 0.514033392, -0.84200452, -0.924194336, 0.218261719, 0.313110352, 0.344686027, 0.829581257, 0.439497636, 0, 0, -0, 0, 0, 0, 0, 0.361859766, -0.059703125, -0.17696084, 0.287675771, 0.477119069, -0.830300061, 0.289306641, -0.869750977, -0.399658203, -0.912919041, -0.125129355, -0.388233178, 0, 1, 1, 1, 
106.30247, 5, 0.1, 0.1, 0.0286920379, 0.325724861, -0.0349727879, 0.999997857, 5.96786351e-006, -0.0020702838, -0.00207028379, -2.96998392e-006, -0.999997857, -5.97399943e-006, 1, -2.95762238e-006, 0.999997858, 3.68980512e-006, -0.0020700065, -0.00207000652, 4.60301325e-006, -0.999997858, -3.68026895e-006, 1, 4.61064131e-006, 0, 0, 0, 0, 0, 0, 0, 0.288400952, -0.101368628, -0.231455591, -0.163794044, 0.514033392, -0.84200452, -0.924194336, 0.218261719, 0.313110352, 0.344686027, 0.829581257, 0.439497636, 0, 0, -0, 0, 0, 0, 0, 0.36243501, -0.0603551758, -0.176612012, 0.286180672, 0.475169713, -0.831954841, 0.291503906, -0.870239258, -0.396850586, -0.912707954, -0.128771036, -0.387670646, 0, 1, 1, 1, 
106.303169, 5, 0.1, 0.1, 0.0286920381, 0.32572486, -0.0349709512, 0.999997854, 4.7075563e-006, -0.00207164567, -0.00207164569, 4.16369049e-006, -0.999997854, -4.69892051e-006, 1, 4.17343394e-006, 0.999997855, -3.33877277e-006, -0.00207137773, -0.00207137771, 7.31498742e-006, -0.999997855, 3.35391771e-006, 1, 7.30805586e-006, 0, 0, 0, 0, 0, 0, 0, 0.288400952, -0.101368628, -0.231455591, -0.163794044, 0.514033392, -0.84200452, -0.924194336, 0.218261719, 0.313110352, 0.344686027, 0.829581257, 0.439497636, 0, 0, -0, 0, 0, 0, 0, 0.36243501, -0.0603551758, -0.176612012, 0.286180672, 0.475169713, -0.831954841, 0.291503906, -0.870239258, -0.396850586, -0.912707954, -0.128771036, -0.387670646, 0, 1, 1, 1, 
106.303865, 5, 0.1, 0.1, 0.028692038, 0.32572486, -0.03496883, 0.999997851, -3.28916516e-006, -0.0020730024, -0.00207300238, 7.07206698e-006, -0.999997851, 3.3038185e-006, 1, 7.06523334e-006, 0.999997852, -6.58439167e-006, -0.00207273422, -0.00207273419, 4.62701133e-006, -0.999997852, 6.59396809e-006, 1, 4.6133537e-006, 0, 0, 0, 0, 0, 0, 0, 0.288400952, -0.101368628, -0.231455591, -0.163794044, 0.514033392, -0.84200452, -0.924194336, 0.218261719, 0.313110352, 0.344686027, 0.829581257, 0.439497636, 0, 0, -0, 0, 0, 0, 0, 0.36243501, -0.0603551758, -0.176612012, 0.286180672, 0.475169713, -0.831954841, 0.291503906, -0.870239258, -0.396850586, -0.912707954, -0.128771036, -0.387670646, 0, 1, 1, 1, 
106.304582, 5, 0.1, 0.1, 0.0286920369, 0.32572486, -0.0349667847, 0.999997848, -6.30400898e-006, -0.00207441056, -0.00207441054, 3.84359834e-006, -0.999997848, 6.31196862e-006, 1, 3.83051297e-006, 0.999997849, -3.51390347e-006, -0.00207413582, -0.00207413584, -5.25031333e-006, -0.999997849, 3.50300605e-006, 1, -5.25759035e-006, 0, 0, 0, 0, 0, 0, 0, 0.288400952, -0.101368628, -0.231455591, -0.163794044, 0.514033392, -0.84200452, -0.924194336, 0.218261719, 0.313110352, 0.344686027, 0.829581257, 0.439497636, 0, 0, -0, 0, 0, 0, 0, 0.36243501, -0.0603551758, -0.176612012, 0.286180672, 0.475169713, -0.831954841, 0.291503906, -0.870239258, -0.396850586, -0.912707954, -0.128771036, -0.387670646, 0, 1, 1, 1, 
106.305281, 5, 0.1, 0.1, 0.0286920359, 0.325724861, -0.0349657204, 0.999997846, -4.72139738e-006, -0.00207579969, -0.00207579971, -4.87403458e-006, -0.999997846, 4.71126969e-006, 1, -4.88382475e-006, 0.999997846, 4.81633428e-006, -0.00207552394, -0.0020755239, -8.50299213e-006, -0.999997846, -4.83397207e-006, 1, -8.49297739e-006, 0, 0, 0, 0, 0, 0, 0, 0.288400952, -0.101368628, -0.231455591, -0.163794044, 0.514033392, -0.84200452, -0.924194336, 0.218261719, 0.313110352, 0.344686027, 0.829581257, 0.439497636, 0, 0, -0, 0, 0, 0, 0, 0.36243501, -0.0603551758, -0.176612012, 0.286180672, 0.475169713, -0.831954841, 0.291503906, -0.870239258, -0.396850586, -0.912707954, -0.128771036, -0.387670646, 0, 1, 1, 1, 
106.305982, 5, 0.1, 0.1, 0.0286920355, 0.32572486, -0.0349658083, 0.999997843, 3.37366045e-006, -0.00207722211, -0.00207722209, -7.04384899e-006, -0.999997843, -3.38828481e-006, 1, -7.03682595e-006, 0.999997843, 6.98975089e-006, -0.00207693671, -0.00207693668, -4.20319254e-006, -0.999997843, -6.99846558e-006, 1, -4.18866621e-006, 0, 0, 0, 0, 0, 0, 0, 0.288400952, -0.101368628, -0.231455591, -0.163794044, 0.514033392, -0.84200452, -0.924194336, 0.218261719, 0.313110352, 0.344686027, 0.829581257, 0.439497636, 0, 0, -0, 0, 0, 0, 0, 0.36243501, -0.0603551758, -0.176612012, 0.286180672, 0.475169713, -0.831954841, 0.291503906, -0.870239258, -0.396850586, -0.912707954, -0.128771036, -0.387670646, 0, 1, 1, 1, 
106.306695, 5, 0.1, 0.1, 0.028692036, 0.325724859, -0.034966906, 0.99999784, 6.80333817e-006, -0.00207868232, -0.0020786823, -4.02497806e-006, -0.99999784, -6.81169012e-006, 1, -4.01082738e-006, 0.99999784, 4.0680204e-006, -0.00207839554, -0.00207839556, 4.95904258e-006, -0.99999784, -4.05770476e-006, 1, 4.96748683e-006, 0, 0, 0, 0, 0, 0, 0, 0.289055176, -0.102351196, -0.230839941, -0.164048284, 0.512218889, -0.842976173, -0.924560547, 0.218017578, 0.31237793, 0.343861151, 0.830610197, 0.438044835, 0, 0, -0, 0, 0, 0, 0, 0.36243501, -0.0603551758, -0.176612012, 0.286180672, 0.475169713, -0.831954841, 0.291503906, -0.870239258, -0.396850586, -0.912707954, -0.128771036, -0.387670646, 0, 1, 1, 1, 
106.307411, 5, 0.1, 0.1, 0.0286920366, 0.325724858, -0.0349683636, 0.999997836, 3.54076889e-006, -0.00208015895, -0.00208015897, 4.00848199e-006, -0.999997836, -3.53242295e-006, 1, 4.01583868e-006, 0.999997837, -5.06067012e-006, -0.00207987669, -0.00207987666, 7.19515146e-006, -0.999997837, 5.0756242e-006, 1, 7.18461032e-006, 0, 0, 0, 0, 0, 0, 0, 0.289055176, -0.102351196, -0.230839941, -0.164048284, 0.512218889, -0.842976173, -0.924560547, 0.218017578, 0.31237793, 0.343861151, 0.830610197, 0.438044835, 0, 0, -0, 0, 0, 0, 0, 0.363081787, -0.060798877, -0.176041895, 0.285618507, 0.472964795, -0.83341166, 0.293823242, -0.87097168, -0.393676758, -0.912030584, -0.132316836, -0.387823764, 0, 1, 1, 1, 
106.30811, 5, 0.1, 0.1, 0.0286920367, 0.325724859, -0.0349700559, 0.999997833, -3.72006368e-006, -0.00208160392, -0.0020816039, 6.12823745e-006, -0.999997833, 3.73281218e-006, 1, 6.12048047e-006, 0.999997834, -6.82896404e-006, -0.00208131542, -0.00208131539, 3.58082104e-006, -0.999997834, 6.83640207e-006, 1, 3.56660006e-006, 0, 0, 0, 0, 0, 0, 0, 0.289055176, -0.102351196, -0.230839941, -0.164048284, 0.512218889, -0.842976173, -0.924560547, 0.218017578, 0.31237793, 0.343861151, 0.830610197, 0.438044835, 0, 0, -0, 0, 0, 0, 0, 0.363081787, -0.060798877, -0.176041895, 0.285618507, 0.472964795, -0.83341166, 0.293823242, -0.87097168, -0.393676758, -0.912030584, -0.132316836, -0.387823764, 0, 1, 1, 1, 
106.308807, 5, 0.1, 0.1, 0.028692036, 0.325724859, -0.0349714537, 0.99999783, -5.86912155e-006, -0.00208302982, -0.0020830298, 3.37058589e-006, -0.99999783, 5.87612985e-006, 1, 3.35835303e-006, 0.999997831, -3.5567959e-006, -0.00208274852, -0.00208274853, -4.33142514e-006, -0.999997831, 3.54776691e-006, 1, -4.33882366e-006, 0, 0, 0, 0, 0, 0, 0, 0.289055176, -0.102351196, -0.230839941, -0.164048284, 0.512218889, -0.842976173, -0.924560547, 0.218017578, 0.31237793, 0.343861151, 0.830610197, 0.438044835, 0, 0, -0, 0, 0, 0, 0, 0.363081787, -0.060798877, -0.176041895, 0.285618507, 0.472964795, -0.83341166, 0.293823242, -0.87097168, -0.393676758, -0.912030584, -0.132316836, -0.387823764, 0, 1, 1, 1, 
106.309507, 5, 0.1, 0.1, 0.0286920352, 0.325724859, -0.0349721812, 0.999997828, -3.58081047e-006, -0.00208444324, -0.00208444325, -3.55907864e-006, -0.999997828, 3.57338399e-006, 1, -3.56653491e-006, 0.999997828, 3.98202424e-006, -0.00208416733, -0.0020841673, -6.45461923e-006, -0.999997828, -3.9954681e-006, 1, -6.446306e-006, 0, 0, 0, 0, 0, 0, 0, 0.289055176, -0.102351196, -0.230839941, -0.164048284, 0.512218889, -0.842976173, -0.924560547, 0.218017578, 0.31237793, 0.343861151, 0.830610197, 0.438044835, 0, 0, -0, 0, 0, 0, 0, 0.363081787, -0.060798877, -0.176041895, 0.285618507, 0.472964795, -0.83341166, 0.293823242, -0.87097168, -0.393676758, -0.912030584, -0.132316836, -0.387823764, 0, 1, 1, 1, 
106.310212, 5, 0.1, 0.1, 0.0286920345, 0.325724859, -0.0349720365, 0.999997825, 3.66909205e-006, -0.00208585262, -0.0020858526, -6.14202292e-006, -0.999997825, -3.68189542e-006, 1, -6.13435637e-006, 0.999997825, 6.62995376e-006, -0.00208557675, -0.00208557672, -3.91241576e-006, -0.999997825, -6.63809899e-006, 1, -3.89857997e-006, 0, 0, 0, 0, 0, 0, 0, 0.289055176, -0.102351196, -0.230839941, -0.164048284, 0.512218889, -0.842976173, -0.924560547, 0.218017578, 0.31237793, 0.343861151, 0.830610197, 0.438044835, 0, 0, -0, 0, 0, 0, 0, 0.363081787, -0.060798877, -0.176041895, 0.285618507, 0.472964795, -0.83341166, 0.293823242, -0.87097168, -0.393676758, -0.912030584, -0.132316836, -0.387823764, 0, 1, 1, 1, 
106.31091, 5, 0.1, 0.1, 0.0286920346, 0.325724858, -0.0349711159, 0.999997822, 6.30864398e-006, -0.00208723385, -0.00208723383, -3.83471429e-006, -0.999997822, -6.31663419e-006, 1, -3.82153832e-006, 0.999997822, 3.96428366e-006, -0.00208695421, -0.00208695423, 4.16506876e-006, -0.999997822, -3.95558272e-006, 1, 4.17333296e-006, 0, 0, 0, 0, 0, 0, 0, 0.289055176, -0.102351196, -0.230839941, -0.164048284, 0.512218889, -0.842976173, -0.924560547, 0.218017578, 0.31237793, 0.343861151, 0.830610197, 0.438044835, 0, 0, -0, 0, 0, 0, 0, 0.363081787, -0.060798877, -0.176041895, 0.285618507, 0.472964795, -0.83341166, 0.293823242, -0.87097168, -0.393676758, -0.912030584, -0.132316836, -0.387823764, 0, 1, 1, 1, 
106.311633, 5, 0.1, 0.1, 0.0286920348, 0.325724857, -0.0349696253, 0.999997819, 5.60180945e-006, -0.00208865751, -0.00208865753, 3.71417189e-006, -0.999997819, -5.5940396e-006, 1, 3.72586405e-006, 0.999997819, -3.52702693e-006, -0.00208835871, -0.00208835868, 7.25356072e-006, -0.999997819, 3.54216727e-006, 1, 7.24617921e-006, 0, 0, 0, 0, 0, 0, 0, 0.289444165, -0.103049487, -0.230183032, -0.165102312, 0.51161006, -0.84319222, -0.924804687, 0.216796875, 0.3125, 0.342668581, 0.831448178, 0.437461094, 0, 0, -0, 0, 0, 0, 0, 0.363081787, -0.060798877, -0.176041895, 0.284123408, 0.471622448, -0.834689475, 0.296264648, -0.87109375, -0.391357422, -0.911819497, -0.135894718, -0.387344354, 0, 1, 1, 1, 
106.31233, 5, 0.1, 0.1, 0.0286920346, 0.325724857, -0.0349680456, 0.999997816, -3.35221834e-006, -0.00209003663, -0.0020900366, 7.16484509e-006, -0.999997816, 3.3671858e-006, 1, 7.15782318e-006, 0.999997816, -6.51741972e-006, -0.00208976118, -0.00208976115, 4.45669828e-006, -0.999997816, 6.52671893e-006, 1, 4.4430687e-006, 0, 0, 0, 0, 0, 0, 0, 0.289444165, -0.103049487, -0.230183032, -0.165102312, 0.51161006, -0.84319222, -0.924804687, 0.216796875, 0.3125, 0.342668581, 0.831448178, 0.437461094, 0, 0, -0, 0, 0, 0, 0, 0.363657031, -0.0614094238, -0.175446631, 0.284123408, 0.471622448, -0.834689475, 0.296264648, -0.87109375, -0.391357422, -0.911819497, -0.135894718, -0.387344354, 0, 1, 1, 1, 
106.31303, 5, 0.1, 0.1, 0.0286920341, 0.325724858, -0.0349669952, 0.999997813, -7.57653854e-006, -0.00209143047, -0.00209143043, 5.10558453e-006, -0.999997813, 7.58719994e-006, 1, 5.08972756e-006, 0.999997814, -4.74311021e-006, -0.00209114566, -0.00209114568, -4.06169567e-006, -0.999997814, 4.73460624e-006, 1, -4.07160533e-006, 0, 0, 0, 0, 0, 0, 0, 0.289444165, -0.103049487, -0.230183032, -0.165102312, 0.51161006, -0.84319222, -0.924804687, 0.216796875, 0.3125, 0.342668581, 0.831448178, 0.437461094, 0, 0, -0, 0, 0, 0, 0, 0.363657031, -0.0614094238, -0.175446631, 0.284123408, 0.471622448, -0.834689475, 0.296264648, -0.87109375, -0.391357422, -0.911819497, -0.135894718, -0.387344354, 0, 1, 1, 1, 
106.313726, 5, 0.1, 0.1, 0.0286920334, 0.325724858, -0.0349667626, 0.99999781, -5.25004049e-006, -0.00209282978, -0.0020928298, -4.02341058e-006, -0.99999781, 5.24160868e-006, 1, -4.03438921e-006, 0.999997811, 3.86365532e-006, -0.00209254892, -0.0020925489, -7.32847703e-006, -0.999997811, -3.87898206e-006, 1, -7.32037609e-006, 0, 0, 0, 0, 0, 0, 0, 0.289444165, -0.103049487, -0.230183032, -0.165102312, 0.51161006, -0.84319222, -0.924804687, 0.216796875, 0.3125, 0.342668581, 0.831448178, 0.437461094, 0, 0, -0, 0, 0, 0, 0, 0.363657031, -0.0614094238, -0.175446631, 0.284123408, 0.471622448, -0.834689475, 0.296264648, -0.87109375, -0.391357422, -0.911819497, -0.135894718, -0.387344354, 0, 1, 1, 1, 
106.314455, 5, 0.1, 0.1, 0.028692033, 0.325724857, -0.0349670298, 0.999997807, 4.50284474e-006, -0.00209431746, -0.00209431743, -6.99433378e-006, -0.999997807, -4.51748322e-006, 1, -6.98488805e-006, 0.999997807, 7.8432757e-006, -0.00209403329, -0.00209403326, -4.07680587e-006, -0.999997808, -7.85179547e-006, 1, -4.06037286e-006, 0, 0, 0, 0, 0, 0, 0, 0.290052246, -0.103996777, -0.22953894, -0.166282899, 0.510499866, -0.843624315, -0.924682617, 0.216186523, 0.313110352, 0.342237608, 0.832241975, 0.436293612, 0, 0, -0, 0, 0, 0, 0, 0.364240576, -0.0622795898, -0.175084375, 0.282749711, 0.469634813, -0.836261133, 0.297973633, -0.871704102, -0.388793945, -0.91159565, -0.139172195, -0.386404857, 0, 1, 1, 1, 
106.315157, 5, 0.1, 0.1, 0.0286920331, 0.325724856, -0.0349679065, 0.999997804, 7.33974408e-006, -0.00209575852, -0.00209575848, -4.65197616e-006, -0.999997804, -7.34947738e-006, 1, -4.63658361e-006, 0.999997804, 4.72789419e-006, -0.00209546933, -0.00209546935, 4.17670778e-006, -0.999997804, -4.71913164e-006, 1, 4.18660576e-006, 0, 0, 0, 0, 0, 0, 0, 0.290052246, -0.103996777, -0.22953894, -0.166282899, 0.510499866, -0.843624315, -0.924682617, 0.216186523, 0.313110352, 0.342237608, 0.832241975, 0.436293612, 0, 0, -0, 0, 0, 0, 0, 0.364240576, -0.0622795898, -0.175084375, 0.282749711, 0.469634813, -0.836261133, 0.297973633, -0.871704102, -0.388793945, -0.91159565, -0.139172195, -0.386404857, 0, 1, 1, 1, 
106.315853, 5, 0.1, 0.1, 0.0286920334, 0.325724856, -0.0349691884, 0.999997801, 4.02236869e-006, -0.0020971857, -0.00209718571, 3.65248397e-006, -0.999997801, -4.0146999e-006, 1, 3.66091159e-006, 0.999997801, -4.13067042e-006, -0.00209690507, -0.00209690504, 6.65704078e-006, -0.999997801, 4.14462052e-006, 1, 6.64836452e-006, 0, 0, 0, 0, 0, 0, 0, 0.290052246, -0.103996777, -0.22953894, -0.166282899, 0.510499866, -0.843624315, -0.924682617, 0.216186523, 0.313110352, 0.342237608, 0.832241975, 0.436293612, 0, 0, -0, 0, 0, 0, 0, 0.364240576, -0.0622795898, -0.175084375, 0.282749711, 0.469634813, -0.836261133, 0.297973633, -0.871704102, -0.388793945, -0.91159565, -0.139172195, -0.386404857, 0, 1, 1, 1, 
106.316552, 5, 0.1, 0.1, 0.0286920336, 0.325724856, -0.0349704865, 0.999997798, -4.40023468e-006, -0.00209861978, -0.00209861975, 6.29960442e-006, -0.999997798, 4.41344547e-006, 1, 6.29035612e-006, 0.999997798, -7.3111978e-006, -0.00209833566, -0.00209833564, 3.7495837e-006, -0.999997798, 7.31904959e-006, 1, 3.73423409e-006, 0, 0, 0, 0, 0, 0, 0, 0.290052246, -0.103996777, -0.22953894, -0.166282899, 0.510499866, -0.843624315, -0.924682617, 0.216186523, 0.313110352, 0.342237608, 0.832241975, 0.436293612, 0, 0, -0, 0, 0, 0, 0, 0.364240576, -0.0622795898, -0.175084375, 0.282749711, 0.469634813, -0.836261133, 0.297973633, -0.871704102, -0.388793945, -0.91159565, -0.139172195, -0.386404857, 0, 1, 1, 1, 
106.317251, 5, 0.1, 0.1, 0.0286920334, 0.325724856, -0.0349713997, 0.999997795, -7.17626502e-006, -0.0021000395, -0.00210003947, 3.87441094e-006, -0.999997795, 7.18438562e-006, 1, 3.85933196e-006, 0.999997795, -4.8891655e-006, -0.00209975843, -0.00209975845, -3.84035154e-006, -0.999997795, 4.88109091e-006, 1, -3.85060914e-006, 0, 0, 0, 0, 0, 0, 0, 0.290052246, -0.103996777, -0.22953894, -0.166282899, 0.510499866, -0.843624315, -0.924682617, 0.216186523, 0.313110352, 0.342237608, 0.832241975, 0.436293612, 0, 0, -0, 0, 0, 0, 0, 0.364240576, -0.0622795898, -0.175084375, 0.282749711, 0.469634813, -0.836261133, 0.297973633, -0.871704102, -0.388793945, -0.91159565, -0.139172195, -0.386404857, 0, 1, 1, 1, 
106.317948, 5, 0.1, 0.1, 0.0286920329, 0.325724856, -0.0349716997, 0.999997792, -4.42049382e-006, -0.00210143572, -0.00210143574, -3.71146644e-006, -0.999997792, 4.41268465e-006, 1, -3.72074763e-006, 0.999997793, 3.1536485e-006, -0.00210115953, -0.00210115951, -6.52982106e-006, -0.999997793, -3.16736173e-006, 1, -6.52318033e-006, 0, 0, 0, 0, 0, 0, 0, 0.290052246, -0.103996777, -0.22953894, -0.166282899, 0.510499866, -0.843624315, -0.924682617, 0.216186523, 0.313110352, 0.342237608, 0.832241975, 0.436293612, 0, 0, -0, 0, 0, 0, 0, 0.364240576, -0.0622795898, -0.175084375, 0.282749711, 0.469634813, -0.836261133, 0.297973633, -0.871704102, -0.388793945, -0.91159565, -0.139172195, -0.386404857, 0, 1, 1, 1, 
106.318646, 5, 0.1, 0.1, 0.0286920325, 0.325724856, -0.0349713479, 0.999997789, 3.7161434e-006, -0.00210282669, -0.00210282666, -6.70994421e-006, -0.999997789, -3.73024503e-006, 1, -6.70211497e-006, 0.99999779, 6.57492417e-006, -0.00210254963, -0.00210254961, -4.26781383e-006, -0.99999779, -6.58388293e-006, 1, -4.25398029e-006, 0, 0, 0, 0, 0, 0, 0, 0.290052246, -0.103996777, -0.22953894, -0.166282899, 0.510499866, -0.843624315, -0.924682617, 0.216186523, 0.313110352, 0.342237608, 0.832241975, 0.436293612, 0, 0, -0, 0, 0, 0, 0, 0.364240576, -0.0622795898, -0.175084375, 0.282749711, 0.469634813, -0.836261133, 0.297973633, -0.871704102, -0.388793945, -0.91159565, -0.139172195, -0.386404857, 0, 1, 1, 1, 
106.319374, 5, 0.1, 0.1, 0.0286920327, 0.325724855, -0.0349701071, 0.999997786, 6.8314656e-006, -0.00210426944, -0.00210426941, -3.88184284e-006, -0.999997786, -6.83961892e-006, 1, -3.867459e-006, 0.999997787, 4.22582559e-006, -0.00210399311, -0.00210399313, 4.42142686e-006, -0.999997787, -4.21651359e-006, 1, 4.43030818e-006, 0, 0, 0, 0, 0, 0, 0, 0.290174414, -0.104899268, -0.229306787, -0.168294353, 0.510296923, -0.843396285, -0.924194336, 0.215820312, 0.315063477, 0.342803375, 0.832521302, 0.435392352, 0, 0, -0, 0, 0, 0, 0, 0.364339307, -0.0628930664, -0.174930225, 0.280928687, 0.467947584, -0.837762428, 0.299194336, -0.872070313, -0.386962891, -0.911787047, -0.141804384, -0.384966995, 0, 1, 1, 1, 
106.32008, 5, 0.1, 0.1, 0.0286920327, 0.325724855, -0.0349687365, 0.999997783, 6.18215341e-006, -0.00210566575, -0.00210566577, 3.27071225e-006, -0.999997783, -6.17525267e-006, 1, 3.28372254e-006, 0.999997784, -2.9980844e-006, -0.00210537764, -0.00210537762, 6.8419978e-006, -0.999997784, 3.01248274e-006, 1, 6.83567054e-006, 0, 0, 0, 0, 0, 0, 0, 0.290174414, -0.104899268, -0.229306787, -0.168294353, 0.510296923, -0.843396285, -0.924194336, 0.215820312, 0.315063477, 0.342803375, 0.832521302, 0.435392352, 0, 0, -0, 0, 0, 0, 0, 0.364339307, -0.0628930664, -0.174930225, 0.280928687, 0.467947584, -0.837762428, 0.299194336, -0.872070313, -0.386962891, -0.911787047, -0.141804384, -0.384966995, 0, 1, 1, 1, 
106.320778, 5, 0.1, 0.1, 0.0286920322, 0.325724855, -0.0349676183, 0.99999778, -2.15267201e-006, -0.00210706081, -0.0021070608, 6.24569688e-006, -0.99999778, 2.1658273e-006, 1, 6.2411472e-006, 0.999997781, -5.41058936e-006, -0.00210678259, -0.00210678257, 3.51953528e-006, -0.999997781, 5.41799225e-006, 1, 3.50812853e-006, 0, 0, 0, 0, 0, 0, 0, 0.290174414, -0.104899268, -0.229306787, -0.168294353, 0.510296923, -0.843396285, -0.924194336, 0.215820312, 0.315063477, 0.342803375, 0.832521302, 0.435392352, 0, 0, -0, 0, 0, 0, 0, 0.364339307, -0.0628930664, -0.174930225, 0.280928687, 0.467947584, -0.837762428, 0.299194336, -0.872070313, -0.386962891, -0.911787047, -0.141804384, -0.384966995, 0, 1, 1, 1, 
106.321473, 5, 0.1, 0.1, 0.0286920311, 0.325724856, -0.0349671527, 0.999997777, -6.06731379e-006, -0.00210845585, -0.00210845583, 3.81785499e-006, -0.999997777, 6.07535009e-006, 1, 3.80505384e-006, 0.999997778, -3.18486822e-006, -0.0021081763, -0.00210817632, -5.20781182e-006, -0.999997778, 3.17388215e-006, 1, -5.21451451e-006, 0, 0, 0, 0, 0, 0, 0, 0.290174414, -0.104899268, -0.229306787, -0.168294353, 0.510296923, -0.843396285, -0.924194336, 0.215820312, 0.315063477, 0.342803375, 0.832521302, 0.435392352, 0, 0, -0, 0, 0, 0, 0, 0.364339307, -0.0628930664, -0.174930225, 0.280928687, 0.467947584, -0.837762428, 0.299194336, -0.872070313, -0.386962891, -0.911787047, -0.141804384, -0.384966995, 0, 1, 1, 1, 
106.322173, 5, 0.1, 0.1, 0.0286920302, 0.325724856, -0.0349674141, 0.999997774, -4.60632095e-006, -0.00210987041, -0.00210987043, -4.01159613e-006, -0.999997774, 4.59784675e-006, 1, -4.02130594e-006, 0.999997775, 4.44327856e-006, -0.00210959313, -0.0021095931, -7.45080651e-006, -0.999997775, -4.45898684e-006, 1, -7.44141642e-006, 0, 0, 0, 0, 0, 0, 0, 0.290174414, -0.104899268, -0.229306787, -0.168294353, 0.510296923, -0.843396285, -0.924194336, 0.215820312, 0.315063477, 0.342803375, 0.832521302, 0.435392352, 0, 0, -0, 0, 0, 0, 0, 0.364339307, -0.0628930664, -0.174930225, 0.280928687, 0.467947584, -0.837762428, 0.299194336, -0.872070313, -0.386962891, -0.911787047, -0.141804384, -0.384966995, 0, 1, 1, 1, 
106.322867, 5, 0.1, 0.1, 0.02869203, 0.325724855, -0.0349683163, 0.999997771, 3.05123431e-006, -0.00211128319, -0.00211128318, -6.27444755e-006, -0.999997771, -3.06447465e-006, 1, -6.26799154e-006, 0.999997772, 6.32659526e-006, -0.00211099998, -0.00211099996, -3.60831504e-006, -0.999997772, -6.33419832e-006, 1, -3.59495156e-006, 0, 0, 0, 0, 0, 0, 0, 0.290174414, -0.104899268, -0.229306787, -0.168294353, 0.510296923, -0.843396285, -0.924194336, 0.215820312, 0.315063477, 0.342803375, 0.832521302, 0.435392352, 0, 0, -0, 0, 0, 0, 0, 0.364339307, -0.0628930664, -0.174930225, 0.280928687, 0.467947584, -0.837762428, 0.299194336, -0.872070313, -0.386962891, -0.911787047, -0.141804384, -0.384966995, 0, 1, 1, 1, 
106.323568, 5, 0.1, 0.1, 0.0286920306, 0.325724854, -0.0349694915, 0.999997768, 5.39662769e-006, -0.00211271123, -0.00211271121, -3.38746628e-006, -0.999997768, -5.40377238e-006, 1, -3.37605721e-006, 0.999997769, 2.81256313e-006, -0.00211242625, -0.00211242626, 4.9918717e-006, -0.999997769, -2.8020119e-006, 1, 4.99780189e-006, 0, 0, 0, 0, 0, 0, 0, 0.290174414, -0.104899268, -0.229306787, -0.168294353, 0.510296923, -0.843396285, -0.924194336, 0.215820312, 0.315063477, 0.342803375, 0.832521302, 0.435392352, 0, 0, -0, 0, 0, 0, 0, 0.364339307, -0.0628930664, -0.174930225, 0.280928687, 0.467947584, -0.837762428, 0.299194336, -0.872070313, -0.386962891, -0.911787047, -0.141804384, -0.384966995, 0, 1, 1, 1, 
106.324295, 5, 0.1, 0.1, 0.0286920315, 0.325724854, -0.0349703224, 0.999997765, 3.02563643e-006, -0.00211418845, -0.00211418846, 4.49680201e-006, -0.999997765, -3.01612258e-006, 1, 4.50318872e-006, 0.999997766, -5.11081314e-006, -0.00211391219, -0.00211391215, 7.61640706e-006, -0.999997766, 5.12690214e-006, 1, 7.60558623e-006, 0, 0, 0, 0, 0, 0, 0, 0.290775659, -0.106066382, -0.22887373, -0.169639691, 0.509269104, -0.843587245, -0.923828125, 0.215576172, 0.316040039, 0.342892863, 0.833054868, 0.434186678, 0, 0, -0, 0, 0, 0, 0, 0.364852783, -0.0639493652, -0.174782422, 0.278794497, 0.466049634, -0.839583085, 0.299072266, -0.872802734, -0.385253906, -0.912502331, -0.143599521, -0.382826242, 0, 1, 1, 1, 
106.324995, 5, 0.1, 0.1, 0.0286920316, 0.325724854, -0.0349707839, 0.999997762, -3.33205102e-006, -0.00211559881, -0.00211559879, 5.85082435e-006, -0.999997762, 3.34442156e-006, 1, 5.84376197e-006, 0.999997763, -6.58845666e-006, -0.00211531772, -0.00211531769, 3.6185686e-006, -0.999997763, 6.59609634e-006, 1, 3.60462382e-006, 0, 0, 0, 0, 0, 0, 0, 0.290775659, -0.106066382, -0.22887373, -0.169639691, 0.509269104, -0.843587245, -0.923828125, 0.215576172, 0.316040039, 0.342892863, 0.833054868, 0.434186678, 0, 0, -0, 0, 0, 0, 0, 0.364852783, -0.0639493652, -0.174782422, 0.278794497, 0.466049634, -0.839583085, 0.299072266, -0.872802734, -0.385253906, -0.912502331, -0.143599521, -0.382826242, 0, 1, 1, 1, 
