time, trialNum, realDorsalTactorPos, realVentralTactorPos, boxPosX, boxPosY, boxPosZ, boxLocalRot_11, boxLocalRot_12, boxLocalRot_13, boxLocalRot_21, boxLocalRot_22, boxLocalRot_23, boxLocalRot_31, boxLocalRot_32, boxLocalRot_33, boxGlobalRot_11, boxGlobalRot_12, boxGlobalRot_13, boxGlobalRot_21, boxGlobalRot_22, boxGlobalRot_23, boxGlobalRot_31, boxGlobalRot_32, boxGlobalRot_33, indexForceX, indexForceY, indexForceZ, indexForceGlobalX, indexForceGlobalY, indexForceGlobalZ, indexContact, indexPosX, indexPosY, indexPosZ, indexRot_11, indexRot_12, indexRot_13, indexRot_21, indexRot_22, indexRot_23, indexRot_31, indexRot_32, indexRot_33, thumbForceX, thumbForceY, thumbForceZ, thumbForceGlobalX, thumbForceGlobalY, thumbForceGlobalZ, thumbContact, thumbPosX, thumbPosY, thumbPosZ, thumbRot_11, thumbRot_12, thumbRot_13, thumbRot_21, thumbRot_22, thumbRot_23, thumbRot_31, thumbRot_32, thumbRot_33, manipForceTooHigh, cceExpType, mapping, trialSuccess, 
617.290112, 39, 0.1, 0.1, -0.0187929324, 0.368074343, -0.0349678938, 0.92885313, -1.34516121e-005, 0.370448191, 0.37044819, -1.2002683e-005, -0.928853131, 1.69409442e-005, 1, -6.16560431e-006, 0.928853011, 9.21590213e-006, 0.370448491, 0.370448491, -1.40482768e-005, -0.92885301, -3.35605548e-006, 1, -1.64628013e-005, 0, -0, 0, 0, 0, 0, 0, 0.355205591, -0.137179175, -0.242390381, -0.331438474, 0.657947604, -0.676120799, -0.87878418, -0.475952148, -0.0324707031, -0.343123084, 0.583333267, 0.73616996, 0, 0, -0, 0, 0, 0, 0, 0.396615527, -0.101962109, -0.190226123, 0.477996368, 0.173310162, -0.860994715, 0.353637695, -0.935302734, 0.00817871095, -0.803804333, -0.308279976, -0.508433118, 0, 2, 1, 1, 
617.320801, 39, 0.1, 0.1, -0.0187929643, 0.36807437, -0.0349694502, 0.92886664, 1.86162796e-005, 0.370414314, 0.370414314, -7.69853103e-006, -0.928866641, -1.4440395e-005, 1, -1.40466451e-005, 0.928866643, 2.41217852e-005, 0.370414308, 0.370414308, -1.0786853e-005, -0.928866643, -1.84103169e-005, 1, -1.89546023e-005, 0, -0, 0, 0, 0, 0, 0, 0.351031494, -0.138687817, -0.239069409, -0.352666958, 0.654798625, -0.66837491, -0.875, -0.483764648, -0.0122070312, -0.331232979, 0.580618626, 0.743718159, 0, 0, -0, 0, 0, 0, 0, 0.393180957, -0.103309814, -0.187318018, 0.461849222, 0.181040852, -0.868174533, 0.360595703, -0.932617188, -0.00268554687, -0.810165689, -0.311763443, -0.49617702, 0, 2, 1, 1, 
617.321529, 39, 0.1, 0.1, -0.0187929597, 0.368074368, -0.0349664811, 0.928866629, -2.2205891e-005, 0.370414343, 0.370414344, 9.28443167e-006, -0.928866629, 1.71872245e-005, 1, 1.68493793e-005, 0.928866631, -2.76630085e-005, 0.370414336, 0.370414337, 1.24111558e-005, -0.928866631, 2.10979755e-005, 1, 2.17750835e-005, 0, -0, 0, 0, 0, 0, 0, 0.351031494, -0.138687817, -0.239069409, -0.352666958, 0.654798625, -0.66837491, -0.875, -0.483764648, -0.0122070312, -0.331232979, 0.580618626, 0.743718159, 0, 0, -0, 0, 0, 0, 0, 0.393180957, -0.103309814, -0.187318018, 0.461849222, 0.181040852, -0.868174533, 0.360595703, -0.932617188, -0.00268554687, -0.810165689, -0.311763443, -0.49617702, 0, 2, 1, 1, 
617.322235, 39, 0.1, 0.1, -0.0187929666, 0.368074372, -0.0349643449, 0.928866614, 2.30413589e-005, 0.370414379, 0.370414379, -9.7580628e-006, -0.928866615, -1.77878223e-005, 1, -1.75987894e-005, 0.928866617, 2.83080358e-005, 0.370414371, 0.370414372, -1.27746451e-005, -0.928866618, -2.15624773e-005, 1, -2.23516447e-005, 0, -0, 0, 0, 0, 0, 0, 0.351031494, -0.138687817, -0.239069409, -0.352666958, 0.654798625, -0.66837491, -0.875, -0.483764648, -0.0122070312, -0.331232979, 0.580618626, 0.743718159, 0, 0, -0, 0, 0, 0, 0, 0.393180957, -0.103309814, -0.187318018, 0.461849222, 0.181040852, -0.868174533, 0.360595703, -0.932617188, -0.00268554687, -0.810165689, -0.311763443, -0.49617702, 0, 2, 1, 1, 
617.322938, 39, 0.1, 0.1, -0.0187929621, 0.36807437, -0.0349638545, 0.928866598, -2.37542516e-005, 0.37041442, 0.37041442, 9.90078289e-006, -0.928866598, 1.83971382e-005, 1, 1.79954239e-005, 0.928866602, -2.8778669e-005, 0.370414411, 0.370414411, 1.2810807e-005, -0.928866602, 2.19862369e-005, 1, 2.25595644e-005, 0, -0, 0, 0, 0, 0, 0, 0.351031494, -0.138687817, -0.239069409, -0.352666958, 0.654798625, -0.66837491, -0.875, -0.483764648, -0.0122070312, -0.331232979, 0.580618626, 0.743718159, 0, 0, -0, 0, 0, 0, 0, 0.393180957, -0.103309814, -0.187318018, 0.461849222, 0.181040852, -0.868174533, 0.360595703, -0.932617188, -0.00268554687, -0.810165689, -0.311763443, -0.49617702, 0, 2, 1, 1, 
617.323653, 39, 0.1, 0.1, -0.0187929688, 0.368074374, -0.0349650047, 0.92886658, 2.24389e-005, 0.370414466, 0.370414466, -9.41080598e-006, -0.92886658, -1.73568456e-005, 1, -1.70530763e-005, 0.928866584, 2.75183365e-005, 0.370414455, 0.370414455, -1.23989358e-005, -0.928866584, -2.09681182e-005, 1, -2.17101467e-005, 0, -0, 0, 0, 0, 0, 0, 0.351031494, -0.138687817, -0.239069409, -0.352666958, 0.654798625, -0.66837491, -0.875, -0.483764648, -0.0122070312, -0.331232979, 0.580618626, 0.743718159, 0, 0, -0, 0, 0, 0, 0, 0.393180957, -0.103309814, -0.187318018, 0.461849222, 0.181040852, -0.868174533, 0.360595703, -0.932617188, -0.00268554687, -0.810165689, -0.311763443, -0.49617702, 0, 2, 1, 1, 
617.3244, 39, 0.1, 0.1, -0.0187929633, 0.368074372, -0.0349668007, 0.928866558, -2.66203145e-005, 0.370414519, 0.370414519, 1.10207568e-005, -0.928866559, 2.06444716e-005, 1, 2.00973635e-005, 0.928866563, -3.12390723e-005, 0.370414508, 0.370414509, 1.38757005e-005, -0.928866563, 2.38771689e-005, 0.999999999, 2.44600799e-005, 0, -0, 0, 0, 0, 0, 0, 0.351392041, -0.138744702, -0.238183887, -0.354260544, 0.65371951, -0.668514573, -0.873901367, -0.485839844, -0.0120849609, -0.332710867, 0.58004799, 0.743616688, 0, 0, -0, 0, 0, 0, 0, 0.393367822, -0.10348374, -0.186653174, 0.461203934, 0.182139663, -0.868321454, 0.362060547, -0.932006836, -0.00317382812, -0.809865284, -0.31287538, -0.495946977, 0, 2, 1, 1, 
617.325104, 39, 0.1, 0.1, -0.018792968, 0.368074374, -0.0349690033, 0.928866537, 1.8021143e-005, 0.370414573, 0.370414573, -8.2597063e-006, -0.928866537, -1.36797211e-005, 1, -1.43474588e-005, 0.928866541, 2.15502731e-005, 0.370414562, 0.370414563, -1.0275965e-005, -0.928866541, -1.62109606e-005, 1, -1.7527535e-005, 0, -0, 0, 0, 0, 0, 0, 0.351392041, -0.138744702, -0.238183887, -0.354260544, 0.65371951, -0.668514573, -0.873901367, -0.485839844, -0.0120849609, -0.332710867, 0.58004799, 0.743616688, 0, 0, -0, 0, 0, 0, 0, 0.393367822, -0.10348374, -0.186653174, 0.461203934, 0.182139663, -0.868321454, 0.362060547, -0.932006836, -0.00317382812, -0.809865284, -0.31287538, -0.495946977, 0, 2, 1, 1, 
617.325802, 39, 0.1, 0.1, -0.018792965, 0.368074373, -0.0349711599, 0.928866515, -1.75423418e-005, 0.370414629, 0.370414629, 8.64764952e-006, -0.928866515, 1.3091278e-005, 1, 1.45304521e-005, 0.928866519, -2.18704902e-005, 0.370414618, 0.370414619, 1.0756816e-005, -0.928866519, 1.63302842e-005, 1, 1.80927955e-005, 0, -0, 0, 0, 0, 0, 0, 0.351392041, -0.138744702, -0.238183887, -0.354260544, 0.65371951, -0.668514573, -0.873901367, -0.485839844, -0.0120849609, -0.332710867, 0.58004799, 0.743616688, 0, 0, -0, 0, 0, 0, 0, 0.393367822, -0.10348374, -0.186653174, 0.461203934, 0.182139663, -0.868321454, 0.362060547, -0.932006836, -0.00317382812, -0.809865284, -0.31287538, -0.495946977, 0, 2, 1, 1, 
617.326534, 39, 0.1, 0.1, -0.0187929716, 0.368074376, -0.0349724906, 0.928866492, 2.15066895e-005, 0.370414686, 0.370414686, -9.43065163e-006, -0.928866492, -1.64835914e-005, 1, -1.67262099e-005, 0.928866496, 2.51542752e-005, 0.370414675, 0.370414675, -1.13255455e-005, -0.928866496, -1.91698152e-005, 1, -1.98374324e-005, 0, -0, 0, 0, 0, 0, 0, 0.351392041, -0.138744702, -0.238183887, -0.354260544, 0.65371951, -0.668514573, -0.873901367, -0.485839844, -0.0120849609, -0.332710867, 0.58004799, 0.743616688, 0, 0, -0, 0, 0, 0, 0, 0.393367822, -0.10348374, -0.186653174, 0.461203934, 0.182139663, -0.868321454, 0.362060547, -0.932006836, -0.00317382812, -0.809865284, -0.31287538, -0.495946977, 0, 2, 1, 1, 
617.327231, 39, 0.1, 0.1, -0.0187929703, 0.368074376, -0.0349726086, 0.928866471, -1.22601986e-005, 0.370414739, 0.370414739, 6.36901416e-006, -0.928866471, 9.02891072e-006, 1, 1.0457322e-005, 0.928866475, -1.62681496e-005, 0.370414728, 0.370414729, 8.26869294e-006, -0.928866475, 1.20480932e-005, 1, 1.37064739e-005, 0, -0, 0, 0, 0, 0, 0, 0.351392041, -0.138744702, -0.238183887, -0.354260544, 0.65371951, -0.668514573, -0.873901367, -0.485839844, -0.0120849609, -0.332710867, 0.58004799, 0.743616688, 0, 0, -0, 0, 0, 0, 0, 0.393367822, -0.10348374, -0.186653174, 0.461203934, 0.182139663, -0.868321454, 0.362060547, -0.932006836, -0.00317382812, -0.809865284, -0.31287538, -0.495946977, 0, 2, 1, 1, 
617.327924, 39, 0.1, 0.1, -0.0187929771, 0.368074379, -0.0349718527, 0.928866452, 2.08545926e-005, 0.370414786, 0.370414787, -9.22468092e-006, -0.928866452, -1.59541732e-005, 1, -1.62933461e-005, 0.928866455, 2.52872822e-005, 0.370414778, 0.370414778, -1.1299618e-005, -0.928866456, -1.93029627e-005, 1, -1.98626191e-005, 0, -0, 0, 0, 0, 0, 0, 0.351392041, -0.138744702, -0.238183887, -0.354260544, 0.65371951, -0.668514573, -0.873901367, -0.485839844, -0.0120849609, -0.332710867, 0.58004799, 0.743616688, 0, 0, -0, 0, 0, 0, 0, 0.393367822, -0.10348374, -0.186653174, 0.461203934, 0.182139663, -0.868321454, 0.362060547, -0.932006836, -0.00317382812, -0.809865284, -0.31287538, -0.495946977, 0, 2, 1, 1, 
617.328644, 39, 0.1, 0.1, -0.0187929744, 0.368074378, -0.0349703736, 0.928866433, -1.62165905e-005, 0.370414834, 0.370414834, 7.0995281e-006, -0.928866433, 1.2433276e-005, 1, 1.2601379e-005, 0.928866437, -2.08043355e-005, 0.370414823, 0.370414824, 9.52531207e-006, -0.928866437, 1.57961322e-005, 1, 1.65539769e-005, 0, -0, 0, 0, 0, 0, 0, 0.351392041, -0.138744702, -0.238183887, -0.354260544, 0.65371951, -0.668514573, -0.873901367, -0.485839844, -0.0120849609, -0.332710867, 0.58004799, 0.743616688, 0, 0, -0, 0, 0, 0, 0, 0.393367822, -0.10348374, -0.186653174, 0.461203934, 0.182139663, -0.868321454, 0.362060547, -0.932006836, -0.00317382812, -0.809865284, -0.31287538, -0.495946977, 0, 2, 1, 1, 
617.329378, 39, 0.1, 0.1, -0.0187929818, 0.368074382, -0.0349680421, 0.928866412, 2.23171928e-005, 0.370414886, 0.370414886, -1.03258671e-005, -0.928866412, -1.6904836e-005, 1, -1.78579715e-005, 0.928866416, 2.79376626e-005, 0.370414876, 0.370414876, -1.33164213e-005, -0.928866416, -2.1017756e-005, 1, -2.27177023e-005, 0, -0, 0, 0, 0, 0, 0, 0.351357495, -0.139018848, -0.236883008, -0.354920669, 0.652691691, -0.669231986, -0.873535156, -0.486450195, -0.0113525391, -0.33297709, 0.580581556, 0.742988763, 0, 0, -0, 0, 0, 0, 0, 0.393114795, -0.103662549, -0.185758496, 0.460692808, 0.183091553, -0.868334214, 0.36328125, -0.931518555, -0.00366210937, -0.80967352, -0.313757274, -0.495825575, 0, 2, 1, 1, 
617.330071, 39, 0.1, 0.1, -0.0187929779, 0.368074381, -0.0349664044, 0.928866391, -2.17180558e-005, 0.370414939, 0.370414939, 1.05167119e-005, -0.928866391, 1.62776249e-005, 1, 1.78133125e-005, 0.928866395, -2.60944578e-005, 0.370414929, 0.370414929, 1.26789086e-005, -0.928866395, 1.95418079e-005, 1, 2.14427889e-005, 0, -0, 0, 0, 0, 0, 0, 0.351357495, -0.139018848, -0.236883008, -0.354920669, 0.652691691, -0.669231986, -0.873535156, -0.486450195, -0.0113525391, -0.33297709, 0.580581556, 0.742988763, 0, 0, -0, 0, 0, 0, 0, 0.393114795, -0.103662549, -0.185758496, 0.460692808, 0.183091553, -0.868334214, 0.36328125, -0.931518555, -0.00366210937, -0.80967352, -0.313757274, -0.495825575, 0, 2, 1, 1, 
617.330794, 39, 0.1, 0.1, -0.0187929837, 0.368074384, -0.0349657056, 0.92886637, 1.85040095e-005, 0.370414992, 0.370414993, -8.66549602e-006, -0.92886637, -1.39779225e-005, 1, -1.49032504e-005, 0.928866374, 2.40959519e-005, 0.370414982, 0.370414983, -1.12536646e-005, -0.928866374, -1.82133935e-005, 1, -1.93786522e-005, 0, -0, 0, 0, 0, 0, 0, 0.351357495, -0.139018848, -0.236883008, -0.354920669, 0.652691691, -0.669231986, -0.873535156, -0.486450195, -0.0113525391, -0.33297709, 0.580581556, 0.742988763, 0, 0, -0, 0, 0, 0, 0, 0.393114795, -0.103662549, -0.185758496, 0.460692808, 0.183091553, -0.868334214, 0.36328125, -0.931518555, -0.00366210937, -0.80967352, -0.313757274, -0.495825575, 0, 2, 1, 1, 
617.331518, 39, 0.1, 0.1, -0.0187929771, 0.368074381, -0.0349656666, 0.928866348, -2.94312163e-005, 0.370415046, 0.370415046, 1.21188887e-005, -0.928866348, 2.28486477e-005, 0.999999999, 2.21585933e-005, 0.928866352, -3.4251442e-005, 0.370415035, 0.370415036, 1.49470578e-005, -0.928866353, 2.62783971e-005, 0.999999999, 2.65710682e-005, 0, -0, 0, 0, 0, 0, 0, 0.351357495, -0.139018848, -0.236883008, -0.354920669, 0.652691691, -0.669231986, -0.873535156, -0.486450195, -0.0113525391, -0.33297709, 0.580581556, 0.742988763, 0, 0, -0, 0, 0, 0, 0, 0.393114795, -0.103662549, -0.185758496, 0.460692808, 0.183091553, -0.868334214, 0.36328125, -0.931518555, -0.00366210937, -0.80967352, -0.313757274, -0.495825575, 0, 2, 1, 1, 
617.332214, 39, 0.1, 0.1, -0.018792981, 0.368074383, -0.0349667091, 0.928866327, 1.6244629e-005, 0.370415099, 0.370415099, -6.96592608e-006, -0.928866327, -1.25088046e-005, 1, -1.248767e-005, 0.928866332, 2.02581611e-005, 0.370415088, 0.370415088, -9.26236494e-006, -0.928866332, -1.5386204e-005, 1, -1.61074275e-005, 0, -0, 0, 0, 0, 0, 0, 0.351357495, -0.139018848, -0.236883008, -0.354920669, 0.652691691, -0.669231986, -0.873535156, -0.486450195, -0.0113525391, -0.33297709, 0.580581556, 0.742988763, 0, 0, -0, 0, 0, 0, 0, 0.393114795, -0.103662549, -0.185758496, 0.460692808, 0.183091553, -0.868334214, 0.36328125, -0.931518555, -0.00366210937, -0.80967352, -0.313757274, -0.495825575, 0, 2, 1, 1, 
617.332913, 39, 0.1, 0.1, -0.0187929761, 0.368074382, -0.0349685101, 0.928866305, -2.31847873e-005, 0.370415154, 0.370415154, 9.41300395e-006, -0.928866306, 1.80488484e-005, 1, 1.73314188e-005, 0.92886631, -2.78723375e-005, 0.370415142, 0.370415143, 1.21827991e-005, -0.92886631, 2.1376982e-005, 1, 2.16405275e-005, 0, -0, 0, 0, 0, 0, 0, 0.351357495, -0.139018848, -0.236883008, -0.354920669, 0.652691691, -0.669231986, -0.873535156, -0.486450195, -0.0113525391, -0.33297709, 0.580581556, 0.742988763, 0, 0, -0, 0, 0, 0, 0, 0.393114795, -0.103662549, -0.185758496, 0.460692808, 0.183091553, -0.868334214, 0.36328125, -0.931518555, -0.00366210937, -0.80967352, -0.313757274, -0.495825575, 0, 2, 1, 1, 
617.333654, 39, 0.1, 0.1, -0.018792982, 0.368074385, -0.0349703389, 0.928866281, 2.06863044e-005, 0.370415214, 0.370415214, -9.15421113e-006, -0.928866281, -1.58239516e-005, 1, -1.61655599e-005, 0.928866286, 2.42158506e-005, 0.370415202, 0.370415202, -1.13073454e-005, -0.928866286, -1.83048746e-005, 1, -1.94729312e-005, 0, -0, 0, 0, 0, 0, 0, 0.350776001, -0.138836255, -0.236404053, -0.357617336, 0.651910998, -0.668635141, -0.872802734, -0.487915039, -0.00903320312, -0.332055612, 0.58033443, 0.743635784, 0, 0, -0, 0, 0, 0, 0, 0.393114795, -0.103662549, -0.185758496, 0.460692808, 0.183091553, -0.868334214, 0.36328125, -0.931518555, -0.00366210937, -0.80967352, -0.313757274, -0.495825575, 0, 2, 1, 1, 
617.334364, 39, 0.1, 0.1, -0.0187929799, 0.368074384, -0.0349712369, 0.928866257, -1.41391959e-005, 0.370415276, 0.370415276, 8.15892956e-006, -0.928866257, 1.01112298e-005, 1, 1.28159285e-005, 0.928866261, -1.86655742e-005, 0.370415265, 0.370415265, 1.01902718e-005, -0.928866261, 1.35631899e-005, 1, 1.63794132e-005, 0, -0, 0, 0, 0, 0, 0, 0.350776001, -0.138836255, -0.236404053, -0.357617336, 0.651910998, -0.668635141, -0.872802734, -0.487915039, -0.00903320312, -0.332055612, 0.58033443, 0.743635784, 0, 0, -0, 0, 0, 0, 0, 0.392722119, -0.103610059, -0.185566016, 0.458290296, 0.184350045, -0.869388182, 0.365234375, -0.930786133, -0.00488281249, -0.810171519, -0.315220657, -0.493972469, 0, 2, 1, 1, 
617.335059, 39, 0.1, 0.1, -0.0187929867, 0.368074387, -0.0349715957, 0.928866236, 2.2226895e-005, 0.370415327, 0.370415327, -1.01023559e-005, -0.928866236, -1.69037449e-005, 1, -1.76169199e-005, 0.92886624, 2.64445002e-005, 0.370415318, 0.370415319, -1.14471664e-005, -0.92886624, -2.03231977e-005, 1, -2.04283344e-005, 0, -0, 0, 0, 0, 0, 0, 0.350776001, -0.138836255, -0.236404053, -0.357617336, 0.651910998, -0.668635141, -0.872802734, -0.487915039, -0.00903320312, -0.332055612, 0.58033443, 0.743635784, 0, 0, -0, 0, 0, 0, 0, 0.392722119, -0.103610059, -0.185566016, 0.458290296, 0.184350045, -0.869388182, 0.365234375, -0.930786133, -0.00488281249, -0.810171519, -0.315220657, -0.493972469, 0, 2, 1, 1, 
617.335775, 39, 0.1, 0.1, -0.0187929849, 0.368074386, -0.0349712741, 0.928866222, -1.27512998e-005, 0.370415364, 0.370415365, 6.04858643e-006, -0.928866222, 9.6037623e-006, 1, 1.0341605e-005, 0.928866224, -1.77544658e-005, 0.370415358, 0.370415358, 7.52512023e-006, -0.928866224, 1.37041035e-005, 1, 1.35663568e-005, 0, -0, 0, 0, 0, 0, 0, 0.350776001, -0.138836255, -0.236404053, -0.357617336, 0.651910998, -0.668635141, -0.872802734, -0.487915039, -0.00903320312, -0.332055612, 0.58033443, 0.743635784, 0, 0, -0, 0, 0, 0, 0, 0.392722119, -0.103610059, -0.185566016, 0.458290296, 0.184350045, -0.869388182, 0.365234375, -0.930786133, -0.00488281249, -0.810171519, -0.315220657, -0.493972469, 0, 2, 1, 1, 
617.336525, 39, 0.1, 0.1, -0.0187929876, 0.368074392, -0.034969608, 0.928866255, -4.74173071e-007, 0.37041528, 0.37041528, -1.83581235e-005, -0.928866255, 7.24057283e-006, 1, -1.68766005e-005, 0.928866243, 3.00838666e-006, 0.370415312, 0.370415312, -2.23443988e-005, -0.928866242, 5.48231863e-006, 1, -2.18693102e-005, 0, -0, 0, 0, 0, 0, 0, 0.34997041, -0.139062183, -0.236326904, -0.360427457, 0.651872806, -0.667200314, -0.872558594, -0.48828125, -0.00573730468, -0.329509469, 0.580093295, 0.744891633, 0, 0, -0, 0, 0, 0, 0, 0.392014648, -0.103275977, -0.185611426, 0.454737567, 0.186273147, -0.870882914, 0.366821289, -0.930175781, -0.00732421874, -0.811404125, -0.316000472, -0.491429232, 0, 2, 1, 1, 
617.337224, 39, 0.1, 0.1, -0.0187929881, 0.368074388, -0.0349680347, 0.928866324, -7.89620237e-006, 0.370415107, 0.370415107, 1.74421401e-005, -0.928866324, 8.7368428e-007, 1, 1.91262892e-005, 0.928866314, -2.02054137e-006, 0.370415132, 0.370415132, 2.3191025e-005, -0.928866314, -6.71349377e-006, 1, 2.2289801e-005, 0, -0, 0, 0, 0, 0, 0, 0.34997041, -0.139062183, -0.236326904, -0.360427457, 0.651872806, -0.667200314, -0.872558594, -0.48828125, -0.00573730468, -0.329509469, 0.580093295, 0.744891633, 0, 0, -0, 0, 0, 0, 0, 0.392014648, -0.103275977, -0.185611426, 0.454737567, 0.186273147, -0.870882914, 0.366821289, -0.930175781, -0.00732421874, -0.811404125, -0.316000472, -0.491429232, 0, 2, 1, 1, 
617.337925, 39, 0.1, 0.1, -0.0187929901, 0.368074391, -0.0349670385, 0.928866344, 5.00295009e-006, 0.370415058, 0.370415058, -9.19563683e-006, -0.928866344, -1.24086961e-006, 1, -1.03946856e-005, 0.928866341, 8.45127725e-006, 0.370415064, 0.370415064, -1.25060307e-005, -0.928866341, -3.21768483e-006, 1, -1.47469113e-005, 0, -0, 0, 0, 0, 0, 0, 0.34997041, -0.139062183, -0.236326904, -0.360427457, 0.651872806, -0.667200314, -0.872558594, -0.48828125, -0.00573730468, -0.329509469, 0.580093295, 0.744891633, 0, 0, -0, 0, 0, 0, 0, 0.392014648, -0.103275977, -0.185611426, 0.454737567, 0.186273147, -0.870882914, 0.366821289, -0.930175781, -0.00732421874, -0.811404125, -0.316000472, -0.491429232, 0, 2, 1, 1, 
617.338663, 39, 0.1, 0.1, -0.018792991, 0.368074392, -0.034966431, 0.928866359, 1.28365796e-005, 0.37041502, 0.37041502, -2.3011812e-006, -0.928866359, -1.10710749e-005, 1, -6.89235169e-006, 0.928866356, 8.48371372e-006, 0.370415028, 0.370415028, -2.2003394e-006, -0.928866356, -7.06519747e-006, 1, -5.1863163e-006, 0, -0, 0, 0, 0, 0, 0, 0.34997041, -0.139062183, -0.236326904, -0.360427457, 0.651872806, -0.667200314, -0.872558594, -0.48828125, -0.00573730468, -0.329509469, 0.580093295, 0.744891633, 0, 0, -0, 0, 0, 0, 0, 0.392014648, -0.103275977, -0.185611426, 0.454737567, 0.186273147, -0.870882914, 0.366821289, -0.930175781, -0.00732421874, -0.811404125, -0.316000472, -0.491429232, 0, 2, 1, 1, 
617.339356, 39, 0.1, 0.1, -0.0187929885, 0.368074393, -0.0349666878, 0.928866341, -1.92764405e-005, 0.370415065, 0.370415065, -7.39223596e-006, -0.928866341, 2.06434323e-005, 1, 2.73884788e-007, 0.928866351, -2.18571173e-005, 0.370415039, 0.370415039, 2.23998314e-007, -0.928866351, 2.02193685e-005, 1, 8.30426947e-006, 0, -0, 0, 0, 0, 0, 0, 0.34997041, -0.139062183, -0.236326904, -0.360427457, 0.651872806, -0.667200314, -0.872558594, -0.48828125, -0.00573730468, -0.329509469, 0.580093295, 0.744891633, 0, 0, -0, 0, 0, 0, 0, 0.392014648, -0.103275977, -0.185611426, 0.454737567, 0.186273147, -0.870882914, 0.366821289, -0.930175781, -0.00732421874, -0.811404125, -0.316000472, -0.491429232, 0, 2, 1, 1, 
617.340057, 39, 0.1, 0.1, -0.0187929945, 0.368074397, -0.0349678022, 0.928866216, 2.76833828e-005, 0.370415378, 0.370415378, 5.86185698e-006, -0.928866216, -2.7885481e-005, 1, -4.8094698e-006, 0.928866251, 2.8266152e-005, 0.37041529, 0.37041529, -5.58657613e-006, -0.928866251, -2.41861215e-005, 1, -1.56593969e-005, 0, -0, 0, 0, 0, 0, 0, 0.34997041, -0.139062183, -0.236326904, -0.360427457, 0.651872806, -0.667200314, -0.872558594, -0.48828125, -0.00573730468, -0.329509469, 0.580093295, 0.744891633, 0, 0, -0, 0, 0, 0, 0, 0.392014648, -0.103275977, -0.185611426, 0.454737567, 0.186273147, -0.870882914, 0.366821289, -0.930175781, -0.00732421874, -0.811404125, -0.316000472, -0.491429232, 0, 2, 1, 1, 
617.340802, 39, 0.1, 0.1, -0.0187929923, 0.368074392, -0.0349692471, 0.928865945, -3.3830646e-005, 0.370416057, 0.370416058, -1.79156506e-006, -0.928865945, 3.20877595e-005, 0.999999999, 1.08672908e-005, 0.928866018, -2.4464387e-005, 0.370415874, 0.370415875, 1.2738709e-005, -0.928866018, 1.80055177e-005, 1, 2.08945512e-005, 0, -0, 0, 0, 0, 0, 0, 0.34997041, -0.139062183, -0.236326904, -0.363339049, 0.651612575, -0.665765488, -0.872436523, -0.488647461, -0.00231933593, -0.326823664, 0.58001092, 0.746147482, 0, 0, -0, 0, 0, 0, 0, 0.392014648, -0.103275977, -0.185611426, 0.454737567, 0.186273147, -0.870882914, 0.366821289, -0.930175781, -0.00732421874, -0.811404125, -0.316000472, -0.491429232, 0, 2, 1, 1, 
617.341513, 39, 0.1, 0.1, -0.018792986, 0.368074399, -0.0349700616, 0.928865581, 2.73783573e-007, 0.37041697, 0.37041697, -2.63795826e-006, -0.928865581, 7.22836368e-007, 1, -2.55172271e-006, 0.928865655, -1.28620038e-005, 0.370416786, 0.370416786, -1.68016501e-005, -0.928865655, 1.81706868e-005, 1, -1.08421736e-005, 0, -0, 0, 0, 0, 0, 0, 0.348936816, -0.139298975, -0.236249756, -0.363339049, 0.651612575, -0.665765488, -0.872436523, -0.488647461, -0.00231933593, -0.326823664, 0.58001092, 0.746147482, 0, 0, -0, 0, 0, 0, 0, 0.39131377, -0.103180029, -0.185646826, 0.451318999, 0.187940687, -0.872269004, 0.368286133, -0.92956543, -0.00976562499, -0.812745373, -0.316684406, -0.488751833, 0, 2, 1, 1, 
617.342208, 39, 0.1, 0.1, -0.0187929977, 0.368074389, -0.0349707116, 0.928865244, 3.76032258e-005, 0.370417814, 0.370417813, 2.75684326e-005, -0.928865245, -4.5140168e-005, 0.999999999, 1.16784542e-005, 0.928865304, 3.83937431e-005, 0.370417665, 0.370417663, 3.57516298e-005, -0.928865304, -4.89056511e-005, 0.999999999, 1.89867278e-005, 0, -0, 0, 0, 0, 0, 0, 0.348936816, -0.139298975, -0.236249756, -0.363339049, 0.651612575, -0.665765488, -0.872436523, -0.488647461, -0.00231933593, -0.326823664, 0.58001092, 0.746147482, 0, 0, -0, 0, 0, 0, 0, 0.39131377, -0.103180029, -0.185646826, 0.451318999, 0.187940687, -0.872269004, 0.368286133, -0.92956543, -0.00976562499, -0.812745373, -0.316684406, -0.488751833, 0, 2, 1, 1, 
617.342918, 39, 0.1, 0.1, -0.0187929983, 0.368074391, -0.0349710486, 0.928865044, -4.06813355e-005, 0.370418315, 0.370418315, -1.05021415e-005, -0.928865045, 4.16776561e-005, 0.999999999, 5.31403966e-006, 0.928865067, -1.9970495e-005, 0.370418261, 0.37041826, -1.24355663e-005, -0.928865067, 2.3156256e-005, 1, -4.15352706e-006, 0, -0, 0, 0, 0, 0, 0, 0.348936816, -0.139298975, -0.236249756, -0.363339049, 0.651612575, -0.665765488, -0.872436523, -0.488647461, -0.00231933593, -0.326823664, 0.58001092, 0.746147482, 0, 0, -0, 0, 0, 0, 0, 0.39131377, -0.103180029, -0.185646826, 0.451318999, 0.187940687, -0.872269004, 0.368286133, -0.92956543, -0.00976562499, -0.812745373, -0.316684406, -0.488751833, 0, 2, 1, 1, 
617.343642, 39, 0.1, 0.1, -0.0187929825, 0.368074399, -0.03497064, 0.92886491, -2.57697926e-005, 0.370418653, 0.370418653, -2.47468881e-005, -0.92886491, 3.3103365e-005, 0.999999999, -1.34409041e-005, 0.928864943, -4.14431642e-005, 0.37041857, 0.370418569, -2.52415345e-005, -0.928864943, 4.78450355e-005, 0.999999999, -8.0946589e-006, 0, -0, 0, 0, 0, 0, 0, 0.348936816, -0.139298975, -0.236249756, -0.363339049, 0.651612575, -0.665765488, -0.872436523, -0.488647461, -0.00231933593, -0.326823664, 0.58001092, 0.746147482, 0, 0, -0, 0, 0, 0, 0, 0.39131377, -0.103180029, -0.185646826, 0.451318999, 0.187940687, -0.872269004, 0.368286133, -0.92956543, -0.00976562499, -0.812745373, -0.316684406, -0.488751833, 0, 2, 1, 1, 
617.344337, 39, 0.1, 0.1, -0.0187929904, 0.368074397, -0.0349699402, 0.92886468, 3.72044001e-005, 0.370419228, 0.370419227, 2.29892755e-005, -0.928864681, -4.30735229e-005, 0.999999999, 7.57270089e-006, 0.928864726, 3.29674741e-005, 0.370419113, 0.370419112, 2.15548846e-005, -0.928864727, -3.8606665e-005, 0.999999999, 7.80978949e-006, 0, -0, 0, 0, 0, 0, 0, 0.348936816, -0.139298975, -0.236249756, -0.363339049, 0.651612575, -0.665765488, -0.872436523, -0.488647461, -0.00231933593, -0.326823664, 0.58001092, 0.746147482, 0, 0, -0, 0, 0, 0, 0, 0.39131377, -0.103180029, -0.185646826, 0.451318999, 0.187940687, -0.872269004, 0.368286133, -0.92956543, -0.00976562499, -0.812745373, -0.316684406, -0.488751833, 0, 2, 1, 1, 
617.345037, 39, 0.1, 0.1, -0.018792997, 0.368074398, -0.0349692435, 0.928864513, -1.91853431e-005, 0.370419649, 0.370419649, -1.2554049e-005, -0.928864513, 2.24708508e-005, 1, -4.5543825e-006, 0.928864533, 5.19354477e-006, 0.370419598, 0.370419598, -1.02585616e-005, -0.928864533, -1.02412728e-006, 1, -1.14526048e-005, 0, -0, 0, 0, 0, 0, 0, 0.348936816, -0.139298975, -0.236249756, -0.363339049, 0.651612575, -0.665765488, -0.872436523, -0.488647461, -0.00231933593, -0.326823664, 0.58001092, 0.746147482, 0, 0, -0, 0, 0, 0, 0, 0.39131377, -0.103180029, -0.185646826, 0.451318999, 0.187940687, -0.872269004, 0.368286133, -0.92956543, -0.00976562499, -0.812745373, -0.316684406, -0.488751833, 0, 2, 1, 1, 
617.345794, 39, 0.1, 0.1, -0.0187929809, 0.368074402, -0.0349682611, 0.928864457, -3.35644589e-005, 0.370419787, 0.370419787, -1.49083528e-005, -0.928864458, 3.66991818e-005, 0.999999999, -1.4148993e-006, 0.928864468, -4.85158645e-005, 0.370419759, 0.370419759, -8.92772189e-006, -0.928864469, 4.83716674e-005, 0.999999999, 9.67859119e-006, 0, 0, 0, 0, 0, 0, 0, 0.348169067, -0.139704077, -0.236364722, -0.365475941, 0.652437451, -0.663752912, -0.872802734, -0.487915039, 0.000976562507, -0.323148231, 0.57975668, 0.747929784, 0, 0, -0, 0, 0, 0, 0, 0.39131377, -0.103180029, -0.185646826, 0.448967526, 0.189531667, -0.87304189, 0.368896484, -0.929321289, -0.0119628906, -0.813728979, -0.31663993, -0.487237412, 0, 2, 1, 1, 
617.34649, 39, 0.1, 0.1, -0.018792985, 0.368074401, -0.0349675106, 0.928864331, 2.41105842e-005, 0.370420105, 0.370420105, 1.0759937e-005, -0.928864331, -2.63811586e-005, 1, 1.06347654e-006, 0.928864356, 2.09071345e-005, 0.370420041, 0.370420041, 1.3893294e-005, -0.928864357, -2.45662466e-005, 1, 5.16056395e-006, 0, 0, 0, 0, 0, 0, 0, 0.348169067, -0.139704077, -0.236364722, -0.365475941, 0.652437451, -0.663752912, -0.872802734, -0.487915039, 0.000976562507, -0.323148231, 0.57975668, 0.747929784, 0, 0, -0, 0, 0, 0, 0, 0.390691016, -0.10329707, -0.185442871, 0.448967526, 0.189531667, -0.87304189, 0.368896484, -0.929321289, -0.0119628906, -0.813728979, -0.31663993, -0.487237412, 0, 2, 1, 1, 
617.347187, 39, 0.1, 0.1, -0.0187929865, 0.368074403, -0.0349674585, 0.928864273, -2.00700739e-005, 0.370420251, 0.370420251, 6.04424531e-006, -0.928864273, 1.64034637e-005, 1, 1.30486453e-005, 0.928864272, -1.23582829e-005, 0.370420253, 0.370420253, -5.57193478e-006, -0.928864272, 1.35431249e-005, 1, -5.97812868e-007, 0, 0, 0, 0, 0, 0, 0, 0.348169067, -0.139704077, -0.236364722, -0.365475941, 0.652437451, -0.663752912, -0.872802734, -0.487915039, 0.000976562507, -0.323148231, 0.57975668, 0.747929784, 0, 0, -0, 0, 0, 0, 0, 0.390691016, -0.10329707, -0.185442871, 0.448967526, 0.189531667, -0.87304189, 0.368896484, -0.929321289, -0.0119628906, -0.813728979, -0.31663993, -0.487237412, 0, 2, 1, 1, 
617.347907, 39, 0.1, 0.1, -0.0187929883, 0.368074399, -0.0349679563, 0.928864342, 2.23820763e-005, 0.370420078, 0.370420078, -4.12645355e-006, -0.928864342, -1.92613914e-005, 1, -1.2123686e-005, 0.928864316, 1.48672279e-005, 0.370420143, 0.370420143, 1.11769346e-005, -0.928864316, -1.79497991e-005, 1, 4.87473501e-006, 0, 0, 0, 0, 0, 0, 0, 0.348169067, -0.139704077, -0.236364722, -0.365475941, 0.652437451, -0.663752912, -0.872802734, -0.487915039, 0.000976562507, -0.323148231, 0.57975668, 0.747929784, 0, 0, -0, 0, 0, 0, 0, 0.390691016, -0.10329707, -0.185442871, 0.448967526, 0.189531667, -0.87304189, 0.368896484, -0.929321289, -0.0119628906, -0.813728979, -0.31663993, -0.487237412, 0, 2, 1, 1, 
617.348628, 39, 0.1, 0.1, -0.0187929889, 0.368074407, -0.0349685254, 0.928864537, -2.25888764e-005, 0.370419588, 0.370419588, -7.69708797e-006, -0.928864538, 2.38331584e-005, 1, 1.21781023e-006, 0.928864489, -1.50642714e-005, 0.370419709, 0.370419708, -2.00131498e-005, -0.928864489, 2.14059319e-005, 1, -1.30094012e-005, 0, 0, 0, 0, 0, 0, 0, 0.348169067, -0.139704077, -0.236364722, -0.365475941, 0.652437451, -0.663752912, -0.872802734, -0.487915039, 0.000976562507, -0.323148231, 0.57975668, 0.747929784, 0, 0, -0, 0, 0, 0, 0, 0.390099756, -0.103696924, -0.185023975, 0.447114419, 0.190100396, -0.873936177, 0.368774414, -0.929321289, -0.0135498047, -0.814782947, -0.316211926, -0.48573575, 0, 2, 1, 1, 
617.349323, 39, 0.1, 0.1, -0.0187929892, 0.368074406, -0.034969269, 0.928864818, 1.45350796e-005, 0.370418884, 0.370418884, 1.26635202e-006, -0.928864818, -1.39702048e-005, 1, -4.20779814e-006, 0.928864759, 1.11460586e-005, 0.370419032, 0.370419032, 3.45390472e-006, -0.928864759, -1.16325731e-005, 1, -9.20501868e-007, 0, 0, 0, 0, 0, 0, 0, 0.348169067, -0.139704077, -0.236364722, -0.365475941, 0.652437451, -0.663752912, -0.872802734, -0.487915039, 0.000976562507, -0.323148231, 0.57975668, 0.747929784, 0, 0, -0, 0, 0, 0, 0, 0.390099756, -0.103696924, -0.185023975, 0.447114419, 0.190100396, -0.873936177, 0.368774414, -0.929321289, -0.0135498047, -0.814782947, -0.316211926, -0.48573575, 0, 2, 1, 1, 
617.350018, 39, 0.1, 0.1, -0.0187929875, 0.368074407, -0.0349701008, 0.928865071, -1.73140167e-005, 0.370418251, 0.370418251, -1.28139176e-005, -0.928865071, 2.08288943e-005, 1, -5.48897269e-006, 0.92886503, -1.90659697e-005, 0.370418352, 0.370418352, -4.20855559e-006, -0.92886503, 1.92686388e-005, 1, 3.15320496e-006, 0, 0, 0, 0, 0, 0, 0, 0.348169067, -0.139704077, -0.236364722, -0.365475941, 0.652437451, -0.663752912, -0.872802734, -0.487915039, 0.000976562507, -0.323148231, 0.57975668, 0.747929784, 0, 0, -0, 0, 0, 0, 0, 0.390099756, -0.103696924, -0.185023975, 0.447114419, 0.190100396, -0.873936177, 0.368774414, -0.929321289, -0.0135498047, -0.814782947, -0.316211926, -0.48573575, 0, 2, 1, 1, 
617.350768, 39, 0.1, 0.1, -0.0187929909, 0.368074407, -0.0349703826, 0.928865243, 2.01539319e-005, 0.370417818, 0.370417818, 9.49632658e-006, -0.928865243, -2.22378954e-005, 1, 1.35543224e-006, 0.928865211, 1.66607585e-005, 0.370417899, 0.370417899, 1.16090786e-005, -0.928865211, -1.97758095e-005, 1, 4.61182606e-006, 0, 0, 0, 0, 0, 0, 0, 0.347214697, -0.140363062, -0.236317358, -0.366889427, 0.652590219, -0.662876739, -0.873535156, -0.486450195, 0.00451660157, -0.319587375, 0.58072122, 0.748779747, 0, 0, -0, 0, 0, 0, 0, 0.390099756, -0.103696924, -0.185023975, 0.447114419, 0.190100396, -0.873936177, 0.368774414, -0.929321289, -0.0135498047, -0.814782947, -0.316211926, -0.48573575, 0, 2, 1, 1, 
617.351462, 39, 0.1, 0.1, -0.0187929924, 0.368074409, -0.0349701449, 0.928865438, -1.41784921e-005, 0.370417329, 0.370417329, -1.74137079e-006, -0.928865438, 1.38149452e-005, 1, 3.63446005e-006, 0.928865395, -1.11723172e-005, 0.370417437, 0.370417437, -3.21773121e-006, -0.928865395, 1.15694825e-005, 1, 1.14958192e-006, 0, 0, 0, 0, 0, 0, 0, 0.347214697, -0.140363062, -0.236317358, -0.366889427, 0.652590219, -0.662876739, -0.873535156, -0.486450195, 0.00451660157, -0.319587375, 0.58072122, 0.748779747, 0, 0, -0, 0, 0, 0, 0, 0.390099756, -0.103696924, -0.185023975, 0.447114419, 0.190100396, -0.873936177, 0.368774414, -0.929321289, -0.0135498047, -0.814782947, -0.316211926, -0.48573575, 0, 2, 1, 1, 
617.352172, 39, 0.1, 0.1, -0.0187929967, 0.36807441, -0.0349696214, 0.928865616, 1.92533447e-005, 0.370416883, 0.370416882, 9.14070595e-006, -0.928865616, -2.12696417e-005, 1, 1.35872354e-006, 0.928865591, 2.11368047e-005, 0.370416946, 0.370416946, 9.97810079e-007, -0.928865591, -2.00028564e-005, 1, -6.90259922e-006, 0, 0, 0, 0, 0, 0, 0, 0.347214697, -0.140363062, -0.236317358, -0.366889427, 0.652590219, -0.662876739, -0.873535156, -0.486450195, 0.00451660157, -0.319587375, 0.58072122, 0.748779747, 0, 0, -0, 0, 0, 0, 0, 0.390099756, -0.103696924, -0.185023975, 0.447114419, 0.190100396, -0.873936177, 0.368774414, -0.929321289, -0.0135498047, -0.814782947, -0.316211926, -0.48573575, 0, 2, 1, 1, 
617.352901, 39, 0.1, 0.1, -0.0187929963, 0.368074413, -0.0349689682, 0.928865716, -1.75557868e-005, 0.370416632, 0.370416632, -1.34705173e-005, -0.928865716, 2.12966721e-005, 1, -6.00934623e-006, 0.928865694, -1.36992078e-005, 0.370416686, 0.370416686, -1.54870355e-005, -0.928865695, 1.84613805e-005, 1, -9.31096088e-006, 0, 0, 0, 0, 0, 0, 0, 0.347214697, -0.140363062, -0.236317358, -0.366889427, 0.652590219, -0.662876739, -0.873535156, -0.486450195, 0.00451660157, -0.319587375, 0.58072122, 0.748779747, 0, 0, -0, 0, 0, 0, 0, 0.390099756, -0.103696924, -0.185023975, 0.447114419, 0.190100396, -0.873936177, 0.368774414, -0.929321289, -0.0135498047, -0.814782947, -0.316211926, -0.48573575, 0, 2, 1, 1, 
617.353635, 39, 0.1, 0.1, -0.0187929982, 0.368074413, -0.0349678549, 0.928865867, 1.96247757e-005, 0.370416253, 0.370416253, -1.49345248e-006, -0.928865867, -1.76755852e-005, 1, -8.65655293e-006, 0.928865833, 1.7016354e-005, 0.370416338, 0.370416338, 3.84903232e-007, -0.928865834, -1.59484843e-005, 1, -5.94561206e-006, 0, 0, 0, 0, 0, 0, 0, 0.346859009, -0.140134326, -0.236671802, -0.369617173, 0.652735874, -0.661162586, -0.873168945, -0.487060547, 0.00720214844, -0.317301463, 0.580080191, 0.750238539, 0, 0, -0, 0, 0, 0, 0, 0.389920312, -0.103374561, -0.184824902, 0.444603265, 0.191927616, -0.874855984, 0.370483398, -0.928588867, -0.0155029297, -0.815415108, -0.317247304, -0.483991285, 0, 2, 1, 1, 
617.354333, 39, 0.1, 0.1, -0.0187929966, 0.368074415, -0.0349673155, 0.928865997, -1.93392111e-005, 0.370415927, 0.370415927, -1.49604208e-005, -0.928865997, 2.35051137e-005, 1, -6.73267441e-006, 0.928865981, -2.04211295e-005, 0.370415968, 0.370415968, -5.9822995e-006, -0.928865981, 2.11844317e-005, 1, 2.00755794e-006, 0, 0, 0, 0, 0, 0, 0, 0.346859009, -0.140134326, -0.236671802, -0.369617173, 0.652735874, -0.661162586, -0.873168945, -0.487060547, 0.00720214844, -0.317301463, 0.580080191, 0.750238539, 0, 0, -0, 0, 0, 0, 0, 0.389920312, -0.103374561, -0.184824902, 0.444603265, 0.191927616, -0.874855984, 0.370483398, -0.928588867, -0.0155029297, -0.815415108, -0.317247304, -0.483991285, 0, 2, 1, 1, 
617.355027, 39, 0.1, 0.1, -0.0187929983, 0.368074415, -0.0349674908, 0.92886605, 1.52960352e-005, 0.370415794, 0.370415794, 8.46932954e-006, -0.92886605, -1.73451412e-005, 1, 2.20097965e-006, 0.928866039, 1.17781967e-005, 0.370415823, 0.370415823, 1.019181e-005, -0.928866039, -1.47155746e-005, 1, 5.10399577e-006, 0, 0, 0, 0, 0, 0, 0, 0.346859009, -0.140134326, -0.236671802, -0.369617173, 0.652735874, -0.661162586, -0.873168945, -0.487060547, 0.00720214844, -0.317301463, 0.580080191, 0.750238539, 0, 0, -0, 0, 0, 0, 0, 0.389920312, -0.103374561, -0.184824902, 0.444603265, 0.191927616, -0.874855984, 0.370483398, -0.928588867, -0.0155029297, -0.815415108, -0.317247304, -0.483991285, 0, 2, 1, 1, 
617.35576, 39, 0.1, 0.1, -0.0187929971, 0.368074417, -0.0349680451, 0.928866161, -2.29107575e-005, 0.370415517, 0.370415517, -1.07447678e-006, -0.928866161, 2.16790302e-005, 1, 7.48845496e-006, 0.928866133, -2.02008978e-005, 0.370415585, 0.370415586, -3.42064274e-006, -0.928866134, 2.00309892e-005, 1, 4.30540819e-006, 0, 0, 0, 0, 0, 0, 0, 0.346859009, -0.140134326, -0.236671802, -0.369617173, 0.652735874, -0.661162586, -0.873168945, -0.487060547, 0.00720214844, -0.317301463, 0.580080191, 0.750238539, 0, 0, -0, 0, 0, 0, 0, 0.389920312, -0.103374561, -0.184824902, 0.444603265, 0.191927616, -0.874855984, 0.370483398, -0.928588867, -0.0155029297, -0.815415108, -0.317247304, -0.483991285, 0, 2, 1, 1, 
617.356454, 39, 0.1, 0.1, -0.0187929993, 0.368074417, -0.0349688577, 0.92886626, 1.60461707e-005, 0.370415268, 0.370415267, 1.41002531e-005, -0.92886626, -2.01276956e-005, 1, 7.15350276e-006, 0.92886625, 1.65900433e-005, 0.370415294, 0.370415294, 5.09823e-006, -0.92886625, -1.72983936e-005, 1, -1.40963197e-006, 0, 0, 0, 0, 0, 0, 0, 0.346859009, -0.140134326, -0.236671802, -0.369617173, 0.652735874, -0.661162586, -0.873168945, -0.487060547, 0.00720214844, -0.317301463, 0.580080191, 0.750238539, 0, 0, -0, 0, 0, 0, 0, 0.389920312, -0.103374561, -0.184824902, 0.444603265, 0.191927616, -0.874855984, 0.370483398, -0.928588867, -0.0155029297, -0.815415108, -0.317247304, -0.483991285, 0, 2, 1, 1, 
617.357153, 39, 0.1, 0.1, -0.0187929993, 0.368074417, -0.0349698403, 0.928866289, -1.45385117e-005, 0.370415196, 0.370415196, -5.46543676e-006, -0.928866289, 1.55288143e-005, 1, 3.08625709e-007, 0.928866282, -1.15722138e-005, 0.370415213, 0.370415213, -7.44998188e-006, -0.928866282, 1.35086259e-005, 1, -2.63351292e-006, 0, 0, 0, 0, 0, 0, 0, 0.346859009, -0.140134326, -0.236671802, -0.369617173, 0.652735874, -0.661162586, -0.873168945, -0.487060547, 0.00720214844, -0.317301463, 0.580080191, 0.750238539, 0, 0, -0, 0, 0, 0, 0, 0.389920312, -0.103374561, -0.184824902, 0.444603265, 0.191927616, -0.874855984, 0.370483398, -0.928588867, -0.0155029297, -0.815415108, -0.317247304, -0.483991285, 0, 2, 1, 1, 
617.357891, 39, 0.1, 0.1, -0.018793003, 0.368074417, -0.0349705694, 0.928866321, 2.04631925e-005, 0.370415115, 0.370415115, 6.59794379e-006, -0.928866321, -2.14515484e-005, 1, -1.45126801e-006, 0.928866314, 1.72871131e-005, 0.370415133, 0.370415133, 8.40349256e-006, -0.928866314, -1.91701978e-005, 1, 1.40231287e-006, 0, 0, 0, 0, 0, 0, 0, 0.346859009, -0.140134326, -0.236671802, -0.371228733, 0.652133037, -0.660883259, -0.872802734, -0.487792969, 0.00891113282, -0.316551849, 0.580175671, 0.750441482, 0, 0, -0, 0, 0, 0, 0, 0.389920312, -0.103374561, -0.184824902, 0.444603265, 0.191927616, -0.874855984, 0.370483398, -0.928588867, -0.0155029297, -0.815415108, -0.317247304, -0.483991285, 0, 2, 1, 1, 
617.358611, 39, 0.1, 0.1, -0.0187930032, 0.368074417, -0.0349703309, 0.928866348, -1.628112e-005, 0.370415048, 0.370415048, -4.2763033e-006, -0.928866348, 1.67069915e-005, 1, 2.0586576e-006, 0.928866343, -1.31789834e-005, 0.370415061, 0.370415061, -6.04376639e-006, -0.928866343, 1.44802162e-005, 1, -7.32157258e-007, 0, 0, 0, 0, 0, 0, 0, 0.346555688, -0.139941602, -0.23576394, -0.371228733, 0.652133037, -0.660883259, -0.872802734, -0.487792969, 0.00891113282, -0.316551849, 0.580175671, 0.750441482, 0, 0, -0, 0, 0, 0, 0, 0.389574268, -0.103078809, -0.184172998, 0.442769481, 0.193403392, -0.875456429, 0.372314453, -0.927856445, -0.0166015625, -0.815485104, -0.318442364, -0.48294971, 0, 2, 1, 1, 
