time, trialNum, realDorsalTactorPos, realVentralTactorPos, boxPosX, boxPosY, boxPosZ, boxLocalRot_11, boxLocalRot_12, boxLocalRot_13, boxLocalRot_21, boxLocalRot_22, boxLocalRot_23, boxLocalRot_31, boxLocalRot_32, boxLocalRot_33, boxGlobalRot_11, boxGlobalRot_12, boxGlobalRot_13, boxGlobalRot_21, boxGlobalRot_22, boxGlobalRot_23, boxGlobalRot_31, boxGlobalRot_32, boxGlobalRot_33, indexForceX, indexForceY, indexForceZ, indexForceGlobalX, indexForceGlobalY, indexForceGlobalZ, indexContact, indexPosX, indexPosY, indexPosZ, indexRot_11, indexRot_12, indexRot_13, indexRot_21, indexRot_22, indexRot_23, indexRot_31, indexRot_32, indexRot_33, thumbForceX, thumbForceY, thumbForceZ, thumbForceGlobalX, thumbForceGlobalY, thumbForceGlobalZ, thumbContact, thumbPosX, thumbPosY, thumbPosZ, thumbRot_11, thumbRot_12, thumbRot_13, thumbRot_21, thumbRot_22, thumbRot_23, thumbRot_31, thumbRot_32, thumbRot_33, manipForceTooHigh, cceExpType, mapping, trialSuccess, 
575.273939, 43, 0.1, 0.1, 0.0131989929, 0.377173443, -0.0349673297, 0.9610836, 7.96489269e-006, 0.276257694, 0.276257694, -5.02456665e-006, -0.9610836, -6.26685255e-006, 1, -7.02939149e-006, 0.961083584, -7.57901558e-006, 0.276257749, 0.276257749, 3.44028566e-007, -0.961083584, 7.1890269e-006, 1, 2.42440199e-006, 0, 0, 0, 0, 0, 0, 0, 0.290854443, -0.116239429, -0.193158594, 0.124325516, 0.646431618, -0.752688457, -0.688964844, 0.602050781, 0.403320313, 0.713950495, 0.468486435, 0.520393559, 0, -0, 0, 0, 0, 0, 0, 0.384193848, -0.122259229, -0.16983252, 0.297723721, 0.0568254642, -0.952870692, -0.437133789, -0.879150391, -0.189086914, -0.848527721, 0.473008608, -0.236886124, 0, 2, 5, 1, 
575.307865, 43, 0.1, 0.1, 0.0131989872, 0.377173443, -0.0349642464, 0.961081988, -2.36326137e-006, 0.276263301, 0.276263301, -1.26711934e-005, -0.961081988, 5.77187366e-006, 1, -1.15251734e-005, 0.961081997, -1.07328738e-005, 0.276263272, 0.276263272, 9.15198884e-007, -0.961081997, 1.0062336e-005, 1, 3.84468e-006, 0, 0, 0, 0, 0, 0, 0, 0.290770215, -0.116290186, -0.19435437, 0.122587397, 0.649965143, -0.749902302, -0.687744141, 0.600341797, 0.407958984, 0.715461705, 0.465825716, 0.520817419, 0, -0, 0, 0, 0, 0, 0, 0.385089746, -0.122220752, -0.170675195, 0.298068603, 0.0611062364, -0.952512684, -0.435058594, -0.879394531, -0.192626953, -0.849473414, 0.471985623, -0.235621069, 0, 2, 5, 1, 
575.308641, 43, 0.1, 0.1, 0.0131989856, 0.377173445, -0.0349640677, 0.961081914, -1.05771695e-005, 0.276263561, 0.276263561, 1.05846086e-005, -0.961081914, 7.24138466e-006, 1, 1.30947624e-005, 0.961081928, -5.3908518e-006, 0.276263512, 0.276263512, 4.31101679e-006, -0.961081928, 3.99007361e-006, 1, 5.63253598e-006, 0, 0, 0, 0, 0, 0, 0, 0.290990283, -0.115843213, -0.193684766, 0.122643563, 0.649870785, -0.749971573, -0.689697266, 0.599121094, 0.40637207, 0.713475338, 0.467570948, 0.521940718, 0, -0, 0, 0, 0, 0, 0, 0.385362549, -0.121831396, -0.1702375, 0.298982213, 0.0607992675, -0.952263684, -0.433349609, -0.880371094, -0.192382812, -0.849991103, 0.470234961, -0.236822325, 0, 2, 5, 1, 
575.309378, 43, 0.1, 0.1, 0.0131989845, 0.377173445, -0.0349650471, 0.961081878, -1.5937045e-006, 0.276263684, 0.276263684, -1.23501752e-005, -0.961081878, 4.9435854e-006, 1, -1.14292469e-005, 0.961081879, 8.39349232e-006, 0.276263681, 0.276263681, -1.05484611e-005, -0.961081879, -5.15267669e-006, 1, -1.24567519e-005, 0, 0, 0, 0, 0, 0, 0, 0.290990283, -0.115843213, -0.193684766, 0.122643563, 0.649870785, -0.749971573, -0.689697266, 0.599121094, 0.40637207, 0.713475338, 0.467570948, 0.521940718, 0, -0, 0, 0, 0, 0, 0, 0.385362549, -0.121831396, -0.1702375, 0.298982213, 0.0607992675, -0.952263684, -0.433349609, -0.880371094, -0.192382812, -0.849991103, 0.470234961, -0.236822325, 0, 2, 5, 1, 
575.310125, 43, 0.1, 0.1, 0.0131989852, 0.377173442, -0.0349668512, 0.961081918, 1.24056161e-006, 0.276263547, 0.276263547, 9.4367004e-006, -0.961081918, -3.79929766e-006, 1, 8.72672017e-006, 0.961081906, 2.64744166e-006, 0.276263587, 0.276263587, 1.71895772e-005, -0.961081906, -7.29326253e-006, 1, 1.57891999e-005, 0, 0, 0, 0, 0, 0, 0, 0.290990283, -0.115843213, -0.193684766, 0.122643563, 0.649870785, -0.749971573, -0.689697266, 0.599121094, 0.40637207, 0.713475338, 0.467570948, 0.521940718, 0, -0, 0, 0, 0, 0, 0, 0.385362549, -0.121831396, -0.1702375, 0.298982213, 0.0607992675, -0.952263684, -0.433349609, -0.880371094, -0.192382812, -0.849991103, 0.470234961, -0.236822325, 0, 2, 5, 1, 
575.310887, 43, 0.1, 0.1, 0.0131989857, 0.377173444, -0.0349684796, 0.961081964, 3.33610674e-006, 0.276263386, 0.276263386, 8.34580414e-006, -0.961081964, -5.51191213e-006, 1, 7.09935769e-006, 0.96108196, 4.1015388e-006, 0.2762634, 0.2762634, -4.3233342e-006, -0.96108196, -2.74753594e-006, 1, -5.28818356e-006, 0, 0, 0, 0, 0, 0, 0, 0.290990283, -0.115843213, -0.193684766, 0.122643563, 0.649870785, -0.749971573, -0.689697266, 0.599121094, 0.40637207, 0.713475338, 0.467570948, 0.521940718, 0, -0, 0, 0, 0, 0, 0, 0.385362549, -0.121831396, -0.1702375, 0.298982213, 0.0607992675, -0.952263684, -0.433349609, -0.880371094, -0.192382812, -0.849991103, 0.470234961, -0.236822325, 0, 2, 5, 1, 
575.311618, 43, 0.1, 0.1, 0.0131989869, 0.377173443, -0.0349697174, 0.961081945, 6.52338752e-006, 0.276263452, 0.276263452, -1.0419588e-005, -0.961081945, -3.39095861e-006, 1, -1.18162515e-005, 0.961081955, -3.4473309e-006, 0.276263418, 0.276263418, -7.49328403e-006, -0.961081955, 5.38328777e-006, 1, -6.24928865e-006, 0, 0, 0, 0, 0, 0, 0, 0.290990283, -0.115843213, -0.193684766, 0.122643563, 0.649870785, -0.749971573, -0.689697266, 0.599121094, 0.40637207, 0.713475338, 0.467570948, 0.521940718, 0, -0, 0, 0, 0, 0, 0, 0.385362549, -0.121831396, -0.1702375, 0.298982213, 0.0607992675, -0.952263684, -0.433349609, -0.880371094, -0.192382812, -0.849991103, 0.470234961, -0.236822325, 0, 2, 5, 1, 
575.312445, 43, 0.1, 0.1, 0.0131989884, 0.377173441, -0.0349693474, 0.961081881, -1.0124191e-005, 0.276263675, 0.276263676, 1.25586257e-005, -0.961081881, 6.26068441e-006, 1, 1.48668138e-005, 0.961081891, -1.35561492e-005, 0.276263639, 0.276263639, 1.27025468e-005, -0.961081891, 9.51931765e-006, 1, 1.59532588e-005, 0, 0, 0, 0, 0, 0, 0, 0.290990283, -0.115843213, -0.193684766, 0.122643563, 0.649870785, -0.749971573, -0.689697266, 0.599121094, 0.40637207, 0.713475338, 0.467570948, 0.521940718, 0, -0, 0, 0, 0, 0, 0, 0.385362549, -0.121831396, -0.1702375, 0.298982213, 0.0607992675, -0.952263684, -0.433349609, -0.880371094, -0.192382812, -0.849991103, 0.470234961, -0.236822325, 0, 2, 5, 1, 
575.313214, 43, 0.1, 0.1, 0.0131989879, 0.377173444, -0.0349679232, 0.961081869, -7.1437223e-006, 0.276263718, 0.276263718, -8.77666988e-006, -0.961081869, 9.29037743e-006, 1, -6.46154701e-006, 0.961081865, -2.92474691e-006, 0.27626373, 0.27626373, -1.42775108e-005, -0.961081865, 6.75527961e-006, 1, -1.29138552e-005, 0, 0, 0, 0, 0, 0, 0, 0.291045947, -0.115903638, -0.193063867, 0.123772853, 0.648640023, -0.750936112, -0.690307617, 0.599853516, 0.404418945, 0.712802109, 0.468383841, 0.522093486, 0, -0, 0, 0, 0, 0, 0, 0.384985889, -0.12215083, -0.16958999, 0.299927907, 0.0593169287, -0.952097807, -0.43359375, -0.880371094, -0.19140625, -0.849646221, 0.470324647, -0.238400546, 0, 2, 5, 1, 
575.313949, 43, 0.1, 0.1, 0.0131989879, 0.377173442, -0.0349665349, 0.96108192, -2.09830739e-006, 0.276263538, 0.276263538, -1.1469323e-005, -0.96108192, 5.18520105e-006, 1, -1.04432732e-005, 0.961081907, 3.23072014e-006, 0.276263583, 0.276263583, 4.03169604e-006, -0.961081907, -4.21879747e-006, 1, 2.9822598e-006, 0, 0, 0, 0, 0, 0, 0, 0.291045947, -0.115903638, -0.193063867, 0.123772853, 0.648640023, -0.750936112, -0.690307617, 0.599853516, 0.404418945, 0.712802109, 0.468383841, 0.522093486, 0, -0, 0, 0, 0, 0, 0, 0.384985889, -0.12215083, -0.16958999, 0.299927907, 0.0593169287, -0.952097807, -0.43359375, -0.880371094, -0.19140625, -0.849646221, 0.470324647, -0.238400546, 0, 2, 5, 1, 
575.314676, 43, 0.1, 0.1, 0.013198987, 0.377173444, -0.0349657473, 0.961081957, 9.36279055e-007, 0.276263409, 0.276263409, 1.13056129e-005, -0.961081957, -4.02316805e-006, 1, 1.06069609e-005, 0.961081956, 6.25327284e-006, 0.276263414, 0.276263414, 6.14950161e-006, -0.961081956, -7.70879001e-006, 1, 4.18262453e-006, 0, 0, 0, 0, 0, 0, 0, 0.291045947, -0.115903638, -0.193063867, 0.123772853, 0.648640023, -0.750936112, -0.690307617, 0.599853516, 0.404418945, 0.712802109, 0.468383841, 0.522093486, 0, -0, 0, 0, 0, 0, 0, 0.384985889, -0.12215083, -0.16958999, 0.299927907, 0.0593169287, -0.952097807, -0.43359375, -0.880371094, -0.19140625, -0.849646221, 0.470324647, -0.238400546, 0, 2, 5, 1, 
575.315442, 43, 0.1, 0.1, 0.0131989868, 0.377173446, -0.0349655322, 0.96108192, 1.199688e-005, 0.276263539, 0.276263539, -1.25249199e-005, -0.96108192, -8.06980578e-006, 1, -1.53517745e-005, 0.961081933, 9.14176587e-006, 0.276263493, 0.276263493, -1.47547667e-005, -0.961081933, -4.70978263e-006, 1, -1.67060759e-005, 0, 0, 0, 0, 0, 0, 0, 0.290879712, -0.116183887, -0.192658765, 0.124921239, 0.647491637, -0.751760988, -0.690673828, 0.600708008, 0.402587891, 0.712249446, 0.468936504, 0.522347725, 0, -0, 0, 0, 0, 0, 0, 0.384985889, -0.12215083, -0.16958999, 0.301659612, 0.0580008341, -0.951529445, -0.434326172, -0.880126953, -0.19128418, -0.848605013, 0.471168261, -0.240304692, 0, 2, 5, 1, 
575.316176, 43, 0.1, 0.1, 0.0131989881, 0.377173443, -0.0349658491, 0.961081859, 2.57106384e-006, 0.276263753, 0.276263753, 8.43593936e-006, -0.961081859, -4.80154708e-006, 1, 7.39733653e-006, 0.961081869, -8.28212054e-006, 0.276263718, 0.276263718, 1.20770494e-005, -0.961081868, 4.62334533e-006, 1, 1.38950826e-005, 0, 0, 0, 0, 0, 0, 0, 0.290879712, -0.116183887, -0.192658765, 0.124921239, 0.647491637, -0.751760988, -0.690673828, 0.600708008, 0.402587891, 0.712249446, 0.468936504, 0.522347725, 0, -0, 0, 0, 0, 0, 0, 0.384675879, -0.122443408, -0.168922705, 0.301659612, 0.0580008341, -0.951529445, -0.434326172, -0.880126953, -0.19128418, -0.848605013, 0.471168261, -0.240304692, 0, 2, 5, 1, 
575.316909, 43, 0.1, 0.1, 0.0131989881, 0.377173445, -0.034966813, 0.961081859, -7.70400986e-006, 0.27626375, 0.27626375, 7.85733021e-006, -0.961081859, 5.23348862e-006, 1, 9.67987618e-006, 0.961081854, -7.40328927e-006, 0.27626377, 0.27626377, -5.64939587e-006, -0.961081854, 8.67589038e-006, 1, -3.38427125e-006, 0, 0, 0, 0, 0, 0, 0, 0.290879712, -0.116183887, -0.192658765, 0.124921239, 0.647491637, -0.751760988, -0.690673828, 0.600708008, 0.402587891, 0.712249446, 0.468936504, 0.522347725, 0, -0, 0, 0, 0, 0, 0, 0.384675879, -0.122443408, -0.168922705, 0.301659612, 0.0580008341, -0.951529445, -0.434326172, -0.880126953, -0.19128418, -0.848605013, 0.471168261, -0.240304692, 0, 2, 5, 1, 
575.317642, 43, 0.1, 0.1, 0.0131989884, 0.377173443, -0.0349680716, 0.961081915, -4.55566221e-006, 0.276263557, 0.276263557, -1.21674356e-005, -0.961081915, 7.7397836e-006, 1, -1.04353389e-005, 0.961081904, -3.72988897e-006, 0.276263595, 0.276263595, -5.40644139e-006, -0.961081904, 5.07833173e-006, 1, -4.16560045e-006, 0, 0, 0, 0, 0, 0, 0, 0.290879712, -0.116183887, -0.192658765, 0.124921239, 0.647491637, -0.751760988, -0.690673828, 0.600708008, 0.402587891, 0.712249446, 0.468936504, 0.522347725, 0, -0, 0, 0, 0, 0, 0, 0.384675879, -0.122443408, -0.168922705, 0.301659612, 0.0580008341, -0.951529445, -0.434326172, -0.880126953, -0.19128418, -0.848605013, 0.471168261, -0.240304692, 0, 2, 5, 1, 
575.318372, 43, 0.1, 0.1, 0.0131989883, 0.377173442, -0.0349692458, 0.96108194, -7.7846403e-006, 0.276263471, 0.276263471, 9.48031895e-006, -0.961081939, 4.86261138e-006, 1, 1.12619751e-005, 0.96108194, 1.80896184e-007, 0.27626347, 0.27626347, 1.28371834e-005, -0.96108194, -3.7203009e-006, 1, 1.22876101e-005, 0, 0, 0, 0, 0, 0, 0, 0.290879712, -0.116183887, -0.192658765, 0.124921239, 0.647491637, -0.751760988, -0.690673828, 0.600708008, 0.402587891, 0.712249446, 0.468936504, 0.522347725, 0, -0, 0, 0, 0, 0, 0, 0.384675879, -0.122443408, -0.168922705, 0.301659612, 0.0580008341, -0.951529445, -0.434326172, -0.880126953, -0.19128418, -0.848605013, 0.471168261, -0.240304692, 0, 2, 5, 1, 
575.319104, 43, 0.1, 0.1, 0.0131989872, 0.377173444, -0.0349699939, 0.961081901, 6.09915872e-006, 0.276263605, 0.276263605, -5.69999649e-006, -0.961081901, -4.28708948e-006, 1, -7.16313904e-006, 0.961081912, 1.04768327e-005, 0.276263568, 0.276263568, -1.07155659e-005, -0.961081912, -7.10877397e-006, 1, -1.31929038e-005, 0, 0, 0, 0, 0, 0, 0, 0.290879712, -0.116183887, -0.192658765, 0.124921239, 0.647491637, -0.751760988, -0.690673828, 0.600708008, 0.402587891, 0.712249446, 0.468936504, 0.522347725, 0, -0, 0, 0, 0, 0, 0, 0.384675879, -0.122443408, -0.168922705, 0.301659612, 0.0580008341, -0.951529445, -0.434326172, -0.880126953, -0.19128418, -0.848605013, 0.471168261, -0.240304692, 0, 2, 5, 1, 
575.319838, 43, 0.1, 0.1, 0.0131989876, 0.377173442, -0.0349700934, 0.961081858, 9.30845857e-006, 0.276263756, 0.276263756, -5.955423e-006, -0.961081858, -7.30092313e-006, 1, -8.29523873e-006, 0.961081862, 3.8098575e-006, 0.276263742, 0.276263742, 4.43776476e-006, -0.961081862, -4.88757844e-006, 1, 3.21252973e-006, 0, 0, 0, 0, 0, 0, 0, 0.290879712, -0.116183887, -0.192658765, 0.124921239, 0.647491637, -0.751760988, -0.690673828, 0.600708008, 0.402587891, 0.712249446, 0.468936504, 0.522347725, 0, -0, 0, 0, 0, 0, 0, 0.384675879, -0.122443408, -0.168922705, 0.301659612, 0.0580008341, -0.951529445, -0.434326172, -0.880126953, -0.19128418, -0.848605013, 0.471168261, -0.240304692, 0, 2, 5, 1, 
575.320602, 43, 0.1, 0.1, 0.0131989879, 0.377173444, -0.034969114, 0.961081877, 8.64387238e-007, 0.276263689, 0.276263689, 1.20985011e-005, -0.961081877, -4.17312344e-006, 1, 1.13888513e-005, 0.961081867, -6.13191043e-006, 0.276263724, 0.276263724, 4.17974679e-006, -0.961081867, 4.73855551e-006, 1, 5.71110326e-006, 0, 0, 0, 0, 0, 0, 0, 0.290940747, -0.116479028, -0.19225769, 0.126126914, 0.646063924, -0.752643152, -0.690551758, 0.601928711, 0.400878906, 0.712058486, 0.469286223, 0.522240262, 0, -0, 0, 0, 0, 0, 0, 0.384394189, -0.122995605, -0.168270557, 0.303730002, 0.0560394521, -0.951031445, -0.435546875, -0.879516602, -0.190917969, -0.847282721, 0.472312281, -0.242707204, 0, 2, 5, 1, 
575.321332, 43, 0.1, 0.1, 0.0131989878, 0.377173445, -0.0349678745, 0.961081932, -2.33787897e-007, 0.276263496, 0.276263496, -1.30704047e-005, -0.961081932, 3.83556501e-006, 1, -1.24971427e-005, 0.961081923, -3.20793781e-006, 0.27626353, 0.27626353, -1.47695139e-005, -0.961081923, 7.16336907e-006, 1, -1.33084766e-005, 0, 0, 0, 0, 0, 0, 0, 0.290940747, -0.116479028, -0.19225769, 0.126126914, 0.646063924, -0.752643152, -0.690551758, 0.601928711, 0.400878906, 0.712058486, 0.469286223, 0.522240262, 0, -0, 0, 0, 0, 0, 0, 0.384394189, -0.122995605, -0.168270557, 0.303730002, 0.0560394521, -0.951031445, -0.435546875, -0.879516602, -0.190917969, -0.847282721, 0.472312281, -0.242707204, 0, 2, 5, 1, 
575.322072, 43, 0.1, 0.1, 0.0131989882, 0.377173442, -0.0349667469, 0.961081943, -1.00592331e-005, 0.276263459, 0.276263459, 3.28278007e-006, -0.961081943, 8.76083513e-006, 1, 5.93401919e-006, 0.961081947, -9.03913317e-006, 0.276263446, 0.276263446, 1.07666737e-005, -0.961081947, 5.71290934e-006, 1, 1.28448378e-005, 0, 0, 0, 0, 0, 0, 0, 0.290940747, -0.116479028, -0.19225769, 0.126126914, 0.646063924, -0.752643152, -0.690551758, 0.601928711, 0.400878906, 0.712058486, 0.469286223, 0.522240262, 0, -0, 0, 0, 0, 0, 0, 0.384394189, -0.122995605, -0.168270557, 0.303730002, 0.0560394521, -0.951031445, -0.435546875, -0.879516602, -0.190917969, -0.847282721, 0.472312281, -0.242707204, 0, 2, 5, 1, 
575.322803, 43, 0.1, 0.1, 0.0131989874, 0.377173444, -0.0349660537, 0.961081889, -8.1502602e-006, 0.276263648, 0.276263648, 6.9464661e-006, -0.961081889, 5.9140114e-006, 1, 8.92774338e-006, 0.961081902, 4.8019305e-006, 0.276263602, 0.276263602, -3.33452288e-006, -0.961081902, -3.69384119e-006, 1, -4.53134821e-006, 0, 0, 0, 0, 0, 0, 0, 0.290940747, -0.116479028, -0.19225769, 0.126126914, 0.646063924, -0.752643152, -0.690551758, 0.601928711, 0.400878906, 0.712058486, 0.469286223, 0.522240262, 0, -0, 0, 0, 0, 0, 0, 0.384394189, -0.122995605, -0.168270557, 0.303730002, 0.0560394521, -0.951031445, -0.435546875, -0.879516602, -0.190917969, -0.847282721, 0.472312281, -0.242707204, 0, 2, 5, 1, 
575.323535, 43, 0.1, 0.1, 0.0131989879, 0.377173442, -0.0349660112, 0.96108185, 5.71311544e-006, 0.276263784, 0.276263784, -1.01613854e-005, -0.961081849, -2.68354876e-006, 1, -1.134425e-005, 0.961081851, 7.56240583e-006, 0.276263777, 0.276263778, -3.06209541e-006, -0.961081851, -6.42214495e-006, 1, -5.03214313e-006, 0, 0, 0, 0, 0, 0, 0, 0.290940747, -0.116479028, -0.19225769, 0.126126914, 0.646063924, -0.752643152, -0.690551758, 0.601928711, 0.400878906, 0.712058486, 0.469286223, 0.522240262, 0, -0, 0, 0, 0, 0, 0, 0.384394189, -0.122995605, -0.168270557, 0.303730002, 0.0560394521, -0.951031445, -0.435546875, -0.879516602, -0.190917969, -0.847282721, 0.472312281, -0.242707204, 0, 2, 5, 1, 
575.324265, 43, 0.1, 0.1, 0.0131989894, 0.377173441, -0.0349666229, 0.961081881, 1.56940131e-006, 0.276263674, 0.276263674, 1.44988407e-005, -0.961081881, -5.51382618e-006, 1, 1.35010045e-005, 0.96108187, -1.53698912e-006, 0.276263712, 0.276263712, 1.4541099e-005, -0.96108187, -2.54000563e-006, 1, 1.4399801e-005, 0, 0, 0, 0, 0, 0, 0, 0.290940747, -0.116479028, -0.19225769, 0.126126914, 0.646063924, -0.752643152, -0.690551758, 0.601928711, 0.400878906, 0.712058486, 0.469286223, 0.522240262, 0, -0, 0, 0, 0, 0, 0, 0.384394189, -0.122995605, -0.168270557, 0.303730002, 0.0560394521, -0.951031445, -0.435546875, -0.879516602, -0.190917969, -0.847282721, 0.472312281, -0.242707204, 0, 2, 5, 1, 
575.325031, 43, 0.1, 0.1, 0.0131989899, 0.377173444, -0.0349674846, 0.961081939, 4.92108782e-006, 0.276263472, 0.276263472, -5.75068573e-006, -0.961081939, -3.14086422e-006, 1, -6.886397e-006, 0.961081929, -2.67543918e-006, 0.276263507, 0.276263507, -1.54079963e-005, -0.961081929, 6.82798334e-006, 1, -1.40692206e-005, 0, 0, 0, 0, 0, 0, 0, 0.290978711, -0.116989966, -0.191865405, 0.126869414, 0.644775874, -0.753684076, -0.690551758, 0.602905273, 0.399536133, 0.712064478, 0.469737414, 0.521910761, 0, -0, 0, 0, 0, 0, 0, 0.384394189, -0.122995605, -0.168270557, 0.304854699, 0.0538863062, -0.950840048, -0.436401367, -0.879394531, -0.189819336, -0.846305312, 0.472945176, -0.244528228, 0, 2, 5, 1, 
575.325763, 43, 0.1, 0.1, 0.0131989913, 0.377173443, -0.0349681677, 0.961081936, -3.77166045e-006, 0.276263484, 0.276263484, -9.34909228e-006, -0.961081936, 6.20768753e-006, 1, -7.94327165e-006, 0.961081942, -1.03892518e-005, 0.276263464, 0.276263464, 1.41301285e-006, -0.961081942, 9.59455844e-006, 1, 4.22819182e-006, 0, 0, 0, 0, 0, 0, 0, 0.290978711, -0.116989966, -0.191865405, 0.126869414, 0.644775874, -0.753684076, -0.690551758, 0.602905273, 0.399536133, 0.712064478, 0.469737414, 0.521910761, 0, -0, 0, 0, 0, 0, 0, 0.38448916, -0.12357124, -0.167626465, 0.304854699, 0.0538863062, -0.950840048, -0.436401367, -0.879394531, -0.189819336, -0.846305312, 0.472945176, -0.244528228, 0, 2, 5, 1, 
575.326493, 43, 0.1, 0.1, 0.0131989911, 0.377173443, -0.0349687841, 0.96108188, -1.12904328e-005, 0.276263676, 0.276263677, 9.15741721e-006, -0.96108188, 8.3211686e-006, 1, 1.19201642e-005, 0.961081891, -7.1198508e-006, 0.276263638, 0.276263638, 4.1375639e-006, -0.961081891, 5.69970122e-006, 1, 5.94349362e-006, 0, 0, 0, 0, 0, 0, 0, 0.290978711, -0.116989966, -0.191865405, 0.126869414, 0.644775874, -0.753684076, -0.690551758, 0.602905273, 0.399536133, 0.712064478, 0.469737414, 0.521910761, 0, -0, 0, 0, 0, 0, 0, 0.38448916, -0.12357124, -0.167626465, 0.304854699, 0.0538863062, -0.950840048, -0.436401367, -0.879394531, -0.189819336, -0.846305312, 0.472945176, -0.244528228, 0, 2, 5, 1, 
575.327226, 43, 0.1, 0.1, 0.0131989906, 0.377173444, -0.0349691361, 0.961081855, -2.1976641e-006, 0.276263765, 0.276263765, -1.21176077e-005, -0.961081855, 5.45979102e-006, 1, -1.1038878e-005, 0.961081855, 6.28219766e-006, 0.276263765, 0.276263766, -1.05084478e-005, -0.961081855, -3.13460281e-006, 1, -1.18350221e-005, 0, 0, 0, 0, 0, 0, 0, 0.290978711, -0.116989966, -0.191865405, 0.126869414, 0.644775874, -0.753684076, -0.690551758, 0.602905273, 0.399536133, 0.712064478, 0.469737414, 0.521910761, 0, -0, 0, 0, 0, 0, 0, 0.38448916, -0.12357124, -0.167626465, 0.304854699, 0.0538863062, -0.950840048, -0.436401367, -0.879394531, -0.189819336, -0.846305312, 0.472945176, -0.244528228, 0, 2, 5, 1, 
575.327967, 43, 0.1, 0.1, 0.013198991, 0.377173441, -0.0349691021, 0.961081894, 2.221714e-006, 0.276263629, 0.276263629, 6.7149006e-006, -0.961081894, -3.9903319e-006, 1, 5.83979061e-006, 0.961081883, 3.25447713e-006, 0.276263669, 0.276263669, 1.41694623e-005, -0.961081883, -7.04232665e-006, 1, 1.27189197e-005, 0, 0, 0, 0, 0, 0, 0, 0.290978711, -0.116989966, -0.191865405, 0.126869414, 0.644775874, -0.753684076, -0.690551758, 0.602905273, 0.399536133, 0.712064478, 0.469737414, 0.521910761, 0, -0, 0, 0, 0, 0, 0, 0.38448916, -0.12357124, -0.167626465, 0.304854699, 0.0538863062, -0.950840048, -0.436401367, -0.879394531, -0.189819336, -0.846305312, 0.472945176, -0.244528228, 0, 2, 5, 1, 
575.328698, 43, 0.1, 0.1, 0.0131989906, 0.377173443, -0.0349686742, 0.961081938, 5.35558404e-006, 0.276263475, 0.276263475, 8.79798118e-006, -0.961081938, -7.57771594e-006, 1, 6.97602855e-006, 0.961081934, 6.16231028e-006, 0.276263489, 0.276263489, -3.6297824e-006, -0.961081934, -4.91970874e-006, 1, -5.19093963e-006, 0, 0, 0, 0, 0, 0, 0, 0.290978711, -0.116989966, -0.191865405, 0.126869414, 0.644775874, -0.753684076, -0.690551758, 0.602905273, 0.399536133, 0.712064478, 0.469737414, 0.521910761, 0, -0, 0, 0, 0, 0, 0, 0.38448916, -0.12357124, -0.167626465, 0.304854699, 0.0538863062, -0.950840048, -0.436401367, -0.879394531, -0.189819336, -0.846305312, 0.472945176, -0.244528228, 0, 2, 5, 1, 
575.329432, 43, 0.1, 0.1, 0.0131989913, 0.377173442, -0.0349680566, 0.961081918, 8.06779257e-006, 0.276263546, 0.276263546, -1.0255318e-005, -0.961081918, -4.92063905e-006, 1, -1.20850377e-005, 0.961081928, -2.21304623e-006, 0.27626351, 0.27626351, -7.41406482e-006, -0.961081928, 4.17515431e-006, 1, -6.51413979e-006, 0, 0, 0, 0, 0, 0, 0, 0.290978711, -0.116989966, -0.191865405, 0.126869414, 0.644775874, -0.753684076, -0.690551758, 0.602905273, 0.399536133, 0.712064478, 0.469737414, 0.521910761, 0, -0, 0, 0, 0, 0, 0, 0.38448916, -0.12357124, -0.167626465, 0.304854699, 0.0538863062, -0.950840048, -0.436401367, -0.879394531, -0.189819336, -0.846305312, 0.472945176, -0.244528228, 0, 2, 5, 1, 
575.330198, 43, 0.1, 0.1, 0.0131989919, 0.377173441, -0.0349670325, 0.961081857, -8.43226957e-006, 0.276263758, 0.276263758, 1.27653992e-005, -0.961081857, 4.57748416e-006, 1, 1.4598124e-005, 0.961081868, -1.1693681e-005, 0.276263721, 0.276263721, 1.25849012e-005, -0.961081868, 7.76183317e-006, 1, 1.53256602e-005, 0, 0, 0, 0, 0, 0, 0, 0.291020703, -0.117487964, -0.191678052, 0.127669203, 0.643773143, -0.754363297, -0.689941406, 0.604003906, 0.398681641, 0.712432171, 0.469649047, 0.521523971, 0, -0, 0, 0, 0, 0, 0, 0.384577539, -0.124525, -0.167412012, 0.305845235, 0.0525064125, -0.950591048, -0.437988281, -0.878662109, -0.189575195, -0.845219261, 0.474395798, -0.245729484, 0, 2, 5, 1, 
575.330936, 43, 0.1, 0.1, 0.0131989912, 0.377173443, -0.0349663453, 0.961081845, -7.79482525e-006, 0.276263801, 0.276263801, -7.36450263e-006, -0.961081845, 9.52601052e-006, 1, -4.92446172e-006, 0.961081841, -2.80364399e-006, 0.276263814, 0.276263814, -1.31084987e-005, -0.961081841, 6.31593517e-006, 1, -1.18237947e-005, 0, 0, 0, 0, 0, 0, 0, 0.291020703, -0.117487964, -0.191678052, 0.127669203, 0.643773143, -0.754363297, -0.689941406, 0.604003906, 0.398681641, 0.712432171, 0.469649047, 0.521523971, 0, -0, 0, 0, 0, 0, 0, 0.384577539, -0.124525, -0.167412012, 0.305845235, 0.0525064125, -0.950591048, -0.437988281, -0.878662109, -0.189575195, -0.845219261, 0.474395798, -0.245729484, 0, 2, 5, 1, 
575.331668, 43, 0.1, 0.1, 0.0131989918, 0.37717344, -0.0349661972, 0.961081898, -4.04508021e-006, 0.276263617, 0.276263617, -9.98594423e-006, -0.961081898, 6.64640644e-006, 1, -8.47980174e-006, 0.961081885, 1.37524269e-006, 0.276263662, 0.276263661, 5.64088446e-006, -0.961081885, -2.88009223e-006, 1, 5.04142229e-006, 0, 0, 0, 0, 0, 0, 0, 0.291020703, -0.117487964, -0.191678052, 0.127669203, 0.643773143, -0.754363297, -0.689941406, 0.604003906, 0.398681641, 0.712432171, 0.469649047, 0.521523971, 0, -0, 0, 0, 0, 0, 0, 0.384577539, -0.124525, -0.167412012, 0.305845235, 0.0525064125, -0.950591048, -0.437988281, -0.878662109, -0.189575195, -0.845219261, 0.474395798, -0.245729484, 0, 2, 5, 1, 
575.332432, 43, 0.1, 0.1, 0.0131989913, 0.377173442, -0.034966331, 0.961081938, -2.16958228e-007, 0.276263478, 0.276263478, 1.19467258e-005, -0.961081938, -3.09192939e-006, 1, 1.154172e-005, 0.961081936, 5.02762131e-006, 0.276263484, 0.276263484, 7.22528065e-006, -0.961081936, -6.82803722e-006, 1, 5.55513854e-006, 0, 0, 0, 0, 0, 0, 0, 0.291044385, -0.117956787, -0.191694287, 0.128107289, 0.643354153, -0.75466172, -0.689453125, 0.604736328, 0.39855957, 0.712857153, 0.469344633, 0.521200461, 0, -0, 0, 0, 0, 0, 0, 0.384830811, -0.124723096, -0.167182178, 0.30617116, 0.0526854166, -0.950456886, -0.438476563, -0.878295898, -0.189941406, -0.844816777, 0.475028326, -0.245838126, 0, 2, 5, 1, 
575.333162, 43, 0.1, 0.1, 0.0131989918, 0.377173444, -0.0349668688, 0.961081905, 9.31022866e-006, 0.276263593, 0.276263593, -1.19267371e-005, -0.961081905, -5.65296904e-006, 1, -1.40346485e-005, 0.961081916, 6.75092227e-006, 0.276263554, 0.276263554, -1.34378221e-005, -0.961081916, -2.77580881e-006, 1, -1.47798816e-005, 0, 0, 0, 0, 0, 0, 0, 0.291044385, -0.117956787, -0.191694287, 0.128107289, 0.643354153, -0.75466172, -0.689453125, 0.604736328, 0.39855957, 0.712857153, 0.469344633, 0.521200461, 0, -0, 0, 0, 0, 0, 0, 0.384830811, -0.124723096, -0.167182178, 0.30617116, 0.0526854166, -0.950456886, -0.438476563, -0.878295898, -0.189941406, -0.844816777, 0.475028326, -0.245838126, 0, 2, 5, 1, 
575.33389, 43, 0.1, 0.1, 0.0131989935, 0.377173442, -0.0349677826, 0.961081849, 1.23048453e-006, 0.276263787, 0.276263787, 6.65536168e-006, -0.961081849, -3.02123177e-006, 1, 6.05640899e-006, 0.961081858, -9.25715278e-006, 0.276263755, 0.276263755, 1.019649e-005, -0.961081858, 6.07996098e-006, 1, 1.23570773e-005, 0, 0, 0, 0, 0, 0, 0, 0.291044385, -0.117956787, -0.191694287, 0.128107289, 0.643354153, -0.75466172, -0.689453125, 0.604736328, 0.39855957, 0.712857153, 0.469344633, 0.521200461, 0, -0, 0, 0, 0, 0, 0, 0.384830811, -0.124723096, -0.167182178, 0.30617116, 0.0526854166, -0.950456886, -0.438476563, -0.878295898, -0.189941406, -0.844816777, 0.475028326, -0.245838126, 0, 2, 5, 1, 
575.334623, 43, 0.1, 0.1, 0.0131989936, 0.377173444, -0.0349687268, 0.96108185, -7.03605525e-006, 0.276263782, 0.276263782, 6.54394465e-006, -0.96108185, 4.9543701e-006, 1, 8.23307367e-006, 0.961081845, -7.04800697e-006, 0.276263801, 0.276263801, -6.25917698e-006, -0.961081845, 8.50289556e-006, 1, -4.06847217e-006, 0, 0, 0, 0, 0, 0, 0, 0.291044385, -0.117956787, -0.191694287, 0.128107289, 0.643354153, -0.75466172, -0.689453125, 0.604736328, 0.39855957, 0.712857153, 0.469344633, 0.521200461, 0, -0, 0, 0, 0, 0, 0, 0.384830811, -0.124723096, -0.167182178, 0.30617116, 0.0526854166, -0.950456886, -0.438476563, -0.878295898, -0.189941406, -0.844816777, 0.475028326, -0.245838126, 0, 2, 5, 1, 
575.335357, 43, 0.1, 0.1, 0.0131989935, 0.377173442, -0.0349693797, 0.961081903, -3.13912125e-006, 0.276263597, 0.276263597, -1.17090863e-005, -0.961081903, 6.25174692e-006, 1, -1.0386166e-005, 0.961081893, -2.39670046e-006, 0.276263634, 0.276263634, -5.54261152e-006, -0.961081893, 3.83464742e-006, 1, -4.66478239e-006, 0, 0, 0, 0, 0, 0, 0, 0.291044385, -0.117956787, -0.191694287, 0.128107289, 0.643354153, -0.75466172, -0.689453125, 0.604736328, 0.39855957, 0.712857153, 0.469344633, 0.521200461, 0, -0, 0, 0, 0, 0, 0, 0.384830811, -0.124723096, -0.167182178, 0.30617116, 0.0526854166, -0.950456886, -0.438476563, -0.878295898, -0.189941406, -0.844816777, 0.475028326, -0.245838126, 0, 2, 5, 1, 
575.336092, 43, 0.1, 0.1, 0.0131989929, 0.37717344, -0.0349695421, 0.961081926, -7.02001217e-006, 0.276263517, 0.276263517, 1.08974792e-005, -0.961081926, 3.7362309e-006, 1, 1.24127435e-005, 0.961081927, 1.16337579e-006, 0.276263514, 0.276263514, 1.40639799e-005, -0.961081927, -5.00346396e-006, 1, 1.31952386e-005, 0, 0, 0, 0, 0, 0, 0, 0.291044385, -0.117956787, -0.191694287, 0.128107289, 0.643354153, -0.75466172, -0.689453125, 0.604736328, 0.39855957, 0.712857153, 0.469344633, 0.521200461, 0, -0, 0, 0, 0, 0, 0, 0.384830811, -0.124723096, -0.167182178, 0.30617116, 0.0526854166, -0.950456886, -0.438476563, -0.878295898, -0.189941406, -0.844816777, 0.475028326, -0.245838126, 0, 2, 5, 1, 
575.336853, 43, 0.1, 0.1, 0.0131989916, 0.377173442, -0.034969127, 0.961081885, 5.95952016e-006, 0.276263662, 0.276263662, -3.11157356e-006, -0.961081885, -4.86797216e-006, 1, -4.63687584e-006, 0.961081896, 1.07998304e-005, 0.276263623, 0.276263623, -8.45452054e-006, -0.961081896, -8.04384502e-006, 1, -1.11090869e-005, 0, 0, 0, 0, 0, 0, 0, 0.291258105, -0.118186133, -0.191704419, 0.127904346, 0.643233585, -0.754839575, -0.689208984, 0.604980469, 0.398681641, 0.71313648, 0.469363729, 0.520857854, 0, -0, 0, 0, 0, 0, 0, 0.384830811, -0.124723096, -0.167182178, 0.30617116, 0.0526854166, -0.950456886, -0.438476563, -0.878295898, -0.189941406, -0.844816777, 0.475028326, -0.245838126, 0, 2, 5, 1, 
575.3376, 43, 0.1, 0.1, 0.0131989934, 0.377173439, -0.0349678689, 0.961081835, 6.52788316e-006, 0.276263833, 0.276263833, -3.87220212e-006, -0.961081835, -5.20408053e-006, 1, -5.52492115e-006, 0.96108184, 6.68980094e-007, 0.276263817, 0.276263817, 7.78021003e-006, -0.96108184, -2.79233514e-006, 1, 7.29260358e-006, 0, 0, 0, 0, 0, 0, 0, 0.291258105, -0.118186133, -0.191704419, 0.127904346, 0.643233585, -0.754839575, -0.689208984, 0.604980469, 0.398681641, 0.71313648, 0.469363729, 0.520857854, 0, -0, 0, 0, 0, 0, 0, 0.385098975, -0.125122949, -0.167168994, 0.306752649, 0.0532541451, -0.950188564, -0.438720703, -0.878051758, -0.190795898, -0.844510174, 0.47545633, -0.24605541, 0, 2, 5, 1, 
575.338333, 43, 0.1, 0.1, 0.0131989946, 0.37717344, -0.0349668103, 0.961081854, -1.08590003e-006, 0.276263768, 0.276263768, 1.29833317e-005, -0.961081854, -2.54318532e-006, 1, 1.27780394e-005, 0.961081844, -8.7316136e-006, 0.276263803, 0.276263803, 5.10426954e-006, -0.961081844, 6.98167039e-006, 1, 7.31784956e-006, 0, 0, 0, 0, 0, 0, 0, 0.291258105, -0.118186133, -0.191704419, 0.127904346, 0.643233585, -0.754839575, -0.689208984, 0.604980469, 0.398681641, 0.71313648, 0.469363729, 0.520857854, 0, -0, 0, 0, 0, 0, 0, 0.385098975, -0.125122949, -0.167168994, 0.306752649, 0.0532541451, -0.950188564, -0.438720703, -0.878051758, -0.190795898, -0.844510174, 0.47545633, -0.24605541, 0, 2, 5, 1, 
575.339065, 43, 0.1, 0.1, 0.013198995, 0.377173442, -0.0349662038, 0.961081912, -1.80247804e-006, 0.276263567, 0.276263567, -1.67192821e-005, -0.961081912, 6.35125756e-006, 1, -1.55706406e-005, 0.961081902, -5.00180165e-006, 0.276263602, 0.276263602, -1.79889674e-005, -0.961081902, 9.77683798e-006, 1, -1.59070553e-005, 0, 0, 0, 0, 0, 0, 0, 0.291258105, -0.118186133, -0.191704419, 0.127904346, 0.643233585, -0.754839575, -0.689208984, 0.604980469, 0.398681641, 0.71313648, 0.469363729, 0.520857854, 0, -0, 0, 0, 0, 0, 0, 0.385098975, -0.125122949, -0.167168994, 0.306752649, 0.0532541451, -0.950188564, -0.438720703, -0.878051758, -0.190795898, -0.844510174, 0.47545633, -0.24605541, 0, 2, 5, 1, 
575.339794, 43, 0.1, 0.1, 0.0131989956, 0.37717344, -0.0349662275, 0.961081923, -1.03413583e-005, 0.276263528, 0.276263528, 2.77986719e-007, -0.961081923, 9.86209489e-006, 1, 3.12410813e-006, 0.961081927, -9.38161131e-006, 0.276263515, 0.276263515, 7.7609499e-006, -0.961081927, 6.87242977e-006, 1, 1.00507056e-005, 0, 0, 0, 0, 0, 0, 0, 0.291258105, -0.118186133, -0.191704419, 0.127904346, 0.643233585, -0.754839575, -0.689208984, 0.604980469, 0.398681641, 0.71313648, 0.469363729, 0.520857854, 0, -0, 0, 0, 0, 0, 0, 0.385098975, -0.125122949, -0.167168994, 0.306752649, 0.0532541451, -0.950188564, -0.438720703, -0.878051758, -0.190795898, -0.844510174, 0.47545633, -0.24605541, 0, 2, 5, 1, 
575.340522, 43, 0.1, 0.1, 0.0131989945, 0.377173443, -0.0349668494, 0.96108187, -7.12580968e-006, 0.276263714, 0.276263714, 3.78973819e-006, -0.96108187, 5.80151935e-006, 1, 5.61085131e-006, 0.961081883, 5.16732339e-006, 0.276263669, 0.276263669, -6.31861124e-006, -0.961081883, -3.22061817e-006, 1, -7.5002465e-006, 0, 0, 0, 0, 0, 0, 0, 0.291258105, -0.118186133, -0.191704419, 0.127904346, 0.643233585, -0.754839575, -0.689208984, 0.604980469, 0.398681641, 0.71313648, 0.469363729, 0.520857854, 0, -0, 0, 0, 0, 0, 0, 0.385098975, -0.125122949, -0.167168994, 0.306752649, 0.0532541451, -0.950188564, -0.438720703, -0.878051758, -0.190795898, -0.844510174, 0.47545633, -0.24605541, 0, 2, 5, 1, 
575.341251, 43, 0.1, 0.1, 0.0131989946, 0.377173442, -0.0349678644, 0.961081832, 6.75694125e-006, 0.276263845, 0.276263845, -9.67742671e-006, -0.961081832, -3.82045036e-006, 1, -1.11674976e-005, 0.961081834, 8.35649517e-006, 0.276263838, 0.276263838, -3.47122201e-006, -0.961081834, -7.07230259e-006, 1, -5.64472584e-006, 0, 0, 0, 0, 0, 0, 0, 0.291258105, -0.118186133, -0.191704419, 0.127904346, 0.643233585, -0.754839575, -0.689208984, 0.604980469, 0.398681641, 0.71313648, 0.469363729, 0.520857854, 0, -0, 0, 0, 0, 0, 0, 0.385098975, -0.125122949, -0.167168994, 0.306752649, 0.0532541451, -0.950188564, -0.438720703, -0.878051758, -0.190795898, -0.844510174, 0.47545633, -0.24605541, 0, 2, 5, 1, 
575.342018, 43, 0.1, 0.1, 0.0131989956, 0.37717344, -0.0349685848, 0.961081864, 2.92191052e-006, 0.276263734, 0.276263734, 1.74010885e-005, -0.961081864, -7.61548489e-006, 1, 1.59166526e-005, 0.961081853, -6.02757421e-008, 0.276263772, 0.276263772, 1.72605931e-005, -0.961081853, -4.71054663e-006, 1, 1.66054948e-005, 0, 0, 0, 0, 0, 0, 0, 0.291182056, -0.118159644, -0.192144678, 0.126350074, 0.643779134, -0.754649737, -0.688232422, 0.604736328, 0.400634766, 0.714247796, 0.468906547, 0.519715459, 0, -0, 0, 0, 0, 0, 0, 0.384959326, -0.12505166, -0.167831152, 0.304861263, 0.0543722791, -0.950795205, -0.438598633, -0.878051758, -0.190795898, -0.845199938, 0.475328365, -0.243787059, 0, 2, 5, 1, 
575.342749, 43, 0.1, 0.1, 0.0131989953, 0.377173441, -0.0349689263, 0.961081918, 6.58134431e-006, 0.276263545, 0.276263545, -2.03221892e-006, -0.961081918, -5.76378301e-006, 1, -3.77131437e-006, 0.96108191, -2.88847828e-007, 0.276263575, 0.276263575, -1.01817378e-005, -0.96108191, 3.09044971e-006, 1, -9.70568587e-006, 0, 0, 0, 0, 0, 0, 0, 0.291182056, -0.118159644, -0.192144678, 0.126350074, 0.643779134, -0.754649737, -0.688232422, 0.604736328, 0.400634766, 0.714247796, 0.468906547, 0.519715459, 0, -0, 0, 0, 0, 0, 0, 0.384959326, -0.12505166, -0.167831152, 0.304861263, 0.0543722791, -0.950795205, -0.438598633, -0.878051758, -0.190795898, -0.845199938, 0.475328365, -0.243787059, 0, 2, 5, 1, 
575.343481, 43, 0.1, 0.1, 0.0131989958, 0.377173439, -0.0349689439, 0.961081916, -1.20585324e-006, 0.276263553, 0.276263553, -7.48902812e-006, -0.961081916, 3.22786927e-006, 1, -6.86443619e-006, 0.961081921, -7.62240118e-006, 0.276263534, 0.276263534, 3.33293846e-006, -0.961081921, 6.40498262e-006, 1, 5.30901839e-006, 0, 0, 0, 0, 0, 0, 0, 0.291182056, -0.118159644, -0.192144678, 0.126350074, 0.643779134, -0.754649737, -0.688232422, 0.604736328, 0.400634766, 0.714247796, 0.468906547, 0.519715459, 0, -0, 0, 0, 0, 0, 0, 0.384959326, -0.12505166, -0.167831152, 0.304861263, 0.0543722791, -0.950795205, -0.438598633, -0.878051758, -0.190795898, -0.845199938, 0.475328365, -0.243787059, 0, 2, 5, 1, 
575.344209, 43, 0.1, 0.1, 0.0131989947, 0.377173439, -0.0349687687, 0.961081863, -9.16334904e-006, 0.276263738, 0.276263738, 8.84728025e-006, -0.961081863, 6.36254585e-006, 1, 1.10344616e-005, 0.961081873, -5.02131437e-006, 0.276263702, 0.276263702, 4.28889274e-006, -0.961081873, 3.64102883e-006, 1, 5.50918397e-006, 0, 0, 0, 0, 0, 0, 0, 0.291182056, -0.118159644, -0.192144678, 0.126350074, 0.643779134, -0.754649737, -0.688232422, 0.604736328, 0.400634766, 0.714247796, 0.468906547, 0.519715459, 0, -0, 0, 0, 0, 0, 0, 0.384959326, -0.12505166, -0.167831152, 0.304861263, 0.0543722791, -0.950795205, -0.438598633, -0.878051758, -0.190795898, -0.845199938, 0.475328365, -0.243787059, 0, 2, 5, 1, 
575.344955, 43, 0.1, 0.1, 0.0131989934, 0.37717344, -0.0349681954, 0.961081839, -6.28941138e-007, 0.276263822, 0.276263822, -1.3912547e-005, -0.961081839, 4.4479973e-006, 1, -1.31973425e-005, 0.961081838, 8.31387043e-006, 0.276263825, 0.276263825, -1.22209662e-005, -0.961081838, -4.61409899e-006, 1, -1.40421703e-005, 0, 0, 0, 0, 0, 0, 0, 0.291182056, -0.118159644, -0.192144678, 0.126350074, 0.643779134, -0.754649737, -0.688232422, 0.604736328, 0.400634766, 0.714247796, 0.468906547, 0.519715459, 0, -0, 0, 0, 0, 0, 0, 0.385065869, -0.124519482, -0.168262012, 0.303532042, 0.0561163776, -0.951095244, -0.437011719, -0.878662109, -0.19140625, -0.846567072, 0.473916022, -0.242100196, 0, 2, 5, 1, 
575.34568, 43, 0.1, 0.1, 0.0131989935, 0.377173438, -0.0349677106, 0.961081881, 2.8276461e-006, 0.276263676, 0.276263676, 5.72733497e-006, -0.961081881, -4.29985404e-006, 1, 4.72326196e-006, 0.961081869, 4.11625467e-006, 0.276263716, 0.276263716, 1.30472946e-005, -0.961081869, -7.56055183e-006, 1, 1.14023465e-005, 0, 0, 0, 0, 0, 0, 0, 0.291182056, -0.118159644, -0.192144678, 0.126350074, 0.643779134, -0.754649737, -0.688232422, 0.604736328, 0.400634766, 0.714247796, 0.468906547, 0.519715459, 0, -0, 0, 0, 0, 0, 0, 0.385065869, -0.124519482, -0.168262012, 0.303532042, 0.0561163776, -0.951095244, -0.437011719, -0.878662109, -0.19140625, -0.846567072, 0.473916022, -0.242100196, 0, 2, 5, 1, 
575.346404, 43, 0.1, 0.1, 0.0131989932, 0.377173441, -0.0349674469, 0.961081928, 4.8140157e-006, 0.276263512, 0.276263512, 7.87451528e-006, -0.961081928, -6.80210473e-006, 1, 6.23811745e-006, 0.961081923, 5.84778622e-006, 0.276263528, 0.276263528, -4.77007693e-006, -0.961081923, -4.30240335e-006, 1, -6.19996476e-006, 0, 0, 0, 0, 0, 0, 0, 0.291182056, -0.118159644, -0.192144678, 0.126350074, 0.643779134, -0.754649737, -0.688232422, 0.604736328, 0.400634766, 0.714247796, 0.468906547, 0.519715459, 0, -0, 0, 0, 0, 0, 0, 0.385065869, -0.124519482, -0.168262012, 0.303532042, 0.0561163776, -0.951095244, -0.437011719, -0.878662109, -0.19140625, -0.846567072, 0.473916022, -0.242100196, 0, 2, 5, 1, 
575.347149, 43, 0.1, 0.1, 0.0131989945, 0.37717344, -0.0349672531, 0.961081908, 6.25547749e-006, 0.276263581, 0.276263581, -1.05039615e-005, -0.961081908, -3.11016423e-006, 1, -1.18233279e-005, 0.961081918, -4.17986923e-006, 0.276263545, 0.276263545, -7.66329591e-006, -0.961081918, 6.13428603e-006, 1, -6.21030964e-006, 0, 0, 0, 0, 0, 0, 0, 0.2908625, -0.117874023, -0.192553809, 0.124440092, 0.645003904, -0.753882149, -0.688110352, 0.603515625, 0.402709961, 0.714673899, 0.468836154, 0.519099518, 0, -0, 0, 0, 0, 0, 0, 0.385065869, -0.124519482, -0.168262012, 0.303532042, 0.0561163776, -0.951095244, -0.437011719, -0.878662109, -0.19140625, -0.846567072, 0.473916022, -0.242100196, 0, 2, 5, 1, 
575.347874, 43, 0.1, 0.1, 0.0131989956, 0.377173438, -0.0349673896, 0.961081851, -9.6068637e-006, 0.27626378, 0.276263781, 1.229015e-005, -0.961081851, 5.83765903e-006, 1, 1.44658686e-005, 0.961081861, -1.2774404e-005, 0.276263745, 0.276263745, 1.18104711e-005, -0.961081861, 9.01444301e-006, 1, 1.48799342e-005, 0, 0, 0, 0, 0, 0, 0, 0.2908625, -0.117874023, -0.192553809, 0.124440092, 0.645003904, -0.753882149, -0.688110352, 0.603515625, 0.402709961, 0.714673899, 0.468836154, 0.519099518, 0, -0, 0, 0, 0, 0, 0, 0.385065869, -0.124519482, -0.168262012, 0.303532042, 0.0561163776, -0.951095244, -0.437011719, -0.878662109, -0.19140625, -0.846567072, 0.473916022, -0.242100196, 0, 2, 5, 1, 
