time, trialNum, realDorsalTactorPos, realVentralTactorPos, boxPosX, boxPosY, boxPosZ, boxLocalRot_11, boxLocalRot_12, boxLocalRot_13, boxLocalRot_21, boxLocalRot_22, boxLocalRot_23, boxLocalRot_31, boxLocalRot_32, boxLocalRot_33, boxGlobalRot_11, boxGlobalRot_12, boxGlobalRot_13, boxGlobalRot_21, boxGlobalRot_22, boxGlobalRot_23, boxGlobalRot_31, boxGlobalRot_32, boxGlobalRot_33, indexForceX, indexForceY, indexForceZ, indexForceGlobalX, indexForceGlobalY, indexForceGlobalZ, indexContact, indexPosX, indexPosY, indexPosZ, indexRot_11, indexRot_12, indexRot_13, indexRot_21, indexRot_22, indexRot_23, indexRot_31, indexRot_32, indexRot_33, thumbForceX, thumbForceY, thumbForceZ, thumbForceGlobalX, thumbForceGlobalY, thumbForceGlobalZ, thumbContact, thumbPosX, thumbPosY, thumbPosZ, thumbRot_11, thumbRot_12, thumbRot_13, thumbRot_21, thumbRot_22, thumbRot_23, thumbRot_31, thumbRot_32, thumbRot_33, manipForceTooHigh, cceExpType, mapping, trialSuccess, 
629.057079, 41, 0.1, 0.1, -0.00175936302, 0.375483437, -0.0349657041, 0.927173401, -3.86478098e-006, 0.374632465, 0.374632465, -9.13979847e-006, -0.927173401, 7.00738735e-006, 1, -7.02630561e-006, 0.927173401, -4.71333112e-007, 0.374632467, 0.374632467, -1.14353069e-006, -0.927173401, 8.65411247e-007, 1, -8.83674552e-007, 0, 0, 0, 0, 0, 0, 0, 0.293990649, -0.233696558, -0.193904224, -0.30821944, 0.423186921, -0.851979391, -0.942016602, -0.0114746094, 0.335083008, 0.131994535, 0.906013075, 0.402269633, -0, 0, 0, 0, 0, 0, 0, 0.33442876, -0.186647217, -0.186330859, -0.0630461513, -0.273981398, -0.95964078, 0.323486328, -0.915161133, 0.240112305, -0.944012493, -0.295271029, 0.146341507, 0, 2, 1, 1, 
629.093878, 41, 0.1, 0.1, -0.00175936041, 0.375483436, -0.0349725845, 0.927173456, -5.19261801e-006, 0.37463233, 0.37463233, 2.14445254e-005, -0.927173456, -3.21935492e-006, 1, 2.18281173e-005, 0.927173471, 2.36886118e-006, 0.374632293, 0.374632293, 2.58809281e-005, -0.92717347, -1.18921767e-005, 1, 2.3108658e-005, 0, 0, 0, 0, 0, 0, 0, 0.293562476, -0.233049878, -0.192897607, -0.30822918, 0.427215821, -0.849890431, -0.941162109, -0.00720214844, 0.337768555, 0.138175675, 0.904139041, 0.404534205, -0, 0, 0, 0, 0, 0, 0, 0.333950879, -0.18621377, -0.184752783, -0.0662795184, -0.272983566, -0.959755618, 0.317138672, -0.917602539, 0.239135742, -0.945947989, -0.288415303, 0.147434122, 0, 2, 1, 1, 
629.094567, 41, 0.1, 0.1, -0.00175935691, 0.37548344, -0.034971487, 0.927173316, 1.88195921e-006, 0.374632677, 0.374632677, -2.69733268e-005, -0.927173315, 8.36018727e-006, 1, -2.57139923e-005, 0.927173353, -7.18764357e-006, 0.374632585, 0.374632585, -2.61299425e-005, -0.927173352, 1.64533195e-005, 1, -2.15342609e-005, 0, 0, 0, 0, 0, 0, 0, 0.293562476, -0.233049878, -0.192897607, -0.30822918, 0.427215821, -0.849890431, -0.941162109, -0.00720214844, 0.337768555, 0.138175675, 0.904139041, 0.404534205, -0, 0, 0, 0, 0, 0, 0, 0.333950879, -0.18621377, -0.184752783, -0.0662795184, -0.272983566, -0.959755618, 0.317138672, -0.917602539, 0.239135742, -0.945947989, -0.288415303, 0.147434122, 0, 2, 1, 1, 
629.09527, 41, 0.1, 0.1, -0.0017593597, 0.37548344, -0.0349699453, 0.927173068, -8.78697895e-006, 0.374633291, 0.374633291, 2.1421697e-005, -0.927173067, 1.21769379e-007, 1, 2.31535154e-005, 0.92717313, 4.25976986e-006, 0.374633137, 0.374633137, 1.45542017e-005, -0.92717313, -9.40203038e-006, 1, 1.18984138e-005, 0, 0, 0, 0, 0, 0, 0, 0.293562476, -0.233049878, -0.192897607, -0.311257592, 0.428465679, -0.848163173, -0.940551758, -0.01171875, 0.339233398, 0.135441938, 0.903446715, 0.406856065, -0, 0, 0, 0, 0, 0, 0, 0.333950879, -0.18621377, -0.184752783, -0.0662795184, -0.272983566, -0.959755618, 0.317138672, -0.917602539, 0.239135742, -0.945947989, -0.288415303, 0.147434122, 0, 2, 1, 1, 
629.095978, 41, 0.1, 0.1, -0.00175935852, 0.375483435, -0.0349681921, 0.927172809, 6.8651866e-006, 0.374633931, 0.374633931, -1.06568271e-005, -0.927172809, -2.37280532e-006, 1, -1.24526522e-005, 0.927172849, 4.20580561e-006, 0.374633831, 0.374633831, 7.68671425e-006, -0.927172849, -6.77921198e-006, 1, 5.55127569e-006, 0, 0, 0, 0, 0, 0, 0, 0.294069116, -0.232095142, -0.193025513, -0.311257592, 0.428465679, -0.848163173, -0.940551758, -0.01171875, 0.339233398, 0.135441938, 0.903446715, 0.406856065, -0, 0, 0, 0, 0, 0, 0, 0.334362939, -0.185727002, -0.184977246, -0.0671227664, -0.271450555, -0.96011326, 0.320068359, -0.917236328, 0.236938477, -0.944931933, -0.291322745, 0.148501217, 0, 2, 1, 1, 
629.096665, 41, 0.1, 0.1, -0.00175936015, 0.375483442, -0.0349671345, 0.927172658, 1.2446781e-005, 0.374634304, 0.374634304, -1.40876011e-006, -0.927172658, -1.10125452e-005, 1, -5.96915501e-006, 0.927172687, 5.60242528e-006, 0.374634233, 0.374634233, -1.89490034e-005, -0.927172687, 1.90452967e-006, 1, -1.96678587e-005, 0, 0, 0, 0, 0, 0, 0, 0.294069116, -0.232095142, -0.193025513, -0.311257592, 0.428465679, -0.848163173, -0.940551758, -0.01171875, 0.339233398, 0.135441938, 0.903446715, 0.406856065, -0, 0, 0, 0, 0, 0, 0, 0.334362939, -0.185727002, -0.184977246, -0.0671227664, -0.271450555, -0.96011326, 0.320068359, -0.917236328, 0.236938477, -0.944931933, -0.291322745, 0.148501217, 0, 2, 1, 1, 
629.097362, 41, 0.1, 0.1, -0.00175935906, 0.375483434, -0.0349669203, 0.927172441, -2.3094213e-005, 0.374634842, 0.374634843, 1.38808493e-005, -0.927172441, 1.6212068e-005, 1, 2.15218377e-005, 0.927172489, -1.0792283e-005, 0.374634723, 0.374634723, 2.71995131e-005, -0.927172489, -1.83574206e-007, 1, 2.92618042e-005, 0, 0, 0, 0, 0, 0, 0, 0.294069116, -0.232095142, -0.193025513, -0.311257592, 0.428465679, -0.848163173, -0.940551758, -0.01171875, 0.339233398, 0.135441938, 0.903446715, 0.406856065, -0, 0, 0, 0, 0, 0, 0, 0.334362939, -0.185727002, -0.184977246, -0.0671227664, -0.271450555, -0.96011326, 0.320068359, -0.917236328, 0.236938477, -0.944931933, -0.291322745, 0.148501217, 0, 2, 1, 1, 
629.098089, 41, 0.1, 0.1, -0.00175935511, 0.375483443, -0.0349673331, 0.927172093, 1.06747121e-005, 0.374635703, 0.374635703, -2.83776343e-005, -0.927172093, 7.33979805e-007, 1, -3.03100789e-005, 0.927172167, -2.48813055e-006, 0.374635519, 0.374635519, -3.46487452e-005, -0.927172167, 1.5287576e-005, 0.999999999, -3.11932101e-005, 0, 0, 0, 0, 0, 0, 0, 0.293418921, -0.231602515, -0.19256145, -0.310946064, 0.429392026, -0.847845654, -0.940429687, -0.0107421875, 0.339477539, 0.136628516, 0.903052812, 0.407300142, -0, 0, 0, 0, 0, 0, 0, 0.333861768, -0.185220947, -0.184978711, -0.0679980972, -0.270428303, -0.9602857, 0.32043457, -0.917358398, 0.235717773, -0.944778449, -0.291706273, 0.148974063, 0, 2, 1, 1, 
629.098782, 41, 0.1, 0.1, -0.0017593648, 0.375483437, -0.0349682469, 0.927171651, 1.94341938e-005, 0.374636797, 0.374636796, 3.48043354e-005, -0.927171651, -3.10578183e-005, 0.999999999, 2.4988829e-005, 0.927171746, 2.77770709e-005, 0.374636561, 0.37463656, 3.19772013e-005, -0.927171746, -3.77339441e-005, 0.999999999, 1.92420513e-005, 0, 0, 0, 0, 0, 0, 0, 0.293418921, -0.231602515, -0.19256145, -0.310946064, 0.429392026, -0.847845654, -0.940429687, -0.0107421875, 0.339477539, 0.136628516, 0.903052812, 0.407300142, -0, 0, 0, 0, 0, 0, 0, 0.333861768, -0.185220947, -0.184978711, -0.0679980972, -0.270428303, -0.9602857, 0.32043457, -0.917358398, 0.235717773, -0.944778449, -0.291706273, 0.148974063, 0, 2, 1, 1, 
629.099471, 41, 0.1, 0.1, -0.00175935911, 0.375483438, -0.0349695819, 0.927171138, -3.42114349e-005, 0.374638064, 0.374638063, -3.48142348e-005, -0.927171139, 4.47625925e-005, 0.999999999, -1.9461848e-005, 0.927171244, -3.01916782e-005, 0.374637802, 0.374637801, -2.18734293e-005, -0.927171245, 3.61874694e-005, 0.999999999, -8.9694707e-006, 0, 0, 0, 0, 0, 0, 0, 0.293418921, -0.231602515, -0.19256145, -0.310946064, 0.429392026, -0.847845654, -0.940429687, -0.0107421875, 0.339477539, 0.136628516, 0.903052812, 0.407300142, -0, 0, 0, 0, 0, 0, 0, 0.333861768, -0.185220947, -0.184978711, -0.0679980972, -0.270428303, -0.9602857, 0.32043457, -0.917358398, 0.235717773, -0.944778449, -0.291706273, 0.148974063, 0, 2, 1, 1, 
629.100157, 41, 0.1, 0.1, -0.00175935224, 0.375483446, -0.0349710041, 0.927170625, 7.0568478e-008, 0.374639337, 0.374639337, 5.72687609e-006, -0.927170625, -2.21094208e-006, 1, 5.28335356e-006, 0.927170725, -1.3037264e-005, 0.374639088, 0.374639087, -1.53366453e-005, -0.927170725, 1.78334763e-005, 1, -9.33541984e-006, 0, 0, 0, 0, 0, 0, 0, 0.293418921, -0.231602515, -0.19256145, -0.310946064, 0.429392026, -0.847845654, -0.940429687, -0.0107421875, 0.339477539, 0.136628516, 0.903052812, 0.407300142, -0, 0, 0, 0, 0, 0, 0, 0.333861768, -0.185220947, -0.184978711, -0.0679980972, -0.270428303, -0.9602857, 0.32043457, -0.917358398, 0.235717773, -0.944778449, -0.291706273, 0.148974063, 0, 2, 1, 1, 
629.100844, 41, 0.1, 0.1, -0.00175935784, 0.37548344, -0.0349720942, 0.927170178, 1.52565563e-005, 0.374640441, 0.374640441, 7.1352926e-006, -0.927170179, -1.68185932e-005, 1, 8.99907524e-007, 0.92717026, 1.88845102e-005, 0.374640239, 0.374640239, 1.96777134e-005, -0.92717026, -2.48812194e-005, 1, 1.11696932e-005, 0, 0, 0, 0, 0, 0, 0, 0.293418921, -0.231602515, -0.19256145, -0.310946064, 0.429392026, -0.847845654, -0.940429687, -0.0107421875, 0.339477539, 0.136628516, 0.903052812, 0.407300142, -0, 0, 0, 0, 0, 0, 0, 0.333861768, -0.185220947, -0.184978711, -0.0679980972, -0.270428303, -0.9602857, 0.32043457, -0.917358398, 0.235717773, -0.944778449, -0.291706273, 0.148974063, 0, 2, 1, 1, 
629.101534, 41, 0.1, 0.1, -0.00175935443, 0.375483449, -0.0349724877, 0.927169852, -2.33396904e-005, 0.374641249, 0.374641248, -2.8457113e-005, -0.927169852, 3.23010656e-005, 0.999999999, -1.76405665e-005, 0.927169907, -2.01982229e-005, 0.374641113, 0.374641113, -3.44969214e-005, -0.927169907, 3.16511495e-005, 0.999999999, -2.44174227e-005, 0, 0, 0, 0, 0, 0, 0, 0.293418921, -0.231602515, -0.19256145, -0.310946064, 0.429392026, -0.847845654, -0.940429687, -0.0107421875, 0.339477539, 0.136628516, 0.903052812, 0.407300142, -0, 0, 0, 0, 0, 0, 0, 0.333861768, -0.185220947, -0.184978711, -0.0679980972, -0.270428303, -0.9602857, 0.32043457, -0.917358398, 0.235717773, -0.944778449, -0.291706273, 0.148974063, 0, 2, 1, 1, 
629.102226, 41, 0.1, 0.1, -0.00175935271, 0.375483445, -0.0349720941, 0.927169664, 1.90974685e-005, 0.374641713, 0.374641713, 3.16042366e-005, -0.927169664, -2.95468588e-005, 0.999999999, 2.21477811e-005, 0.927169686, 6.39883662e-006, 0.374641659, 0.374641659, 2.7828378e-005, -0.927169686, -1.6358477e-005, 1, 2.34043577e-005, 0, 0, 0, 0, 0, 0, 0, 0.293418921, -0.231602515, -0.19256145, -0.310946064, 0.429392026, -0.847845654, -0.940429687, -0.0107421875, 0.339477539, 0.136628516, 0.903052812, 0.407300142, -0, 0, 0, 0, 0, 0, 0, 0.333861768, -0.185220947, -0.184978711, -0.0679980972, -0.270428303, -0.9602857, 0.32043457, -0.917358398, 0.235717773, -0.944778449, -0.291706273, 0.148974063, 0, 2, 1, 1, 
629.102944, 41, 0.1, 0.1, -0.00175936274, 0.375483443, -0.0349708998, 0.927169634, 1.49273178e-005, 0.374641788, 0.374641788, -2.01106149e-005, -0.927169634, -6.30587906e-006, 1, -2.42383485e-005, 0.927169627, 2.77137835e-005, 0.374641805, 0.374641806, -1.09707907e-005, -0.927169627, -2.15852615e-005, 1, -2.05545258e-005, 0, 0, 0, 0, 0, 0, 0, 0.292531934, -0.231339233, -0.192096045, -0.310894768, 0.430197806, -0.847509039, -0.940307617, -0.0100097656, 0.33984375, 0.137732719, 0.902678005, 0.407864787, -0, 0, 0, 0, 0, 0, 0, 0.333362305, -0.184946436, -0.184753516, -0.0688861879, -0.269527452, -0.960483661, 0.320922852, -0.917480469, 0.23449707, -0.944503563, -0.29210256, 0.149689713, 0, 2, 1, 1, 
629.103638, 41, 0.1, 0.1, -0.00175935372, 0.375483447, -0.0349693388, 0.927169768, -3.77046822e-005, 0.374641455, 0.374641456, 1.29351239e-005, -0.927169768, 3.01126078e-005, 0.999999999, 2.61187929e-005, 0.927169729, -3.84273792e-005, 0.374641551, 0.374641551, 7.72385689e-007, -0.92716973, 3.5339335e-005, 0.999999999, 1.51126256e-005, 0, 0, 0, 0, 0, 0, 0, 0.292531934, -0.231339233, -0.192096045, -0.310894768, 0.430197806, -0.847509039, -0.940307617, -0.0100097656, 0.33984375, 0.137732719, 0.902678005, 0.407864787, -0, 0, 0, 0, 0, 0, 0, 0.333362305, -0.184946436, -0.184753516, -0.0688861879, -0.269527452, -0.960483661, 0.320922852, -0.917480469, 0.23449707, -0.944503563, -0.29210256, 0.149689713, 0, 2, 1, 1, 
629.10433, 41, 0.1, 0.1, -0.00175935586, 0.37548344, -0.0349680524, 0.927170038, 3.91492359e-005, 0.374640787, 0.374640787, 6.84946545e-006, -0.927170039, -3.88640877e-005, 0.999999999, -8.31628139e-006, 0.92716997, 2.56235073e-005, 0.374640955, 0.374640955, 2.07807619e-005, -0.927169971, -3.1542671e-005, 0.999999999, 9.66768313e-006, 0, 0, 0, 0, 0, 0, 0, 0.292531934, -0.231339233, -0.192096045, -0.310894768, 0.430197806, -0.847509039, -0.940307617, -0.0100097656, 0.33984375, 0.137732719, 0.902678005, 0.407864787, -0, 0, 0, 0, 0, 0, 0, 0.333362305, -0.184946436, -0.184753516, -0.0688861879, -0.269527452, -0.960483661, 0.320922852, -0.917480469, 0.23449707, -0.944503563, -0.29210256, 0.149689713, 0, 2, 1, 1, 
629.105021, 41, 0.1, 0.1, -0.00175936382, 0.375483444, -0.0349674048, 0.927170411, -1.31445381e-005, 0.374639866, 0.374639866, -1.25409014e-005, -0.927170411, 1.68855484e-005, 1, -6.70308477e-006, 0.927170334, 1.16711757e-005, 0.374640057, 0.374640057, -1.58379629e-005, -0.927170333, -4.88763258e-006, 1, -1.90569793e-005, 0, 0, 0, 0, 0, 0, 0, 0.292531934, -0.231339233, -0.192096045, -0.310894768, 0.430197806, -0.847509039, -0.940307617, -0.0100097656, 0.33984375, 0.137732719, 0.902678005, 0.407864787, -0, 0, 0, 0, 0, 0, 0, 0.333362305, -0.184946436, -0.184753516, -0.0688861879, -0.269527452, -0.960483661, 0.320922852, -0.917480469, 0.23449707, -0.944503563, -0.29210256, 0.149689713, 0, 2, 1, 1, 
629.105712, 41, 0.1, 0.1, -0.00175935013, 0.375483441, -0.034967551, 0.927170844, -2.99223346e-005, 0.374638793, 0.374638793, 9.84872826e-006, -0.927170844, 2.40534006e-005, 1, 2.0341521e-005, 0.927170757, -4.31583182e-005, 0.374639006, 0.374639007, 1.12817209e-005, -0.927170758, 3.57885579e-005, 0.999999999, 2.66288712e-005, 0, 0, 0, 0, 0, 0, 0, 0.292531934, -0.231339233, -0.192096045, -0.310894768, 0.430197806, -0.847509039, -0.940307617, -0.0100097656, 0.33984375, 0.137732719, 0.902678005, 0.407864787, -0, 0, 0, 0, 0, 0, 0, 0.333362305, -0.184946436, -0.184753516, -0.0688861879, -0.269527452, -0.960483661, 0.320922852, -0.917480469, 0.23449707, -0.944503563, -0.29210256, 0.149689713, 0, 2, 1, 1, 
629.1064, 41, 0.1, 0.1, -0.00175935976, 0.375483442, -0.034968355, 0.927171248, 4.78330722e-005, 0.374637792, 0.374637793, -6.52839734e-006, -0.927171249, -4.19036649e-005, 0.999999999, -2.39730189e-005, 0.927171174, 4.6183819e-005, 0.374637975, 0.374637976, -7.70827066e-006, -0.927171175, -3.99324948e-005, 0.999999999, -2.44490988e-005, 0, 0, 0, 0, 0, 0, 0, 0.292531934, -0.231339233, -0.192096045, -0.310894768, 0.430197806, -0.847509039, -0.940307617, -0.0100097656, 0.33984375, 0.137732719, 0.902678005, 0.407864787, -0, 0, 0, 0, 0, 0, 0, 0.333362305, -0.184946436, -0.184753516, -0.0688861879, -0.269527452, -0.960483661, 0.320922852, -0.917480469, 0.23449707, -0.944503563, -0.29210256, 0.149689713, 0, 2, 1, 1, 
629.107093, 41, 0.1, 0.1, -0.0017593618, 0.37548344, -0.0349695857, 0.927171569, -3.14366803e-005, 0.374636999, 0.374637, 1.11478396e-005, -0.927171569, 2.4970803e-005, 0.999999999, 2.21133035e-005, 0.927171519, -1.63811808e-005, 0.374637124, 0.374637124, 1.32461078e-005, -0.927171519, 1.02256805e-005, 1, 1.84184124e-005, 0, 0, 0, 0, 0, 0, 0, 0.292531934, -0.231339233, -0.192096045, -0.310894768, 0.430197806, -0.847509039, -0.940307617, -0.0100097656, 0.33984375, 0.137732719, 0.902678005, 0.407864787, -0, 0, 0, 0, 0, 0, 0, 0.333362305, -0.184946436, -0.184753516, -0.0688861879, -0.269527452, -0.960483661, 0.320922852, -0.917480469, 0.23449707, -0.944503563, -0.29210256, 0.149689713, 0, 2, 1, 1, 
629.107813, 41, 0.1, 0.1, -0.0017593535, 0.375483444, -0.0349706572, 0.927171758, 3.83000516e-006, 0.374636531, 0.374636531, -2.60989236e-005, -0.927171758, 6.22653758e-006, 1, -2.56330447e-005, 0.927171734, -1.3614315e-005, 0.374636591, 0.37463659, -2.23211235e-005, -0.927171734, 2.09851177e-005, 1, -1.55950942e-005, 0, 0, 0, 0, 0, 0, 0, 0.291936548, -0.23139624, -0.191263867, -0.309567404, 0.42904942, -0.848576172, -0.940429687, -0.00695800782, 0.339599609, 0.139870732, 0.903230668, 0.40580915, -0, 0, 0, 0, 0, 0, 0, 0.332844287, -0.18519043, -0.184271875, -0.0698191212, -0.270472779, -0.960196015, 0.319335938, -0.91784668, 0.235351563, -0.944969846, -0.290115292, 0.150456402, 0, 2, 1, 1, 
629.108504, 41, 0.1, 0.1, -0.00175936456, 0.375483445, -0.0349712456, 0.927171776, 2.58516119e-005, 0.374636486, 0.374636485, 1.89179415e-005, -0.927171777, -3.10562361e-005, 0.999999999, 7.85522439e-006, 0.927171782, 3.5942798e-005, 0.37463647, 0.37463647, 5.54473415e-006, -0.927171783, -3.54024077e-005, 0.999999999, -8.32456192e-006, 0, 0, 0, 0, 0, 0, 0, 0.291936548, -0.23139624, -0.191263867, -0.309567404, 0.42904942, -0.848576172, -0.940429687, -0.00695800782, 0.339599609, 0.139870732, 0.903230668, 0.40580915, -0, 0, 0, 0, 0, 0, 0, 0.332844287, -0.18519043, -0.184271875, -0.0698191212, -0.270472779, -0.960196015, 0.319335938, -0.91784668, 0.235351563, -0.944969846, -0.290115292, 0.150456402, 0, 2, 1, 1, 
629.109217, 41, 0.1, 0.1, -0.00175935905, 0.37548344, -0.0349711783, 0.927171636, -3.44791531e-005, 0.374636832, 0.374636832, -5.59073881e-006, -0.927171637, 3.40625895e-005, 0.999999999, 7.73358626e-006, 0.927171676, -3.20907518e-005, 0.374636734, 0.374636735, 6.87223569e-006, -0.927171676, 2.71790442e-005, 0.999999999, 1.83941168e-005, 0, 0, 0, 0, 0, 0, 0, 0.291936548, -0.23139624, -0.191263867, -0.309567404, 0.42904942, -0.848576172, -0.940429687, -0.00695800782, 0.339599609, 0.139870732, 0.903230668, 0.40580915, -0, 0, 0, 0, 0, 0, 0, 0.332844287, -0.18519043, -0.184271875, -0.0698191212, -0.270472779, -0.960196015, 0.319335938, -0.91784668, 0.235351563, -0.944969846, -0.290115292, 0.150456402, 0, 2, 1, 1, 
629.10991, 41, 0.1, 0.1, -0.00175935636, 0.375483447, -0.0349707114, 0.927171374, 1.80754183e-005, 0.374637483, 0.374637483, -6.11211137e-006, -0.927171374, -1.44691844e-005, 1, -1.24387039e-005, 0.927171432, 3.0386319e-006, 0.374637338, 0.374637338, -1.99233066e-005, -0.927171432, 4.64668185e-006, 1, -1.96107057e-005, 0, 0, 0, 0, 0, 0, 0, 0.291936548, -0.23139624, -0.191263867, -0.309567404, 0.42904942, -0.848576172, -0.940429687, -0.00695800782, 0.339599609, 0.139870732, 0.903230668, 0.40580915, -0, 0, 0, 0, 0, 0, 0, 0.332844287, -0.18519043, -0.184271875, -0.0698191212, -0.270472779, -0.960196015, 0.319335938, -0.91784668, 0.235351563, -0.944969846, -0.290115292, 0.150456402, 0, 2, 1, 1, 
629.110603, 41, 0.1, 0.1, -0.00175936306, 0.375483437, -0.0349700323, 0.927171001, 6.45035783e-006, 0.374638405, 0.374638405, 3.53106981e-005, -0.927171001, -1.92093284e-005, 0.999999999, 3.03225035e-005, 0.92717108, 1.56313929e-005, 0.37463821, 0.374638209, 4.03578017e-005, -0.92717108, -2.961255e-005, 0.999999999, 3.15624695e-005, 0, 0, 0, 0, 0, 0, 0, 0.291936548, -0.23139624, -0.191263867, -0.309567404, 0.42904942, -0.848576172, -0.940429687, -0.00695800782, 0.339599609, 0.139870732, 0.903230668, 0.40580915, -0, 0, 0, 0, 0, 0, 0, 0.332844287, -0.18519043, -0.184271875, -0.0698191212, -0.270472779, -0.960196015, 0.319335938, -0.91784668, 0.235351563, -0.944969846, -0.290115292, 0.150456402, 0, 2, 1, 1, 
629.111297, 41, 0.1, 0.1, -0.00175935637, 0.375483441, -0.0349693134, 0.927170572, -2.45431776e-005, 0.374639466, 0.374639465, -3.6124274e-005, -0.927170572, 3.62892907e-005, 0.999999999, -2.42985209e-005, 0.92717066, -2.63133292e-005, 0.374639248, 0.374639248, -3.06857155e-005, -0.92717066, 3.58930202e-005, 0.999999999, -1.85928892e-005, 0, 0, 0, 0, 0, 0, 0, 0.291936548, -0.23139624, -0.191263867, -0.309567404, 0.42904942, -0.848576172, -0.940429687, -0.00695800782, 0.339599609, 0.139870732, 0.903230668, 0.40580915, -0, 0, 0, 0, 0, 0, 0, 0.332844287, -0.18519043, -0.184271875, -0.0698191212, -0.270472779, -0.960196015, 0.319335938, -0.91784668, 0.235351563, -0.944969846, -0.290115292, 0.150456402, 0, 2, 1, 1, 
629.111991, 41, 0.1, 0.1, -0.00175935722, 0.375483442, -0.0349687863, 0.927170133, 2.46718154e-005, 0.374640553, 0.374640552, 2.96910206e-005, -0.927170133, -3.39984307e-005, 0.999999999, 1.8285565e-005, 0.927170218, 1.48228664e-005, 0.374640343, 0.374640343, 1.45601962e-005, -0.927170218, -1.91981572e-005, 1, 7.94653654e-006, 0, 0, 0, 0, 0, 0, 0, 0.291936548, -0.23139624, -0.191263867, -0.309567404, 0.42904942, -0.848576172, -0.940429687, -0.00695800782, 0.339599609, 0.139870732, 0.903230668, 0.40580915, -0, 0, 0, 0, 0, 0, 0, 0.332844287, -0.18519043, -0.184271875, -0.0698191212, -0.270472779, -0.960196015, 0.319335938, -0.91784668, 0.235351563, -0.944969846, -0.290115292, 0.150456402, 0, 2, 1, 1, 
629.112718, 41, 0.1, 0.1, -0.00175936667, 0.375483434, -0.0349683052, 0.927169736, 1.32081209e-005, 0.374641537, 0.374641537, -9.15654261e-006, -0.927169736, -8.81574879e-006, 1, -1.34379799e-005, 0.92716981, 2.31840879e-005, 0.374641353, 0.374641353, 1.32861194e-005, -0.92716981, -2.64731161e-005, 1, 3.63277074e-006, 0, 0, 0, 0, 0, 0, 0, 0.291500928, -0.230554175, -0.190401294, -0.309345365, 0.428021601, -0.849109738, -0.940551758, -0.00659179688, 0.339355469, 0.139711972, 0.903764234, 0.404781331, -0, 0, 0, 0, 0, 0, 0, 0.332875781, -0.18429917, -0.183830518, -0.069320755, -0.270460019, -0.960157736, 0.319335938, -0.91784668, 0.235473633, -0.945040209, -0.290236694, 0.150092197, 0, 2, 1, 1, 
629.11341, 41, 0.1, 0.1, -0.00175935955, 0.375483445, -0.0349681576, 0.927169497, -2.98260032e-005, 0.374642126, 0.374642126, -1.71127182e-005, -0.927169498, 3.40649055e-005, 0.999999999, -4.69231306e-006, 0.927169535, -2.95750098e-005, 0.374642032, 0.374642032, -3.04838566e-005, -0.927169535, 3.88415821e-005, 0.999999999, -1.71836614e-005, 0, 0, 0, 0, 0, 0, 0, 0.291500928, -0.230554175, -0.190401294, -0.309345365, 0.428021601, -0.849109738, -0.940551758, -0.00659179688, 0.339355469, 0.139711972, 0.903764234, 0.404781331, -0, 0, 0, 0, 0, 0, 0, 0.332875781, -0.18429917, -0.183830518, -0.069320755, -0.270460019, -0.960157736, 0.319335938, -0.91784668, 0.235473633, -0.945040209, -0.290236694, 0.150092197, 0, 2, 1, 1, 
629.114101, 41, 0.1, 0.1, -0.00175935988, 0.375483436, -0.034968547, 0.927169414, 2.64757765e-005, 0.374642331, 0.37464233, 3.28571478e-005, -0.927169414, -3.68572087e-005, 0.999999999, 2.05451959e-005, 0.927169417, 1.66004498e-005, 0.374642326, 0.374642326, 3.62680641e-005, -0.927169416, -2.89789813e-005, 0.999999999, 2.74074087e-005, 0, 0, 0, 0, 0, 0, 0, 0.291500928, -0.230554175, -0.190401294, -0.309345365, 0.428021601, -0.849109738, -0.940551758, -0.00659179688, 0.339355469, 0.139711972, 0.903764234, 0.404781331, -0, 0, 0, 0, 0, 0, 0, 0.332875781, -0.18429917, -0.183830518, -0.069320755, -0.270460019, -0.960157736, 0.319335938, -0.91784668, 0.235473633, -0.945040209, -0.290236694, 0.150092197, 0, 2, 1, 1, 
629.114817, 41, 0.1, 0.1, -0.00175936674, 0.375483438, -0.0349692726, 0.927169497, -8.22984375e-006, 0.374642128, 0.374642128, -2.73678445e-005, -0.927169497, 1.78836076e-005, 1, -2.22913845e-005, 0.927169464, 1.32654171e-005, 0.374642209, 0.374642209, -2.03109163e-005, -0.927169464, -4.68996316e-006, 1, -2.38014466e-005, 0, 0, 0, 0, 0, 0, 0, 0.291559766, -0.230067651, -0.190620508, -0.308272241, 0.428827381, -0.84905245, -0.940673828, -0.00512695313, 0.338989258, 0.141025109, 0.903389427, 0.405143033, -0, 0, 0, 0, 0, 0, 0, 0.332875781, -0.18429917, -0.183830518, -0.0689055109, -0.26920116, -0.960528504, 0.318115234, -0.918457031, 0.234619141, -0.945487536, -0.289367926, 0.148948544, 0, 2, 1, 1, 
629.11551, 41, 0.1, 0.1, -0.00175935426, 0.37548344, -0.0349698821, 0.927169736, -3.49239385e-005, 0.374641534, 0.374641535, 1.65842707e-005, -0.927169737, 2.61672622e-005, 0.999999999, 2.84603918e-005, 0.927169678, -4.30173809e-005, 0.374641678, 0.374641678, 7.91741121e-006, -0.927169679, 3.6918219e-005, 0.999999999, 2.34568874e-005, 0, 0, 0, 0, 0, 0, 0, 0.291559766, -0.230067651, -0.190620508, -0.308272241, 0.428827381, -0.84905245, -0.940673828, -0.00512695313, 0.338989258, 0.141025109, 0.903389427, 0.405143033, -0, 0, 0, 0, 0, 0, 0, 0.332893848, -0.183751123, -0.183655859, -0.0689055109, -0.26920116, -0.960528504, 0.318115234, -0.918457031, 0.234619141, -0.945487536, -0.289367926, 0.148948544, 0, 2, 1, 1, 
629.116198, 41, 0.1, 0.1, -0.00175935897, 0.375483436, -0.0349704509, 0.927170091, 3.69407904e-005, 0.374640655, 0.374640656, -6.03261246e-006, -0.927170092, -3.19903342e-005, 0.999999999, -1.94327798e-005, 0.927170013, 3.15730884e-005, 0.374640849, 0.374640849, 3.3671298e-006, -0.927170014, -3.05350851e-005, 0.999999999, -8.70666684e-006, 0, 0, 0, 0, 0, 0, 0, 0.291559766, -0.230067651, -0.190620508, -0.308272241, 0.428827381, -0.84905245, -0.940673828, -0.00512695313, 0.338989258, 0.141025109, 0.903389427, 0.405143033, -0, 0, 0, 0, 0, 0, 0, 0.332893848, -0.183751123, -0.183655859, -0.0689055109, -0.26920116, -0.960528504, 0.318115234, -0.918457031, 0.234619141, -0.945487536, -0.289367926, 0.148948544, 0, 2, 1, 1, 
629.11689, 41, 0.1, 0.1, -0.00175936132, 0.375483441, -0.0349708512, 0.927170522, -2.85072831e-005, 0.374639591, 0.374639591, -4.67569925e-006, -0.927170522, 2.81828146e-005, 1, 6.34478636e-006, 0.92717043, -1.12625307e-005, 0.374639819, 0.374639819, -1.40742051e-005, -0.92717043, 1.57150431e-005, 1, -8.82979432e-006, 0, 0, 0, 0, 0, 0, 0, 0.291559766, -0.230067651, -0.190620508, -0.308272241, 0.428827381, -0.84905245, -0.940673828, -0.00512695313, 0.338989258, 0.141025109, 0.903389427, 0.405143033, -0, 0, 0, 0, 0, 0, 0, 0.332893848, -0.183751123, -0.183655859, -0.0689055109, -0.26920116, -0.960528504, 0.318115234, -0.918457031, 0.234619141, -0.945487536, -0.289367926, 0.148948544, 0, 2, 1, 1, 
629.117583, 41, 0.1, 0.1, -0.00175935156, 0.375483439, -0.0349709685, 0.927170978, -4.7843967e-006, 0.374638462, 0.374638462, 2.4757924e-006, -0.927170978, 3.50842671e-006, 1, 4.08790188e-006, 0.927170888, -2.35122984e-005, 0.374638685, 0.374638686, 6.30572462e-006, -0.927170888, 1.94375502e-005, 1, 1.46551009e-005, 0, 0, 0, 0, 0, 0, 0, 0.291559766, -0.230067651, -0.190620508, -0.308272241, 0.428827381, -0.84905245, -0.940673828, -0.00512695313, 0.338989258, 0.141025109, 0.903389427, 0.405143033, -0, 0, 0, 0, 0, 0, 0, 0.332893848, -0.183751123, -0.183655859, -0.0689055109, -0.26920116, -0.960528504, 0.318115234, -0.918457031, 0.234619141, -0.945487536, -0.289367926, 0.148948544, 0, 2, 1, 1, 
629.118274, 41, 0.1, 0.1, -0.00175936488, 0.375483442, -0.0349707305, 0.927171391, 4.08697508e-005, 0.374637437, 0.374637437, -4.50880159e-006, -0.927171392, -3.62040979e-005, 0.999999999, -1.94917706e-005, 0.927171315, 4.71690628e-005, 0.374637624, 0.374637625, -8.05205974e-006, -0.927171316, -4.07171975e-005, 0.999999999, -2.51369445e-005, 0, 0, 0, 0, 0, 0, 0, 0.291559766, -0.230067651, -0.190620508, -0.308272241, 0.428827381, -0.84905245, -0.940673828, -0.00512695313, 0.338989258, 0.141025109, 0.903389427, 0.405143033, -0, 0, 0, 0, 0, 0, 0, 0.332893848, -0.183751123, -0.183655859, -0.0689055109, -0.26920116, -0.960528504, 0.318115234, -0.918457031, 0.234619141, -0.945487536, -0.289367926, 0.148948544, 0, 2, 1, 1, 
629.118964, 41, 0.1, 0.1, -0.00175936174, 0.375483439, -0.0349702856, 0.927171704, -3.64358302e-005, 0.374636663, 0.374636664, 4.14268232e-006, -0.927171705, 3.22302701e-005, 0.999999999, 1.74911757e-005, 0.927171655, -2.97683636e-005, 0.374636785, 0.374636786, 8.66170692e-006, -0.927171655, 2.43553889e-005, 1, 1.91832132e-005, 0, 0, 0, 0, 0, 0, 0, 0.291559766, -0.230067651, -0.190620508, -0.308272241, 0.428827381, -0.84905245, -0.940673828, -0.00512695313, 0.338989258, 0.141025109, 0.903389427, 0.405143033, -0, 0, 0, 0, 0, 0, 0, 0.332893848, -0.183751123, -0.183655859, -0.0689055109, -0.26920116, -0.960528504, 0.318115234, -0.918457031, 0.234619141, -0.945487536, -0.289367926, 0.148948544, 0, 2, 1, 1, 
629.119683, 41, 0.1, 0.1, -0.00175935762, 0.375483442, -0.0349695902, 0.927171881, 1.69643365e-005, 0.374636228, 0.374636228, 4.44050714e-006, -0.927171881, -1.73924306e-005, 1, -2.23834168e-006, 0.927171859, 4.83676062e-007, 0.374636281, 0.374636281, -7.93918537e-006, -0.927171859, 2.52585605e-006, 1, -7.54219186e-006, 0, 0, 0, 0, 0, 0, 0, 0.291410132, -0.230033716, -0.190629297, -0.306989061, 0.429512593, -0.849211209, -0.940795898, -0.00219726563, 0.338867188, 0.143664488, 0.903033716, 0.404920994, -0, 0, 0, 0, 0, 0, 0, 0.33241709, -0.183673486, -0.183451172, -0.0690462355, -0.269047309, -0.960573346, 0.314819336, -0.919555664, 0.234863281, -0.946484268, -0.286160445, 0.148207374, 0, 2, 1, 1, 
629.12037, 41, 0.1, 0.1, -0.00175936689, 0.375483435, -0.0349689198, 0.927171941, 2.05936085e-005, 0.374636078, 0.374636078, 2.63265924e-006, -0.927171941, -2.00801051e-005, 1, -5.27418093e-006, 0.927171929, 2.72393707e-005, 0.374636107, 0.374636107, 1.71810166e-005, -0.92717193, -3.16922091e-005, 0.999999999, 5.72490451e-006, 0, 0, 0, 0, 0, 0, 0, 0.291410132, -0.230033716, -0.190629297, -0.306989061, 0.429512593, -0.849211209, -0.940795898, -0.00219726563, 0.338867188, 0.143664488, 0.903033716, 0.404920994, -0, 0, 0, 0, 0, 0, 0, 0.33241709, -0.183673486, -0.183451172, -0.0690462355, -0.269047309, -0.960573346, 0.314819336, -0.919555664, 0.234863281, -0.946484268, -0.286160445, 0.148207374, 0, 2, 1, 1, 
629.121061, 41, 0.1, 0.1, -0.00175935854, 0.375483439, -0.0349686251, 0.927172101, -4.46719096e-005, 0.374635682, 0.374635682, -4.84778633e-006, -0.927172102, 4.3234702e-005, 0.999999999, 1.22409591e-005, 0.92717206, -4.12560727e-005, 0.374635781, 0.374635781, -9.17066265e-006, -0.927172061, 4.16871364e-005, 0.999999999, 6.95321885e-006, 0, 0, 0, 0, 0, 0, 0, 0.291410132, -0.230033716, -0.190629297, -0.306989061, 0.429512593, -0.849211209, -0.940795898, -0.00219726563, 0.338867188, 0.143664488, 0.903033716, 0.404920994, -0, 0, 0, 0, 0, 0, 0, 0.33241709, -0.183673486, -0.183451172, -0.0690462355, -0.269047309, -0.960573346, 0.314819336, -0.919555664, 0.234863281, -0.946484268, -0.286160445, 0.148207374, 0, 2, 1, 1, 
629.121752, 41, 0.1, 0.1, -0.00175935609, 0.375483441, -0.0349687719, 0.927172285, 2.63604055e-005, 0.374635227, 0.374635227, 1.73677116e-006, -0.927172285, -2.50912931e-005, 1, -8.26525043e-006, 0.92717226, 1.30717709e-005, 0.37463529, 0.37463529, -4.43137862e-006, -0.92717226, -1.04596325e-005, 1, -9.00579801e-006, 0, 0, 0, 0, 0, 0, 0, 0.291410132, -0.230033716, -0.190629297, -0.306989061, 0.429512593, -0.849211209, -0.940795898, -0.00219726563, 0.338867188, 0.143664488, 0.903033716, 0.404920994, -0, 0, 0, 0, 0, 0, 0, 0.33241709, -0.183673486, -0.183451172, -0.0690462355, -0.269047309, -0.960573346, 0.314819336, -0.919555664, 0.234863281, -0.946484268, -0.286160445, 0.148207374, 0, 2, 1, 1, 
629.122446, 41, 0.1, 0.1, -0.00175936325, 0.375483435, -0.0349692389, 0.92717234, 1.9971364e-006, 0.374635092, 0.374635092, 9.23281063e-006, -0.92717234, -5.31062449e-006, 1, 7.81220926e-006, 0.927172337, 1.42965498e-005, 0.374635099, 0.374635099, 2.03930306e-005, -0.927172337, -2.08953106e-005, 1, 1.35518645e-005, 0, 0, 0, 0, 0, 0, 0, 0.291410132, -0.230033716, -0.190629297, -0.306989061, 0.429512593, -0.849211209, -0.940795898, -0.00219726563, 0.338867188, 0.143664488, 0.903033716, 0.404920994, -0, 0, 0, 0, 0, 0, 0, 0.33241709, -0.183673486, -0.183451172, -0.0690462355, -0.269047309, -0.960573346, 0.314819336, -0.919555664, 0.234863281, -0.946484268, -0.286160445, 0.148207374, 0, 2, 1, 1, 
629.123136, 41, 0.1, 0.1, -0.00175935425, 0.37548344, -0.0349698685, 0.927172362, -3.2359531e-005, 0.374635036, 0.374635036, -7.35663241e-006, -0.927172362, 3.2758915e-005, 0.999999999, 5.30214781e-006, 0.927172353, -3.33000734e-005, 0.374635057, 0.374635057, -1.81300725e-005, -0.927172354, 3.76670681e-005, 0.999999999, -4.33432707e-006, 0, 0, 0, 0, 0, 0, 0, 0.291410132, -0.230033716, -0.190629297, -0.306989061, 0.429512593, -0.849211209, -0.940795898, -0.00219726563, 0.338867188, 0.143664488, 0.903033716, 0.404920994, -0, 0, 0, 0, 0, 0, 0, 0.33241709, -0.183673486, -0.183451172, -0.0690462355, -0.269047309, -0.960573346, 0.314819336, -0.919555664, 0.234863281, -0.946484268, -0.286160445, 0.148207374, 0, 2, 1, 1, 
629.123831, 41, 0.1, 0.1, -0.00175935773, 0.375483439, -0.0349704901, 0.927172481, 3.8897016e-005, 0.37463474, 0.37463474, -8.40162308e-007, -0.927172482, -3.57494889e-005, 0.999999999, -1.53511489e-005, 0.927172451, 2.9608239e-005, 0.374634816, 0.374634816, 1.69592875e-006, -0.927172451, -2.80872975e-005, 1, -9.51985876e-006, 0, 0, 0, 0, 0, 0, 0, 0.291410132, -0.230033716, -0.190629297, -0.306989061, 0.429512593, -0.849211209, -0.940795898, -0.00219726563, 0.338867188, 0.143664488, 0.903033716, 0.404920994, -0, 0, 0, 0, 0, 0, 0, 0.33241709, -0.183673486, -0.183451172, -0.0690462355, -0.269047309, -0.960573346, 0.314819336, -0.919555664, 0.234863281, -0.946484268, -0.286160445, 0.148207374, 0, 2, 1, 1, 
629.124548, 41, 0.1, 0.1, -0.00175936323, 0.375483437, -0.0349707227, 0.92717262, -2.0932241e-005, 0.374634398, 0.374634398, 1.4403512e-005, -0.92717262, 1.40117497e-005, 1, 2.11964795e-005, 0.927172603, -4.16566386e-008, 0.374634441, 0.374634441, 1.4510059e-005, -0.927172603, -5.39734495e-006, 1, 1.34689352e-005, 0, 0, 0, 0, 0, 0, 0, 0.291650708, -0.230446265, -0.191064917, -0.306810084, 0.430197806, -0.848989171, -0.940429687, 0.000122070308, 0.33984375, 0.146355163, 0.902678005, 0.404762235, -0, 0, 0, 0, 0, 0, 0, 0.332307227, -0.184068945, -0.183657568, -0.0704264958, -0.269244903, -0.960515744, 0.312011719, -0.920410156, 0.235107422, -0.947365795, -0.283112645, 0.148827142, 0, 2, 1, 1, 
629.12525, 41, 0.1, 0.1, -0.001759352, 0.375483438, -0.0349704242, 0.927172645, -1.72615914e-005, 0.374634338, 0.374634337, -1.50400468e-005, -0.927172645, 2.16389933e-005, 1, -7.47793512e-006, 0.927172649, -2.96390084e-005, 0.374634326, 0.374634326, -1.23557335e-005, -0.927172649, 3.21093598e-005, 0.999999999, -3.52108235e-007, 0, 0, 0, 0, 0, 0, 0, 0.291650708, -0.230446265, -0.191064917, -0.306810084, 0.430197806, -0.848989171, -0.940429687, 0.000122070308, 0.33984375, 0.146355163, 0.902678005, 0.404762235, -0, 0, 0, 0, 0, 0, 0, 0.332307227, -0.184068945, -0.183657568, -0.0704264958, -0.269244903, -0.960515744, 0.312011719, -0.920410156, 0.235107422, -0.947365795, -0.283112645, 0.148827142, 0, 2, 1, 1, 
629.12594, 41, 0.1, 0.1, -0.00175935901, 0.375483435, -0.0349700089, 0.92717255, 3.18606974e-005, 0.374634571, 0.37463457, 1.84745437e-005, -0.92717255, -3.64615669e-005, 0.999999999, 5.19297111e-006, 0.92717257, 3.01147334e-005, 0.37463452, 0.37463452, 1.96347731e-005, -0.927172571, -3.52774186e-005, 0.999999999, 6.92280437e-006, 0, 0, 0, 0, 0, 0, 0, 0.291650708, -0.230446265, -0.191064917, -0.306810084, 0.430197806, -0.848989171, -0.940429687, 0.000122070308, 0.33984375, 0.146355163, 0.902678005, 0.404762235, -0, 0, 0, 0, 0, 0, 0, 0.332307227, -0.184068945, -0.183657568, -0.0704264958, -0.269244903, -0.960515744, 0.312011719, -0.920410156, 0.235107422, -0.947365795, -0.283112645, 0.148827142, 0, 2, 1, 1, 
629.126626, 41, 0.1, 0.1, -0.00175936021, 0.375483435, -0.0349696929, 0.92717248, -2.72366131e-005, 0.374634745, 0.374634745, -7.76700776e-006, -0.92717248, 2.81628291e-005, 1, 3.00242577e-006, 0.92717249, -1.30468868e-005, 0.374634721, 0.374634721, -5.87784082e-006, -0.92717249, 1.42987578e-005, 1, -5.61955501e-007, 0, 0, 0, 0, 0, 0, 0, 0.291650708, -0.230446265, -0.191064917, -0.306810084, 0.430197806, -0.848989171, -0.940429687, 0.000122070308, 0.33984375, 0.146355163, 0.902678005, 0.404762235, -0, 0, 0, 0, 0, 0, 0, 0.332307227, -0.184068945, -0.183657568, -0.0704264958, -0.269244903, -0.960515744, 0.312011719, -0.920410156, 0.235107422, -0.947365795, -0.283112645, 0.148827142, 0, 2, 1, 1, 
629.12733, 41, 0.1, 0.1, -0.0017593519, 0.375483439, -0.0349694038, 0.927172392, -7.7397625e-006, 0.374634964, 0.374634964, 3.96957097e-006, -0.927172392, 5.68895403e-006, 1, 6.58006225e-006, 0.927172413, -1.88834062e-005, 0.374634912, 0.374634911, -1.03412302e-005, -0.927172413, 2.13823592e-005, 1, -2.51372012e-006, 0, 0, 0, 0, 0, 0, 0, 0.291650708, -0.230446265, -0.191064917, -0.306810084, 0.430197806, -0.848989171, -0.940429687, 0.000122070308, 0.33984375, 0.146355163, 0.902678005, 0.404762235, -0, 0, 0, 0, 0, 0, 0, 0.33251167, -0.184665674, -0.183226465, -0.0702861377, -0.269423174, -0.960400905, 0.307983398, -0.921630859, 0.235961914, -0.948701213, -0.279080873, 0.147734528, 0, 2, 1, 1, 
629.12803, 41, 0.1, 0.1, -0.00175936218, 0.375483436, -0.0349691791, 0.927172386, 3.70536374e-005, 0.374634976, 0.374634977, -4.69371982e-006, -0.927172387, -3.25966778e-005, 0.999999999, -1.8233476e-005, 0.927172377, 3.94602137e-005, 0.374634997, 0.374634998, 2.98519519e-006, -0.927172378, -3.77047787e-005, 0.999999999, -1.20153865e-005, 0, 0, 0, 0, 0, 0, 0, 0.291650708, -0.230446265, -0.191064917, -0.306810084, 0.430197806, -0.848989171, -0.940429687, 0.000122070308, 0.33984375, 0.146355163, 0.902678005, 0.404762235, -0, 0, 0, 0, 0, 0, 0, 0.33251167, -0.184665674, -0.183226465, -0.0702861377, -0.269423174, -0.960400905, 0.307983398, -0.921630859, 0.235961914, -0.948701213, -0.279080873, 0.147734528, 0, 2, 1, 1, 
629.128723, 41, 0.1, 0.1, -0.00175935872, 0.375483437, -0.034969146, 0.927172496, -4.3188103e-005, 0.374634702, 0.374634703, 4.89063142e-006, -0.927172497, 3.8210621e-005, 0.999999999, 2.07142211e-005, 0.927172466, -3.23165017e-005, 0.374634778, 0.374634778, -8.26400529e-007, -0.927172467, 3.0272569e-005, 0.999999999, 1.13406696e-005, 0, 0, 0, 0, 0, 0, 0, 0.291650708, -0.230446265, -0.191064917, -0.306810084, 0.430197806, -0.848989171, -0.940429687, 0.000122070308, 0.33984375, 0.146355163, 0.902678005, 0.404762235, -0, 0, 0, 0, 0, 0, 0, 0.33251167, -0.184665674, -0.183226465, -0.0702861377, -0.269423174, -0.960400905, 0.307983398, -0.921630859, 0.235961914, -0.948701213, -0.279080873, 0.147734528, 0, 2, 1, 1, 
629.129429, 41, 0.1, 0.1, -0.00175935161, 0.375483437, -0.0349692115, 0.927172658, 1.87481279e-005, 0.374634305, 0.374634305, -7.67010507e-006, -0.927172658, -1.45092671e-005, 1, -1.41352036e-005, 0.927172625, -7.29710774e-006, 0.374634386, 0.374634386, 2.1791876e-007, -0.927172625, 6.68403868e-006, 1, 2.93579579e-006, 0, 0, 0, 0, 0, 0, 0, 0.29174873, -0.231099023, -0.190868042, -0.305044634, 0.430540412, -0.849465449, -0.940551758, 0.00317382812, 0.339355469, 0.148918158, 0.90250015, 0.404096118, -0, 0, 0, 0, 0, 0, 0, 0.33251167, -0.184665674, -0.183226465, -0.0702861377, -0.269423174, -0.960400905, 0.307983398, -0.921630859, 0.235961914, -0.948701213, -0.279080873, 0.147734528, 0, 2, 1, 1, 
629.130122, 41, 0.1, 0.1, -0.00175936553, 0.375483441, -0.0349693768, 0.927172798, 2.72938644e-005, 0.374633958, 0.374633958, -4.87085603e-006, -0.927172798, -2.34813405e-005, 1, -1.47413336e-005, 0.927172772, 4.11650454e-005, 0.374634021, 0.374634022, -1.05841236e-005, -0.927172772, -3.42019364e-005, 0.999999999, -2.52351377e-005, 0, 0, 0, 0, 0, 0, 0, 0.29174873, -0.231099023, -0.190868042, -0.305044634, 0.430540412, -0.849465449, -0.940551758, 0.00317382812, 0.339355469, 0.148918158, 0.90250015, 0.404096118, -0, 0, 0, 0, 0, 0, 0, 0.33251167, -0.184665674, -0.183226465, -0.0702861377, -0.269423174, -0.960400905, 0.307983398, -0.921630859, 0.235961914, -0.948701213, -0.279080873, 0.147734528, 0, 2, 1, 1, 
