time, trialNum, realDorsalTactorPos, realVentralTactorPos, boxPosX, boxPosY, boxPosZ, boxLocalRot_11, boxLocalRot_12, boxLocalRot_13, boxLocalRot_21, boxLocalRot_22, boxLocalRot_23, boxLocalRot_31, boxLocalRot_32, boxLocalRot_33, boxGlobalRot_11, boxGlobalRot_12, boxGlobalRot_13, boxGlobalRot_21, boxGlobalRot_22, boxGlobalRot_23, boxGlobalRot_31, boxGlobalRot_32, boxGlobalRot_33, indexForceX, indexForceY, indexForceZ, indexForceGlobalX, indexForceGlobalY, indexForceGlobalZ, indexContact, indexPosX, indexPosY, indexPosZ, indexRot_11, indexRot_12, indexRot_13, indexRot_21, indexRot_22, indexRot_23, indexRot_31, indexRot_32, indexRot_33, thumbForceX, thumbForceY, thumbForceZ, thumbForceGlobalX, thumbForceGlobalY, thumbForceGlobalZ, thumbContact, thumbPosX, thumbPosY, thumbPosZ, thumbRot_11, thumbRot_12, thumbRot_13, thumbRot_21, thumbRot_22, thumbRot_23, thumbRot_31, thumbRot_32, thumbRot_33, manipForceTooHigh, cceExpType, mapping, trialSuccess, 
525.517051, 32, 0.1, 0.1, 0.0112999116, 0.366723897, -0.0199748314, 0.913361634, -0.407149266, -2.7125621e-005, 0.407149263, 0.913361633, -7.17139608e-005, 5.3973788e-005, 5.44566039e-005, 0.999999997, 0.913361634, -0.407149265, -2.95410815e-005, 0.407149261, 0.913361633, -8.39788555e-005, 6.11736198e-005, 6.46754352e-005, 0.999999996, 0, 0, 0, 0, 0, 0, 0, 0.319857373, -0.163668262, -0.181155811, -0.0582025012, 0.531848943, -0.844779458, -0.905273437, 0.328369141, 0.269165039, 0.42065592, 0.780536167, 0.462554467, 0, 0, -0, 0, 0, 0, 0, 0.35894585, -0.132539453, -0.157900488, 0.190567322, -0.0941165794, -0.977156736, 0.505371094, -0.84387207, 0.17980957, -0.841501648, -0.528111772, -0.113259185, 0, 3, 1, 1, 
525.544445, 32, 0.1, 0.1, 0.0112999021, 0.366723887, -0.0199592978, 0.913346145, -0.407184011, 1.28200141e-005, 0.407184011, 0.913346145, -5.10437893e-006, -9.63068901e-006, 9.8821696e-006, 1, 0.913346169, -0.407183958, 4.64639964e-006, 0.407183958, 0.913346169, 1.50443525e-005, -1.03695903e-005, -1.18487623e-005, 1, 0, 0, 0, 0, 0, 0, 0, 0.320061108, -0.165685547, -0.178629175, -0.0732472201, 0.542984208, -0.836483149, -0.90222168, 0.321166992, 0.287475586, 0.424769056, 0.7759299, 0.466554914, 0, 0, -0, 0, 0, 0, 0, 0.359837891, -0.135583496, -0.155076221, 0.180721033, -0.0863213575, -0.979692677, 0.507568359, -0.844970703, 0.16809082, -0.842413792, -0.527537947, -0.108984242, 0, 3, 1, 1, 
525.545233, 32, 0.1, 0.1, 0.0112999027, 0.366723886, -0.0199579752, 0.9133461, -0.407184113, -1.14777317e-005, 0.407184113, 0.9133461, 1.06528246e-005, 6.14548054e-006, -1.44032658e-005, 1, 0.913346111, -0.407184089, -1.27227159e-006, 0.407184089, 0.91334611, 2.42416806e-005, -8.70880233e-006, -2.26590935e-005, 1, 0, 0, 0, 0, 0, 0, 0, 0.320061108, -0.165685547, -0.178629175, -0.0732472201, 0.542984208, -0.836483149, -0.90222168, 0.321166992, 0.287475586, 0.424769056, 0.7759299, 0.466554914, 0, 0, -0, 0, 0, 0, 0, 0.359837891, -0.135583496, -0.155076221, 0.180721033, -0.0863213575, -0.979692677, 0.507568359, -0.844970703, 0.16809082, -0.842413792, -0.527537947, -0.108984242, 0, 3, 1, 1, 
525.546017, 32, 0.1, 0.1, 0.0112999028, 0.366723887, -0.0199592725, 0.913345951, -0.407184448, -1.39822181e-005, 0.407184448, 0.91334595, 1.7015779e-005, 5.84204169e-006, -2.12346346e-005, 1, 0.913345982, -0.407184378, -1.11134067e-005, 0.407184378, 0.913345982, 1.10191797e-005, 5.66354757e-006, -1.45895291e-005, 1, 0, 0, 0, 0, 0, 0, 0, 0.320061108, -0.165685547, -0.178629175, -0.0732472201, 0.542984208, -0.836483149, -0.90222168, 0.321166992, 0.287475586, 0.424769056, 0.7759299, 0.466554914, 0, 0, -0, 0, 0, 0, 0, 0.359837891, -0.135583496, -0.155076221, 0.180721033, -0.0863213575, -0.979692677, 0.507568359, -0.844970703, 0.16809082, -0.842413792, -0.527537947, -0.108984242, 0, 3, 1, 1, 
525.546808, 32, 0.1, 0.1, 0.0112999024, 0.366723888, -0.0199625164, 0.913345891, -0.407184582, 1.08444718e-006, 0.407184582, 0.913345891, 1.25229028e-005, -6.08960833e-006, -1.09961716e-005, 1, 0.913345892, -0.40718458, -2.42133714e-006, 0.40718458, 0.913345892, -1.05227948e-005, 6.49623813e-006, 8.62502027e-006, 1, 0, 0, 0, 0, 0, 0, 0, 0.320061108, -0.165685547, -0.178629175, -0.0732472201, 0.542984208, -0.836483149, -0.90222168, 0.321166992, 0.287475586, 0.424769056, 0.7759299, 0.466554914, 0, 0, -0, 0, 0, 0, 0, 0.359837891, -0.135583496, -0.155076221, 0.180721033, -0.0863213575, -0.979692677, 0.507568359, -0.844970703, 0.16809082, -0.842413792, -0.527537947, -0.108984242, 0, 3, 1, 1, 
525.547593, 32, 0.1, 0.1, 0.0112999023, 0.366723889, -0.0199665563, 0.913345819, -0.407184742, 7.71944391e-006, 0.407184742, 0.913345819, -6.36166445e-006, -4.46014913e-006, 8.95363941e-006, 1, 0.913345844, -0.407184688, 1.03575248e-005, 0.407184688, 0.913345844, -1.17628961e-005, -4.67033109e-006, 1.49610177e-005, 1, 0, 0, 0, 0, 0, 0, 0, 0.320061108, -0.165685547, -0.178629175, -0.0732472201, 0.542984208, -0.836483149, -0.90222168, 0.321166992, 0.287475586, 0.424769056, 0.7759299, 0.466554914, 0, 0, -0, 0, 0, 0, 0, 0.359837891, -0.135583496, -0.155076221, 0.180721033, -0.0863213575, -0.979692677, 0.507568359, -0.844970703, 0.16809082, -0.842413792, -0.527537947, -0.108984242, 0, 3, 1, 1, 
525.548395, 32, 0.1, 0.1, 0.0112999031, 0.36672389, -0.0199699871, 0.913345731, -0.407184941, -9.52033906e-007, 0.407184941, 0.913345731, -1.71716313e-005, 7.86156578e-006, 1.52959823e-005, 1, 0.913345736, -0.40718493, 6.69850599e-006, 0.40718493, 0.913345735, -8.22270638e-006, -2.76988976e-006, 1.02377045e-005, 1, 0, 0, 0, 0, 0, 0, 0, 0.319215259, -0.16630083, -0.178594629, -0.0725095891, 0.544163673, -0.835823024, -0.900878906, 0.323852539, 0.28894043, 0.427865617, 0.774012804, 0.466821136, 0, 0, -0, 0, 0, 0, 0, 0.359837891, -0.135583496, -0.155076221, 0.177845674, -0.0857781486, -0.980273799, 0.507446289, -0.845458984, 0.166137695, -0.843084233, -0.52686714, -0.106958695, 0, 3, 1, 1, 
525.549196, 32, 0.1, 0.1, 0.0112999041, 0.36672389, -0.0199713825, 0.913345715, -0.407184976, -3.11250403e-006, 0.407184976, 0.913345715, -1.12529258e-005, 7.42481453e-006, 9.01044664e-006, 1, 0.913345725, -0.407184954, -9.8050169e-006, 0.407184954, 0.913345725, 2.31686389e-006, 8.01197815e-006, -6.10855308e-006, 1, 0, 0, 0, 0, 0, 0, 0, 0.319215259, -0.16630083, -0.178594629, -0.0725095891, 0.544163673, -0.835823024, -0.900878906, 0.323852539, 0.28894043, 0.427865617, 0.774012804, 0.466821136, 0, 0, -0, 0, 0, 0, 0, 0.359187061, -0.135979932, -0.155518555, 0.177845674, -0.0857781486, -0.980273799, 0.507446289, -0.845458984, 0.166137695, -0.843084233, -0.52686714, -0.106958695, 0, 3, 1, 1, 
525.549983, 32, 0.1, 0.1, 0.0112999045, 0.366723891, -0.0199707497, 0.913345625, -0.407185177, 6.42898973e-007, 0.407185177, 0.913345625, 9.05090079e-006, -4.27258161e-006, -8.00482171e-006, 1, 0.913345641, -0.407185143, -1.12388965e-005, 0.407185143, 0.913345641, 9.94051745e-006, 6.21736609e-006, -1.36554399e-005, 1, 0, 0, 0, 0, 0, 0, 0, 0.319215259, -0.16630083, -0.178594629, -0.0725095891, 0.544163673, -0.835823024, -0.900878906, 0.323852539, 0.28894043, 0.427865617, 0.774012804, 0.466821136, 0, 0, -0, 0, 0, 0, 0, 0.359187061, -0.135979932, -0.155518555, 0.177845674, -0.0857781486, -0.980273799, 0.507446289, -0.845458984, 0.166137695, -0.843084233, -0.52686714, -0.106958695, 0, 3, 1, 1, 
525.55077, 32, 0.1, 0.1, 0.0112999045, 0.366723891, -0.0199684833, 0.913345625, -0.407185177, -1.86013191e-006, 0.407185177, 0.913345625, 1.68787385e-005, -5.17382878e-006, -1.61735401e-005, 1, 0.913345623, -0.407185182, 1.48907582e-007, 0.407185182, 0.913345623, 1.21967462e-005, -5.10233842e-006, -1.10792118e-005, 1, 0, 0, 0, 0, 0, 0, 0, 0.319215259, -0.16630083, -0.178594629, -0.0725095891, 0.544163673, -0.835823024, -0.900878906, 0.323852539, 0.28894043, 0.427865617, 0.774012804, 0.466821136, 0, 0, -0, 0, 0, 0, 0, 0.359187061, -0.135979932, -0.155518555, 0.177845674, -0.0857781486, -0.980273799, 0.507446289, -0.845458984, 0.166137695, -0.843084233, -0.52686714, -0.106958695, 0, 3, 1, 1, 
525.551555, 32, 0.1, 0.1, 0.0112999044, 0.366723892, -0.0199654786, 0.913345564, -0.407185314, -9.20494058e-006, 0.407185314, 0.913345564, 9.08019015e-006, 4.70997157e-006, -1.2041468e-005, 1, 0.913345585, -0.407185268, 9.42671644e-006, 0.407185268, 0.913345585, -2.93857612e-006, -7.41330494e-006, 6.52235558e-006, 1, 0, 0, 0, 0, 0, 0, 0, 0.319215259, -0.16630083, -0.178594629, -0.0725095891, 0.544163673, -0.835823024, -0.900878906, 0.323852539, 0.28894043, 0.427865617, 0.774012804, 0.466821136, 0, 0, -0, 0, 0, 0, 0, 0.359187061, -0.135979932, -0.155518555, 0.177845674, -0.0857781486, -0.980273799, 0.507446289, -0.845458984, 0.166137695, -0.843084233, -0.52686714, -0.106958695, 0, 3, 1, 1, 
525.552342, 32, 0.1, 0.1, 0.0112999044, 0.366723893, -0.0199627408, 0.913345537, -0.407185376, -1.2214642e-006, 0.407185376, 0.913345537, -9.93238682e-006, 5.15994154e-006, 8.57433881e-006, 1, 0.91334553, -0.407185391, 1.55241046e-006, 0.407185391, 0.91334553, -1.67265787e-005, 5.39293132e-006, 1.59092647e-005, 1, 0, 0, 0, 0, 0, 0, 0, 0.319215259, -0.16630083, -0.178594629, -0.0725095891, 0.544163673, -0.835823024, -0.900878906, 0.323852539, 0.28894043, 0.427865617, 0.774012804, 0.466821136, 0, 0, -0, 0, 0, 0, 0, 0.359187061, -0.135979932, -0.155518555, 0.177845674, -0.0857781486, -0.980273799, 0.507446289, -0.845458984, 0.166137695, -0.843084233, -0.52686714, -0.106958695, 0, 3, 1, 1, 
525.553143, 32, 0.1, 0.1, 0.0112999039, 0.366723893, -0.0199611235, 0.913345534, -0.407185381, 1.67570106e-005, 0.407185381, 0.913345534, -1.23227557e-005, -1.02872949e-005, 1.80781436e-005, 1, 0.913345551, -0.407185344, 1.52540547e-007, 0.407185343, 0.913345551, -1.20109063e-005, 4.75134279e-006, 1.10322201e-005, 1, 0, 0, 0, 0, 0, 0, 0, 0.319215259, -0.16630083, -0.178594629, -0.0760322536, 0.546594117, -0.83384864, -0.901123047, 0.32019043, 0.291992188, 0.426693266, 0.773751451, 0.468362303, 0, 0, -0, 0, 0, 0, 0, 0.359187061, -0.135979932, -0.155518555, 0.177845674, -0.0857781486, -0.980273799, 0.507446289, -0.845458984, 0.166137695, -0.843084233, -0.52686714, -0.106958695, 0, 3, 1, 1, 
525.553943, 32, 0.1, 0.1, 0.0112999038, 0.366723893, -0.0199607891, 0.913345454, -0.407185561, 1.11048729e-005, 0.407185561, 0.913345454, -5.75850598e-006, -7.79780473e-006, 9.78124918e-006, 1, 0.913345459, -0.40718555, 3.06525528e-006, 0.40718555, 0.913345459, 1.38787143e-005, -8.45084889e-006, -1.1427933e-005, 1, 0, 0, 0, 0, 0, 0, 0, 0.318808423, -0.165061206, -0.178935522, -0.0760322536, 0.546594117, -0.83384864, -0.901123047, 0.32019043, 0.291992188, 0.426693266, 0.773751451, 0.468362303, 0, 0, -0, 0, 0, 0, 0, 0.359041797, -0.134557227, -0.156194141, 0.175079323, -0.0834656882, -0.980963562, 0.511352539, -0.84362793, 0.163085938, -0.841288362, -0.530183629, -0.105067308, 0, 3, 1, 1, 
525.554726, 32, 0.1, 0.1, 0.0112999043, 0.366723893, -0.01996209, 0.913345488, -0.407185484, -1.03185088e-005, 0.407185484, 0.913345488, 6.72976637e-006, 6.68410031e-006, -1.03481488e-005, 1, 0.913345484, -0.407185495, -1.18326978e-006, 0.407185495, 0.913345484, 1.90393897e-005, -6.67182921e-006, -1.78713509e-005, 1, 0, 0, 0, 0, 0, 0, 0, 0.318808423, -0.165061206, -0.178935522, -0.0760322536, 0.546594117, -0.83384864, -0.901123047, 0.32019043, 0.291992188, 0.426693266, 0.773751451, 0.468362303, 0, 0, -0, 0, 0, 0, 0, 0.359041797, -0.134557227, -0.156194141, 0.175079323, -0.0834656882, -0.980963562, 0.511352539, -0.84362793, 0.163085938, -0.841288362, -0.530183629, -0.105067308, 0, 3, 1, 1, 
525.555517, 32, 0.1, 0.1, 0.0112999044, 0.366723894, -0.0199644297, 0.91334542, -0.407185639, -1.17967529e-005, 0.407185639, 0.913345419, 1.1701312e-005, 6.00990399e-006, -1.54908081e-005, 1, 0.913345435, -0.407185604, -9.365846e-006, 0.407185604, 0.913345435, 6.10852186e-006, 6.06695053e-006, -9.39282822e-006, 1, 0, 0, 0, 0, 0, 0, 0, 0.318808423, -0.165061206, -0.178935522, -0.0760322536, 0.546594117, -0.83384864, -0.901123047, 0.32019043, 0.291992188, 0.426693266, 0.773751451, 0.468362303, 0, 0, -0, 0, 0, 0, 0, 0.359041797, -0.134557227, -0.156194141, 0.175079323, -0.0834656882, -0.980963562, 0.511352539, -0.84362793, 0.163085938, -0.841288362, -0.530183629, -0.105067308, 0, 3, 1, 1, 
525.556334, 32, 0.1, 0.1, 0.0112999039, 0.366723896, -0.0199667257, 0.913345428, -0.40718562, 8.89253284e-007, 0.40718562, 0.913345428, 8.26601413e-006, -4.17799751e-006, -7.18763507e-006, 1, 0.913345417, -0.407185645, -2.22797992e-006, 0.407185645, 0.913345417, -1.28343617e-005, 7.26088309e-006, 1.0815004e-005, 1, 0, 0, 0, 0, 0, 0, 0, 0.318815479, -0.163788989, -0.179923804, -0.0802210347, 0.549690678, -0.831455266, -0.901123047, 0.31640625, 0.296264648, 0.425997192, 0.77301382, 0.470207885, 0, 0, -0, 0, 0, 0, 0, 0.359377686, -0.133517529, -0.156663574, 0.17297102, -0.0805268967, -0.981525728, 0.514282227, -0.842529297, 0.159790039, -0.839914298, -0.532452346, -0.104389938, 0, 3, 1, 1, 
525.557122, 32, 0.1, 0.1, 0.0112999038, 0.366723897, -0.0199682694, 0.913345418, -0.407185643, 7.17059145e-006, 0.407185643, 0.913345418, -4.59182836e-006, -4.67950026e-006, 7.11368728e-006, 1, 0.91334543, -0.407185615, 9.83259107e-006, 0.407185615, 0.91334543, -1.07954255e-005, -4.58481015e-006, 1.38636422e-005, 1, 0, 0, 0, 0, 0, 0, 0, 0.318815479, -0.163788989, -0.179923804, -0.0802210347, 0.549690678, -0.831455266, -0.901123047, 0.31640625, 0.296264648, 0.425997192, 0.77301382, 0.470207885, 0, 0, -0, 0, 0, 0, 0, 0.359377686, -0.133517529, -0.156663574, 0.17297102, -0.0805268967, -0.981525728, 0.514282227, -0.842529297, 0.159790039, -0.839914298, -0.532452346, -0.104389938, 0, 3, 1, 1, 
525.557905, 32, 0.1, 0.1, 0.0112999048, 0.366723897, -0.0199688548, 0.913345385, -0.407185716, -1.61000561e-006, 0.407185716, 0.913345385, -1.19060878e-005, 6.31848008e-006, 1.0218799e-005, 1, 0.91334538, -0.407185728, 6.24971374e-006, 0.407185728, 0.91334538, -3.20918116e-006, -4.4014144e-006, 5.47588503e-006, 1, 0, 0, 0, 0, 0, 0, 0, 0.318815479, -0.163788989, -0.179923804, -0.0802210347, 0.549690678, -0.831455266, -0.901123047, 0.31640625, 0.296264648, 0.425997192, 0.77301382, 0.470207885, 0, 0, -0, 0, 0, 0, 0, 0.359377686, -0.133517529, -0.156663574, 0.17297102, -0.0805268967, -0.981525728, 0.514282227, -0.842529297, 0.159790039, -0.839914298, -0.532452346, -0.104389938, 0, 3, 1, 1, 
525.558854, 32, 0.1, 0.1, 0.0112999058, 0.366723895, -0.0199670988, 0.913345416, -0.407185646, -1.27624683e-006, 0.407185646, 0.913345416, -8.31754787e-006, 4.5524403e-006, 7.07712483e-006, 1, 0.913345421, -0.407185635, -1.07963925e-005, 0.407185635, 0.913345421, 1.06100791e-005, 5.54056387e-006, -1.40868031e-005, 1, 0, 0, 0, 0, 0, 0, 0, 0.318815479, -0.163788989, -0.179923804, -0.0802210347, 0.549690678, -0.831455266, -0.901123047, 0.31640625, 0.296264648, 0.425997192, 0.77301382, 0.470207885, 0, 0, -0, 0, 0, 0, 0, 0.359377686, -0.133517529, -0.156663574, 0.17297102, -0.0805268967, -0.981525728, 0.514282227, -0.842529297, 0.159790039, -0.839914298, -0.532452346, -0.104389938, 0, 3, 1, 1, 
525.559669, 32, 0.1, 0.1, 0.0112999045, 0.366723895, -0.0199633601, 0.913345326, -0.407185848, 6.79227845e-006, 0.407185848, 0.913345326, 1.30323802e-005, -1.15102966e-005, -9.13734386e-006, 1, 0.913345341, -0.407185816, -7.93002297e-006, 0.407185816, 0.913345341, 1.51520024e-005, 1.07316905e-006, -1.70680037e-005, 1, 0, 0, 0, 0, 0, 0, 0, 0.318815479, -0.163788989, -0.179923804, -0.0802210347, 0.549690678, -0.831455266, -0.901123047, 0.31640625, 0.296264648, 0.425997192, 0.77301382, 0.470207885, 0, 0, -0, 0, 0, 0, 0, 0.359377686, -0.133517529, -0.156663574, 0.17297102, -0.0805268967, -0.981525728, 0.514282227, -0.842529297, 0.159790039, -0.839914298, -0.532452346, -0.104389938, 0, 3, 1, 1, 
525.560466, 32, 0.1, 0.1, 0.0112999036, 0.366723895, -0.01996077, 0.913345352, -0.407185791, 8.79363954e-008, 0.40718579, 0.913345352, 2.00775233e-005, -8.25559849e-006, -1.83019061e-005, 1, 0.913345344, -0.407185808, 3.50681415e-006, 0.407185808, 0.913345344, 1.45459139e-005, -9.12582207e-006, -1.18575178e-005, 1, 0, 0, 0, 0, 0, 0, 0, 0.318815479, -0.163788989, -0.179923804, -0.0802210347, 0.549690678, -0.831455266, -0.901123047, 0.31640625, 0.296264648, 0.425997192, 0.77301382, 0.470207885, 0, 0, -0, 0, 0, 0, 0, 0.359377686, -0.133517529, -0.156663574, 0.17297102, -0.0805268967, -0.981525728, 0.514282227, -0.842529297, 0.159790039, -0.839914298, -0.532452346, -0.104389938, 0, 3, 1, 1, 
525.561297, 32, 0.1, 0.1, 0.0112999038, 0.366723898, -0.0199594055, 0.913345292, -0.407185925, -1.3433709e-005, 0.407185926, 0.913345292, 6.00474155e-006, 9.82456866e-006, -1.09544197e-005, 1, 0.913345315, -0.407185873, 1.03228698e-005, 0.407185873, 0.913345315, -9.24738502e-006, -5.66294022e-006, 1.26493825e-005, 1, 0, 0, 0, 0, 0, 0, 0, 0.319559521, -0.162614551, -0.180318164, -0.0830143032, 0.55078889, -0.830477622, -0.901855469, 0.312988281, 0.297729492, 0.423967764, 0.773705024, 0.470918185, 0, 0, -0, 0, 0, 0, 0, 0.359768018, -0.133011719, -0.157118115, 0.171923248, -0.079319444, -0.98183233, 0.515625, -0.841918945, 0.158325195, -0.839287967, -0.533430122, -0.10380845, 0, 3, 1, 1, 
525.562089, 32, 0.1, 0.1, 0.0112999047, 0.366723899, -0.0199600584, 0.913345266, -0.407185983, -6.22473387e-006, 0.407185983, 0.913345266, -1.35548327e-005, 1.12046691e-005, 9.84561794e-006, 1, 0.913345258, -0.407186002, -2.88950201e-006, 0.407186002, 0.913345258, -2.09345408e-005, 1.11633649e-005, 1.79438988e-005, 1, 0, 0, 0, 0, 0, 0, 0, 0.319559521, -0.162614551, -0.180318164, -0.0830143032, 0.55078889, -0.830477622, -0.901855469, 0.312988281, 0.297729492, 0.423967764, 0.773705024, 0.470918185, 0, 0, -0, 0, 0, 0, 0, 0.359768018, -0.133011719, -0.157118115, 0.171923248, -0.079319444, -0.98183233, 0.515625, -0.841918945, 0.158325195, -0.839287967, -0.533430122, -0.10380845, 0, 3, 1, 1, 
525.562883, 32, 0.1, 0.1, 0.0112999054, 0.366723899, -0.0199623901, 0.913345275, -0.407185963, 1.06266758e-005, 0.407185963, 0.913345275, -1.24710787e-005, -4.62777593e-006, 1.5717434e-005, 1, 0.913345288, -0.407185934, -4.65013665e-006, 0.407185934, 0.913345288, -1.2035393e-005, 9.14782316e-006, 9.09899929e-006, 1, 0, 0, 0, 0, 0, 0, 0, 0.319559521, -0.162614551, -0.180318164, -0.0830143032, 0.55078889, -0.830477622, -0.901855469, 0.312988281, 0.297729492, 0.423967764, 0.773705024, 0.470918185, 0, 0, -0, 0, 0, 0, 0, 0.359768018, -0.133011719, -0.157118115, 0.171923248, -0.079319444, -0.98183233, 0.515625, -0.841918945, 0.158325195, -0.839287967, -0.533430122, -0.10380845, 0, 3, 1, 1, 
525.563671, 32, 0.1, 0.1, 0.0112999057, 0.366723899, -0.019965556, 0.913345208, -0.407186113, 8.99136282e-006, 0.407186113, 0.913345208, -5.97286396e-006, -5.78015089e-006, 9.11644476e-006, 1, 0.913345212, -0.407186105, 1.34666332e-006, 0.407186105, 0.913345212, 1.10478078e-005, -5.7284823e-006, -9.54211974e-006, 1, 0, 0, 0, 0, 0, 0, 0, 0.319559521, -0.162614551, -0.180318164, -0.0830143032, 0.55078889, -0.830477622, -0.901855469, 0.312988281, 0.297729492, 0.423967764, 0.773705024, 0.470918185, 0, 0, -0, 0, 0, 0, 0, 0.359768018, -0.133011719, -0.157118115, 0.171923248, -0.079319444, -0.98183233, 0.515625, -0.841918945, 0.158325195, -0.839287967, -0.533430122, -0.10380845, 0, 3, 1, 1, 
525.564461, 32, 0.1, 0.1, 0.011299906, 0.366723899, -0.0199684708, 0.913345241, -0.407186039, -6.78297175e-006, 0.40718604, 0.913345241, 5.20695056e-006, 4.07499739e-006, -7.51767492e-006, 1, 0.913345236, -0.40718605, 3.19855963e-007, 0.40718605, 0.913345236, 1.50633485e-005, -6.42572432e-006, -1.36277968e-005, 1, 0, 0, 0, 0, 0, 0, 0, 0.319559521, -0.162614551, -0.180318164, -0.0830143032, 0.55078889, -0.830477622, -0.901855469, 0.312988281, 0.297729492, 0.423967764, 0.773705024, 0.470918185, 0, 0, -0, 0, 0, 0, 0, 0.359768018, -0.133011719, -0.157118115, 0.171923248, -0.079319444, -0.98183233, 0.515625, -0.841918945, 0.158325195, -0.839287967, -0.533430122, -0.10380845, 0, 3, 1, 1, 
525.565252, 32, 0.1, 0.1, 0.0112999055, 0.3667239, -0.0199702108, 0.913345188, -0.407186158, -7.05948089e-006, 0.407186158, 0.913345188, 1.04985549e-005, 2.17287667e-006, -1.24633275e-005, 1, 0.9133452, -0.407186131, -5.29692585e-006, 0.407186131, 0.9133452, 5.67641131e-006, 2.52656584e-006, -7.34135777e-006, 1, 0, 0, 0, 0, 0, 0, 0, 0.319559521, -0.162614551, -0.180318164, -0.0830143032, 0.55078889, -0.830477622, -0.901855469, 0.312988281, 0.297729492, 0.423967764, 0.773705024, 0.470918185, 0, 0, -0, 0, 0, 0, 0, 0.359768018, -0.133011719, -0.157118115, 0.171923248, -0.079319444, -0.98183233, 0.515625, -0.841918945, 0.158325195, -0.839287967, -0.533430122, -0.10380845, 0, 3, 1, 1, 
525.566071, 32, 0.1, 0.1, 0.0112999042, 0.366723901, -0.019969883, 0.9133452, -0.407186132, 4.62087623e-006, 0.407186132, 0.9133452, 1.08697691e-005, -8.64647436e-006, -8.04629471e-006, 1, 0.913345189, -0.407186156, 1.9786834e-006, 0.407186156, 0.913345189, -8.66284659e-006, 1.72017024e-006, 8.71786175e-006, 1, 0, 0, 0, 0, 0, 0, 0, 0.320087183, -0.163734058, -0.18032561, -0.0815221889, 0.550775785, -0.830617285, -0.901123047, 0.315185547, 0.297363281, 0.425585315, 0.772841956, 0.470816713, 0, 0, -0, 0, 0, 0, 0, 0.359655957, -0.134336523, -0.157117871, 0.170926149, -0.0801623254, -0.982017531, 0.512329102, -0.843994141, 0.158081055, -0.841479393, -0.530081917, -0.103214202, 0, 3, 1, 1, 
525.566859, 32, 0.1, 0.1, 0.0112999035, 0.366723902, -0.019968117, 0.913345188, -0.407186159, 8.46095493e-006, 0.407186159, 0.913345188, -1.90489856e-006, -6.95212414e-006, 5.18501367e-006, 1, 0.9133452, -0.407186131, 1.19509603e-005, 0.407186132, 0.9133452, -8.09052841e-006, -7.62100129e-006, 1.22557106e-005, 1, 0, 0, 0, 0, 0, 0, 0, 0.320087183, -0.163734058, -0.18032561, -0.0815221889, 0.550775785, -0.830617285, -0.901123047, 0.315185547, 0.297363281, 0.425585315, 0.772841956, 0.470816713, 0, 0, -0, 0, 0, 0, 0, 0.359655957, -0.134336523, -0.157117871, 0.170926149, -0.0801623254, -0.982017531, 0.512329102, -0.843994141, 0.158081055, -0.841479393, -0.530081917, -0.103214202, 0, 3, 1, 1, 
525.567647, 32, 0.1, 0.1, 0.0112999045, 0.366723901, -0.0199656529, 0.913345157, -0.407186228, -2.97319792e-006, 0.407186228, 0.913345157, -1.422254e-005, 8.50677833e-006, 1.17794428e-005, 1, 0.91334515, -0.407186243, 6.46676119e-006, 0.407186243, 0.91334515, -4.10848702e-006, -4.23346558e-006, 6.38564288e-006, 1, 0, 0, 0, 0, 0, 0, 0, 0.320087183, -0.163734058, -0.18032561, -0.0815221889, 0.550775785, -0.830617285, -0.901123047, 0.315185547, 0.297363281, 0.425585315, 0.772841956, 0.470816713, 0, 0, -0, 0, 0, 0, 0, 0.359655957, -0.134336523, -0.157117871, 0.170926149, -0.0801623254, -0.982017531, 0.512329102, -0.843994141, 0.158081055, -0.841479393, -0.530081917, -0.103214202, 0, 3, 1, 1, 
525.56845, 32, 0.1, 0.1, 0.0112999062, 0.366723901, -0.0199632232, 0.913345196, -0.407186141, -6.06776997e-006, 0.407186141, 0.913345196, -1.24125592e-005, 1.05961906e-005, 8.86623943e-006, 1, 0.913345198, -0.407186136, -1.47932996e-005, 0.407186136, 0.913345198, 5.8582889e-006, 1.11259751e-005, -1.13742665e-005, 1, 0, 0, 0, 0, 0, 0, 0, 0.320087183, -0.163734058, -0.18032561, -0.0815221889, 0.550775785, -0.830617285, -0.901123047, 0.315185547, 0.297363281, 0.425585315, 0.772841956, 0.470816713, 0, 0, -0, 0, 0, 0, 0, 0.359827832, -0.135789258, -0.155541016, 0.174043945, -0.0828007111, -0.981206366, 0.508544922, -0.845581055, 0.161743164, -0.843115582, -0.527167912, -0.105092828, 0, 3, 1, 1, 
525.569244, 32, 0.1, 0.1, 0.0112999069, 0.366723901, -0.0199616107, 0.913345128, -0.407186293, 2.34374429e-007, 0.407186293, 0.913345128, 9.98913202e-006, -4.28150238e-006, -9.02809101e-006, 1, 0.913345139, -0.407186268, -1.57395976e-005, 0.407186269, 0.913345139, 1.20290518e-005, 9.47762027e-006, -1.7395624e-005, 1, 0, 0, 0, 0, 0, 0, 0, 0.320087183, -0.163734058, -0.18032561, -0.0815221889, 0.550775785, -0.830617285, -0.901123047, 0.315185547, 0.297363281, 0.425585315, 0.772841956, 0.470816713, 0, 0, -0, 0, 0, 0, 0, 0.359827832, -0.135789258, -0.155541016, 0.174043945, -0.0828007111, -0.981206366, 0.508544922, -0.845581055, 0.161743164, -0.843115582, -0.527167912, -0.105092828, 0, 3, 1, 1, 
525.570032, 32, 0.1, 0.1, 0.0112999067, 0.366723903, -0.0199614173, 0.913345171, -0.407186197, -1.60468171e-006, 0.407186197, 0.913345171, 1.54140438e-005, -4.81075757e-006, -1.47317467e-005, 1, 0.91334516, -0.407186221, 9.4742674e-007, 0.407186221, 0.91334516, 9.62094639e-006, -4.78284443e-006, -8.40146571e-006, 1, 0, 0, 0, 0, 0, 0, 0, 0.320087183, -0.163734058, -0.18032561, -0.0815221889, 0.550775785, -0.830617285, -0.901123047, 0.315185547, 0.297363281, 0.425585315, 0.772841956, 0.470816713, 0, 0, -0, 0, 0, 0, 0, 0.359827832, -0.135789258, -0.155541016, 0.174043945, -0.0828007111, -0.981206366, 0.508544922, -0.845581055, 0.161743164, -0.843115582, -0.527167912, -0.105092828, 0, 3, 1, 1, 
525.570836, 32, 0.1, 0.1, 0.0112999065, 0.366723905, -0.0199624437, 0.913345134, -0.407186279, -8.69213389e-006, 0.407186279, 0.913345134, 4.40130424e-006, 6.1467675e-006, -7.55922747e-006, 1, 0.913345152, -0.407186239, 1.16235038e-005, 0.407186239, 0.913345152, -9.60112294e-006, -6.70682572e-006, 1.35020699e-005, 1, 0, 0, 0, 0, 0, 0, 0, 0.32127251, -0.165465698, -0.178010205, -0.0757098652, 0.547393906, -0.833321065, -0.90234375, 0.317749023, 0.290771484, 0.424046774, 0.774119145, 0.470132623, 0, 0, -0, 0, 0, 0, 0, 0.359827832, -0.135789258, -0.155541016, 0.174043945, -0.0828007111, -0.981206366, 0.508544922, -0.845581055, 0.161743164, -0.843115582, -0.527167912, -0.105092828, 0, 3, 1, 1, 
525.571628, 32, 0.1, 0.1, 0.0112999062, 0.366723906, -0.0199643194, 0.913345125, -0.4071863, -1.18408423e-007, 0.4071863, 0.913345125, -9.81317336e-006, 4.10393751e-006, 8.91459976e-006, 1, 0.913345115, -0.407186322, 2.59250914e-006, 0.407186322, 0.913345115, -1.69068932e-005, 4.51640009e-006, 1.64974625e-005, 1, 0, 0, 0, 0, 0, 0, 0, 0.32127251, -0.165465698, -0.178010205, -0.0757098652, 0.547393906, -0.833321065, -0.90234375, 0.317749023, 0.290771484, 0.424046774, 0.774119145, 0.470132623, 0, 0, -0, 0, 0, 0, 0, 0.359827832, -0.135789258, -0.155541016, 0.174043945, -0.0828007111, -0.981206366, 0.508544922, -0.845581055, 0.161743164, -0.843115582, -0.527167912, -0.105092828, 0, 3, 1, 1, 
525.572417, 32, 0.1, 0.1, 0.0112999057, 0.366723905, -0.0199664227, 0.913345144, -0.407186257, 1.39712887e-005, 0.407186257, 0.913345144, -6.58749129e-006, -1.00782728e-005, 1.17055699e-005, 1, 0.913345153, -0.407186237, 8.25675467e-007, 0.407186237, 0.913345153, -6.66687709e-006, 1.96053391e-006, 6.42536356e-006, 1, 0, 0, 0, 0, 0, 0, 0, 0.32127251, -0.165465698, -0.178010205, -0.0757098652, 0.547393906, -0.833321065, -0.90234375, 0.317749023, 0.290771484, 0.424046774, 0.774119145, 0.470132623, 0, 0, -0, 0, 0, 0, 0, 0.359827832, -0.135789258, -0.155541016, 0.174043945, -0.0828007111, -0.981206366, 0.508544922, -0.845581055, 0.161743164, -0.843115582, -0.527167912, -0.105092828, 0, 3, 1, 1, 
525.573273, 32, 0.1, 0.1, 0.0112999051, 0.366723904, -0.0199678316, 0.913345096, -0.407186364, 1.24166697e-005, 0.407186364, 0.913345096, -4.26817882e-006, -9.60276019e-006, 8.9542188e-006, 1, 0.913345096, -0.407186365, 4.7738462e-006, 0.407186365, 0.913345096, 1.50373722e-005, -1.04831819e-005, -1.1790465e-005, 1, 0, 0, 0, 0, 0, 0, 0, 0.321482593, -0.167077832, -0.176502441, -0.0716416515, 0.546454454, -0.834406172, -0.90246582, 0.320678711, 0.287475586, 0.424761943, 0.77364998, 0.470304487, 0, 0, -0, 0, 0, 0, 0, 0.360006787, -0.136951367, -0.15398418, 0.1769255, -0.0839250418, -0.980612484, 0.506713867, -0.846313477, 0.16394043, -0.843671918, -0.525813171, -0.107239777, 0, 3, 1, 1, 
525.574227, 32, 0.1, 0.1, 0.0112999066, 0.366723905, -0.0199653346, 0.913345195, -0.407186143, -1.2604338e-005, 0.407186143, 0.913345195, 5.11390116e-006, 9.42980184e-006, -9.80306882e-006, 1, 0.91334518, -0.407186175, -4.42322035e-006, 0.407186175, 0.91334518, 1.68288228e-005, -2.81253699e-006, -1.71715984e-005, 1, 0, 0, 0, 0, 0, 0, 0, 0.321482593, -0.167077832, -0.176502441, -0.0716416515, 0.546454454, -0.834406172, -0.90246582, 0.320678711, 0.287475586, 0.424761943, 0.77364998, 0.470304487, 0, 0, -0, 0, 0, 0, 0, 0.360006787, -0.136951367, -0.15398418, 0.1769255, -0.0839250418, -0.980612484, 0.506713867, -0.846313477, 0.16394043, -0.843671918, -0.525813171, -0.107239777, 0, 3, 1, 1, 
525.575016, 32, 0.1, 0.1, 0.0112999073, 0.366723906, -0.0199631327, 0.913345174, -0.40718619, -1.43313235e-005, 0.407186191, 0.913345174, 1.24317614e-005, 8.02740356e-006, -1.71900063e-005, 1, 0.91334518, -0.407186176, -1.23433661e-005, 0.407186176, 0.91334518, 6.80619388e-006, 8.50236585e-006, -1.12424524e-005, 1, 0, 0, 0, 0, 0, 0, 0, 0.321482593, -0.167077832, -0.176502441, -0.0716416515, 0.546454454, -0.834406172, -0.90246582, 0.320678711, 0.287475586, 0.424761943, 0.77364998, 0.470304487, 0, 0, -0, 0, 0, 0, 0, 0.360006787, -0.136951367, -0.15398418, 0.1769255, -0.0839250418, -0.980612484, 0.506713867, -0.846313477, 0.16394043, -0.843671918, -0.525813171, -0.107239777, 0, 3, 1, 1, 
525.57581, 32, 0.1, 0.1, 0.0112999069, 0.366723907, -0.0199618188, 0.913345226, -0.407186072, 1.26137725e-006, 0.407186072, 0.913345226, 1.23003308e-005, -6.16059629e-006, -1.07208332e-005, 1, 0.913345206, -0.407186117, -2.73709018e-006, 0.407186117, 0.913345206, -1.23540097e-005, 7.53028943e-006, 1.01689704e-005, 1, 0, 0, 0, 0, 0, 0, 0, 0.321482593, -0.167077832, -0.176502441, -0.0716416515, 0.546454454, -0.834406172, -0.90246582, 0.320678711, 0.287475586, 0.424761943, 0.77364998, 0.470304487, 0, 0, -0, 0, 0, 0, 0, 0.360006787, -0.136951367, -0.15398418, 0.1769255, -0.0839250418, -0.980612484, 0.506713867, -0.846313477, 0.16394043, -0.843671918, -0.525813171, -0.107239777, 0, 3, 1, 1, 
525.57661, 32, 0.1, 0.1, 0.0112999064, 0.366723908, -0.0199617396, 0.913345246, -0.407186029, 1.0983422e-005, 0.407186029, 0.913345246, -6.77798065e-006, -7.27175728e-006, 1.06629324e-005, 1, 0.913345255, -0.407186008, 1.413409e-005, 0.407186009, 0.913345255, -1.38317806e-005, -7.27719651e-006, 1.83883949e-005, 1, 0, 0, 0, 0, 0, 0, 0, 0.321482593, -0.167077832, -0.176502441, -0.0716416515, 0.546454454, -0.834406172, -0.90246582, 0.320678711, 0.287475586, 0.424761943, 0.77364998, 0.470304487, 0, 0, -0, 0, 0, 0, 0, 0.360006787, -0.136951367, -0.15398418, 0.1769255, -0.0839250418, -0.980612484, 0.506713867, -0.846313477, 0.16394043, -0.843671918, -0.525813171, -0.107239777, 0, 3, 1, 1, 
525.577404, 32, 0.1, 0.1, 0.0112999069, 0.366723908, -0.0199628228, 0.913345233, -0.407186057, 7.29346983e-007, 0.407186057, 0.913345233, -1.73232288e-005, 6.38763165e-006, 1.61190684e-005, 1, 0.913345221, -0.407186083, 1.02854058e-005, 0.407186083, 0.913345221, -6.49207722e-006, -6.75064271e-006, 1.01175818e-005, 1, 0, 0, 0, 0, 0, 0, 0, 0.321482593, -0.167077832, -0.176502441, -0.0716416515, 0.546454454, -0.834406172, -0.90246582, 0.320678711, 0.287475586, 0.424761943, 0.77364998, 0.470304487, 0, 0, -0, 0, 0, 0, 0, 0.360006787, -0.136951367, -0.15398418, 0.1769255, -0.0839250418, -0.980612484, 0.506713867, -0.846313477, 0.16394043, -0.843671918, -0.525813171, -0.107239777, 0, 3, 1, 1, 
525.578231, 32, 0.1, 0.1, 0.0112999075, 0.366723908, -0.0199643746, 0.913345299, -0.40718591, -1.15427816e-006, 0.40718591, 0.913345299, -7.79335933e-006, 4.22760064e-006, 6.6480223e-006, 1, 0.913345296, -0.407185916, -9.58398071e-006, 0.407185916, 0.913345296, 9.84663187e-006, 4.74407388e-006, -1.28958369e-005, 1, 0, 0, 0, 0, 0, 0, 0, 0.322195288, -0.167306567, -0.175387695, -0.0706591379, 0.546308799, -0.834494539, -0.903564453, 0.319213867, 0.285522461, 0.422381673, 0.774291009, 0.471307218, 0, 0, -0, 0, 0, 0, 0, 0.360907471, -0.137424707, -0.152655713, 0.180152304, -0.084091286, -0.979980323, 0.506958008, -0.845825195, 0.165771484, -0.842841796, -0.526567101, -0.109750931, 0, 3, 1, 1, 
525.57903, 32, 0.1, 0.1, 0.011299907, 0.366723907, -0.0199658253, 0.913345254, -0.407186009, 3.03484203e-006, 0.407186009, 0.913345254, 1.30356729e-005, -8.0798022e-006, -1.06703248e-005, 1, 0.913345261, -0.407185994, -1.03757589e-005, 0.407185994, 0.913345261, 1.47299484e-005, 3.47882154e-006, -1.76783923e-005, 1, 0, 0, 0, 0, 0, 0, 0, 0.322195288, -0.167306567, -0.175387695, -0.0706591379, 0.546308799, -0.834494539, -0.903564453, 0.319213867, 0.285522461, 0.422381673, 0.774291009, 0.471307218, 0, 0, -0, 0, 0, 0, 0, 0.360907471, -0.137424707, -0.152655713, 0.180152304, -0.084091286, -0.979980323, 0.506958008, -0.845825195, 0.165771484, -0.842841796, -0.526567101, -0.109750931, 0, 3, 1, 1, 
525.57982, 32, 0.1, 0.1, 0.0112999066, 0.366723907, -0.0199670364, 0.913345306, -0.407185894, -5.60511843e-007, 0.407185894, 0.913345306, 1.57360658e-005, -5.89556315e-006, -1.46006943e-005, 1, 0.913345294, -0.407185921, 1.95800181e-006, 0.407185921, 0.913345294, 1.1145579e-005, -6.32665457e-006, -9.38249131e-006, 1, 0, 0, 0, 0, 0, 0, 0, 0.322195288, -0.167306567, -0.175387695, -0.0706591379, 0.546308799, -0.834494539, -0.903564453, 0.319213867, 0.285522461, 0.422381673, 0.774291009, 0.471307218, 0, 0, -0, 0, 0, 0, 0, 0.360907471, -0.137424707, -0.152655713, 0.180152304, -0.084091286, -0.979980323, 0.506958008, -0.845825195, 0.165771484, -0.842841796, -0.526567101, -0.109750931, 0, 3, 1, 1, 
525.580611, 32, 0.1, 0.1, 0.0112999065, 0.366723909, -0.0199676352, 0.91334529, -0.407185931, -8.77773254e-006, 0.407185931, 0.91334529, 4.53604453e-006, 6.17008715e-006, -7.7171441e-006, 1, 0.913345301, -0.407185905, 8.73870583e-006, 0.407185905, 0.913345301, -6.60105698e-006, -5.29359855e-006, 9.58732222e-006, 1, 0, 0, 0, 0, 0, 0, 0, 0.322195288, -0.167306567, -0.175387695, -0.0706591379, 0.546308799, -0.834494539, -0.903564453, 0.319213867, 0.285522461, 0.422381673, 0.774291009, 0.471307218, 0, 0, -0, 0, 0, 0, 0, 0.360907471, -0.137424707, -0.152655713, 0.180152304, -0.084091286, -0.979980323, 0.506958008, -0.845825195, 0.165771484, -0.842841796, -0.526567101, -0.109750931, 0, 3, 1, 1, 
525.581404, 32, 0.1, 0.1, 0.0112999067, 0.36672391, -0.0199674691, 0.913345297, -0.407185914, -2.88860543e-006, 0.407185914, 0.913345297, -1.16114284e-005, 7.36630426e-006, 9.42904404e-006, 1, 0.913345285, -0.407185941, -2.42568678e-007, 0.407185941, 0.913345285, -1.77070069e-005, 7.43159323e-006, 1.60738407e-005, 1, 0, 0, 0, 0, 0, 0, 0, 0.322195288, -0.167306567, -0.175387695, -0.0706591379, 0.546308799, -0.834494539, -0.903564453, 0.319213867, 0.285522461, 0.422381673, 0.774291009, 0.471307218, 0, 0, -0, 0, 0, 0, 0, 0.360907471, -0.137424707, -0.152655713, 0.180152304, -0.084091286, -0.979980323, 0.506958008, -0.845825195, 0.165771484, -0.842841796, -0.526567101, -0.109750931, 0, 3, 1, 1, 
525.582197, 32, 0.1, 0.1, 0.011299907, 0.36672391, -0.0199666254, 0.913345326, -0.407185848, 1.03530707e-005, 0.407185848, 0.913345326, -1.16553544e-005, -4.71003332e-006, 1.48609874e-005, 1, 0.913345333, -0.407185832, -2.70977095e-006, 0.407185832, 0.913345333, -1.1792378e-005, 7.27664591e-006, 9.6671331e-006, 1, 0, 0, 0, 0, 0, 0, 0, 0.322195288, -0.167306567, -0.175387695, -0.0706591379, 0.546308799, -0.834494539, -0.903564453, 0.319213867, 0.285522461, 0.422381673, 0.774291009, 0.471307218, 0, 0, -0, 0, 0, 0, 0, 0.360907471, -0.137424707, -0.152655713, 0.180152304, -0.084091286, -0.979980323, 0.506958008, -0.845825195, 0.165771484, -0.842841796, -0.526567101, -0.109750931, 0, 3, 1, 1, 
525.583015, 32, 0.1, 0.1, 0.0112999079, 0.36672391, -0.0199651087, 0.913345285, -0.40718594, 5.7457222e-006, 0.40718594, 0.913345285, -5.19986704e-006, -3.13051554e-006, 7.08885134e-006, 1, 0.913345284, -0.407185943, -1.5161152e-006, 0.407185943, 0.913345284, 1.23315019e-005, -3.63647757e-006, -1.18802599e-005, 1, 0, 0, 0, 0, 0, 0, 0, 0.322018286, -0.167160693, -0.176388794, -0.0741555932, 0.549227504, -0.832317212, -0.903076172, 0.316894531, 0.289672852, 0.422935458, 0.773210772, 0.472569059, 0, 0, -0, 0, 0, 0, 0, 0.361029639, -0.137543701, -0.153118555, 0.178523044, -0.0823023449, -0.980408327, 0.508056641, -0.845581055, 0.163574219, -0.842522067, -0.527238274, -0.109182203, 0, 3, 1, 1, 
525.583806, 32, 0.1, 0.1, 0.0112999093, 0.36672391, -0.019963738, 0.913345346, -0.407185804, -1.2435572e-005, 0.407185804, 0.913345346, 6.50571089e-006, 8.70893872e-006, -1.10055491e-005, 1, 0.913345336, -0.407185826, -4.37046176e-006, 0.407185826, 0.913345336, 1.84571066e-005, -3.52373134e-006, -1.86373023e-005, 1, 0, 0, 0, 0, 0, 0, 0, 0.322018286, -0.167160693, -0.176388794, -0.0741555932, 0.549227504, -0.832317212, -0.903076172, 0.316894531, 0.289672852, 0.422935458, 0.773210772, 0.472569059, 0, 0, -0, 0, 0, 0, 0, 0.361029639, -0.137543701, -0.153118555, 0.178523044, -0.0823023449, -0.980408327, 0.508056641, -0.845581055, 0.163574219, -0.842522067, -0.527238274, -0.109182203, 0, 3, 1, 1, 
525.584595, 32, 0.1, 0.1, 0.0112999095, 0.366723911, -0.0199630759, 0.913345302, -0.407185901, -1.2418716e-005, 0.407185902, 0.913345302, 1.27382464e-005, 6.1557416e-006, -1.66911436e-005, 1, 0.913345313, -0.407185877, -1.05704808e-005, 0.407185877, 0.913345313, 7.24286795e-006, 6.70530558e-006, -1.091939e-005, 1, 0, 0, 0, 0, 0, 0, 0, 0.322018286, -0.167160693, -0.176388794, -0.0741555932, 0.549227504, -0.832317212, -0.903076172, 0.316894531, 0.289672852, 0.422935458, 0.773210772, 0.472569059, 0, 0, -0, 0, 0, 0, 0, 0.361029639, -0.137543701, -0.153118555, 0.178523044, -0.0823023449, -0.980408327, 0.508056641, -0.845581055, 0.163574219, -0.842522067, -0.527238274, -0.109182203, 0, 3, 1, 1, 
525.585417, 32, 0.1, 0.1, 0.0112999086, 0.366723912, -0.0199629591, 0.91334534, -0.407185816, 3.09791385e-006, 0.407185816, 0.91334534, 1.00137646e-005, -6.90692809e-006, -7.88459865e-006, 1, 0.913345323, -0.407185855, -8.26508597e-007, 0.407185855, 0.913345323, -1.40829859e-005, 6.48928044e-006, 1.25260867e-005, 1, 0, 0, 0, 0, 0, 0, 0, 0.322515405, -0.166391357, -0.176747998, -0.0773869481, 0.551150592, -0.83070453, -0.903930664, 0.31262207, 0.291625977, 0.420481047, 0.773647736, 0.474167514, 0, 0, -0, 0, 0, 0, 0, 0.361778223, -0.137003955, -0.15337207, 0.179034537, -0.0798812427, -0.980549051, 0.511352539, -0.84387207, 0.162109375, -0.840381681, -0.530420602, -0.110178935, 0, 3, 1, 1, 
525.586205, 32, 0.1, 0.1, 0.0112999078, 0.366723913, -0.0199635631, 0.913345351, -0.407185793, 1.14620454e-005, 0.407185793, 0.913345351, -6.27410853e-006, -7.91407806e-006, 1.03976099e-005, 1, 0.913345361, -0.407185771, 1.45073728e-005, 0.407185771, 0.913345361, -1.3137985e-005, -7.90064112e-006, 1.79067134e-005, 1, 0, 0, 0, 0, 0, 0, 0, 0.322515405, -0.166391357, -0.176747998, -0.0773869481, 0.551150592, -0.83070453, -0.903930664, 0.31262207, 0.291625977, 0.420481047, 0.773647736, 0.474167514, 0, 0, -0, 0, 0, 0, 0, 0.361778223, -0.137003955, -0.15337207, 0.179034537, -0.0798812427, -0.980549051, 0.511352539, -0.84387207, 0.162109375, -0.840381681, -0.530420602, -0.110178935, 0, 3, 1, 1, 
525.586992, 32, 0.1, 0.1, 0.0112999081, 0.366723913, -0.0199647867, 0.913345333, -0.407185834, 1.28754517e-006, 0.407185834, 0.913345333, -1.51087186e-005, 4.97608282e-006, 1.43237478e-005, 1, 0.913345323, -0.407185856, 1.03592499e-005, 0.407185856, 0.913345323, -5.02514285e-006, -7.41540532e-006, 8.80783073e-006, 1, 0, 0, 0, 0, 0, 0, 0, 0.322515405, -0.166391357, -0.176747998, -0.0773869481, 0.551150592, -0.83070453, -0.903930664, 0.31262207, 0.291625977, 0.420481047, 0.773647736, 0.474167514, 0, 0, -0, 0, 0, 0, 0, 0.361778223, -0.137003955, -0.15337207, 0.179034537, -0.0798812427, -0.980549051, 0.511352539, -0.84387207, 0.162109375, -0.840381681, -0.530420602, -0.110178935, 0, 3, 1, 1, 
