time, trialNum, realDorsalTactorPos, realVentralTactorPos, boxPosX, boxPosY, boxPosZ, boxLocalRot_11, boxLocalRot_12, boxLocalRot_13, boxLocalRot_21, boxLocalRot_22, boxLocalRot_23, boxLocalRot_31, boxLocalRot_32, boxLocalRot_33, boxGlobalRot_11, boxGlobalRot_12, boxGlobalRot_13, boxGlobalRot_21, boxGlobalRot_22, boxGlobalRot_23, boxGlobalRot_31, boxGlobalRot_32, boxGlobalRot_33, indexForceX, indexForceY, indexForceZ, indexForceGlobalX, indexForceGlobalY, indexForceGlobalZ, indexContact, indexPosX, indexPosY, indexPosZ, indexRot_11, indexRot_12, indexRot_13, indexRot_21, indexRot_22, indexRot_23, indexRot_31, indexRot_32, indexRot_33, thumbForceX, thumbForceY, thumbForceZ, thumbForceGlobalX, thumbForceGlobalY, thumbForceGlobalZ, thumbContact, thumbPosX, thumbPosY, thumbPosZ, thumbRot_11, thumbRot_12, thumbRot_13, thumbRot_21, thumbRot_22, thumbRot_23, thumbRot_31, thumbRot_32, thumbRot_33, manipForceTooHigh, cceExpType, mapping, trialSuccess, 
556.671063, 36, 0.1, 0.1, 0.00724136444, 0.365094417, -0.019973457, 0.998818966, -0.048586751, -1.2010201e-005, 0.0485867512, 0.998818966, 1.34375053e-005, 1.13431318e-005, -1.40051718e-005, 1, 0.998818963, -0.0485868302, -3.19047754e-006, 0.0485868302, 0.998818963, 7.81550535e-006, 2.80697883e-006, -7.96129013e-006, 1, 0, 0, 0, 0, 0, 0, 0, 0.204561401, -0.101990405, -0.190236719, -0.0577824652, 0.382863937, -0.921940621, -0.837890625, 0.483520508, 0.253295898, 0.542698224, 0.787200979, 0.292971859, -0, 0, 0, 0, 0, 0, 0, 0.239025928, -0.0746084473, -0.182703125, -0.000122541804, -0.322501664, -0.94653707, 0.432617188, -0.853393555, 0.290771484, -0.901558084, -0.40936624, 0.139617744, 0, 3, 1, 1, 
556.684768, 36, 0.1, 0.1, 0.00724136448, 0.365094446, -0.0199706316, 0.998819612, -0.048573473, -4.53024272e-006, 0.0485734728, 0.998819611, -4.15534525e-005, 6.54329077e-006, 4.12843537e-005, 0.999999999, 0.998819617, -0.0485733807, 1.06939306e-005, 0.0485733813, 0.998819615, -6.23661658e-005, -7.65197215e-006, 6.28119902e-005, 0.999999998, 0, 0, 0, 0, 0, 0, 0, 0.208995215, -0.109105176, -0.191812817, -0.0433312266, 0.391789674, -0.918963888, -0.837280273, 0.487548828, 0.247314453, 0.544982274, 0.780349236, 0.307084239, 0, 0, 0, 0, 0, 0, 0, 0.243913867, -0.0829227539, -0.183807129, 0.00753778558, -0.328864487, -0.944244299, 0.423828125, -0.854125977, 0.30090332, -0.905539917, -0.402547695, 0.132985132, 0, 3, 1, 1, 
556.685565, 36, 0.1, 0.1, 0.00724136373, 0.365094436, -0.0199726263, 0.998819613, -0.0485734539, 1.13978544e-005, 0.0485734528, 0.99881961, 7.79823773e-005, -1.51722739e-005, -7.73366947e-005, 0.999999997, 0.998819612, -0.0485734717, 1.49191697e-005, 0.0485734704, 0.99881961, 7.45279104e-005, -1.85216386e-005, -7.37152627e-005, 0.999999997, 0, 0, 0, 0, 0, 0, 0, 0.208995215, -0.109105176, -0.191812817, -0.0433312266, 0.391789674, -0.918963888, -0.837280273, 0.487548828, 0.247314453, 0.544982274, 0.780349236, 0.307084239, 0, 0, 0, 0, 0, 0, 0, 0.243913867, -0.0829227539, -0.183807129, 0.00753778558, -0.328864487, -0.944244299, 0.423828125, -0.854125977, 0.30090332, -0.905539917, -0.402547695, 0.132985132, 0, 3, 1, 1, 
556.686391, 36, 0.1, 0.1, 0.00724136852, 0.365094432, -0.0199717706, 0.998819603, -0.0485736692, -1.56032406e-005, 0.0485736684, 0.998819602, -4.36603216e-005, 1.77055646e-005, 4.28508784e-005, 0.999999999, 0.998819608, -0.0485735474, -2.8478657e-005, 0.0485735469, 0.998819608, -1.81076808e-005, 2.93245953e-005, 1.67029973e-005, 0.999999999, 0, 0, 0, 0, 0, 0, 0, 0.210030518, -0.10990647, -0.191997729, -0.0405641673, 0.393667457, -0.918385017, -0.837158203, 0.48828125, 0.24621582, 0.545285566, 0.778939497, 0.309958761, 0, 0, 0, 0, 0, 0, 0, 0.244871289, -0.0840436035, -0.183834229, 0.0087069589, -0.329196609, -0.944225343, 0.422729492, -0.854492187, 0.301879883, -0.906153488, -0.401723403, 0.131636955, 0, 3, 1, 1, 
556.687182, 36, 0.1, 0.1, 0.00724136806, 0.365094441, -0.019968802, 0.998819562, -0.0485744938, -2.1796262e-005, 0.048574494, 0.998819563, 7.03591977e-006, 2.14287666e-005, -8.0863567e-006, 1, 0.998819571, -0.0485743154, 1.48658401e-006, 0.0485743154, 0.998819571, -2.41970478e-005, -3.09474174e-007, 2.42406947e-005, 1, 0, 0, 0, 0, 0, 0, 0, 0.210030518, -0.10990647, -0.191997729, -0.0405641673, 0.393667457, -0.918385017, -0.837158203, 0.48828125, 0.24621582, 0.545285566, 0.778939497, 0.309958761, 0, 0, 0, 0, 0, 0, 0, 0.244871289, -0.0840436035, -0.183834229, 0.0087069589, -0.329196609, -0.944225343, 0.422729492, -0.854492187, 0.301879883, -0.906153488, -0.401723403, 0.131636955, 0, 3, 1, 1, 
556.68797, 36, 0.1, 0.1, 0.00724137013, 0.365094437, -0.019965023, 0.998819532, -0.0485751224, 2.48874849e-005, 0.0485751227, 0.998819532, -1.42285848e-005, -2.41669508e-005, 1.5420701e-005, 1, 0.998819535, -0.0485750534, 1.1327112e-005, 0.0485750532, 0.998819535, 1.42054816e-005, -1.20037727e-005, -1.36384975e-005, 1, 0, 0, 0, 0, 0, 0, 0, 0.210030518, -0.10990647, -0.191997729, -0.0405641673, 0.393667457, -0.918385017, -0.837158203, 0.48828125, 0.24621582, 0.545285566, 0.778939497, 0.309958761, 0, 0, 0, 0, 0, 0, 0, 0.244871289, -0.0840436035, -0.183834229, 0.0087069589, -0.329196609, -0.944225343, 0.422729492, -0.854492187, 0.301879883, -0.906153488, -0.401723403, 0.131636955, 0, 3, 1, 1, 
556.688759, 36, 0.1, 0.1, 0.00724137179, 0.36509444, -0.0199617013, 0.99881953, -0.0485751534, -2.57620873e-005, 0.0485751538, 0.99881953, 1.43193014e-005, 2.50361137e-005, -1.55537952e-005, 1, 0.998819528, -0.0485751935, -2.81148204e-005, 0.0485751937, 0.998819529, 3.24436089e-006, 2.79240362e-005, -4.60621386e-006, 1, 0, 0, 0, 0, 0, 0, 0, 0.210030518, -0.10990647, -0.191997729, -0.0405641673, 0.393667457, -0.918385017, -0.837158203, 0.48828125, 0.24621582, 0.545285566, 0.778939497, 0.309958761, 0, 0, 0, 0, 0, 0, 0, 0.244871289, -0.0840436035, -0.183834229, 0.0087069589, -0.329196609, -0.944225343, 0.422729492, -0.854492187, 0.301879883, -0.906153488, -0.401723403, 0.131636955, 0, 3, 1, 1, 
556.68955, 36, 0.1, 0.1, 0.00724136733, 0.365094439, -0.0199599244, 0.998819542, -0.0485749084, 1.91452602e-005, 0.0485749083, 0.998819542, 2.11976517e-006, -1.92256275e-005, -1.18728362e-006, 1, 0.998819541, -0.0485749344, 3.45544163e-005, 0.0485749342, 0.998819541, 6.06564408e-006, -3.48082645e-005, -4.38000533e-006, 0.999999999, 0, 0, 0, 0, 0, 0, 0, 0.210030518, -0.10990647, -0.191997729, -0.0405641673, 0.393667457, -0.918385017, -0.837158203, 0.48828125, 0.24621582, 0.545285566, 0.778939497, 0.309958761, 0, 0, 0, 0, 0, 0, 0, 0.244871289, -0.0840436035, -0.183834229, 0.0087069589, -0.329196609, -0.944225343, 0.422729492, -0.854492187, 0.301879883, -0.906153488, -0.401723403, 0.131636955, 0, 3, 1, 1, 
556.690341, 36, 0.1, 0.1, 0.00724136957, 0.365094439, -0.019960142, 0.998819552, -0.0485747044, 1.94364174e-005, 0.0485747038, 0.998819552, 2.95355375e-005, -2.08481537e-005, -2.85565541e-005, 0.999999999, 0.998819548, -0.0485747914, -8.7493972e-006, 0.0485747916, 0.998819548, 1.85089655e-005, 7.83999982e-006, -1.89121167e-005, 1, 0, 0, 0, 0, 0, 0, 0, 0.210030518, -0.10990647, -0.191997729, -0.0405641673, 0.393667457, -0.918385017, -0.837158203, 0.48828125, 0.24621582, 0.545285566, 0.778939497, 0.309958761, 0, 0, 0, 0, 0, 0, 0, 0.244871289, -0.0840436035, -0.183834229, 0.0087069589, -0.329196609, -0.944225343, 0.422729492, -0.854492187, 0.301879883, -0.906153488, -0.401723403, 0.131636955, 0, 3, 1, 1, 
556.691161, 36, 0.1, 0.1, 0.00724136722, 0.365094444, -0.0199618031, 0.998819589, -0.0485739367, -2.40999445e-005, 0.0485739356, 0.998819589, -4.63824731e-005, 2.63244759e-005, 4.51570936e-005, 0.999999999, 0.99881958, -0.0485741289, -9.98171045e-006, 0.0485741284, 0.998819579, -4.52915553e-005, 1.21699257e-005, 4.47532394e-005, 0.999999999, 0, 0, 0, 0, 0, 0, 0, 0.211060449, -0.110692871, -0.192389648, -0.0378734919, 0.395824566, -0.917507722, -0.837402344, 0.48828125, 0.245239258, 0.545106589, 0.777732701, 0.313156794, 0, 0, 0, 0, 0, 0, 0, 0.245873633, -0.0849165527, -0.184097998, 0.0104576206, -0.328979326, -0.944289508, 0.421875, -0.854614258, 0.302490234, -0.906460457, -0.40145508, 0.129911813, 0, 3, 1, 1, 
556.691953, 36, 0.1, 0.1, 0.00724136707, 0.365094438, -0.0199644231, 0.99881964, -0.0485728931, 1.87124706e-005, 0.0485728918, 0.998819638, 6.73649598e-005, -2.19624941e-005, -6.63765261e-005, 0.999999998, 0.998819631, -0.0485730846, 1.97362624e-005, 0.0485730834, 0.998819629, 5.84977719e-005, -2.25543836e-005, -5.74700718e-005, 0.999999998, 0, 0, 0, 0, 0, 0, 0, 0.211060449, -0.110692871, -0.192389648, -0.0378734919, 0.395824566, -0.917507722, -0.837402344, 0.48828125, 0.245239258, 0.545106589, 0.777732701, 0.313156794, 0, 0, 0, 0, 0, 0, 0, 0.245873633, -0.0849165527, -0.184097998, 0.0104576206, -0.328979326, -0.944289508, 0.421875, -0.854614258, 0.302490234, -0.906460457, -0.40145508, 0.129911813, 0, 3, 1, 1, 
556.692746, 36, 0.1, 0.1, 0.00724137014, 0.365094437, -0.0199672, 0.998819668, -0.0485723294, -6.83874073e-006, 0.048572329, 0.998819666, -5.43047331e-005, 9.46837612e-006, 5.39084619e-005, 0.999999999, 0.998819666, -0.0485723554, -2.13329836e-005, 0.0485723547, 0.998819666, -2.87306655e-005, 2.27033196e-005, 2.76605605e-005, 0.999999999, 0, 0, 0, 0, 0, 0, 0, 0.211060449, -0.110692871, -0.192389648, -0.0378734919, 0.395824566, -0.917507722, -0.837402344, 0.48828125, 0.245239258, 0.545106589, 0.777732701, 0.313156794, 0, 0, 0, 0, 0, 0, 0, 0.245873633, -0.0849165527, -0.184097998, 0.0104576206, -0.328979326, -0.944289508, 0.421875, -0.854614258, 0.302490234, -0.906460457, -0.40145508, 0.129911813, 0, 3, 1, 1, 
556.693537, 36, 0.1, 0.1, 0.00724136641, 0.365094447, -0.0199692379, 0.998819657, -0.0485725456, -4.8305717e-006, 0.0485725456, 0.998819657, 5.42950501e-006, 4.56114509e-006, -5.6577295e-006, 1, 0.998819661, -0.0485724743, 1.7222571e-005, 0.0485724747, 0.99881966, -2.78627425e-005, -1.58488801e-005, 2.86663979e-005, 0.999999999, 0, 0, 0, 0, 0, 0, 0, 0.211060449, -0.110692871, -0.192389648, -0.0378734919, 0.395824566, -0.917507722, -0.837402344, 0.48828125, 0.245239258, 0.545106589, 0.777732701, 0.313156794, 0, 0, 0, 0, 0, 0, 0, 0.245873633, -0.0849165527, -0.184097998, 0.0104576206, -0.328979326, -0.944289508, 0.421875, -0.854614258, 0.302490234, -0.906460457, -0.40145508, 0.129911813, 0, 3, 1, 1, 
556.69433, 36, 0.1, 0.1, 0.00724136592, 0.365094441, -0.019969911, 0.998819651, -0.0485726706, 3.0011975e-005, 0.0485726706, 0.998819651, 2.28912696e-006, -3.00877394e-005, -8.28663219e-007, 1, 0.99881965, -0.0485726899, 1.90281306e-005, 0.0485726894, 0.99881965, 2.52152542e-005, -2.02304435e-005, -2.42612439e-005, 1, 0, 0, 0, 0, 0, 0, 0, 0.211060449, -0.110692871, -0.192389648, -0.0378734919, 0.395824566, -0.917507722, -0.837402344, 0.48828125, 0.245239258, 0.545106589, 0.777732701, 0.313156794, 0, 0, 0, 0, 0, 0, 0, 0.245873633, -0.0849165527, -0.184097998, 0.0104576206, -0.328979326, -0.944289508, 0.421875, -0.854614258, 0.302490234, -0.906460457, -0.40145508, 0.129911813, 0, 3, 1, 1, 
556.695119, 36, 0.1, 0.1, 0.00724136538, 0.365094451, -0.0199690846, 0.998819677, -0.0485721393, -1.41388628e-005, 0.0485721387, 0.998819676, -3.69418962e-005, 1.59165213e-005, 3.6211538e-005, 0.999999999, 0.99881967, -0.0485722851, -1.3797537e-005, 0.0485722843, 0.998819669, -5.39376177e-005, 1.64011247e-005, 5.32037756e-005, 0.999999998, 0, 0, 0, 0, 0, 0, 0, 0.211060449, -0.110692871, -0.192389648, -0.0378734919, 0.395824566, -0.917507722, -0.837402344, 0.48828125, 0.245239258, 0.545106589, 0.777732701, 0.313156794, 0, 0, 0, 0, 0, 0, 0, 0.245873633, -0.0849165527, -0.184097998, 0.0104576206, -0.328979326, -0.944289508, 0.421875, -0.854614258, 0.302490234, -0.906460457, -0.40145508, 0.129911813, 0, 3, 1, 1, 
556.695939, 36, 0.1, 0.1, 0.00724136178, 0.365094441, -0.0199668015, 0.998819715, -0.0485713529, 1.36700954e-005, 0.0485713519, 0.998819713, 6.80084277e-005, -1.69572221e-005, -6.72641834e-005, 0.999999998, 0.998819709, -0.0485714766, 2.59241778e-005, 0.0485714746, 0.998819707, 7.19425537e-005, -2.93879357e-005, -7.0598465e-005, 0.999999997, 0, 0, 0, 0, 0, 0, 0, 0.21204021, -0.111453516, -0.19276936, -0.036166452, 0.39848304, -0.916389293, -0.837646484, 0.487915039, 0.245239258, 0.544959813, 0.776570088, 0.316316634, 0, 0, 0, 0, 0, 0, 0, 0.246831299, -0.0855831055, -0.184343213, 0.0114415932, -0.328819644, -0.944308831, 0.421875, -0.854492187, 0.302734375, -0.90647978, -0.401806525, 0.12892784, 0, 3, 1, 1, 
556.696731, 36, 0.1, 0.1, 0.00724136273, 0.365094443, -0.0199642257, 0.998819721, -0.0485712303, 2.69231876e-005, 0.0485712317, 0.99881972, -5.32819705e-005, -2.43034398e-005, 5.45267753e-005, 0.999999998, 0.998819724, -0.0485711697, 1.00515342e-006, 0.0485711697, 0.998819723, -4.3876002e-005, 1.12714168e-006, 4.38730377e-005, 0.999999999, 0, 0, 0, 0, 0, 0, 0, 0.21204021, -0.111453516, -0.19276936, -0.036166452, 0.39848304, -0.916389293, -0.837646484, 0.487915039, 0.245239258, 0.544959813, 0.776570088, 0.316316634, 0, 0, 0, 0, 0, 0, 0, 0.246831299, -0.0855831055, -0.184343213, 0.0114415932, -0.328819644, -0.944308831, 0.421875, -0.854492187, 0.302734375, -0.90647978, -0.401806525, 0.12892784, 0, 3, 1, 1, 
556.69752, 36, 0.1, 0.1, 0.00724136034, 0.365094443, -0.0199623192, 0.998819697, -0.0485717297, -2.54829283e-005, 0.0485717312, 0.998819695, 6.1250395e-005, 2.2477813e-005, -6.24158509e-005, 0.999999998, 0.998819702, -0.0485716272, -9.96303294e-006, 0.0485716276, 0.998819701, 3.63934796e-005, 8.18358306e-006, -3.68344452e-005, 0.999999999, 0, 0, 0, 0, 0, 0, 0, 0.21204021, -0.111453516, -0.19276936, -0.036166452, 0.39848304, -0.916389293, -0.837646484, 0.487915039, 0.245239258, 0.544959813, 0.776570088, 0.316316634, 0, 0, 0, 0, 0, 0, 0, 0.246831299, -0.0855831055, -0.184343213, 0.0114415932, -0.328819644, -0.944308831, 0.421875, -0.854492187, 0.302734375, -0.90647978, -0.401806525, 0.12892784, 0, 3, 1, 1, 
556.69834, 36, 0.1, 0.1, 0.00724135963, 0.365094435, -0.0199613147, 0.998819684, -0.0485719899, 2.33206383e-005, 0.0485719907, 0.998819684, -3.35736102e-005, -2.16623755e-005, 3.46667125e-005, 0.999999999, 0.998819683, -0.0485720134, 2.59393204e-005, 0.0485720131, 0.998819683, 1.20982012e-005, -2.64963378e-005, -1.08239965e-005, 1, 0, 0, 0, 0, 0, 0, 0, 0.213040356, -0.112012646, -0.19293938, -0.0340344303, 0.400697437, -0.915531095, -0.838134766, 0.487548828, 0.244506836, 0.54437495, 0.775724995, 0.319394099, 0, 0, 0, 0, 0, 0, 0, 0.247848779, -0.0862433105, -0.184605273, 0.0132626172, -0.328340601, -0.944385757, 0.422363281, -0.854248047, 0.302978516, -0.906288383, -0.40286086, 0.1273241, 0, 3, 1, 1, 
556.699126, 36, 0.1, 0.1, 0.00724136536, 0.365094449, -0.0199617343, 0.998819716, -0.0485713349, -2.95425296e-005, 0.0485713342, 0.998819716, -2.57734827e-005, 3.07595135e-005, 2.43081426e-005, 0.999999999, 0.998819707, -0.0485715067, -3.9858187e-005, 0.0485715044, 0.998819706, -5.7848676e-005, 4.262094e-005, 5.58444256e-005, 0.999999998, 0, 0, 0, 0, 0, 0, 0, 0.213040356, -0.112012646, -0.19293938, -0.0340344303, 0.400697437, -0.915531095, -0.838134766, 0.487548828, 0.244506836, 0.54437495, 0.775724995, 0.319394099, 0, 0, 0, 0, 0, 0, 0, 0.247848779, -0.0862433105, -0.184605273, 0.0132626172, -0.328340601, -0.944385757, 0.422363281, -0.854248047, 0.302978516, -0.906288383, -0.40286086, 0.1273241, 0, 3, 1, 1, 
556.699916, 36, 0.1, 0.1, 0.00724135687, 0.365094438, -0.019963397, 0.998819775, -0.0485700942, 5.64935438e-005, 0.0485700916, 0.998819776, 4.69314535e-005, -5.87063338e-005, -4.41321672e-005, 0.999999997, 0.998819762, -0.0485703621, 6.16032694e-005, 0.0485703583, 0.998819762, 6.18768181e-005, -6.45359423e-005, -5.88116959e-005, 0.999999996, 0, 0, 0, 0, 0, 0, 0, 0.213040356, -0.112012646, -0.19293938, -0.0340344303, 0.400697437, -0.915531095, -0.838134766, 0.487548828, 0.244506836, 0.54437495, 0.775724995, 0.319394099, 0, 0, 0, 0, 0, 0, 0, 0.247848779, -0.0862433105, -0.184605273, 0.0132626172, -0.328340601, -0.944385757, 0.422363281, -0.854248047, 0.302978516, -0.906288383, -0.40286086, 0.1273241, 0, 3, 1, 1, 
556.700717, 36, 0.1, 0.1, 0.0072413635, 0.365094446, -0.0199655964, 0.998819852, -0.0485684777, -7.9470045e-005, 0.0485684735, 0.998819854, -5.49594151e-005, 8.20455538e-005, 5.1034816e-005, 0.999999995, 0.998819835, -0.0485688392, -6.54424618e-005, 0.0485688355, 0.998819836, -5.73160666e-005, 6.81490038e-005, 5.40699601e-005, 0.999999996, 0, 0, 0, 0, 0, 0, 0, 0.213040356, -0.112012646, -0.19293938, -0.0340344303, 0.400697437, -0.915531095, -0.838134766, 0.487548828, 0.244506836, 0.54437495, 0.775724995, 0.319394099, 0, 0, 0, 0, 0, 0, 0, 0.247848779, -0.0862433105, -0.184605273, 0.0132626172, -0.328340601, -0.944385757, 0.422363281, -0.854248047, 0.302978516, -0.906288383, -0.40286086, 0.1273241, 0, 3, 1, 1, 
556.701514, 36, 0.1, 0.1, 0.00724137034, 0.365094443, -0.0199675087, 0.998819953, -0.0485664394, 4.31636414e-005, 0.0485664368, 0.998819953, 5.74292462e-005, -4.59018403e-005, -5.52651727e-005, 0.999999997, 0.998819931, -0.0485669174, -3.20562565e-006, 0.0485669175, 0.99881993, 4.66186053e-005, 9.37720834e-007, -4.67192794e-005, 0.999999999, 0, 0, 0, 0, 0, 0, 0, 0.213040356, -0.112012646, -0.19293938, -0.0340344303, 0.400697437, -0.915531095, -0.838134766, 0.487548828, 0.244506836, 0.54437495, 0.775724995, 0.319394099, 0, 0, 0, 0, 0, 0, 0, 0.247848779, -0.0862433105, -0.184605273, 0.0132626172, -0.328340601, -0.944385757, 0.422363281, -0.854248047, 0.302978516, -0.906288383, -0.40286086, 0.1273241, 0, 3, 1, 1, 
556.702309, 36, 0.1, 0.1, 0.00724135032, 0.36509444, -0.0199685648, 0.998820086, -0.048563662, 7.5396079e-005, 0.0485636651, 0.998820088, -3.98044545e-005, -7.33740682e-005, 4.34189986e-005, 0.999999996, 0.998820055, -0.0485642659, 9.59800715e-005, 0.0485642677, 0.99882006, -1.69315793e-005, -9.5044551e-005, 2.15728028e-005, 0.999999995, 0, 0, 0, 0, 0, 0, 0, 0.213040356, -0.112012646, -0.19293938, -0.0340344303, 0.400697437, -0.915531095, -0.838134766, 0.487548828, 0.244506836, 0.54437495, 0.775724995, 0.319394099, 0, 0, 0, 0, 0, 0, 0, 0.247848779, -0.0862433105, -0.184605273, 0.0132626172, -0.328340601, -0.944385757, 0.422363281, -0.854248047, 0.302978516, -0.906288383, -0.40286086, 0.1273241, 0, 3, 1, 1, 
556.703127, 36, 0.1, 0.1, 0.00724135556, 0.365094446, -0.0199682384, 0.998820262, -0.048560077, -5.75683047e-005, 0.0485600783, 0.998820263, 2.1436659e-005, 5.64594234e-005, -2.42068907e-005, 0.999999998, 0.998820226, -0.0485608145, -5.30870017e-005, 0.0485608139, 0.998820228, -1.24340913e-005, 5.36281807e-005, 9.84147391e-006, 0.999999999, 0, 0, 0, 0, 0, 0, 0, 0.214073096, -0.112341089, -0.193102686, -0.0312362922, 0.403051498, -0.914577416, -0.838867187, 0.486816406, 0.243286133, 0.543313808, 0.774981372, 0.323074401, 0, 0, 0, 0, 0, 0, 0, 0.248899463, -0.0868869141, -0.184669238, 0.0155692475, -0.327618755, -0.944641686, 0.422607422, -0.854003906, 0.303100586, -0.906045946, -0.403889676, 0.125087832, 0, 3, 1, 1, 
556.703917, 36, 0.1, 0.1, 0.0072413574, 0.365094438, -0.0199670124, 0.998820454, -0.0485561437, 2.59781003e-005, 0.0485561436, 0.998820455, 6.875844e-006, -2.62813224e-005, -5.60633726e-006, 1, 0.998820415, -0.048556958, 1.92100132e-005, 0.0485569573, 0.998820415, 3.4785917e-005, -2.08764517e-005, -3.38121043e-005, 0.999999999, 0, 0, 0, 0, 0, 0, 0, 0.214073096, -0.112341089, -0.193102686, -0.0312362922, 0.403051498, -0.914577416, -0.838867187, 0.486816406, 0.243286133, 0.543313808, 0.774981372, 0.323074401, 0, 0, 0, 0, 0, 0, 0, 0.248899463, -0.0868869141, -0.184669238, 0.0155692475, -0.327618755, -0.944641686, 0.422607422, -0.854003906, 0.303100586, -0.906045946, -0.403889676, 0.125087832, 0, 3, 1, 1, 
556.704711, 36, 0.1, 0.1, 0.00724136172, 0.365094451, -0.0199653881, 0.998820664, -0.048551813, -4.49805121e-005, 0.0485518109, 0.998820664, -4.82772902e-005, 4.72714149e-005, 4.60364697e-005, 0.999999998, 0.998820622, -0.0485526872, -4.10773451e-005, 0.0485526845, 0.998820621, -6.55513658e-005, 4.42115943e-005, 6.34796406e-005, 0.999999997, 0, 0, 0, 0, 0, 0, 0, 0.214073096, -0.112341089, -0.193102686, -0.0312362922, 0.403051498, -0.914577416, -0.838867187, 0.486816406, 0.243286133, 0.543313808, 0.774981372, 0.323074401, 0, 0, 0, 0, 0, 0, 0, 0.248899463, -0.0868869141, -0.184669238, 0.0155692475, -0.327618755, -0.944641686, 0.422607422, -0.854003906, 0.303100586, -0.906045946, -0.403889676, 0.125087832, 0, 3, 1, 1, 
556.7055, 36, 0.1, 0.1, 0.00724135938, 0.365094443, -0.0199639273, 0.99882088, -0.0485473835, 4.71367131e-005, 0.0485473808, 0.998820879, 5.61511735e-005, -4.98071258e-005, -5.37966005e-005, 0.999999997, 0.998820837, -0.0485482629, 3.95195303e-005, 0.0485482605, 0.998820836, 5.98844877e-005, -4.23802182e-005, -5.78952696e-005, 0.999999997, 0, 0, 0, 0, 0, 0, 0, 0.214073096, -0.112341089, -0.193102686, -0.0312362922, 0.403051498, -0.914577416, -0.838867187, 0.486816406, 0.243286133, 0.543313808, 0.774981372, 0.323074401, 0, 0, 0, 0, 0, 0, 0, 0.248899463, -0.0868869141, -0.184669238, 0.0155692475, -0.327618755, -0.944641686, 0.422607422, -0.854003906, 0.303100586, -0.906045946, -0.403889676, 0.125087832, 0, 3, 1, 1, 
556.70629, 36, 0.1, 0.1, 0.00724135919, 0.365094449, -0.0199631124, 0.998821085, -0.0485431747, -2.64395877e-005, 0.0485431726, 0.998821083, -7.34723193e-005, 2.99749973e-005, 7.21022402e-005, 0.999999997, 0.998821046, -0.0485439675, -2.20320786e-005, 0.048543966, 0.998821045, -6.25471461e-005, 2.50423904e-005, 6.14038815e-005, 0.999999998, 0, 0, 0, 0, 0, 0, 0, 0.214073096, -0.112341089, -0.193102686, -0.0312362922, 0.403051498, -0.914577416, -0.838867187, 0.486816406, 0.243286133, 0.543313808, 0.774981372, 0.323074401, 0, 0, 0, 0, 0, 0, 0, 0.248899463, -0.0868869141, -0.184669238, 0.0155692475, -0.327618755, -0.944641686, 0.422607422, -0.854003906, 0.303100586, -0.906045946, -0.403889676, 0.125087832, 0, 3, 1, 1, 
556.70708, 36, 0.1, 0.1, 0.00724135488, 0.365094451, -0.0199632072, 0.998821253, -0.0485396941, 4.54628958e-005, 0.0485396915, 0.998821253, 5.56331151e-005, -4.8109721e-005, -5.33607828e-005, 0.999999997, 0.998821224, -0.0485402898, 4.46509909e-005, 0.0485402886, 0.998821225, 2.71066575e-005, -4.59141225e-005, -2.49073329e-005, 0.999999999, 0, 0, 0, 0, 0, 0, 0, 0.214073096, -0.112341089, -0.193102686, -0.0312362922, 0.403051498, -0.914577416, -0.838867187, 0.486816406, 0.243286133, 0.543313808, 0.774981372, 0.323074401, 0, 0, 0, 0, 0, 0, 0, 0.248899463, -0.0868869141, -0.184669238, 0.0155692475, -0.327618755, -0.944641686, 0.422607422, -0.854003906, 0.303100586, -0.906045946, -0.403889676, 0.125087832, 0, 3, 1, 1, 
556.707896, 36, 0.1, 0.1, 0.00724135849, 0.365094443, -0.0199638084, 0.99882137, -0.0485372921, -4.65400955e-005, 0.0485372911, 0.998821371, -2.4063457e-005, 4.76532171e-005, 2.17761649e-005, 0.999999999, 0.998821353, -0.0485376362, -4.378716e-005, 0.0485376369, 0.998821354, 1.53602969e-005, 4.29899979e-005, -1.74675178e-005, 0.999999999, 0, 0, 0, 0, 0, 0, 0, 0.215115967, -0.112878491, -0.193480444, -0.0282602986, 0.405709973, -0.913464979, -0.839477539, 0.486450195, 0.24206543, 0.542595274, 0.77381876, 0.326976742, 0, 0, 0, 0, 0, 0, 0, 0.249696875, -0.0874921875, -0.184963037, 0.0175499526, -0.326449582, -0.945031777, 0.422363281, -0.854248047, 0.302856445, -0.906205994, -0.404503247, 0.122960205, 0, 3, 1, 1, 
556.708685, 36, 0.1, 0.1, 0.00724135729, 0.365094453, -0.0199648552, 0.998821424, -0.0485361927, 3.71439291e-005, 0.048536193, 0.998821424, -8.58073124e-006, -3.66836761e-005, 1.03734431e-005, 0.999999999, 0.998821417, -0.0485363253, 3.34950824e-005, 0.0485363265, 0.998821417, -3.75209176e-005, -3.16344782e-005, 3.91024243e-005, 0.999999999, 0, 0, 0, 0, 0, 0, 0, 0.215115967, -0.112878491, -0.193480444, -0.0282602986, 0.405709973, -0.913464979, -0.839477539, 0.486450195, 0.24206543, 0.542595274, 0.77381876, 0.326976742, 0, 0, 0, 0, 0, 0, 0, 0.249696875, -0.0874921875, -0.184963037, 0.0175499526, -0.326449582, -0.945031777, 0.422363281, -0.854248047, 0.302856445, -0.906205994, -0.404503247, 0.122960205, 0, 3, 1, 1, 
556.709476, 36, 0.1, 0.1, 0.00724136119, 0.365094442, -0.0199660945, 0.998821427, -0.0485361283, -4.60388838e-005, 0.0485361303, 0.998821427, 4.33946454e-005, 4.38784155e-005, -4.55780509e-005, 0.999999998, 0.998821429, -0.0485360791, -4.19144569e-005, 0.0485360816, 0.998821428, 5.98990517e-005, 3.89577926e-005, -6.18628199e-005, 0.999999997, 0, 0, 0, 0, 0, 0, 0, 0.215115967, -0.112878491, -0.193480444, -0.0282602986, 0.405709973, -0.913464979, -0.839477539, 0.486450195, 0.24206543, 0.542595274, 0.77381876, 0.326976742, 0, 0, 0, 0, 0, 0, 0, 0.249696875, -0.0874921875, -0.184963037, 0.0175499526, -0.326449582, -0.945031777, 0.422363281, -0.854248047, 0.302856445, -0.906205994, -0.404503247, 0.122960205, 0, 3, 1, 1, 
556.710266, 36, 0.1, 0.1, 0.00724135997, 0.365094449, -0.0199670653, 0.998821397, -0.0485367511, 3.85459167e-005, 0.0485367532, 0.998821396, -5.38978853e-005, -3.5884458e-005, 5.57052547e-005, 0.999999998, 0.998821404, -0.0485365958, 3.32953607e-005, 0.0485365976, 0.998821403, -5.62123162e-005, -3.05277644e-005, 5.77621081e-005, 0.999999998, 0, 0, 0, 0, 0, 0, 0, 0.215115967, -0.112878491, -0.193480444, -0.0282602986, 0.405709973, -0.913464979, -0.839477539, 0.486450195, 0.24206543, 0.542595274, 0.77381876, 0.326976742, 0, 0, 0, 0, 0, 0, 0, 0.249696875, -0.0874921875, -0.184963037, 0.0175499526, -0.326449582, -0.945031777, 0.422363281, -0.854248047, 0.302856445, -0.906205994, -0.404503247, 0.122960205, 0, 3, 1, 1, 
556.711057, 36, 0.1, 0.1, 0.0072413622, 0.365094446, -0.0199674562, 0.998821357, -0.0485375742, -3.77509282e-005, 0.0485375762, 0.998821356, 5.51646891e-005, 3.50288731e-005, -5.69320081e-005, 0.999999998, 0.998821364, -0.0485374234, -3.32812721e-005, 0.0485374249, 0.998821364, 4.49889042e-005, 3.10584001e-005, -4.65512659e-005, 0.999999998, 0, 0, 0, 0, 0, 0, 0, 0.215115967, -0.112878491, -0.193480444, -0.0282602986, 0.405709973, -0.913464979, -0.839477539, 0.486450195, 0.24206543, 0.542595274, 0.77381876, 0.326976742, 0, 0, 0, 0, 0, 0, 0, 0.249696875, -0.0874921875, -0.184963037, 0.0175499526, -0.326449582, -0.945031777, 0.422363281, -0.854248047, 0.302856445, -0.906205994, -0.404503247, 0.122960205, 0, 3, 1, 1, 
556.711859, 36, 0.1, 0.1, 0.00724136002, 0.365094445, -0.0199670224, 0.998821331, -0.0485381007, 4.02917338e-005, 0.0485381026, 0.998821331, -4.82681304e-005, -3.79013998e-005, 5.01669226e-005, 0.999999998, 0.998821333, -0.0485380594, 3.66971433e-005, 0.0485380603, 0.998821333, -2.4342793e-005, -3.54723377e-005, 2.60953091e-005, 0.999999999, 0, 0, 0, 0, 0, 0, 0, 0.215115967, -0.112878491, -0.193480444, -0.0282602986, 0.405709973, -0.913464979, -0.839477539, 0.486450195, 0.24206543, 0.542595274, 0.77381876, 0.326976742, 0, 0, 0, 0, 0, 0, 0, 0.249696875, -0.0874921875, -0.184963037, 0.0175499526, -0.326449582, -0.945031777, 0.422363281, -0.854248047, 0.302856445, -0.906205994, -0.404503247, 0.122960205, 0, 3, 1, 1, 
556.712681, 36, 0.1, 0.1, 0.00724136364, 0.365094452, -0.019965755, 0.998821339, -0.0485379204, -4.77547409e-005, 0.0485379216, 0.99882134, 2.54302399e-005, 4.64641233e-005, -2.77181821e-005, 0.999999999, 0.998821334, -0.0485380322, -4.27724736e-005, 0.0485380317, 0.998821335, -1.2533724e-005, 4.33304215e-005, 1.04428592e-005, 0.999999999, 0, 0, 0, 0, 0, 0, 0, 0.216403198, -0.113416626, -0.193865039, -0.0248151399, 0.408324264, -0.912517292, -0.840698242, 0.485351562, 0.240112305, 0.540937287, 0.773157513, 0.331399545, 0, 0, 0, 0, 0, 0, 0, 0.250760742, -0.0878859375, -0.185042139, 0.0201249058, -0.32537629, -0.945358069, 0.422363281, -0.854248047, 0.302978516, -0.90618084, -0.405372381, 0.120225571, 0, 3, 1, 1, 
556.71347, 36, 0.1, 0.1, 0.00724136261, 0.365094441, -0.0199644643, 0.998821391, -0.0485368731, 3.99188721e-005, 0.0485368725, 0.998821391, 1.43384279e-005, -4.05677658e-005, -1.23839913e-005, 0.999999999, 0.998821378, -0.0485371459, 3.32126907e-005, 0.0485371445, 0.998821377, 4.37870739e-005, -3.5298845e-005, -4.21234163e-005, 0.999999998, 0, 0, 0, 0, 0, 0, 0, 0.216403198, -0.113416626, -0.193865039, -0.0248151399, 0.408324264, -0.912517292, -0.840698242, 0.485351562, 0.240112305, 0.540937287, 0.773157513, 0.331399545, 0, 0, 0, 0, 0, 0, 0, 0.250760742, -0.0878859375, -0.185042139, 0.0201249058, -0.32537629, -0.945358069, 0.422363281, -0.854248047, 0.302978516, -0.90618084, -0.405372381, 0.120225571, 0, 3, 1, 1, 
556.714258, 36, 0.1, 0.1, 0.00724136514, 0.365094453, -0.0199636778, 0.99882148, -0.0485350301, -4.27995683e-005, 0.0485350281, 0.99882148, -4.78984398e-005, 4.50738803e-005, 4.57647123e-005, 0.999999998, 0.99882146, -0.0485354426, -3.67104081e-005, 0.0485354401, 0.998821459, -6.47666213e-005, 3.98106201e-005, 6.29085354e-005, 0.999999997, 0, 0, 0, 0, 0, 0, 0, 0.216403198, -0.113416626, -0.193865039, -0.0248151399, 0.408324264, -0.912517292, -0.840698242, 0.485351562, 0.240112305, 0.540937287, 0.773157513, 0.331399545, 0, 0, 0, 0, 0, 0, 0, 0.250760742, -0.0878859375, -0.185042139, 0.0201249058, -0.32537629, -0.945358069, 0.422363281, -0.854248047, 0.302978516, -0.90618084, -0.405372381, 0.120225571, 0, 3, 1, 1, 
556.715079, 36, 0.1, 0.1, 0.00724136325, 0.365094443, -0.0199632519, 0.9988216, -0.0485325675, 4.24480891e-005, 0.0485325646, 0.998821598, 6.78187017e-005, -4.5689484e-005, -6.56786695e-005, 0.999999997, 0.998821576, -0.0485330605, 3.70219997e-005, 0.0485330578, 0.998821574, 7.16828671e-005, -4.0457361e-005, -6.98016034e-005, 0.999999997, 0, 0, 0, 0, 0, 0, 0, 0.217429102, -0.114218652, -0.194259644, -0.0221817525, 0.410157863, -0.911678189, -0.841064453, 0.485229492, 0.238891602, 0.540396607, 0.772249139, 0.334356443, 0, 0, 0, 0, 0, 0, 0, 0.251766504, -0.0887508301, -0.185307617, 0.0218500478, -0.324852404, -0.945409475, 0.422119141, -0.854248047, 0.303344727, -0.906245006, -0.405685546, 0.118379027, 0, 3, 1, 1, 
556.715865, 36, 0.1, 0.1, 0.00724136483, 0.365094448, -0.0199635397, 0.998821716, -0.0485301787, -3.60016396e-005, 0.0485301761, 0.998821714, -6.95319989e-005, 3.93336198e-005, 6.77029045e-005, 0.999999997, 0.998821695, -0.0485306235, -3.09493949e-005, 0.0485306217, 0.998821694, -5.6611381e-005, 3.36603126e-005, 5.50426822e-005, 0.999999998, 0, 0, 0, 0, 0, 0, 0, 0.217429102, -0.114218652, -0.194259644, -0.0221817525, 0.410157863, -0.911678189, -0.841064453, 0.485229492, 0.238891602, 0.540396607, 0.772249139, 0.334356443, 0, 0, 0, 0, 0, 0, 0, 0.251766504, -0.0887508301, -0.185307617, 0.0218500478, -0.324852404, -0.945409475, 0.422119141, -0.854248047, 0.303344727, -0.906245006, -0.405685546, 0.118379027, 0, 3, 1, 1, 
556.716731, 36, 0.1, 0.1, 0.00724136186, 0.365094449, -0.0199641512, 0.998821814, -0.0485281627, 3.76928197e-005, 0.0485281604, 0.998821813, 6.06627943e-005, -4.05922644e-005, -5.87621591e-005, 0.999999997, 0.998821797, -0.04852851, 3.69602868e-005, 0.048528509, 0.998821797, 2.91575555e-005, -3.83317128e-005, -2.73295744e-005, 0.999999999, 0, 0, 0, 0, 0, 0, 0, 0.217429102, -0.114218652, -0.194259644, -0.0221817525, 0.410157863, -0.911678189, -0.841064453, 0.485229492, 0.238891602, 0.540396607, 0.772249139, 0.334356443, 0, 0, 0, 0, 0, 0, 0, 0.251766504, -0.0887508301, -0.185307617, 0.0218500478, -0.324852404, -0.945409475, 0.422119141, -0.854248047, 0.303344727, -0.906245006, -0.405685546, 0.118379027, 0, 3, 1, 1, 
556.717527, 36, 0.1, 0.1, 0.00724136619, 0.365094441, -0.0199643743, 0.998821859, -0.0485272338, -4.83912699e-005, 0.0485272326, 0.99882186, -2.60457571e-005, 4.95981867e-005, 2.36667771e-005, 0.999999998, 0.998821855, -0.0485273199, -4.5775132e-005, 0.0485273206, 0.998821855, 1.51551627e-005, 4.49857629e-005, -1.73586522e-005, 0.999999999, 0, 0, 0, 0, 0, 0, 0, 0.217429102, -0.114218652, -0.194259644, -0.0221817525, 0.410157863, -0.911678189, -0.841064453, 0.485229492, 0.238891602, 0.540396607, 0.772249139, 0.334356443, 0, 0, 0, 0, 0, 0, 0, 0.251766504, -0.0887508301, -0.185307617, 0.0218500478, -0.324852404, -0.945409475, 0.422119141, -0.854248047, 0.303344727, -0.906245006, -0.405685546, 0.118379027, 0, 3, 1, 1, 
556.718318, 36, 0.1, 0.1, 0.0072413653, 0.365094452, -0.019964984, 0.998821853, -0.048527369, 3.5251062e-005, 0.0485273696, 0.998821853, -1.61019905e-005, -3.44281438e-005, 1.77936613e-005, 0.999999999, 0.998821858, -0.0485272699, 3.15285849e-005, 0.0485272712, 0.998821857, -4.44089051e-005, -2.93363968e-005, 4.58865813e-005, 0.999999999, 0, 0, 0, 0, 0, 0, 0, 0.217429102, -0.114218652, -0.194259644, -0.0221817525, 0.410157863, -0.911678189, -0.841064453, 0.485229492, 0.238891602, 0.540396607, 0.772249139, 0.334356443, 0, 0, 0, 0, 0, 0, 0, 0.251766504, -0.0887508301, -0.185307617, 0.0218500478, -0.324852404, -0.945409475, 0.422119141, -0.854248047, 0.303344727, -0.906245006, -0.405685546, 0.118379027, 0, 3, 1, 1, 
556.719106, 36, 0.1, 0.1, 0.00724136982, 0.365094443, -0.0199657612, 0.998821803, -0.0485283819, -5.01525077e-005, 0.0485283837, 0.998821803, 3.5178003e-005, 4.83862866e-005, -3.75703765e-005, 0.999999998, 0.998821815, -0.0485281278, -4.56541084e-005, 0.0485281301, 0.998821815, 5.15322698e-005, 4.30995548e-005, -5.36870638e-005, 0.999999998, 0, 0, 0, 0, 0, 0, 0, 0.217429102, -0.114218652, -0.194259644, -0.0221817525, 0.410157863, -0.911678189, -0.841064453, 0.485229492, 0.238891602, 0.540396607, 0.772249139, 0.334356443, 0, 0, 0, 0, 0, 0, 0, 0.251766504, -0.0887508301, -0.185307617, 0.0218500478, -0.324852404, -0.945409475, 0.422119141, -0.854248047, 0.303344727, -0.906245006, -0.405685546, 0.118379027, 0, 3, 1, 1, 
556.719928, 36, 0.1, 0.1, 0.00724136795, 0.365094452, -0.0199661159, 0.998821724, -0.0485300182, 4.39970962e-005, 0.0485300207, 0.998821723, -5.87273394e-005, -4.10952166e-005, 6.07933224e-005, 0.999999997, 0.99882174, -0.0485296751, 3.82718892e-005, 0.0485296775, 0.998821739, -6.36378965e-005, -3.51384685e-005, 6.5420237e-005, 0.999999997, 0, 0, 0, 0, 0, 0, 0, 0.218660181, -0.114866772, -0.194024438, -0.0197715259, 0.41053267, -0.911575596, -0.842773437, 0.483520508, 0.236083984, 0.537666618, 0.773054919, 0.336564848, 0, 0, 0, 0, 0, 0, 0, 0.252900195, -0.0895057617, -0.185118555, 0.0253706942, -0.325683259, -0.945154279, 0.422607422, -0.853271484, 0.305419922, -0.905874971, -0.407123043, 0.115950996, 0, 3, 1, 1, 
556.720719, 36, 0.1, 0.1, 0.00724136935, 0.365094448, -0.0199661174, 0.99882164, -0.048531734, -3.60218255e-005, 0.0485317363, 0.998821639, 6.43675252e-005, 3.28555112e-005, -6.60398788e-005, 0.999999997, 0.998821656, -0.0485314183, -3.11521991e-005, 0.0485314199, 0.998821655, 5.25604906e-005, 2.85646559e-005, -5.40104168e-005, 0.999999998, 0, 0, 0, 0, 0, 0, 0, 0.218660181, -0.114866772, -0.194024438, -0.0197715259, 0.41053267, -0.911575596, -0.842773437, 0.483520508, 0.236083984, 0.537666618, 0.773054919, 0.336564848, 0, 0, 0, 0, 0, 0, 0, 0.252900195, -0.0895057617, -0.185118555, 0.0253706942, -0.325683259, -0.945154279, 0.422607422, -0.853271484, 0.305419922, -0.905874971, -0.407123043, 0.115950996, 0, 3, 1, 1, 
556.72151, 36, 0.1, 0.1, 0.00724136665, 0.365094445, -0.0199659242, 0.998821578, -0.0485330164, 4.21520864e-005, 0.048533018, 0.998821578, -3.86908323e-005, -4.02246307e-005, 4.06910061e-005, 0.999999998, 0.998821587, -0.0485328342, 3.8780063e-005, 0.0485328348, 0.998821588, -1.45175225e-005, -3.80297876e-005, 1.63825212e-005, 0.999999999, 0, 0, 0, 0, 0, 0, 0, 0.218660181, -0.114866772, -0.194024438, -0.0197715259, 0.41053267, -0.911575596, -0.842773437, 0.483520508, 0.236083984, 0.537666618, 0.773054919, 0.336564848, 0, 0, 0, 0, 0, 0, 0, 0.252900195, -0.0895057617, -0.185118555, 0.0253706942, -0.325683259, -0.945154279, 0.422607422, -0.853271484, 0.305419922, -0.905874971, -0.407123043, 0.115950996, 0, 3, 1, 1, 
556.722305, 36, 0.1, 0.1, 0.00724136967, 0.365094449, -0.0199655861, 0.998821555, -0.0485334886, -4.62176319e-005, 0.0485334902, 0.998821555, 3.32263041e-005, 4.45505785e-005, -3.54302517e-005, 0.999999998, 0.998821555, -0.0485334809, -4.00209308e-005, 0.0485334808, 0.998821556, -5.4492045e-006, 4.02382373e-005, 3.50042784e-006, 0.999999999, 0, 0, 0, 0, 0, 0, 0, 0.218660181, -0.114866772, -0.194024438, -0.0197715259, 0.41053267, -0.911575596, -0.842773437, 0.483520508, 0.236083984, 0.537666618, 0.773054919, 0.336564848, 0, 0, 0, 0, 0, 0, 0, 0.252900195, -0.0895057617, -0.185118555, 0.0253706942, -0.325683259, -0.945154279, 0.422607422, -0.853271484, 0.305419922, -0.905874971, -0.407123043, 0.115950996, 0, 3, 1, 1, 
556.723092, 36, 0.1, 0.1, 0.007241369, 0.365094437, -0.0199652798, 0.998821578, -0.0485330227, 3.62020002e-005, 0.0485330219, 0.998821578, 2.15949423e-005, -3.72074068e-005, -1.98125018e-005, 0.999999999, 0.99882157, -0.0485331828, 3.00871149e-005, 0.0485331812, 0.99882157, 5.07891662e-005, -3.25166192e-005, -4.92690914e-005, 0.999999998, 0, 0, 0, 0, 0, 0, 0, 0.218660181, -0.114866772, -0.194024438, -0.0197715259, 0.41053267, -0.911575596, -0.842773437, 0.483520508, 0.236083984, 0.537666618, 0.773054919, 0.336564848, 0, 0, 0, 0, 0, 0, 0, 0.252900195, -0.0895057617, -0.185118555, 0.0253706942, -0.325683259, -0.945154279, 0.422607422, -0.853271484, 0.305419922, -0.905874971, -0.407123043, 0.115950996, 0, 3, 1, 1, 
556.72388, 36, 0.1, 0.1, 0.00724137219, 0.365094448, -0.0199651564, 0.998821642, -0.0485316998, -4.5485398e-005, 0.0485316978, 0.998821642, -4.41625449e-005, 4.75750833e-005, 4.1903022e-005, 0.999999998, 0.998821627, -0.0485320117, -3.93261518e-005, 0.0485320094, 0.998821626, -5.91851688e-005, 4.21521862e-005, 5.72068494e-005, 0.999999997, 0, 0, 0, 0, 0, 0, 0, 0.218660181, -0.114866772, -0.194024438, -0.0197715259, 0.41053267, -0.911575596, -0.842773437, 0.483520508, 0.236083984, 0.537666618, 0.773054919, 0.336564848, 0, 0, 0, 0, 0, 0, 0, 0.252900195, -0.0895057617, -0.185118555, 0.0253706942, -0.325683259, -0.945154279, 0.422607422, -0.853271484, 0.305419922, -0.905874971, -0.407123043, 0.115950996, 0, 3, 1, 1, 
556.724703, 36, 0.1, 0.1, 0.00724137062, 0.36509444, -0.0199648423, 0.998821736, -0.0485297729, 4.12352474e-005, 0.0485297705, 0.998821735, 5.62031974e-005, -4.39141898e-005, -5.41358381e-005, 0.999999998, 0.998821716, -0.0485301701, 3.52107958e-005, 0.0485301679, 0.998821715, 6.14672085e-005, -3.81523215e-005, -5.96859969e-005, 0.999999997, 0, 0, 0, 0, 0, 0, 0, 0.21963811, -0.115487061, -0.194222168, -0.0179892237, 0.411472122, -0.911212772, -0.844116211, 0.482055664, 0.234375, 0.535654042, 0.773524084, 0.338855629, 0, 0, 0, 0, 0, 0, 0, 0.253979199, -0.0902160156, -0.184930957, 0.0280160097, -0.325747425, -0.945071523, 0.423583984, -0.852416992, 0.306396484, -0.905351452, -0.408848185, 0.11399581, 0, 3, 1, 1, 
556.725493, 36, 0.1, 0.1, 0.00724137201, 0.365094446, -0.0199646388, 0.998821831, -0.0485278183, -3.52438068e-005, 0.0485278155, 0.998821829, -7.66672655e-005, 3.89227787e-005, 7.48666335e-005, 0.999999996, 0.998821813, -0.0485281822, -3.00443442e-005, 0.0485281802, 0.998821812, -6.48294609e-005, 3.31550022e-005, 6.32950824e-005, 0.999999997, 0, 0, 0, 0, 0, 0, 0, 0.21963811, -0.115487061, -0.194222168, -0.0179892237, 0.411472122, -0.911212772, -0.844116211, 0.482055664, 0.234375, 0.535654042, 0.773524084, 0.338855629, 0, 0, 0, 0, 0, 0, 0, 0.253979199, -0.0902160156, -0.184930957, 0.0280160097, -0.325747425, -0.945071523, 0.423583984, -0.852416992, 0.306396484, -0.905351452, -0.408848185, 0.11399581, 0, 3, 1, 1, 
556.726285, 36, 0.1, 0.1, 0.00724137047, 0.36509445, -0.0199647629, 0.998821905, -0.0485262963, 3.13082374e-005, 0.0485262949, 0.998821904, 4.48424742e-005, -3.34473925e-005, -4.32703728e-005, 0.999999999, 0.998821894, -0.0485265224, 3.03080516e-005, 0.0485265218, 0.998821894, 1.74824175e-005, -3.11207064e-005, -1.5991077e-005, 0.999999999, 0, 0, 0, 0, 0, 0, 0, 0.21963811, -0.115487061, -0.194222168, -0.0179892237, 0.411472122, -0.911212772, -0.844116211, 0.482055664, 0.234375, 0.535654042, 0.773524084, 0.338855629, 0, 0, 0, 0, 0, 0, 0, 0.253979199, -0.0902160156, -0.184930957, 0.0280160097, -0.325747425, -0.945071523, 0.423583984, -0.852416992, 0.306396484, -0.905351452, -0.408848185, 0.11399581, 0, 3, 1, 1, 
