time, trialNum, realDorsalTactorPos, realVentralTactorPos, boxPosX, boxPosY, boxPosZ, boxLocalRot_11, boxLocalRot_12, boxLocalRot_13, boxLocalRot_21, boxLocalRot_22, boxLocalRot_23, boxLocalRot_31, boxLocalRot_32, boxLocalRot_33, boxGlobalRot_11, boxGlobalRot_12, boxGlobalRot_13, boxGlobalRot_21, boxGlobalRot_22, boxGlobalRot_23, boxGlobalRot_31, boxGlobalRot_32, boxGlobalRot_33, indexForceX, indexForceY, indexForceZ, indexForceGlobalX, indexForceGlobalY, indexForceGlobalZ, indexContact, indexPosX, indexPosY, indexPosZ, indexRot_11, indexRot_12, indexRot_13, indexRot_21, indexRot_22, indexRot_23, indexRot_31, indexRot_32, indexRot_33, thumbForceX, thumbForceY, thumbForceZ, thumbForceGlobalX, thumbForceGlobalY, thumbForceGlobalZ, thumbContact, thumbPosX, thumbPosY, thumbPosZ, thumbRot_11, thumbRot_12, thumbRot_13, thumbRot_21, thumbRot_22, thumbRot_23, thumbRot_31, thumbRot_32, thumbRot_33, manipForceTooHigh, cceExpType, mapping, trialSuccess, 
943.909918, 68, 0.1, 0.1, 0.225, -0.115000016, -0.0199821153, 0.707106781, -0.707106781, 1.2772027e-014, 0.70710678, 0.70710678, 5.64003829e-005, -3.98810932e-005, -3.98810932e-005, 0.999999998, 0.707106781, -0.707106781, 0, 0.707106781, 0.707106781, 0, 0, 0, 1, 0, 0, 0, 0, 0, 0, 0, 0.142403394, -0.00496635742, -0.178287183, -0.253706925, 0.695347497, -0.672324113, -0.531982422, 0.480224609, 0.697387695, 0.807812733, 0.534646897, 0.248245627, 0, -0, 0, 0, 0, 0, 0, 0.220005615, 0.00681850586, -0.163865918, 0.0427609358, 0.331589676, -0.942329, -0.00268554688, -0.943115234, -0.33203125, -0.998927298, 0.0169310436, -0.0393898119, 1, 3, 5, 0, 
943.910718, 68, 0.1, 0.1, 0.225, -0.115000016, -0.0199656645, 0.70710678, -0.707106783, 3.39389731e-007, 0.707106782, 0.707106778, -6.15937676e-005, 4.33133861e-005, 4.37933554e-005, 0.999999998, 0.707106779, -0.707106783, 2.74274998e-007, 0.707106783, 0.707106779, -3.67974649e-005, 2.58257954e-005, 2.62136786e-005, 0.999999999, 0, 0, 0, 0, 0, 0, 0, 0.151716333, -0.0233484131, -0.172690015, -0.253706925, 0.695347497, -0.672324113, -0.531982422, 0.480224609, 0.697387695, 0.807812733, 0.534646897, 0.248245627, 0, -0, 0, 0, 0, 0, 0, 0.2277604, -0.00897099609, -0.158060937, 0.0427609358, 0.331589676, -0.942329, -0.00268554688, -0.943115234, -0.33203125, -0.998927298, 0.0169310436, -0.0393898119, 1, 3, 5, 0, 
943.911526, 68, 0.1, 0.1, 0.225, -0.115000016, -0.0199507426, 0.707106781, -0.707106782, 1.03527363e-006, 0.707106779, 0.707106778, 8.52265035e-005, -6.09962876e-005, -5.95321895e-005, 0.999999996, 0.707106781, -0.707106781, 1.13817829e-006, 0.70710678, 0.70710678, 5.17171215e-005, -3.73743409e-005, -3.57647137e-005, 0.999999999, 0, 0, 0, 0, 0, 0, 0, 0.151716333, -0.0233484131, -0.172690015, -0.253706925, 0.695347497, -0.672324113, -0.531982422, 0.480224609, 0.697387695, 0.807812733, 0.534646897, 0.248245627, 0, -0, 0, 0, 0, 0, 0, 0.2277604, -0.00897099609, -0.158060937, 0.0427609358, 0.331589676, -0.942329, -0.00268554688, -0.943115234, -0.33203125, -0.998927298, 0.0169310436, -0.0393898119, 1, 3, 5, 0, 
943.91238, 68, 0.1, 0.1, 0.225, -0.115000015, -0.0199410527, 0.707106774, -0.707106788, 1.21064891e-006, 0.707106784, 0.70710677, -0.000114237637, 7.99221503e-005, 8.16342648e-005, 0.999999993, 0.707106774, -0.707106788, 1.46751103e-006, 0.707106787, 0.707106772, -6.98438179e-005, 4.83493508e-005, 5.04247238e-005, 0.999999998, 0, 0, 0, 0, 0, 0, 0, 0.151716333, -0.0233484131, -0.172690015, -0.253706925, 0.695347497, -0.672324113, -0.531982422, 0.480224609, 0.697387695, 0.807812733, 0.534646897, 0.248245627, 0, -0, 0, 0, 0, 0, 0, 0.2277604, -0.00897099609, -0.158060937, 0.0427609358, 0.331589676, -0.942329, -0.00268554688, -0.943115234, -0.33203125, -0.998927298, 0.0169310436, -0.0393898119, 1, 3, 5, 0, 
943.913172, 68, 0.1, 0.1, 0.225, -0.115000006, -0.0199407308, 0.707106779, -0.707106783, 1.71566641e-006, 0.707106782, 0.707106777, 6.98790076e-005, -5.06250796e-005, -4.81987606e-005, 0.999999998, 0.707106779, -0.707106783, 1.46068864e-006, 0.707106783, 0.707106779, 2.33964371e-005, -1.75766423e-005, -1.55109165e-005, 1, 0, 0, 0, 0, 0, 0, 0, 0.151716333, -0.0233484131, -0.172690015, -0.253706925, 0.695347497, -0.672324113, -0.531982422, 0.480224609, 0.697387695, 0.807812733, 0.534646897, 0.248245627, 0, -0, 0, 0, 0, 0, 0, 0.2277604, -0.00897099609, -0.158060937, 0.0427609358, 0.331589676, -0.942329, -0.00268554688, -0.943115234, -0.33203125, -0.998927298, 0.0169310436, -0.0393898119, 1, 3, 5, 0, 
943.913966, 68, 0.1, 0.1, 0.225, -0.115000009, -0.019948557, 0.707106764, -0.707106799, -1.8316183e-006, 0.707106797, 0.707106761, -7.87365159e-005, 5.69702754e-005, 5.43799732e-005, 0.999999997, 0.707106768, -0.707106795, -2.07423458e-006, 0.707106794, 0.707106767, -3.92510142e-005, 2.92213642e-005, 2.62879524e-005, 0.999999999, 0, 0, 0, 0, 0, 0, 0, 0.151716333, -0.0233484131, -0.172690015, -0.253706925, 0.695347497, -0.672324113, -0.531982422, 0.480224609, 0.697387695, 0.807812733, 0.534646897, 0.248245627, 0, -0, 0, 0, 0, 0, 0, 0.2277604, -0.00897099609, -0.158060937, 0.0427609358, 0.331589676, -0.942329, -0.00268554688, -0.943115234, -0.33203125, -0.998927298, 0.0169310436, -0.0393898119, 1, 3, 5, 0, 
943.914854, 68, 0.1, 0.1, 0.224999999, -0.115000002, -0.0199612906, 0.707106712, -0.70710685, 5.03895656e-006, 0.707106849, 0.707106712, 5.41933892e-005, -4.18835968e-005, -3.47574286e-005, 0.999999999, 0.707106723, -0.70710684, 4.80986216e-006, 0.707106839, 0.707106723, 2.20637855e-005, -1.90025395e-005, -1.22003646e-005, 1, 0, 0, 0, 0, 0, 0, 0, 0.152293408, -0.0249426025, -0.172252441, -0.255395991, 0.694561935, -0.672552143, -0.534423828, 0.478271484, 0.696899414, 0.805732008, 0.53749034, 0.249146887, 0, 0, 0, 0, 0, 0, 0, 0.228338818, -0.010243457, -0.157427832, 0.0414255182, 0.330739131, -0.942789087, 0.00170898437, -0.943481445, -0.330932617, -0.999067656, 0.0121774248, -0.0396836544, 1, 3, 5, 0, 
943.915645, 68, 0.1, 0.1, 0.224999999, -0.115000008, -0.0199723233, 0.707106604, -0.707106959, 8.71438799e-006, 0.707106959, 0.707106603, -3.2241684e-005, 1.66363178e-005, 2.89603121e-005, 0.999999999, 0.707106658, -0.707106904, -2.16247046e-006, 0.707106904, 0.707106658, 2.13019588e-006, 2.28210416e-008, -3.03537348e-006, 1, 0, 0, 0, 0, 0, 0, 0, 0.152293408, -0.0249426025, -0.172252441, -0.255395991, 0.694561935, -0.672552143, -0.534423828, 0.478271484, 0.696899414, 0.805732008, 0.53749034, 0.249146887, 0, 0, 0, 0, 0, 0, 0, 0.228338818, -0.010243457, -0.157427832, 0.0414255182, 0.330739131, -0.942789087, 0.00170898437, -0.943481445, -0.330932617, -0.999067656, 0.0121774248, -0.0396836544, 1, 3, 5, 0, 
943.916448, 68, 0.1, 0.1, 0.224999992, -0.114999997, -0.0199799916, 0.707106212, -0.70710735, 3.32705045e-005, 0.707107351, 0.707106211, -2.24823441e-005, -7.62834963e-006, 3.94232235e-005, 0.999999999, 0.707106308, -0.707107253, 3.86727658e-005, 0.707107254, 0.707106307, -3.86682524e-005, -3.15487521e-009, 5.46883584e-005, 0.999999999, 0, 0, 0, 0, 0, 0, 0, 0.152293408, -0.0249426025, -0.172252441, -0.255395991, 0.694561935, -0.672552143, -0.534423828, 0.478271484, 0.696899414, 0.805732008, 0.53749034, 0.249146887, 0, 0, 0, 0, 0, 0, 0, 0.228338818, -0.010243457, -0.157427832, 0.0414255182, 0.330739131, -0.942789087, 0.00170898437, -0.943481445, -0.330932617, -0.999067656, 0.0121774248, -0.0396836544, 1, 3, 5, 0, 
943.917297, 68, 0.1, 0.1, 0.224999998, -0.115000001, -0.0199818384, 0.707105476, -0.707108085, -4.74497519e-005, 0.707108086, 0.707105476, 2.84199493e-005, 1.34560034e-005, -5.3648005e-005, 0.999999998, 0.707105626, -0.707107934, -4.54302509e-005, 0.707107936, 0.707105626, 2.43801047e-005, 1.48846205e-005, -4.93634001e-005, 0.999999999, 0, 0, 0, 0, 0, 0, 0, 0.152293408, -0.0249426025, -0.172252441, -0.255395991, 0.694561935, -0.672552143, -0.534423828, 0.478271484, 0.696899414, 0.805732008, 0.53749034, 0.249146887, 0, 0, 0, 0, 0, 0, 0, 0.228338818, -0.010243457, -0.157427832, 0.0405629472, 0.330406276, -0.942872209, 0.00549316406, -0.943725586, -0.330444336, -0.999035573, 0.00833741636, -0.040060619, 1, 3, 5, 0, 
943.918102, 68, 0.1, 0.1, 0.224999999, -0.115000004, -0.0199774857, 0.707104983, -0.707108579, 1.95703464e-005, 0.70710858, 0.707104982, -1.67987322e-005, -1.95976179e-006, 2.57168271e-005, 1, 0.707105037, -0.707108525, 1.44797405e-005, 0.707108525, 0.707105038, 2.18808388e-006, -1.17859102e-005, 8.6915428e-006, 1, 0, 0, 0, 0, 0, 0, 0, 0.152293408, -0.0249426025, -0.172252441, -0.255395991, 0.694561935, -0.672552143, -0.534423828, 0.478271484, 0.696899414, 0.805732008, 0.53749034, 0.249146887, 0, 0, 0, 0, 0, 0, 0, 0.228952148, -0.0114624512, -0.157218018, 0.0405629472, 0.330406276, -0.942872209, 0.00549316406, -0.943725586, -0.330444336, -0.999035573, 0.00833741636, -0.040060619, 1, 3, 5, 0, 
943.918898, 68, 0.1, 0.1, 0.224999999, -0.115000001, -0.0199694351, 0.707104925, -0.707108637, -1.35665854e-006, 0.707108637, 0.707104925, 2.13288248e-005, -1.41224963e-005, -1.6041022e-005, 1, 0.707104904, -0.707108658, -1.01330272e-005, 0.707108658, 0.707104904, -2.66324412e-006, 9.0483162e-006, -5.28195828e-006, 1, 0, 0, 0, 0, 0, 0, 0, 0.152293408, -0.0249426025, -0.172252441, -0.255395991, 0.694561935, -0.672552143, -0.534423828, 0.478271484, 0.696899414, 0.805732008, 0.53749034, 0.249146887, 0, 0, 0, 0, 0, 0, 0, 0.228952148, -0.0114624512, -0.157218018, 0.0405629472, 0.330406276, -0.942872209, 0.00549316406, -0.943725586, -0.330444336, -0.999035573, 0.00833741636, -0.040060619, 1, 3, 5, 0, 
943.919767, 68, 0.1, 0.1, 0.225000001, -0.115000001, -0.0199593636, 0.707105187, -0.707108374, -3.7740549e-005, 0.707108374, 0.707105188, -1.96485183e-005, 4.05801698e-005, -1.27930891e-005, 0.999999999, 0.707105135, -0.707108427, -2.92641786e-005, 0.707108427, 0.707105135, -1.0213937e-005, 2.79152119e-005, -1.347062e-005, 1, 0, 0, 0, 0, 0, 0, 0, 0.153159399, -0.0265040771, -0.171792529, -0.255847182, 0.69451176, -0.672361183, -0.536010742, 0.476928711, 0.696533203, 0.804443959, 0.538734207, 0.250352561, 0, 0, 0, 0, 0, 0, 0, 0.228952148, -0.0114624512, -0.157218018, 0.0405629472, 0.330406276, -0.942872209, 0.00549316406, -0.943725586, -0.330444336, -0.999035573, 0.00833741636, -0.040060619, 1, 3, 5, 0, 
943.920561, 68, 0.1, 0.1, 0.225000001, -0.115000003, -0.0199527138, 0.707105322, -0.70710824, 2.49472214e-005, 0.70710824, 0.707105322, 2.16509485e-005, -3.29498771e-005, 2.33088494e-006, 0.999999999, 0.707105288, -0.707108274, 1.42418789e-005, 0.707108274, 0.707105288, 3.43361303e-005, -3.43498698e-005, -1.42087089e-005, 0.999999999, 0, 0, 0, 0, 0, 0, 0, 0.153159399, -0.0265040771, -0.171792529, -0.255847182, 0.69451176, -0.672361183, -0.536010742, 0.476928711, 0.696533203, 0.804443959, 0.538734207, 0.250352561, 0, 0, 0, 0, 0, 0, 0, 0.228952148, -0.0114624512, -0.157218018, 0.0405629472, 0.330406276, -0.942872209, 0.00549316406, -0.943725586, -0.330444336, -0.999035573, 0.00833741636, -0.040060619, 1, 3, 5, 0, 
943.921357, 68, 0.1, 0.1, 0.225000004, -0.115, -0.0199507467, 0.707105537, -0.707108025, 1.3607744e-005, 0.707108025, 0.707105536, -3.31128354e-005, 1.37922405e-005, 3.30364142e-005, 0.999999999, 0.707105512, -0.707108049, -2.44726891e-005, 0.707108049, 0.707105513, -2.44631204e-005, 3.46028427e-005, -6.82817258e-009, 0.999999999, 0, 0, 0, 0, 0, 0, 0, 0.153159399, -0.0265040771, -0.171792529, -0.255847182, 0.69451176, -0.672361183, -0.536010742, 0.476928711, 0.696533203, 0.804443959, 0.538734207, 0.250352561, 0, 0, 0, 0, 0, 0, 0, 0.228952148, -0.0114624512, -0.157218018, 0.0405629472, 0.330406276, -0.942872209, 0.00549316406, -0.943725586, -0.330444336, -0.999035573, 0.00833741636, -0.040060619, 1, 3, 5, 0, 
943.92224, 68, 0.1, 0.1, 0.224999997, -0.115000004, -0.0199530724, 0.707105201, -0.70710836, -3.76499581e-005, 0.707108361, 0.707105201, 2.39723525e-005, 9.6714303e-006, -4.35735753e-005, 0.999999999, 0.707105315, -0.707108247, 2.18798072e-007, 0.707108247, 0.707105315, 3.54053846e-005, -2.51901527e-005, -2.48806217e-005, 0.999999999, 0, 0, 0, 0, 0, 0, 0, 0.154032837, -0.028301001, -0.171352271, -0.25615871, 0.69422045, -0.672551021, -0.537719727, 0.475830078, 0.695922852, 0.80325738, 0.540016265, 0.251494956, 0, 0, 0, 0, 0, 0, 0, 0.229588672, -0.0129393555, -0.15681499, 0.0400773408, 0.329415374, -0.943281256, 0.00891113281, -0.944091797, -0.329467773, -0.999086613, 0.00491921516, -0.0408400679, 1, 3, 5, 0, 
943.923035, 68, 0.1, 0.1, 0.224999999, -0.115000004, -0.0199586969, 0.70710444, -0.707109122, 3.10799152e-005, 0.707109122, 0.70710444, 8.07108604e-006, -2.76838846e-005, 1.62697908e-005, 0.999999999, 0.707104622, -0.70710894, 2.21158802e-005, 0.70710894, 0.707104622, -1.59318404e-006, -1.45116865e-005, 1.67648844e-005, 1, 0, 0, 0, 0, 0, 0, 0, 0.154032837, -0.028301001, -0.171352271, -0.25615871, 0.69422045, -0.672551021, -0.537719727, 0.475830078, 0.695922852, 0.80325738, 0.540016265, 0.251494956, 0, 0, 0, 0, 0, 0, 0, 0.229588672, -0.0129393555, -0.15681499, 0.0400773408, 0.329415374, -0.943281256, 0.00891113281, -0.944091797, -0.329467773, -0.999086613, 0.00491921516, -0.0408400679, 1, 3, 5, 0, 
943.923828, 68, 0.1, 0.1, 0.225000005, -0.115000006, -0.0199660763, 0.707103396, -0.707110165, -3.90817349e-005, 0.707110166, 0.707103397, -9.34055574e-006, 3.42396294e-005, -2.10303534e-005, 0.999999999, 0.707103626, -0.707109935, -4.77327313e-005, 0.707109936, 0.707103627, 2.11150159e-006, 3.22589237e-005, -3.5245339e-005, 0.999999999, 0, 0, 0, 0, 0, 0, 0, 0.154032837, -0.028301001, -0.171352271, -0.25615871, 0.69422045, -0.672551021, -0.537719727, 0.475830078, 0.695922852, 0.80325738, 0.540016265, 0.251494956, 0, 0, 0, 0, 0, 0, 0, 0.229588672, -0.0129393555, -0.15681499, 0.0400773408, 0.329415374, -0.943281256, 0.00891113281, -0.944091797, -0.329467773, -0.999086613, 0.00491921516, -0.0408400679, 1, 3, 5, 0, 
943.924681, 68, 0.1, 0.1, 0.225000002, -0.115000004, -0.019972435, 0.707102024, -0.707111538, -2.52790459e-006, 0.707111538, 0.707102024, 4.54565444e-006, -1.42679825e-006, -5.00175196e-006, 1, 0.707102284, -0.707111278, 1.77983873e-005, 0.707111278, 0.707102284, -1.36828899e-006, -1.16177477e-005, 1.35529606e-005, 1, 0, 0, 0, 0, 0, 0, 0, 0.154032837, -0.028301001, -0.171352271, -0.25615871, 0.69422045, -0.672551021, -0.537719727, 0.475830078, 0.695922852, 0.80325738, 0.540016265, 0.251494956, 0, 0, 0, 0, 0, 0, 0, 0.229588672, -0.0129393555, -0.15681499, 0.0400773408, 0.329415374, -0.943281256, 0.00891113281, -0.944091797, -0.329467773, -0.999086613, 0.00491921516, -0.0408400679, 1, 3, 5, 0, 
943.925478, 68, 0.1, 0.1, 0.225000005, -0.115000001, -0.0199753106, 0.707100632, -0.70711293, 1.95590876e-005, 0.70711293, 0.707100632, -1.36181634e-005, -4.20066382e-006, 2.34598957e-005, 1, 0.707100916, -0.707112646, 8.49258592e-007, 0.707112646, 0.707100916, -2.11318297e-005, 1.43420725e-005, 1.55428576e-005, 1, 0, 0, 0, 0, 0, 0, 0, 0.154032837, -0.028301001, -0.171352271, -0.25615871, 0.69422045, -0.672551021, -0.537719727, 0.475830078, 0.695922852, 0.80325738, 0.540016265, 0.251494956, 0, 0, 0, 0, 0, 0, 0, 0.229588672, -0.0129393555, -0.15681499, 0.0400773408, 0.329415374, -0.943281256, 0.00891113281, -0.944091797, -0.329467773, -0.999086613, 0.00491921516, -0.0408400679, 1, 3, 5, 0, 
943.926291, 68, 0.1, 0.1, 0.225000005, -0.115000001, -0.0199745485, 0.707099131, -0.707114431, -2.43296901e-005, 0.707114431, 0.707099131, -3.11089211e-006, 1.94032594e-005, -1.50041658e-005, 1, 0.707099453, -0.707114109, -1.95899328e-005, 0.70711411, 0.707099453, 3.09814072e-006, 1.16612917e-005, -1.60430115e-005, 1, 0, 0, 0, 0, 0, 0, 0, 0.154032837, -0.028301001, -0.171352271, -0.25615871, 0.69422045, -0.672551021, -0.537719727, 0.475830078, 0.695922852, 0.80325738, 0.540016265, 0.251494956, 0, 0, 0, 0, 0, 0, 0, 0.229588672, -0.0129393555, -0.15681499, 0.0400773408, 0.329415374, -0.943281256, 0.00891113281, -0.944091797, -0.329467773, -0.999086613, 0.00491921516, -0.0408400679, 1, 3, 5, 0, 
943.927159, 68, 0.1, 0.1, 0.225, -0.115000001, -0.0199694169, 0.70709744, -0.707116121, 2.99639143e-005, 0.707116121, 0.707097441, 1.53770127e-005, -3.20607407e-005, 1.03149205e-005, 0.999999999, 0.707097756, -0.707115805, 4.10309644e-005, 0.707115806, 0.707097757, 6.61449339e-006, -3.36901157e-005, 2.433655e-005, 0.999999999, 0, 0, 0, 0, 0, 0, 0, 0.154690479, -0.0301053711, -0.170919458, -0.256330574, 0.693789477, -0.672880523, -0.53918457, 0.475097656, 0.6953125, 0.802172274, 0.541196852, 0.252535879, 0, 0, 0, 0, 0, 0, 0, 0.230226904, -0.0144226074, -0.156181885, 0.0395789746, 0.328105109, -0.943741343, 0.0114746094, -0.944580078, -0.327880859, -0.99901625, 0.0022039039, -0.0411339104, 1, 3, 5, 0, 
943.927956, 68, 0.1, 0.1, 0.225000003, -0.115000002, -0.0199634631, 0.70709575, -0.707117813, 8.64441927e-006, 0.707117813, 0.707095749, -1.30898298e-005, 3.14361969e-006, 1.53683859e-005, 1, 0.707096092, -0.70711747, -2.0164238e-005, 0.70711747, 0.707096093, -4.60194292e-006, 1.75121681e-005, -1.10044691e-005, 1, 0, 0, 0, 0, 0, 0, 0, 0.154690479, -0.0301053711, -0.170919458, -0.256330574, 0.693789477, -0.672880523, -0.53918457, 0.475097656, 0.6953125, 0.802172274, 0.541196852, 0.252535879, 0, 0, 0, 0, 0, 0, 0, 0.230226904, -0.0144226074, -0.156181885, 0.0395789746, 0.328105109, -0.943741343, 0.0114746094, -0.944580078, -0.327880859, -0.99901625, 0.0022039039, -0.0411339104, 1, 3, 5, 0, 
943.928762, 68, 0.1, 0.1, 0.225, -0.115000005, -0.0199584712, 0.707093858, -0.707119703, -4.06029212e-005, 0.707119704, 0.707093858, 1.24133926e-005, 1.99323217e-005, -3.74885593e-005, 0.999999999, 0.70709428, -0.707119282, -6.36966848e-006, 0.707119282, 0.707094279, 2.62683304e-005, -1.40708868e-005, -2.30783016e-005, 1, 0, 0, 0, 0, 0, 0, 0, 0.154690479, -0.0301053711, -0.170919458, -0.256330574, 0.693789477, -0.672880523, -0.53918457, 0.475097656, 0.6953125, 0.802172274, 0.541196852, 0.252535879, 0, 0, 0, 0, 0, 0, 0, 0.230226904, -0.0144226074, -0.156181885, 0.0395789746, 0.328105109, -0.943741343, 0.0114746094, -0.944580078, -0.327880859, -0.99901625, 0.0022039039, -0.0411339104, 1, 3, 5, 0, 
943.929599, 68, 0.1, 0.1, 0.225000001, -0.115000002, -0.0199552984, 0.707091668, -0.707121893, 4.1353603e-005, 0.707121893, 0.707091669, -7.65228555e-007, -2.86996783e-005, 2.97831248e-005, 0.999999999, 0.707092098, -0.707121463, 3.16380815e-005, 0.707121464, 0.707092098, -1.32064234e-005, -1.3032492e-005, 3.17101241e-005, 0.999999999, 0, 0, 0, 0, 0, 0, 0, 0.154690479, -0.0301053711, -0.170919458, -0.256330574, 0.693789477, -0.672880523, -0.53918457, 0.475097656, 0.6953125, 0.802172274, 0.541196852, 0.252535879, 0, 0, 0, 0, 0, 0, 0, 0.230226904, -0.0144226074, -0.156181885, 0.0395789746, 0.328105109, -0.943741343, 0.0114746094, -0.944580078, -0.327880859, -0.99901625, 0.0022039039, -0.0411339104, 1, 3, 5, 0, 
943.930391, 68, 0.1, 0.1, 0.225000006, -0.115000004, -0.0199558844, 0.707089404, -0.707124157, -3.63396791e-005, 0.707124158, 0.707089404, -1.04920041e-005, 3.31145516e-005, -1.827788e-005, 0.999999999, 0.707089865, -0.707123695, -4.98779201e-005, 0.707123696, 0.707089866, -1.08431557e-007, 3.53448463e-005, -3.51931883e-005, 0.999999999, 0, 0, 0, 0, 0, 0, 0, 0.154690479, -0.0301053711, -0.170919458, -0.256330574, 0.693789477, -0.672880523, -0.53918457, 0.475097656, 0.6953125, 0.802172274, 0.541196852, 0.252535879, 0, 0, 0, 0, 0, 0, 0, 0.230226904, -0.0144226074, -0.156181885, 0.0395789746, 0.328105109, -0.943741343, 0.0114746094, -0.944580078, -0.327880859, -0.99901625, 0.0022039039, -0.0411339104, 1, 3, 5, 0, 
943.9312, 68, 0.1, 0.1, 0.225000001, -0.115000005, -0.0199595753, 0.707086947, -0.707126615, 5.86568532e-007, 0.707126614, 0.707086947, 2.70036124e-005, -1.9509728e-005, -1.86791236e-005, 1, 0.707087471, -0.707126091, 3.34811831e-005, 0.70712609, 0.707087471, 1.63610303e-005, -3.52434365e-005, 1.21067386e-005, 0.999999999, 0, 0, 0, 0, 0, 0, 0, 0.154690479, -0.0301053711, -0.170919458, -0.256330574, 0.693789477, -0.672880523, -0.53918457, 0.475097656, 0.6953125, 0.802172274, 0.541196852, 0.252535879, 0, 0, 0, 0, 0, 0, 0, 0.230226904, -0.0144226074, -0.156181885, 0.0395789746, 0.328105109, -0.943741343, 0.0114746094, -0.944580078, -0.327880859, -0.99901625, 0.0022039039, -0.0411339104, 1, 3, 5, 0, 
943.932058, 68, 0.1, 0.1, 0.225000006, -0.115000005, -0.0199641006, 0.707084163, -0.707129399, 2.27315681e-005, 0.707129399, 0.707084163, -9.02961142e-006, -9.68802808e-006, 2.24588553e-005, 1, 0.707084679, -0.707128883, -4.90782632e-006, 0.707128883, 0.707084679, -1.78926038e-005, 1.61226257e-005, 9.18112024e-006, 1, 0, 0, 0, 0, 0, 0, 0, 0.155093018, -0.0316790527, -0.170473706, -0.257124371, 0.693498168, -0.672924707, -0.540405273, 0.473999023, 0.695068359, 0.801062079, 0.54247891, 0.253037245, 0, 0, -0, 0, 0, 0, 0, 0.230631885, -0.0161591309, -0.155782031, 0.0389719666, 0.32646892, -0.944310072, 0.0145263672, -0.945068359, -0.326171875, -0.999080049, -0.000913891622, -0.0415619143, 1, 3, 5, 0, 
943.932859, 68, 0.1, 0.1, 0.225000006, -0.115000006, -0.0199683592, 0.707081547, -0.707132013, -3.00684298e-005, 0.707132014, 0.707081548, -3.91786831e-006, 2.4031282e-005, -1.84920969e-005, 1, 0.707082095, -0.707131466, -2.34384023e-005, 0.707131466, 0.707082095, 5.77177724e-006, 1.24914693e-005, -2.06551522e-005, 1, 0, 0, 0, 0, 0, 0, 0, 0.155093018, -0.0316790527, -0.170473706, -0.257124371, 0.693498168, -0.672924707, -0.540405273, 0.473999023, 0.695068359, 0.801062079, 0.54247891, 0.253037245, 0, 0, -0, 0, 0, 0, 0, 0.230631885, -0.0161591309, -0.155782031, 0.0389719666, 0.32646892, -0.944310072, 0.0145263672, -0.945068359, -0.326171875, -0.999080049, -0.000913891622, -0.0415619143, 1, 3, 5, 0, 
943.93367, 68, 0.1, 0.1, 0.225000003, -0.115000004, -0.0199711109, 0.707078906, -0.707134655, 2.66723404e-005, 0.707134655, 0.707078906, 4.89880229e-006, -2.23235622e-005, 1.53970965e-005, 1, 0.707079425, -0.707134135, 3.46542527e-005, 0.707134136, 0.707079426, -3.28632357e-006, -2.21794376e-005, 2.68288968e-005, 0.999999999, 0, 0, 0, 0, 0, 0, 0, 0.155093018, -0.0316790527, -0.170473706, -0.257124371, 0.693498168, -0.672924707, -0.540405273, 0.473999023, 0.695068359, 0.801062079, 0.54247891, 0.253037245, 0, 0, -0, 0, 0, 0, 0, 0.230631885, -0.0161591309, -0.155782031, 0.0389719666, 0.32646892, -0.944310072, 0.0145263672, -0.945068359, -0.326171875, -0.999080049, -0.000913891622, -0.0415619143, 1, 3, 5, 0, 
943.934542, 68, 0.1, 0.1, 0.225000006, -0.115000004, -0.0199705549, 0.707076089, -0.707137472, 2.81631058e-006, 0.707137472, 0.707076089, -1.50072208e-005, 8.62082231e-006, 1.26027657e-005, 1, 0.707076585, -0.707136975, -2.14338579e-005, 0.707136975, 0.707076586, -9.13987384e-006, 2.16185218e-005, -8.69408266e-006, 1, 0, 0, 0, 0, 0, 0, 0, 0.155738452, -0.0335003906, -0.170058472, -0.25753737, 0.692724588, -0.673571727, -0.541870117, 0.473510742, 0.694335938, 0.800015165, 0.543837352, 0.253634091, 0, 0, -0, 0, 0, 0, 0, 0.231278418, -0.0179037109, -0.155390479, 0.038595002, 0.324526127, -0.945000202, 0.0169677734, -0.945800781, -0.32409668, -0.998996927, -0.00345019879, -0.042002678, 1, 3, 5, 0, 
943.935335, 68, 0.1, 0.1, 0.225000004, -0.115000005, -0.0199682067, 0.707073532, -0.707140028, -2.36908722e-005, 0.707140029, 0.707073532, 1.00077899e-005, 9.67427985e-006, -2.38290074e-005, 1, 0.707074048, -0.707139513, -5.88706073e-007, 0.707139513, 0.707074048, 1.90343284e-005, -1.30436669e-005, -1.38749769e-005, 1, 0, 0, 0, 0, 0, 0, 0, 0.155738452, -0.0335003906, -0.170058472, -0.25753737, 0.692724588, -0.673571727, -0.541870117, 0.473510742, 0.694335938, 0.800015165, 0.543837352, 0.253634091, 0, 0, -0, 0, 0, 0, 0, 0.231278418, -0.0179037109, -0.155390479, 0.038595002, 0.324526127, -0.945000202, 0.0169677734, -0.945800781, -0.32409668, -0.998996927, -0.00345019879, -0.042002678, 1, 3, 5, 0, 
943.936166, 68, 0.1, 0.1, 0.225000001, -0.115000004, -0.0199648813, 0.707070876, -0.707142684, 4.46369918e-005, 0.707142684, 0.707070876, 4.71257533e-006, -3.48939801e-005, 2.82325974e-005, 0.999999999, 0.707071445, -0.707142114, 3.7100508e-005, 0.707142115, 0.707071445, -5.7172833e-006, -2.21897781e-005, 3.02778595e-005, 0.999999999, 0, 0, 0, 0, 0, 0, 0, 0.155738452, -0.0335003906, -0.170058472, -0.25753737, 0.692724588, -0.673571727, -0.541870117, 0.473510742, 0.694335938, 0.800015165, 0.543837352, 0.253634091, 0, 0, -0, 0, 0, 0, 0, 0.231278418, -0.0179037109, -0.155390479, 0.038595002, 0.324526127, -0.945000202, 0.0169677734, -0.945800781, -0.32409668, -0.998996927, -0.00345019879, -0.042002678, 1, 3, 5, 0, 
943.936976, 68, 0.1, 0.1, 0.225000004, -0.115000006, -0.0199613041, 0.70706818, -0.70714538, -2.50797921e-005, 0.70714538, 0.70706818, -1.27806091e-005, 2.67708716e-005, -8.69829706e-006, 1, 0.707068704, -0.707144855, -3.67306833e-005, 0.707144855, 0.707068705, -2.11518068e-006, 2.74668558e-005, -2.44783357e-005, 0.999999999, 0, 0, 0, 0, 0, 0, 0, 0.155738452, -0.0335003906, -0.170058472, -0.25753737, 0.692724588, -0.673571727, -0.541870117, 0.473510742, 0.694335938, 0.800015165, 0.543837352, 0.253634091, 0, 0, -0, 0, 0, 0, 0, 0.231278418, -0.0179037109, -0.155390479, 0.038595002, 0.324526127, -0.945000202, 0.0169677734, -0.945800781, -0.32409668, -0.998996927, -0.00345019879, -0.042002678, 1, 3, 5, 0, 
943.937766, 68, 0.1, 0.1, 0.224999999, -0.115000006, -0.0199594843, 0.707065518, -0.707148042, -3.93596373e-006, 0.707148042, 0.707065518, 1.95480896e-005, -1.1040409e-005, -1.66050891e-005, 1, 0.707066045, -0.707147514, 2.90214545e-005, 0.707147514, 0.707066046, 9.90903638e-006, -2.75272356e-005, 1.35161063e-005, 1, 0, 0, 0, 0, 0, 0, 0, 0.155738452, -0.0335003906, -0.170058472, -0.25753737, 0.692724588, -0.673571727, -0.541870117, 0.473510742, 0.694335938, 0.800015165, 0.543837352, 0.253634091, 0, 0, -0, 0, 0, 0, 0, 0.231278418, -0.0179037109, -0.155390479, 0.038595002, 0.324526127, -0.945000202, 0.0169677734, -0.945800781, -0.32409668, -0.998996927, -0.00345019879, -0.042002678, 1, 3, 5, 0, 
943.938608, 68, 0.1, 0.1, 0.225000002, -0.115000004, -0.01995956, 0.707062583, -0.707150976, 3.66650729e-005, 0.707150977, 0.707062583, -7.9520577e-006, -2.03011958e-005, 3.15503446e-005, 0.999999999, 0.707063252, -0.707150308, 1.82546119e-006, 0.707150308, 0.707063252, -2.2077276e-005, 1.4321236e-005, 1.6900906e-005, 1, 0, 0, 0, 0, 0, 0, 0, 0.155738452, -0.0335003906, -0.170058472, -0.25753737, 0.692724588, -0.673571727, -0.541870117, 0.473510742, 0.694335938, 0.800015165, 0.543837352, 0.253634091, 0, 0, -0, 0, 0, 0, 0, 0.231278418, -0.0179037109, -0.155390479, 0.038595002, 0.324526127, -0.945000202, 0.0169677734, -0.945800781, -0.32409668, -0.998996927, -0.00345019879, -0.042002678, 1, 3, 5, 0, 
943.939443, 68, 0.1, 0.1, 0.225000001, -0.115000007, -0.0199604718, 0.707059577, -0.707153981, -3.99618841e-005, 0.707153982, 0.707059577, 4.98450508e-006, 2.47306203e-005, -3.17835475e-005, 0.999999999, 0.707060149, -0.70715341, -3.05726273e-005, 0.70715341, 0.707060149, 1.61380192e-005, 1.02046311e-005, -3.30300879e-005, 0.999999999, 0, 0, 0, 0, 0, 0, 0, 0.156733569, -0.0348577881, -0.169595142, -0.259765993, 0.692199257, -0.673298392, -0.544189453, 0.470947266, 0.694213867, 0.797649121, 0.546763171, 0.254579534, 0, 0, -0, 0, 0, 0, 0, 0.232081787, -0.019209375, -0.154987207, 0.0372468246, 0.323189977, -0.94559445, 0.021484375, -0.946166992, -0.322631836, -0.999015884, -0.00825485687, -0.0421878787, 1, 3, 5, 0, 
943.940236, 68, 0.1, 0.1, 0.224999998, -0.115000006, -0.0199628845, 0.707056686, -0.707156872, 2.59724908e-005, 0.707156872, 0.707056687, 1.00852255e-005, -2.54958598e-005, 1.12357992e-005, 1, 0.707057255, -0.707156303, 3.70405123e-005, 0.707156304, 0.707057255, 1.87309028e-006, -2.75143305e-005, 2.48690497e-005, 0.999999999, 0, 0, 0, 0, 0, 0, 0, 0.156733569, -0.0348577881, -0.169595142, -0.259765993, 0.692199257, -0.673298392, -0.544189453, 0.470947266, 0.694213867, 0.797649121, 0.546763171, 0.254579534, 0, 0, -0, 0, 0, 0, 0, 0.232081787, -0.019209375, -0.154987207, 0.0372468246, 0.323189977, -0.94559445, 0.021484375, -0.946166992, -0.322631836, -0.999015884, -0.00825485687, -0.0421878787, 1, 3, 5, 0, 
943.941074, 68, 0.1, 0.1, 0.225000002, -0.115000005, -0.0199659175, 0.707053644, -0.707159914, 2.05362795e-006, 0.707159914, 0.707053644, -2.46828243e-005, 1.60026788e-005, 1.89043243e-005, 1, 0.707054306, -0.707159252, -2.84420785e-005, 0.707159252, 0.707054307, -1.48757364e-005, 3.06296087e-005, -9.59512551e-006, 0.999999999, 0, 0, 0, 0, 0, 0, 0, 0.156733569, -0.0348577881, -0.169595142, -0.259765993, 0.692199257, -0.673298392, -0.544189453, 0.470947266, 0.694213867, 0.797649121, 0.546763171, 0.254579534, 0, 0, -0, 0, 0, 0, 0, 0.232081787, -0.019209375, -0.154987207, 0.0372468246, 0.323189977, -0.94559445, 0.021484375, -0.946166992, -0.322631836, -0.999015884, -0.00825485687, -0.0421878787, 1, 3, 5, 0, 
943.941885, 68, 0.1, 0.1, 0.224999999, -0.115000005, -0.0199677458, 0.707050677, -0.707162881, -2.52907643e-005, 0.707162881, 0.707050677, 2.99366202e-006, 1.57648454e-005, -2.00013605e-005, 1, 0.707051264, -0.707162294, -2.8044924e-007, 0.707162294, 0.707051264, 1.12988769e-005, -7.79184775e-006, -8.18720835e-006, 1, 0, 0, 0, 0, 0, 0, 0, 0.156733569, -0.0348577881, -0.169595142, -0.259765993, 0.692199257, -0.673298392, -0.544189453, 0.470947266, 0.694213867, 0.797649121, 0.546763171, 0.254579534, 0, 0, -0, 0, 0, 0, 0, 0.232081787, -0.019209375, -0.154987207, 0.0372468246, 0.323189977, -0.94559445, 0.021484375, -0.946166992, -0.322631836, -0.999015884, -0.00825485687, -0.0421878787, 1, 3, 5, 0, 
943.942673, 68, 0.1, 0.1, 0.225, -0.115000003, -0.0199686219, 0.707047847, -0.70716571, 2.9305834e-005, 0.70716571, 0.707047847, 3.6389757e-007, -2.09779627e-005, 2.04667879e-005, 1, 0.707048406, -0.707165151, 2.27498573e-005, 0.707165151, 0.707048406, -9.16207744e-006, -9.60614846e-006, 2.25659385e-005, 1, 0, 0, 0, 0, 0, 0, 0, 0.156733569, -0.0348577881, -0.169595142, -0.259765993, 0.692199257, -0.673298392, -0.544189453, 0.470947266, 0.694213867, 0.797649121, 0.546763171, 0.254579534, 0, 0, -0, 0, 0, 0, 0, 0.232081787, -0.019209375, -0.154987207, 0.0372468246, 0.323189977, -0.94559445, 0.021484375, -0.946166992, -0.322631836, -0.999015884, -0.00825485687, -0.0421878787, 1, 3, 5, 0, 
943.943531, 68, 0.1, 0.1, 0.225000003, -0.115000004, -0.0199680393, 0.707044819, -0.707168738, -2.30576815e-005, 0.707168738, 0.707044819, -9.40144038e-006, 2.29512189e-005, -9.65843178e-006, 1, 0.707045513, -0.707168043, -3.57555393e-005, 0.707168044, 0.707045513, -3.5839822e-007, 2.55342414e-005, -2.50317709e-005, 0.999999999, 0, 0, 0, 0, 0, 0, 0, 0.156733569, -0.0348577881, -0.169595142, -0.261753482, 0.691331319, -0.673266191, -0.546875, 0.468505859, 0.693847656, 0.795244886, 0.549866845, 0.25556317, 0, 0, -0, 0, 0, 0, 0, 0.232081787, -0.019209375, -0.154987207, 0.0372468246, 0.323189977, -0.94559445, 0.021484375, -0.946166992, -0.322631836, -0.999015884, -0.00825485687, -0.0421878787, 1, 3, 5, 0, 
943.944341, 68, 0.1, 0.1, 0.224999999, -0.115000005, -0.0199657523, 0.70704198, -0.707171577, -1.11360377e-006, 0.707171577, 0.707041979, 2.13814988e-005, -1.43330236e-005, -1.59051262e-005, 1, 0.707042521, -0.707171035, 2.64905248e-005, 0.707171035, 0.707042522, 1.32938457e-005, -2.81309501e-005, 9.3340176e-006, 1, 0, 0, 0, 0, 0, 0, 0, 0.157517651, -0.0362321533, -0.169367261, -0.261753482, 0.691331319, -0.673266191, -0.546875, 0.468505859, 0.693847656, 0.795244886, 0.549866845, 0.25556317, 0, 0, -0, 0, 0, 0, 0, 0.232886865, -0.0204967285, -0.154565625, 0.0358858874, 0.322083869, -0.945958655, 0.0258789062, -0.946533203, -0.321289062, -0.998913438, -0.0129125937, -0.0422261582, 1, 3, 5, 0, 
943.945139, 68, 0.1, 0.1, 0.225000001, -0.115000004, -0.0199635208, 0.707039166, -0.707174389, 3.25183027e-005, 0.707174389, 0.707039166, -6.70337648e-006, -1.82512575e-005, 2.77356606e-005, 0.999999999, 0.707039731, -0.707173825, 5.50723146e-006, 0.707173825, 0.707039731, -1.66112333e-005, 7.85319795e-006, 1.56393719e-005, 1, 0, 0, 0, 0, 0, 0, 0, 0.157517651, -0.0362321533, -0.169367261, -0.261753482, 0.691331319, -0.673266191, -0.546875, 0.468505859, 0.693847656, 0.795244886, 0.549866845, 0.25556317, 0, 0, -0, 0, 0, 0, 0, 0.232886865, -0.0204967285, -0.154565625, 0.0358858874, 0.322083869, -0.945958655, 0.0258789062, -0.946533203, -0.321289062, -0.998913438, -0.0129125937, -0.0422261582, 1, 3, 5, 0, 
943.945968, 68, 0.1, 0.1, 0.225000002, -0.115000006, -0.0199617328, 0.707036219, -0.707177335, -4.48792659e-005, 0.707177335, 0.70703622, -4.42218341e-006, 3.48585344e-005, -2.86109558e-005, 0.999999999, 0.707036794, -0.70717676, -3.7057215e-005, 0.707176761, 0.707036795, 7.24049219e-006, 2.10805067e-005, -3.13252956e-005, 0.999999999, 0, 0, 0, 0, 0, 0, 0, 0.157517651, -0.0362321533, -0.169367261, -0.261753482, 0.691331319, -0.673266191, -0.546875, 0.468505859, 0.693847656, 0.795244886, 0.549866845, 0.25556317, 0, 0, -0, 0, 0, 0, 0, 0.232886865, -0.0204967285, -0.154565625, 0.0358858874, 0.322083869, -0.945958655, 0.0258789062, -0.946533203, -0.321289062, -0.998913438, -0.0129125937, -0.0422261582, 1, 3, 5, 0, 
943.946794, 68, 0.1, 0.1, 0.224999999, -0.115000003, -0.0199605955, 0.707033235, -0.707180319, 2.93927837e-005, 0.707180319, 0.707033235, 7.40703572e-006, -2.60197849e-005, 1.55489777e-005, 1, 0.70703381, -0.707179744, 4.14975783e-005, 0.707179745, 0.70703381, -3.77733527e-006, -2.66689359e-005, 3.20169506e-005, 0.999999999, 0, 0, 0, 0, 0, 0, 0, 0.157517651, -0.0362321533, -0.169367261, -0.261753482, 0.691331319, -0.673266191, -0.546875, 0.468505859, 0.693847656, 0.795244886, 0.549866845, 0.25556317, 0, 0, -0, 0, 0, 0, 0, 0.233667041, -0.0217806641, -0.154140625, 0.0341607453, 0.320952242, -0.946348379, 0.0299072266, -0.946777344, -0.320068359, -0.998849273, -0.0173275273, -0.0420216344, 1, 3, 5, 0, 
943.947585, 68, 0.1, 0.1, 0.225000003, -0.115000003, -0.0199611396, 0.707030348, -0.707183206, 1.53317544e-006, 0.707183206, 0.707030347, -1.90318999e-005, 1.23750384e-005, 1.45403667e-005, 1, 0.707030914, -0.707182639, -2.89934208e-005, 0.70718264, 0.707030915, -1.12034415e-005, 2.84221242e-005, -1.25824643e-005, 1, 0, 0, 0, 0, 0, 0, 0, 0.157517651, -0.0362321533, -0.169367261, -0.261753482, 0.691331319, -0.673266191, -0.546875, 0.468505859, 0.693847656, 0.795244886, 0.549866845, 0.25556317, 0, 0, -0, 0, 0, 0, 0, 0.233667041, -0.0217806641, -0.154140625, 0.0341607453, 0.320952242, -0.946348379, 0.0299072266, -0.946777344, -0.320068359, -0.998849273, -0.0173275273, -0.0420216344, 1, 3, 5, 0, 
943.948429, 68, 0.1, 0.1, 0.225000001, -0.115000006, -0.0199628749, 0.707027221, -0.707186331, -3.51010896e-005, 0.707186332, 0.707027221, 1.41789298e-005, 1.47902805e-005, -3.48479002e-005, 0.999999999, 0.707027911, -0.707185642, -3.3987189e-006, 0.707185642, 0.707027911, 2.55409392e-005, -1.56591963e-005, -2.04616821e-005, 1, 0, 0, 0, 0, 0, 0, 0, 0.157517651, -0.0362321533, -0.169367261, -0.261753482, 0.691331319, -0.673266191, -0.546875, 0.468505859, 0.693847656, 0.795244886, 0.549866845, 0.25556317, 0, 0, -0, 0, 0, 0, 0, 0.233667041, -0.0217806641, -0.154140625, 0.0341607453, 0.320952242, -0.946348379, 0.0299072266, -0.946777344, -0.320068359, -0.998849273, -0.0173275273, -0.0420216344, 1, 3, 5, 0, 
943.949255, 68, 0.1, 0.1, 0.225000002, -0.115000005, -0.0199643659, 0.707024123, -0.707189429, 3.31619876e-005, 0.707189429, 0.707024124, 1.64100431e-006, -2.46068262e-005, 2.22915775e-005, 0.999999999, 0.707024718, -0.707188835, 2.42542951e-005, 0.707188835, 0.707024718, -7.69604337e-006, -1.17058302e-005, 2.25936596e-005, 1, 0, 0, 0, 0, 0, 0, 0, 0.158518872, -0.0378188965, -0.168916138, -0.263861538, 0.690685421, -0.67323399, -0.549316406, 0.466186523, 0.693481445, 0.792859747, 0.55281176, 0.256546805, 0, 0, -0, 0, 0, 0, 0, 0.233667041, -0.0217806641, -0.154140625, 0.0341607453, 0.320952242, -0.946348379, 0.0299072266, -0.946777344, -0.320068359, -0.998849273, -0.0173275273, -0.0420216344, 1, 3, 5, 0, 
943.95005, 68, 0.1, 0.1, 0.225000005, -0.115000006, -0.0199659984, 0.707021177, -0.707192375, -2.33765747e-005, 0.707192375, 0.707021177, -1.18051553e-005, 2.48762491e-005, -8.18524059e-006, 1, 0.707021756, -0.707191796, -3.42375032e-005, 0.707191796, 0.707021756, -2.79332334e-006, 2.6182075e-005, -2.2237541e-005, 0.999999999, 0, 0, 0, 0, 0, 0, 0, 0.158518872, -0.0378188965, -0.168916138, -0.263861538, 0.690685421, -0.67323399, -0.549316406, 0.466186523, 0.693481445, 0.792859747, 0.55281176, 0.256546805, 0, 0, -0, 0, 0, 0, 0, 0.233667041, -0.0217806641, -0.154140625, 0.0341607453, 0.320952242, -0.946348379, 0.0299072266, -0.946777344, -0.320068359, -0.998849273, -0.0173275273, -0.0420216344, 1, 3, 5, 0, 
943.95089, 68, 0.1, 0.1, 0.225, -0.115000005, -0.0199671402, 0.707018101, -0.707195451, -2.09671586e-006, 0.707195451, 0.7070181, 1.75520306e-005, -1.09303001e-005, -1.38923912e-005, 1, 0.707018785, -0.707194766, 2.81453685e-005, 0.707194766, 0.707018785, 7.9172622e-006, -2.54983507e-005, 1.43066042e-005, 1, 0, 0, 0, 0, 0, 0, 0, 0.158518872, -0.0378188965, -0.168916138, -0.266464968, 0.690154098, -0.672846079, -0.552490234, 0.462524414, 0.693359375, 0.789687923, 0.55648008, 0.258215653, 0, 0, -0, 0, 0, 0, 0, 0.233667041, -0.0217806641, -0.154140625, 0.0341607453, 0.320952242, -0.946348379, 0.0299072266, -0.946777344, -0.320068359, -0.998849273, -0.0173275273, -0.0420216344, 1, 3, 5, 0, 
943.951727, 68, 0.1, 0.1, 0.225000003, -0.115000004, -0.0199664701, 0.707015013, -0.707198537, 2.7446273e-005, 0.707198537, 0.707015013, -6.98828568e-006, -1.44628217e-005, 2.4350787e-005, 1, 0.707015592, -0.707197959, 1.74623262e-006, 0.707197959, 0.707015591, -1.7156632e-005, 1.08985215e-005, 1.33649385e-005, 1, 0, 0, 0, 0, 0, 0, 0, 0.159492383, -0.0389510986, -0.168444751, -0.266464968, 0.690154098, -0.672846079, -0.552490234, 0.462524414, 0.693359375, 0.789687923, 0.55648008, 0.258215653, 0, 0, -0, 0, 0, 0, 0, 0.234447217, -0.0228169434, -0.153933984, 0.0324356033, 0.320555221, -0.946591182, 0.03515625, -0.946899414, -0.319458008, -0.998785107, -0.0228926779, -0.0420471541, 1, 3, 5, 0, 
943.95259, 68, 0.1, 0.1, 0.225000002, -0.115000007, -0.0199643687, 0.707011853, -0.707201696, -3.28517064e-005, 0.707201696, 0.707011853, 3.72917922e-006, 2.0589264e-005, -2.58693564e-005, 0.999999999, 0.707012437, -0.707201113, -2.53898872e-005, 0.707201113, 0.707012436, 1.40666057e-005, 8.00304683e-006, -2.79010217e-005, 1, 0, 0, 0, 0, 0, 0, 0, 0.159492383, -0.0389510986, -0.168444751, -0.266464968, 0.690154098, -0.672846079, -0.552490234, 0.462524414, 0.693359375, 0.789687923, 0.55648008, 0.258215653, 0, 0, -0, 0, 0, 0, 0, 0.234447217, -0.0228169434, -0.153933984, 0.0324356033, 0.320555221, -0.946591182, 0.03515625, -0.946899414, -0.319458008, -0.998785107, -0.0228926779, -0.0420471541, 1, 3, 5, 0, 
943.953436, 68, 0.1, 0.1, 0.224999997, -0.115000007, -0.0199624735, 0.707008746, -0.707204803, 3.18278263e-005, 0.707204803, 0.707008746, 1.39839865e-005, -3.2392094e-005, 1.26219909e-005, 0.999999999, 0.707009368, -0.707204179, 4.51521465e-005, 0.70720418, 0.707009369, 5.14148021e-006, -3.55590669e-005, 2.82967121e-005, 0.999999999, 0, 0, 0, 0, 0, 0, 0, 0.159492383, -0.0389510986, -0.168444751, -0.266464968, 0.690154098, -0.672846079, -0.552490234, 0.462524414, 0.693359375, 0.789687923, 0.55648008, 0.258215653, 0, 0, -0, 0, 0, 0, 0, 0.234447217, -0.0228169434, -0.153933984, 0.0324356033, 0.320555221, -0.946591182, 0.03515625, -0.946899414, -0.319458008, -0.998785107, -0.0228926779, -0.0420471541, 1, 3, 5, 0, 
943.954232, 68, 0.1, 0.1, 0.225000001, -0.115000006, -0.019961295, 0.707005815, -0.707207733, 3.3188478e-006, 0.707207732, 0.707005815, -2.38497406e-005, 1.45202763e-005, 1.92090201e-005, 1, 0.70700639, -0.707207157, -2.68723935e-005, 0.707207157, 0.707006391, -1.41093636e-005, 2.89771969e-005, -9.02893877e-006, 1, 0, 0, 0, 0, 0, 0, 0, 0.159492383, -0.0389510986, -0.168444751, -0.266464968, 0.690154098, -0.672846079, -0.552490234, 0.462524414, 0.693359375, 0.789687923, 0.55648008, 0.258215653, 0, 0, -0, 0, 0, 0, 0, 0.234447217, -0.0228169434, -0.153933984, 0.0324356033, 0.320555221, -0.946591182, 0.03515625, -0.946899414, -0.319458008, -0.998785107, -0.0228926779, -0.0420471541, 1, 3, 5, 0, 
