time, realDorsalTactorPos, realVentralTactorPos, boxPosX, boxPosY, boxPosZ, boxLocalRot_11, boxLocalRot_12, boxLocalRot_13, boxLocalRot_21, boxLocalRot_22, boxLocalRot_23, boxLocalRot_31, boxLocalRot_32, boxLocalRot_33, boxGlobalRot_11, boxGlobalRot_12, boxGlobalRot_13, boxGlobalRot_21, boxGlobalRot_22, boxGlobalRot_23, boxGlobalRot_31, boxGlobalRot_32, boxGlobalRot_33, indexForceX, indexForceY, indexForceZ, indexForceGlobalX, indexForceGlobalY, indexForceGlobalZ, indexContact, indexPosX, indexPosY, indexPosZ, indexRot_11, indexRot_12, indexRot_13, indexRot_21, indexRot_22, indexRot_23, indexRot_31, indexRot_32, indexRot_33, thumbForceX, thumbForceY, thumbForceZ, thumbForceGlobalX, thumbForceGlobalY, thumbForceGlobalZ, thumbContact, thumbPosX, thumbPosY, thumbPosZ, thumbRot_11, thumbRot_12, thumbRot_13, thumbRot_21, thumbRot_22, thumbRot_23, thumbRot_31, thumbRot_32, thumbRot_33, mapping, trialSuccess, 
39.8299923, 0.1, 0.1, 0.00447791514, -0.00687647636, -0.0199486913, 0.901566431, 0.000163161456, -0.432640663, 0.432640661, 5.25167157e-005, 0.901566446, 0.000169821761, -0.999999985, -2.32429723e-005, 0.901566248, 0.000178093873, -0.432641039, 0.432641028, 9.68677391e-005, 0.901566266, 0.000202472387, -0.999999979, 1.02819679e-005, 0, 0, 0, 0, 0, 0, 0, 0.138562891, -0.19293645, -0.164066235, 0.205110815, 0.466908354, -0.860125532, -0.418823242, 0.836181641, 0.354003906, 0.884565791, 0.287802573, 0.367223826, 0, 0, 0, 0, 0, 0, 0, 0.210613623, -0.163226562, -0.146941846, -0.175342158, 0.255474559, -0.950718922, -0.527954102, -0.839355469, -0.128173828, -0.8308632, 0.479526572, 0.282173471, 1, 1, 
39.837843, 0.1, 0.1, 0.00447787714, -0.00687649844, -0.019961611, 0.901581657, 0.000115744, -0.432608948, 0.432608957, -7.28687761e-005, 0.901581657, 7.28289826e-005, -0.999999991, -0.000115769043, 0.901581599, 0.000108705352, -0.432609072, 0.432609081, -7.95378196e-005, 0.901581597, 6.35979621e-005, -0.999999991, -0.000118736757, 0, 0, 0, 0, 0, 0, 0, 0.139349121, -0.194236768, -0.162563965, 0.220168639, 0.453206729, -0.863764276, -0.41796875, 0.84387207, 0.336303711, 0.881315722, 0.287130083, 0.375462847, 0, 0, 0, 0, 0, 0, 0, 0.211001221, -0.164262842, -0.146645898, -0.162543951, 0.248236772, -0.954912575, -0.533447266, -0.836181641, -0.126586914, -0.830009025, 0.488830752, 0.268353745, 1, 1, 
39.8389128, 0.1, 0.1, 0.00447787558, -0.00687649761, -0.0199534667, 0.901581788, -7.63969189e-005, -0.432608684, 0.432608688, 4.82059724e-005, 0.901581788, -4.80237485e-005, -0.999999996, 7.65115977e-005, 0.901581759, -6.67972335e-005, -0.432608746, 0.432608749, 3.63216098e-005, 0.901581759, -4.45101212e-005, -0.999999997, 6.16439685e-005, 0, 0, 0, 0, 0, 0, 0, 0.139992261, -0.194978174, -0.161324976, 0.220168639, 0.453206729, -0.863764276, -0.41796875, 0.84387207, 0.336303711, 0.881315722, 0.287130083, 0.375462847, 0, 0, 0, 0, 0, 0, 0, 0.211478369, -0.164625977, -0.145947266, -0.162543951, 0.248236772, -0.954912575, -0.533447266, -0.836181641, -0.126586914, -0.830009025, 0.488830752, 0.268353745, 1, 1, 
39.8400446, 0.1, 0.1, 0.00447787716, -0.00687650165, -0.0199455808, 0.901582211, 3.29219996e-006, -0.43260781, 0.43260781, -6.64356742e-005, 0.901582208, -2.57724026e-005, -0.999999998, -6.13214534e-005, 0.901582055, 3.9769649e-005, -0.432608134, 0.432608135, -4.80294305e-005, 0.901582053, 1.50776796e-005, -0.999999998, -6.05071463e-005, 0, 0, 0, 0, 0, 0, 0, 0.139992261, -0.194978174, -0.161324976, 0.220447965, 0.450110168, -0.865300574, -0.417480469, 0.845336914, 0.333374023, 0.881518665, 0.287867714, 0.374346661, 0, 0, 0, 0, 0, 0, 0, 0.211478369, -0.164625977, -0.145947266, -0.162543951, 0.248236772, -0.954912575, -0.533447266, -0.836181641, -0.126586914, -0.830009025, 0.488830752, 0.268353745, 1, 1, 
39.8411268, 0.1, 0.1, 0.00447787998, -0.00687649589, -0.0199407221, 0.901583202, 3.70995949e-005, -0.432605743, 0.432605743, 1.72689978e-005, 0.901583202, 4.09190392e-005, -0.999999999, -4.80059451e-007, 0.901582975, 3.34012609e-005, -0.432606215, 0.432606213, 5.47111756e-005, 0.901582975, 5.37824028e-005, -0.999999998, 3.48770715e-005, 0, 0, 0, 0, 0, 0, 0, 0.140453638, -0.19513418, -0.161183643, 0.220447965, 0.450110168, -0.865300574, -0.417480469, 0.845336914, 0.333374023, 0.881518665, 0.287867714, 0.374346661, 0, 0, 0, 0, 0, 0, 0, 0.212077441, -0.165050879, -0.145668262, -0.160199041, 0.244607851, -0.956229403, -0.533813477, -0.836181641, -0.124511719, -0.830130794, 0.490658706, 0.264533059, 1, 1, 
39.8422217, 0.1, 0.1, 0.00447788112, -0.00687649818, -0.0199419865, 0.901584522, 2.37627807e-005, -0.432602992, 0.432602993, -2.33956789e-005, 0.901584522, 1.13031146e-005, -0.999999999, -3.1373032e-005, 0.901584258, 6.4387406e-006, -0.432603542, 0.432603542, -2.6148294e-005, 0.901584258, -5.50677744e-006, -1, -2.63603122e-005, 0, 0, 0, 0, 0, 0, 0, 0.140453638, -0.19513418, -0.161183643, 0.220447965, 0.450110168, -0.865300574, -0.417480469, 0.845336914, 0.333374023, 0.881518665, 0.287867714, 0.374346661, 0, 0, 0, 0, 0, 0, 0, 0.212077441, -0.165050879, -0.145668262, -0.160199041, 0.244607851, -0.956229403, -0.533813477, -0.836181641, -0.124511719, -0.830130794, 0.490658706, 0.264533059, 1, 1, 
39.8433196, 0.1, 0.1, 0.00447787381, -0.00687648957, -0.019947199, 0.901585644, -4.16839434e-005, -0.432600653, 0.432600654, 8.69200565e-007, 0.901585645, -3.72056282e-005, -0.999999999, 1.88161599e-005, 0.901585476, -4.99423191e-005, -0.432601001, 0.432601003, 3.62588308e-005, 0.901585476, -2.93416631e-005, -0.999999998, 5.42955326e-005, 0, 0, 0, 0, 0, 0, 0, 0.140453638, -0.19513418, -0.161183643, 0.220447965, 0.450110168, -0.865300574, -0.417480469, 0.845336914, 0.333374023, 0.881518665, 0.287867714, 0.374346661, 0, 0, 0, 0, 0, 0, 0, 0.212077441, -0.165050879, -0.145668262, -0.160199041, 0.244607851, -0.956229403, -0.533813477, -0.836181641, -0.124511719, -0.830130794, 0.490658706, 0.264533059, 1, 1, 
39.8443942, 0.1, 0.1, 0.00447788442, -0.00687650104, -0.0199543308, 0.901586064, 6.91920352e-006, -0.432599779, 0.432599779, -7.02056559e-006, 0.901586064, 3.20116235e-006, -1, -9.32289001e-006, 0.901586012, 5.02099009e-005, -0.432599886, 0.432599888, -3.3437599e-005, 0.901586012, 3.08034428e-005, -0.999999998, -5.1867669e-005, 0, 0, 0, 0, 0, 0, 0, 0.140453638, -0.19513418, -0.161183643, 0.220447965, 0.450110168, -0.865300574, -0.417480469, 0.845336914, 0.333374023, 0.881518665, 0.287867714, 0.374346661, 0, 0, 0, 0, 0, 0, 0, 0.212077441, -0.165050879, -0.145668262, -0.160199041, 0.244607851, -0.956229403, -0.533813477, -0.836181641, -0.124511719, -0.830130794, 0.490658706, 0.264533059, 1, 1, 
39.8455557, 0.1, 0.1, 0.00447785209, -0.00687648331, -0.019959246, 0.901586326, -6.43713086e-005, -0.43259923, 0.432599233, 4.59523238e-005, 0.901586325, -3.81573517e-005, -0.999999997, 6.92769654e-005, 0.901586274, -0.000108756602, -0.432599328, 0.432599335, 6.30166982e-005, 0.901586275, -7.07924784e-005, -0.999999992, 0.000103863024, 0, 0, 0, 0, 0, 0, 0, 0.139753882, -0.195075464, -0.161824072, 0.21975077, 0.451485462, -0.864647562, -0.41394043, 0.845825195, 0.336547852, 0.883359377, 0.284065723, 0.373007315, 0, 0, 0, 0, 0, 0, 0, 0.211599951, -0.165182324, -0.145837793, -0.161067809, 0.245572867, -0.955896914, -0.535644531, -0.835083008, -0.124267578, -0.828871935, 0.491987561, 0.266040918, 1, 1, 
39.8466275, 0.1, 0.1, 0.00447787108, -0.00687650064, -0.0199603074, 0.901586906, 6.38865728e-005, -0.43259802, 0.432598024, -0.000103842652, 0.9015869, 1.26771713e-005, -0.999999993, -0.000121260381, 0.901586749, 8.88558302e-005, -0.432598343, 0.43259835, -9.41484163e-005, 0.901586745, 3.93827899e-005, -0.999999992, -0.00012332185, 0, 0, 0, 0, 0, 0, 0, 0.139753882, -0.195075464, -0.161824072, 0.21975077, 0.451485462, -0.864647562, -0.41394043, 0.845825195, 0.336547852, 0.883359377, 0.284065723, 0.373007315, 0, 0, 0, 0, 0, 0, 0, 0.211599951, -0.165182324, -0.145837793, -0.161067809, 0.245572867, -0.955896914, -0.535644531, -0.835083008, -0.124267578, -0.828871935, 0.491987561, 0.266040918, 1, 1, 
39.8477466, 0.1, 0.1, 0.00447786171, -0.00687650462, -0.0199575979, 0.901588148, -2.41843236e-005, -0.432595435, 0.432595436, 6.9081347e-005, 0.901588145, 8.07997589e-006, -0.999999997, 7.27449517e-005, 0.901587845, -5.38522592e-005, -0.432596065, 0.432596067, 3.94223187e-005, 0.901587844, -3.14986023e-005, -0.999999998, 5.88389589e-005, 0, 0, 0, 0, 0, 0, 0, 0.139753882, -0.195075464, -0.161824072, 0.21975077, 0.451485462, -0.864647562, -0.41394043, 0.845825195, 0.336547852, 0.883359377, 0.284065723, 0.373007315, 0, 0, 0, 0, 0, 0, 0, 0.211599951, -0.165182324, -0.145837793, -0.161067809, 0.245572867, -0.955896914, -0.535644531, -0.835083008, -0.124267578, -0.828871935, 0.491987561, 0.266040918, 1, 1, 
39.8488094, 0.1, 0.1, 0.00447786527, -0.0068765037, -0.0199532257, 0.901589684, 3.3091779e-005, -0.432592234, 0.432592235, -3.60758703e-005, 0.901589683, 1.42290652e-005, -0.999999999, -4.68408791e-005, 0.901589404, 1.5092742e-005, -0.432592818, 0.432592818, -4.2207611e-005, 0.901589403, -4.65125312e-006, -0.999999999, -4.45829466e-005, 0, 0, 0, 0, 0, 0, 0, 0.139753882, -0.195075464, -0.161824072, 0.21975077, 0.451485462, -0.864647562, -0.41394043, 0.845825195, 0.336547852, 0.883359377, 0.284065723, 0.373007315, 0, 0, 0, 0, 0, 0, 0, 0.211599951, -0.165182324, -0.145837793, -0.161067809, 0.245572867, -0.955896914, -0.535644531, -0.835083008, -0.124267578, -0.828871935, 0.491987561, 0.266040918, 1, 1, 
39.8499611, 0.1, 0.1, 0.0044778631, -0.00687650077, -0.0199484193, 0.901591038, 5.12047528e-006, -0.432589412, 0.432589412, -5.9492422e-006, 0.901591038, 2.04299544e-006, -1, -7.57884684e-006, 0.901590758, -5.60582721e-006, -0.432589997, 0.432589997, 2.74838739e-005, 0.901590757, 6.83508692e-006, -1, 2.72042315e-005, 0, 0, 0, 0, 0, 0, 0, 0.139152002, -0.193963989, -0.163095532, 0.216629122, 0.455876065, -0.863207866, -0.412597656, 0.844116211, 0.342285156, 0.884718941, 0.2821344, 0.371172594, 0, 0, 0, 0, 0, 0, 0, 0.211599951, -0.165182324, -0.145837793, -0.163661718, 0.246991407, -0.955001894, -0.536743164, -0.834472656, -0.123779297, -0.827548911, 0.492504883, 0.269203556, 1, 1, 
39.8510277, 0.1, 0.1, 0.00447786584, -0.00687649799, -0.0199455964, 0.901592396, 5.41730977e-005, -0.432586579, 0.432586577, 3.94740641e-005, 0.901592398, 6.59180034e-005, -0.999999998, 1.21549611e-005, 0.901592137, 3.42399155e-005, -0.432587122, 0.43258712, 3.71939407e-005, 0.901592137, 4.69600583e-005, -0.999999999, 1.8722018e-005, 0, 0, 0, 0, 0, 0, 0, 0.139152002, -0.193963989, -0.163095532, 0.216629122, 0.455876065, -0.863207866, -0.412597656, 0.844116211, 0.342285156, 0.884718941, 0.2821344, 0.371172594, 0, 0, 0, 0, 0, 0, 0, 0.211009668, -0.164854346, -0.146381787, -0.163661718, 0.246991407, -0.955001894, -0.536743164, -0.834472656, -0.123779297, -0.827548911, 0.492504883, 0.269203556, 1, 1, 
39.8521418, 0.1, 0.1, 0.00447785702, -0.00687649598, -0.0199461658, 0.901594043, -9.57960164e-005, -0.43258314, 0.432583145, 3.30162559e-005, 0.901594045, -7.20868423e-005, -0.999999995, 7.12070017e-005, 0.901593666, -8.70731082e-005, -0.432583927, 0.432583929, 1.56276292e-005, 0.901593669, -7.17443018e-005, -0.999999996, 5.17561988e-005, 0, 0, 0, 0, 0, 0, 0, 0.139152002, -0.193963989, -0.163095532, 0.216629122, 0.455876065, -0.863207866, -0.412597656, 0.844116211, 0.342285156, 0.884718941, 0.2821344, 0.371172594, 0, 0, 0, 0, 0, 0, 0, 0.211009668, -0.164854346, -0.146381787, -0.163661718, 0.246991407, -0.955001894, -0.536743164, -0.834472656, -0.123779297, -0.827548911, 0.492504883, 0.269203556, 1, 1, 
39.8532316, 0.1, 0.1, 0.00447785973, -0.00687649898, -0.0199491287, 0.901596022, 2.5802966e-005, -0.432579024, 0.432579024, -5.46313554e-005, 0.901596021, -3.68526889e-007, -0.999999998, -6.04172346e-005, 0.901595569, 4.92794694e-005, -0.432579966, 0.432579968, -4.08585079e-005, 0.901595569, 2.67555793e-005, -0.999999998, -5.8155161e-005, 0, 0, 0, 0, 0, 0, 0, 0.139152002, -0.193963989, -0.163095532, 0.216629122, 0.455876065, -0.863207866, -0.412597656, 0.844116211, 0.342285156, 0.884718941, 0.2821344, 0.371172594, 0, 0, 0, 0, 0, 0, 0, 0.211009668, -0.164854346, -0.146381787, -0.163661718, 0.246991407, -0.955001894, -0.536743164, -0.834472656, -0.123779297, -0.827548911, 0.492504883, 0.269203556, 1, 1, 
39.8543399, 0.1, 0.1, 0.00447786114, -0.00687649699, -0.0199532429, 0.901598033, -2.58053986e-006, -0.432574833, 0.432574833, -5.71639038e-006, 0.901598033, -4.79937628e-006, -1, -4.03760972e-006, 0.901597636, -1.48936304e-005, -0.43257566, 0.432575661, 2.14801483e-005, 0.901597636, -4.13627261e-006, -1, 2.58090729e-005, 0, 0, 0, 0, 0, 0, 0, 0.139152002, -0.193963989, -0.163095532, 0.216629122, 0.455876065, -0.863207866, -0.412597656, 0.844116211, 0.342285156, 0.884718941, 0.2821344, 0.371172594, 0, 0, 0, 0, 0, 0, 0, 0.211009668, -0.164854346, -0.146381787, -0.163661718, 0.246991407, -0.955001894, -0.536743164, -0.834472656, -0.123779297, -0.827548911, 0.492504883, 0.269203556, 1, 1, 
39.8554675, 0.1, 0.1, 0.00447786384, -0.00687649662, -0.0199553818, 0.901599459, 1.66858452e-005, -0.432571861, 0.432571861, -9.58537588e-006, 0.901599459, 1.08975852e-005, -1, -1.58599968e-005, 0.901599238, -1.32744429e-006, -0.432572322, 0.432572322, -1.61198969e-005, 0.901599238, -8.16984398e-006, -1, -1.39594711e-005, 0, 0, 0, 0, 0, 0, 0, 0.138158447, -0.192811499, -0.164321582, 0.214523309, 0.461255172, -0.860886006, -0.408813477, 0.842895508, 0.349731445, 0.88702994, 0.277080308, 0.369445336, 0, 0, 0, 0, 0, 0, 0, 0.20960415, -0.164117334, -0.147667871, -0.168836778, 0.251240463, -0.953032849, -0.53918457, -0.832885742, -0.124023437, -0.825024263, 0.492951477, 0.27616136, 1, 1, 
39.8565556, 0.1, 0.1, 0.00447786406, -0.00687649906, -0.0199560869, 0.901600308, 7.60432636e-007, -0.432570092, 0.432570092, 1.60026175e-006, 0.901600308, 1.37783167e-006, -1, 1.11385607e-006, 0.901600169, 1.22869464e-005, -0.432570382, 0.432570382, -1.76664208e-005, 0.901600169, 3.43594255e-006, -1, -2.1243017e-005, 0, 0, 0, 0, 0, 0, 0, 0.138158447, -0.192811499, -0.164321582, 0.214523309, 0.461255172, -0.860886006, -0.408813477, 0.842895508, 0.349731445, 0.88702994, 0.277080308, 0.369445336, 0, 0, 0, 0, 0, 0, 0, 0.20960415, -0.164117334, -0.147667871, -0.168836778, 0.251240463, -0.953032849, -0.53918457, -0.832885742, -0.124023437, -0.825024263, 0.492951477, 0.27616136, 1, 1, 
39.8576981, 0.1, 0.1, 0.00447786543, -0.00687649641, -0.0199540091, 0.901600963, 5.48611837e-005, -0.432568724, 0.432568723, 1.780193e-005, 0.901600965, 5.71634543e-005, -0.999999998, -7.68099495e-006, 0.901600841, 3.78838076e-005, -0.43256898, 0.432568979, 1.24433087e-005, 0.901600842, 3.95386622e-005, -0.999999999, -5.16846241e-006, 0, 0, 0, 0, 0, 0, 0, 0.13738606, -0.191973071, -0.165593652, 0.212354217, 0.464869951, -0.859421223, -0.404052734, 0.842651367, 0.355957031, 0.889721737, 0.271811289, 0.366988683, 0, 0, 0, 0, 0, 0, 0, 0.208689795, -0.163676562, -0.149004248, -0.173245148, 0.254384144, -0.951421812, -0.541137695, -0.831665039, -0.123901367, -0.822787262, 0.493404634, 0.281854109, 1, 1, 
39.85878, 0.1, 0.1, 0.00447786236, -0.00687649928, -0.0199516759, 0.901601429, -4.86980275e-005, -0.432567753, 0.432567752, -2.42696965e-005, 0.90160143, -5.44044993e-005, -0.999999999, -8.16396769e-007, 0.90160133, -4.06161929e-005, -0.432567961, 0.432567959, -4.2875917e-005, 0.90160133, -5.51663615e-005, -0.999999998, -2.10877201e-005, 0, 0, 0, 0, 0, 0, 0, 0.13738606, -0.191973071, -0.165593652, 0.212354217, 0.464869951, -0.859421223, -0.404052734, 0.842651367, 0.355957031, 0.889721737, 0.271811289, 0.366988683, 0, 0, 0, 0, 0, 0, 0, 0.208689795, -0.163676562, -0.149004248, -0.173245148, 0.254384144, -0.951421812, -0.541137695, -0.831665039, -0.123901367, -0.822787262, 0.493404634, 0.281854109, 1, 1, 
39.8599048, 0.1, 0.1, 0.00447786472, -0.00687648997, -0.0199492525, 0.901602235, 2.86050966e-005, -0.432566074, 0.432566075, -3.77179731e-005, 0.901602235, 9.47490347e-006, -0.999999999, -4.63802032e-005, 0.901602046, 3.19899785e-005, -0.432566469, 0.432566469, 2.73018451e-005, 0.901602046, 4.06520928e-005, -0.999999999, 1.07776073e-005, 0, 0, 0, 0, 0, 0, 0, 0.13738606, -0.191973071, -0.165593652, 0.212354217, 0.464869951, -0.859421223, -0.404052734, 0.842651367, 0.355957031, 0.889721737, 0.271811289, 0.366988683, 0, 0, 0, 0, 0, 0, 0, 0.208689795, -0.163676562, -0.149004248, -0.173245148, 0.254384144, -0.951421812, -0.541137695, -0.831665039, -0.123901367, -0.822787262, 0.493404634, 0.281854109, 1, 1, 
39.8609942, 0.1, 0.1, 0.00447785712, -0.0068765059, -0.0199484404, 0.901603573, -4.52942841e-006, -0.432563286, 0.432563286, 2.41389679e-005, 0.901603573, 6.35788243e-006, -1, 2.37230442e-005, 0.901603265, -4.04208267e-005, -0.432563928, 0.432563928, -1.79925867e-005, 0.901603265, -4.42264933e-005, -0.999999999, 1.26241667e-006, 0, 0, 0, 0, 0, 0, 0, 0.13738606, -0.191973071, -0.165593652, 0.212354217, 0.464869951, -0.859421223, -0.404052734, 0.842651367, 0.355957031, 0.889721737, 0.271811289, 0.366988683, 0, 0, 0, 0, 0, 0, 0, 0.208689795, -0.163676562, -0.149004248, -0.173245148, 0.254384144, -0.951421812, -0.541137695, -0.831665039, -0.123901367, -0.822787262, 0.493404634, 0.281854109, 1, 1, 
39.8621605, 0.1, 0.1, 0.00447785956, -0.00687650271, -0.0199486301, 0.901605384, 6.46098195e-006, -0.432559512, 0.432559512, 1.72678949e-005, 0.901605384, 1.32946483e-005, -1, 1.27740679e-005, 0.901605039, -1.50498218e-005, -0.432560231, 0.432560231, 1.02907522e-005, 0.901605039, -9.11762507e-006, -1, 1.57881484e-005, 0, 0, 0, 0, 0, 0, 0, 0.136988281, -0.191871631, -0.166414111, 0.213249486, 0.467089217, -0.858018597, -0.401367188, 0.842651367, 0.359008789, 0.890692268, 0.267875626, 0.367260896, 0, 0, 0, 0, 0, 0, 0, 0.20860874, -0.163059424, -0.149993262, -0.174657125, 0.257144298, -0.950354351, -0.541503906, -0.831176758, -0.125366211, -0.822199211, 0.492835539, 0.2845439, 1, 1, 
39.8632742, 0.1, 0.1, 0.00447785962, -0.00687650414, -0.019949533, 0.901607278, 1.13913706e-005, -0.432555565, 0.432555565, -1.23478792e-005, 0.901607278, 4.92939878e-006, -1, -1.60603385e-005, 0.901606907, 1.71207748e-006, -0.432556338, 0.432556338, 1.14584099e-005, 0.901606907, 6.50002871e-006, -1, 9.59041154e-006, 0, 0, 0, 0, 0, 0, 0, 0.136988281, -0.191871631, -0.166414111, 0.213249486, 0.467089217, -0.858018597, -0.401367188, 0.842651367, 0.359008789, 0.890692268, 0.267875626, 0.367260896, 0, 0, 0, 0, 0, 0, 0, 0.20860874, -0.163059424, -0.149993262, -0.174657125, 0.257144298, -0.950354351, -0.541503906, -0.831176758, -0.125366211, -0.822199211, 0.492835539, 0.2845439, 1, 1, 
39.8644099, 0.1, 0.1, 0.0044778592, -0.00687650723, -0.0199508482, 0.901609347, -4.56264657e-006, -0.432551253, 0.432551252, -2.41242534e-005, 0.901609346, -1.45487008e-005, -1, -1.97770738e-005, 0.901608949, 1.66182929e-005, -0.432552082, 0.432552082, -1.44774827e-005, 0.901608949, 8.72093634e-006, -1, -2.02413052e-005, 0, 0, 0, 0, 0, 0, 0, 0.136988281, -0.191871631, -0.166414111, 0.213249486, 0.467089217, -0.858018597, -0.401367188, 0.842651367, 0.359008789, 0.890692268, 0.267875626, 0.367260896, 0, 0, 0, 0, 0, 0, 0, 0.20860874, -0.163059424, -0.149993262, -0.174657125, 0.257144298, -0.950354351, -0.541503906, -0.831176758, -0.125366211, -0.822199211, 0.492835539, 0.2845439, 1, 1, 
39.8654869, 0.1, 0.1, 0.00447785917, -0.0068765085, -0.0199524261, 0.901611398, -1.36481312e-005, -0.432546977, 0.432546977, 2.07184506e-006, 0.901611398, -1.14091403e-005, -1, 7.771457e-006, 0.901610983, -3.86605643e-006, -0.432547842, 0.432547842, -2.03170838e-005, 0.901610983, -1.22737897e-005, -1, -1.66458515e-005, 0, 0, 0, 0, 0, 0, 0, 0.136988281, -0.191871631, -0.166414111, 0.213249486, 0.467089217, -0.858018597, -0.401367188, 0.842651367, 0.359008789, 0.890692268, 0.267875626, 0.367260896, 0, 0, 0, 0, 0, 0, 0, 0.20860874, -0.163059424, -0.149993262, -0.174657125, 0.257144298, -0.950354351, -0.541503906, -0.831176758, -0.125366211, -0.822199211, 0.492835539, 0.2845439, 1, 1, 
39.8666581, 0.1, 0.1, 0.00447785994, -0.00687650629, -0.0199534817, 0.901613704, 7.83088486e-006, -0.432542169, 0.432542169, 2.34071009e-005, 0.901613704, 1.71849913e-005, -1, 1.7716975e-005, 0.901613181, -1.69884053e-005, -0.432543259, 0.432543259, 1.13938057e-005, 0.901613181, -1.03886563e-005, -1, 1.76210256e-005, 0, 0, 0, 0, 0, 0, 0, 0.136988281, -0.191871631, -0.166414111, 0.214791775, 0.467951164, -0.857243896, -0.399902344, 0.842895508, 0.359985352, 0.891065953, 0.265514452, 0.368250523, 0, 0, 0, 0, 0, 0, 0, 0.20860874, -0.163059424, -0.149993262, -0.174778526, 0.258799078, -0.949958063, -0.541381836, -0.830932617, -0.126831055, -0.822211971, 0.492273007, 0.285444751, 1, 1, 
39.8677311, 0.1, 0.1, 0.00447786196, -0.00687650425, -0.0199530269, 0.901615888, 1.69030035e-005, -0.432537618, 0.432537618, 3.45942741e-007, 0.901615888, 1.53896498e-005, -1, -6.99927741e-006, 0.901615441, 8.16262591e-006, -0.43253855, 0.43253855, 2.22086067e-005, 0.901615441, 1.69656281e-005, -1, 1.64929723e-005, 0, 0, 0, 0, 0, 0, 0, 0.136844995, -0.192058008, -0.166817993, 0.214791775, 0.467951164, -0.857243896, -0.399902344, 0.842895508, 0.359985352, 0.891065953, 0.265514452, 0.368250523, 0, 0, 0, 0, 0, 0, 0, 0.208823682, -0.162961768, -0.150617822, -0.174778526, 0.258799078, -0.949958063, -0.541381836, -0.830932617, -0.126831055, -0.822211971, 0.492273007, 0.285444751, 1, 1, 
39.8688679, 0.1, 0.1, 0.00447786153, -0.00687650405, -0.0199519573, 0.901618252, -9.22041891e-006, -0.432532689, 0.432532689, -1.62854729e-005, 0.901618252, -1.53572974e-005, -1, -1.06951471e-005, 0.901617751, 1.46785668e-005, -0.432533733, 0.432533733, -4.10702016e-006, 0.901617751, 1.14580316e-005, -1, -1.00519376e-005, 0, 0, 0, 0, 0, 0, 0, 0.136844995, -0.192058008, -0.166817993, 0.214791775, 0.467951164, -0.857243896, -0.399902344, 0.842895508, 0.359985352, 0.891065953, 0.265514452, 0.368250523, 0, 0, 0, 0, 0, 0, 0, 0.208823682, -0.162961768, -0.150617822, -0.174778526, 0.258799078, -0.949958063, -0.541381836, -0.830932617, -0.126831055, -0.822211971, 0.492273007, 0.285444751, 1, 1, 
39.8699759, 0.1, 0.1, 0.00447786038, -0.00687650428, -0.0199503322, 0.901620619, -1.65224876e-005, -0.432527755, 0.432527755, 2.16715134e-006, 0.901620619, -1.39596624e-005, -1, 9.10038279e-006, 0.901620156, -7.52705824e-006, -0.43252872, 0.43252872, -1.93270508e-005, 0.901620156, -1.5146052e-005, -1, -1.41699897e-005, 0, 0, 0, 0, 0, 0, 0, 0.136844995, -0.192058008, -0.166817993, 0.214791775, 0.467951164, -0.857243896, -0.399902344, 0.842895508, 0.359985352, 0.891065953, 0.265514452, 0.368250523, 0, 0, 0, 0, 0, 0, 0, 0.20940542, -0.162684961, -0.150545459, -0.172120818, 0.256581766, -0.951032088, -0.539428711, -0.832275391, -0.126953125, -0.824142003, 0.491180759, 0.281649585, 1, 1, 
39.8710592, 0.1, 0.1, 0.00447786154, -0.00687650428, -0.0199500111, 0.901622957, 8.1313267e-006, -0.432522882, 0.432522882, 1.36210324e-005, 0.901622957, 1.3222799e-005, -1, 8.76405064e-006, 0.901622488, -1.41297419e-005, -0.432523859, 0.432523859, 3.21838241e-006, 0.901622488, -1.13476659e-005, -1, 9.01321645e-006, 0, 0, 0, 0, 0, 0, 0, 0.136844995, -0.192058008, -0.166817993, 0.214791775, 0.467951164, -0.857243896, -0.399902344, 0.842895508, 0.359985352, 0.891065953, 0.265514452, 0.368250523, 0, 0, 0, 0, 0, 0, 0, 0.20940542, -0.162684961, -0.150545459, -0.172120818, 0.256581766, -0.951032088, -0.539428711, -0.832275391, -0.126953125, -0.824142003, 0.491180759, 0.281649585, 1, 1, 
39.8721902, 0.1, 0.1, 0.00447786291, -0.00687650571, -0.0199498565, 0.901625507, 1.57003979e-005, -0.432517565, 0.432517565, -6.01621577e-006, 0.901625507, 1.15537602e-005, -1, -1.22150715e-005, 0.901625027, 5.71012233e-006, -0.432518566, 0.432518566, 1.44590343e-005, 0.901625027, 1.140219e-005, -1, 1.05668933e-005, 0, 0, 0, 0, 0, 0, 0, 0.137609814, -0.192098901, -0.166586206, 0.216751933, 0.467031929, -0.857223678, -0.40234375, 0.842773437, 0.357543945, 0.889395983, 0.267513924, 0.37071916, 0, 0, 0, 0, 0, 0, 0, 0.20940542, -0.162684961, -0.150545459, -0.172120818, 0.256581766, -0.951032088, -0.539428711, -0.832275391, -0.126953125, -0.824142003, 0.491180759, 0.281649585, 1, 1, 
39.873278, 0.1, 0.1, 0.00447786295, -0.00687650527, -0.0199509659, 0.90162797, -5.60227578e-006, -0.432512433, 0.432512433, -1.00848176e-005, 0.90162797, -9.41297753e-006, -1, -6.66969968e-006, 0.901627442, 1.70968926e-005, -0.432513532, 0.432513533, -2.58189163e-007, 0.901627442, 1.53033572e-005, -1, -7.62742785e-006, 0, 0, 0, 0, 0, 0, 0, 0.137609814, -0.192098901, -0.166586206, 0.216751933, 0.467031929, -0.857223678, -0.40234375, 0.842773437, 0.357543945, 0.889395983, 0.267513924, 0.37071916, 0, 0, 0, 0, 0, 0, 0, 0.20940542, -0.162684961, -0.150545459, -0.172120818, 0.256581766, -0.951032088, -0.539428711, -0.832275391, -0.126953125, -0.824142003, 0.491180759, 0.281649585, 1, 1, 
39.8744359, 0.1, 0.1, 0.00447786404, -0.00687650311, -0.0199515695, 0.901630633, -1.12048042e-005, -0.432506881, 0.432506881, 8.50501804e-006, 0.901630633, -6.42411591e-006, -1, 1.25145397e-005, 0.901630141, -1.17966926e-006, -0.432507905, 0.432507905, -1.23184498e-005, 0.901630141, -6.39145229e-006, -1, -1.05964694e-005, 0, 0, 0, 0, 0, 0, 0, 0.137190088, -0.193135571, -0.165598779, 0.221556655, 0.460125142, -0.859730507, -0.396484375, 0.848022461, 0.351806641, 0.890859645, 0.262922622, 0.370498243, 0, 0, 0, 0, 0, 0, 0, 0.208846924, -0.163663135, -0.150078369, -0.167833116, 0.253183621, -0.952636561, -0.544311523, -0.829467773, -0.124633789, -0.821727464, 0.497819934, 0.27706221, 1, 1, 
39.8755078, 0.1, 0.1, 0.00447786515, -0.00687650214, -0.0199521486, 0.901633119, 4.54678589e-006, -0.432501698, 0.432501698, 1.35705705e-005, 0.901633119, 9.96882751e-006, -1, 1.02691832e-005, 0.901632629, -1.49937808e-005, -0.43250272, 0.43250272, 4.74155406e-006, 0.901632629, -1.1468147e-005, -1, 1.07599908e-005, 0, 0, 0, 0, 0, 0, 0, 0.137190088, -0.193135571, -0.165598779, 0.221556655, 0.460125142, -0.859730507, -0.396484375, 0.848022461, 0.351806641, 0.890859645, 0.262922622, 0.370498243, 0, 0, 0, 0, 0, 0, 0, 0.208846924, -0.163663135, -0.150078369, -0.167833116, 0.253183621, -0.952636561, -0.544311523, -0.829467773, -0.124633789, -0.821727464, 0.497819934, 0.27706221, 1, 1, 
39.8766395, 0.1, 0.1, 0.0044778648, -0.00687650282, -0.0199524189, 0.901635753, 1.0705891e-005, -0.432496206, 0.432496206, -5.89686966e-006, 0.901635753, 7.10244037e-006, -1, -9.94708577e-006, 0.901635255, 1.09698902e-006, -0.432497244, 0.432497244, 1.50249785e-005, 0.901635255, 7.48734576e-006, -1, 1.30726056e-005, 0, 0, 0, 0, 0, 0, 0, 0.137190088, -0.193135571, -0.165598779, 0.221556655, 0.460125142, -0.859730507, -0.396484375, 0.848022461, 0.351806641, 0.890859645, 0.262922622, 0.370498243, 0, 0, 0, 0, 0, 0, 0, 0.208846924, -0.163663135, -0.150078369, -0.167833116, 0.253183621, -0.952636561, -0.544311523, -0.829467773, -0.124633789, -0.821727464, 0.497819934, 0.27706221, 1, 1, 
39.8777065, 0.1, 0.1, 0.00447786397, -0.00687650346, -0.019952587, 0.90163825, -5.73238551e-006, -0.432491002, 0.432491002, -1.35944397e-005, 0.90163825, -1.10480109e-005, -1, -9.77806163e-006, 0.901637756, 1.36779822e-005, -0.432492032, 0.432492032, -5.05542794e-006, 0.901637756, 1.01461529e-005, -1, -1.0473783e-005, 0, 0, 0, 0, 0, 0, 0, 0.137190088, -0.193135571, -0.165598779, 0.221556655, 0.460125142, -0.859730507, -0.396484375, 0.848022461, 0.351806641, 0.890859645, 0.262922622, 0.370498243, 0, 0, 0, 0, 0, 0, 0, 0.208846924, -0.163663135, -0.150078369, -0.167833116, 0.253183621, -0.952636561, -0.544311523, -0.829467773, -0.124633789, -0.821727464, 0.497819934, 0.27706221, 1, 1, 
39.8788646, 0.1, 0.1, 0.00447786386, -0.0068765023, -0.0199524391, 0.901640964, -1.44824969e-005, -0.432485343, 0.432485343, 1.08455353e-005, 0.901640964, -8.36747744e-006, -1, 1.60422465e-005, 0.901640345, -3.79645658e-006, -0.432486633, 0.432486633, -1.50739837e-005, 0.901640345, -9.94233487e-006, -1, -1.19493951e-005, 0, 0, 0, 0, 0, 0, 0, 0.137190088, -0.193135571, -0.165598779, 0.223092953, 0.453994178, -0.86250468, -0.392944336, 0.85168457, 0.346679688, 0.891975831, 0.261669017, 0.368589382, 0, 0, 0, 0, 0, 0, 0, 0.208846924, -0.163663135, -0.150078369, -0.163500937, 0.246769393, -0.955129492, -0.546875, -0.828369141, -0.120361328, -0.820903905, 0.502791936, 0.270417572, 1, 1, 
39.8799338, 0.1, 0.1, 0.00447786497, -0.0068765003, -0.0199515461, 0.901643481, 7.31287221e-006, -0.432480095, 0.432480095, 1.68096129e-005, 0.901643481, 1.38634265e-005, -1, 1.19936062e-005, 0.90164298, -1.40492023e-005, -0.43248114, 0.43248114, 8.5400439e-006, 0.90164298, -8.97395669e-006, -1, 1.37760857e-005, 0, 0, 0, 0, 0, 0, 0, 0.136602271, -0.193675952, -0.164853394, 0.223092953, 0.453994178, -0.86250468, -0.392944336, 0.85168457, 0.346679688, 0.891975831, 0.261669017, 0.368589382, 0, 0, 0, 0, 0, 0, 0, 0.208704395, -0.164875928, -0.149043604, -0.163500937, 0.246769393, -0.955129492, -0.546875, -0.828369141, -0.120361328, -0.820903905, 0.502791936, 0.270417572, 1, 1, 
39.8810506, 0.1, 0.1, 0.0044778666, -0.00687650094, -0.0199512775, 0.901646091, 1.65929268e-005, -0.432474654, 0.432474654, -9.21094157e-006, 0.901646091, 1.09774488e-005, -1, -1.54810297e-005, 0.901645531, 7.08022122e-006, -0.432475822, 0.432475822, 1.47353826e-005, 0.901645531, 1.27565465e-005, -1, 1.02240674e-005, 0, 0, 0, 0, 0, 0, 0, 0.136602271, -0.193675952, -0.164853394, 0.223092953, 0.453994178, -0.86250468, -0.392944336, 0.85168457, 0.346679688, 0.891975831, 0.261669017, 0.368589382, 0, 0, 0, 0, 0, 0, 0, 0.208704395, -0.164875928, -0.149043604, -0.163500937, 0.246769393, -0.955129492, -0.546875, -0.828369141, -0.120361328, -0.820903905, 0.502791936, 0.270417572, 1, 1, 
39.8821482, 0.1, 0.1, 0.00447786594, -0.00687650283, -0.0199509729, 0.901648723, -8.24831835e-006, -0.432469168, 0.432469167, -1.81541688e-005, 0.901648723, -1.5288204e-005, -1, -1.28015397e-005, 0.90164819, 1.42494624e-005, -0.432470279, 0.432470279, -9.2361431e-006, 0.90164819, 8.85364458e-006, -1, -1.44902207e-005, 0, 0, 0, 0, 0, 0, 0, 0.136602271, -0.193675952, -0.164853394, 0.223092953, 0.453994178, -0.86250468, -0.392944336, 0.85168457, 0.346679688, 0.891975831, 0.261669017, 0.368589382, 0, 0, 0, 0, 0, 0, 0, 0.208704395, -0.164875928, -0.149043604, -0.163500937, 0.246769393, -0.955129492, -0.546875, -0.828369141, -0.120361328, -0.820903905, 0.502791936, 0.270417572, 1, 1, 
39.8832766, 0.1, 0.1, 0.0044778651, -0.00687650178, -0.0199511752, 0.901651359, -1.45407053e-005, -0.432463671, 0.432463672, 1.11066405e-005, 0.901651359, -8.30742817e-006, -1, 1.63026443e-005, 0.901650779, -5.08167299e-006, -0.43246488, 0.43246488, -1.38715913e-005, 0.901650779, -1.05808705e-005, -1, -1.03096861e-005, 0, 0, 0, 0, 0, 0, 0, 0.136602271, -0.193675952, -0.164853394, 0.223092953, 0.453994178, -0.86250468, -0.392944336, 0.85168457, 0.346679688, 0.891975831, 0.261669017, 0.368589382, 0, 0, 0, 0, 0, 0, 0, 0.208704395, -0.164875928, -0.149043604, -0.163500937, 0.246769393, -0.955129492, -0.546875, -0.828369141, -0.120361328, -0.820903905, 0.502791936, 0.270417572, 1, 1, 
39.8845136, 0.1, 0.1, 0.00447786984, -0.00687649833, -0.0199498208, 0.901654329, 2.17673057e-005, -0.432457478, 0.432457477, 2.1466837e-005, 0.901654329, 2.89100796e-005, -1, 9.94223239e-006, 0.901653628, -7.01553803e-006, -0.432458941, 0.432458941, 9.96099085e-006, 0.901653628, -2.01786577e-006, -1, 1.20152957e-005, 0, 0, 0, 0, 0, 0, 0, 0.135793164, -0.194677588, -0.164344067, 0.22462326, 0.447653157, -0.8654949, -0.387939453, 0.855834961, 0.342041016, 0.893834517, 0.25908917, 0.36609678, 0, 0, 0, 0, 0, 0, 0, 0.208552344, -0.166278271, -0.148198633, -0.159647803, 0.240470369, -0.957322017, -0.55090332, -0.826416016, -0.115722656, -0.819026012, 0.509003474, 0.264418221, 1, 1, 
39.8857205, 0.1, 0.1, 0.00447787453, -0.00687650008, -0.0199471524, 0.90165729, 2.30850541e-005, -0.432451305, 0.432451305, -1.3532743e-005, 0.90165729, 1.4962555e-005, -1, -2.21850581e-005, 0.901656712, 1.5199752e-005, -0.432452511, 0.432452511, 1.30610291e-005, 0.901656712, 1.93532332e-005, -1, 5.20339367e-006, 0, 0, 0, 0, 0, 0, 0, 0.135793164, -0.194677588, -0.164344067, 0.22462326, 0.447653157, -0.8654949, -0.387939453, 0.855834961, 0.342041016, 0.893834517, 0.25908917, 0.36609678, 0, 0, 0, 0, 0, 0, 0, 0.208552344, -0.166278271, -0.148198633, -0.159647803, 0.240470369, -0.957322017, -0.55090332, -0.826416016, -0.115722656, -0.819026012, 0.509003474, 0.264418221, 1, 1, 
39.8868643, 0.1, 0.1, 0.00447787366, -0.00687650272, -0.0199447157, 0.901660228, 2.76921478e-005, -0.432445179, 0.432445179, -1.88516131e-006, 0.901660228, 2.41536794e-005, -1, -1.36751108e-005, 0.901659717, 6.77075184e-006, -0.432446244, 0.432446244, -1.44265998e-005, 0.901659717, -1.33814714e-007, -1, -1.59358701e-005, 0, 0, 0, 0, 0, 0, 0, 0.136508643, -0.193662427, -0.165002197, 0.221221162, 0.449762335, -0.865228677, -0.392578125, 0.853271484, 0.343261719, 0.892643069, 0.263822378, 0.365436654, 0, 0, 0, 0, 0, 0, 0, 0.209442383, -0.166199707, -0.148141162, -0.158709039, 0.235882262, -0.958651605, -0.546508789, -0.829589844, -0.113647461, -0.822118655, 0.505943648, 0.260718937, 1, 1, 
39.8879914, 0.1, 0.1, 0.00447787352, -0.00687649962, -0.0199456953, 0.901662374, -2.55395818e-006, -0.432440705, 0.432440705, 2.08676671e-005, 0.901662374, 6.72122067e-006, -1, 1.99200257e-005, 0.901662013, 1.22004476e-005, -0.432441458, 0.432441458, -1.14002111e-006, 0.901662013, 1.05076878e-005, -1, -6.30389309e-006, 0, 0, 0, 0, 0, 0, 0, 0.136508643, -0.193662427, -0.165002197, 0.221221162, 0.449762335, -0.865228677, -0.392578125, 0.853271484, 0.343261719, 0.892643069, 0.263822378, 0.365436654, 0, 0, 0, 0, 0, 0, 0, 0.209442383, -0.166199707, -0.148141162, -0.158709039, 0.235882262, -0.958651605, -0.546508789, -0.829589844, -0.113647461, -0.822118655, 0.505943648, 0.260718937, 1, 1, 
39.8891386, 0.1, 0.1, 0.00447787518, -0.00687649599, -0.0199487426, 0.901663929, 5.2312242e-005, -0.432437459, 0.432437457, 4.38172544e-005, 0.90166393, 6.61162839e-005, -0.999999998, 1.68866649e-005, 0.901663624, 3.13165608e-005, -0.432438097, 0.432438096, 3.32203814e-005, 0.901663625, 4.26027622e-005, -0.999999999, 1.64111356e-005, 0, 0, 0, 0, 0, 0, 0, 0.136508643, -0.193662427, -0.165002197, 0.221221162, 0.449762335, -0.865228677, -0.392578125, 0.853271484, 0.343261719, 0.892643069, 0.263822378, 0.365436654, 0, 0, 0, 0, 0, 0, 0, 0.209442383, -0.166199707, -0.148141162, -0.158709039, 0.235882262, -0.958651605, -0.546508789, -0.829589844, -0.113647461, -0.822118655, 0.505943648, 0.260718937, 1, 1, 
39.8902358, 0.1, 0.1, 0.00447787038, -0.00687649534, -0.0199523974, 0.90166529, -5.55593309e-005, -0.432434621, 0.43243462, -2.27857738e-005, 0.901665292, -5.99492778e-005, -0.999999998, 3.4806368e-006, 0.901665051, -6.34075054e-005, -0.432435118, 0.432435119, -3.70604335e-006, 0.901665053, -5.8774955e-005, -0.999999998, 2.40780223e-005, 0, 0, 0, 0, 0, 0, 0, 0.136508643, -0.193662427, -0.165002197, 0.221221162, 0.449762335, -0.865228677, -0.392578125, 0.853271484, 0.343261719, 0.892643069, 0.263822378, 0.365436654, 0, 0, 0, 0, 0, 0, 0, 0.209442383, -0.166199707, -0.148141162, -0.158709039, 0.235882262, -0.958651605, -0.546508789, -0.829589844, -0.113647461, -0.822118655, 0.505943648, 0.260718937, 1, 1, 
39.891427, 0.1, 0.1, 0.00447787897, -0.00687650206, -0.0199543036, 0.901666132, -5.6419662e-006, -0.432432869, 0.432432869, 3.44781832e-005, 0.901666132, 9.82232986e-006, -0.999999999, 3.35275818e-005, 0.901666033, 3.9857735e-005, -0.432433074, 0.432433075, 3.90325796e-007, 0.901666033, 3.61071556e-005, -0.999999999, -1.68838594e-005, 0, 0, 0, 0, 0, 0, 0, 0.137420654, -0.193602124, -0.165632739, 0.221627048, 0.450923826, -0.864536352, -0.393676758, 0.852539062, 0.34387207, 0.892084415, 0.264132784, 0.366686512, 0, 0, 0, 0, 0, 0, 0, 0.210341699, -0.165750293, -0.148814307, -0.158389677, 0.236227143, -0.958626085, -0.545654297, -0.830078125, -0.114379883, -0.822821545, 0.504997954, 0.260476134, 1, 1, 
39.8925004, 0.1, 0.1, 0.00447786561, -0.00687649945, -0.0199547048, 0.901666205, 1.77268209e-005, -0.432432716, 0.432432716, -1.64475115e-005, 0.901666205, 8.87123326e-006, -1, -2.24958226e-005, 0.90166624, -3.01374817e-005, -0.432432643, 0.432432642, -1.87074252e-005, 0.901666241, -3.52636512e-005, -0.999999999, -3.83542285e-006, 0, 0, 0, 0, 0, 0, 0, 0.137420654, -0.193602124, -0.165632739, 0.221627048, 0.450923826, -0.864536352, -0.393676758, 0.852539062, 0.34387207, 0.892084415, 0.264132784, 0.366686512, 0, 0, 0, 0, 0, 0, 0, 0.210341699, -0.165750293, -0.148814307, -0.158389677, 0.236227143, -0.958626085, -0.545654297, -0.830078125, -0.114379883, -0.822821545, 0.504997954, 0.260476134, 1, 1, 
39.8936572, 0.1, 0.1, 0.00447786969, -0.00687649822, -0.0199532306, 0.901665771, 1.62318909e-005, -0.432433621, 0.432433621, 7.68234579e-007, 0.901665771, 1.49679509e-005, -1, -6.32652453e-006, 0.901665875, -6.20659002e-007, -0.432433405, 0.432433405, -1.0684527e-005, 0.901665875, -5.17997344e-006, -1, -9.36547973e-006, 0, 0, 0, 0, 0, 0, 0, 0.137420654, -0.193602124, -0.165632739, 0.221627048, 0.450923826, -0.864536352, -0.393676758, 0.852539062, 0.34387207, 0.892084415, 0.264132784, 0.366686512, 0, 0, 0, 0, 0, 0, 0, 0.210341699, -0.165750293, -0.148814307, -0.158389677, 0.236227143, -0.958626085, -0.545654297, -0.830078125, -0.114379883, -0.822821545, 0.504997954, 0.260476134, 1, 1, 
39.8947708, 0.1, 0.1, 0.00447786781, -0.00687649497, -0.0199513701, 0.901665056, -7.87290043e-006, -0.432435113, 0.432435113, 2.38391467e-005, 0.901665055, 3.21016491e-006, -1, 2.48994441e-005, 0.901665236, 6.36103528e-006, -0.432434736, 0.432434736, 1.24026713e-006, 0.901665237, 6.27185897e-006, -1, -1.63242686e-006, 0, 0, 0, 0, 0, 0, 0, 0.137420654, -0.193602124, -0.165632739, 0.221627048, 0.450923826, -0.864536352, -0.393676758, 0.852539062, 0.34387207, 0.892084415, 0.264132784, 0.366686512, 0, 0, 0, 0, 0, 0, 0, 0.210341699, -0.165750293, -0.148814307, -0.158389677, 0.236227143, -0.958626085, -0.545654297, -0.830078125, -0.114379883, -0.822821545, 0.504997954, 0.260476134, 1, 1, 
39.8958878, 0.1, 0.1, 0.00447787025, -0.0068764887, -0.0199493404, 0.901664051, 5.30097144e-005, -0.432437205, 0.432437202, 5.19119793e-005, 0.901664052, 7.02456251e-005, -0.999999997, 2.3883793e-005, 0.90166426, 3.37927022e-005, -0.432436771, 0.432436769, 4.32536826e-005, 0.901664261, 4.91741547e-005, -0.999999998, 2.43870928e-005, 0, 0, 0, 0, 0, 0, 0, 0.137881421, -0.192767603, -0.166209082, 0.221931462, 0.454179146, -0.862803102, -0.39453125, 0.850952148, 0.346557617, 0.891665425, 0.263617192, 0.368265871, 0, 0, 0, 0, 0, 0, 0, 0.210341699, -0.165750293, -0.148814307, -0.15933537, 0.238616529, -0.957846269, -0.544677734, -0.830444336, -0.116210937, -0.823166426, 0.503285206, 0.262399236, 1, 1, 
39.8969731, 0.1, 0.1, 0.00447787197, -0.00687650045, -0.0199486837, 0.901663487, -4.43165019e-005, -0.432438381, 0.43243838, -4.41866597e-005, 0.901663488, -5.90665793e-005, -0.999999998, -2.06773414e-005, 0.901663539, -2.97268765e-005, -0.432438275, 0.432438272, -7.24106276e-005, 0.901663538, -5.81167675e-005, -0.999999997, -5.24349836e-005, 0, 0, 0, 0, 0, 0, 0, 0.137881421, -0.192767603, -0.166209082, 0.221931462, 0.454179146, -0.862803102, -0.39453125, 0.850952148, 0.346557617, 0.891665425, 0.263617192, 0.368265871, 0, 0, 0, 0, 0, 0, 0, 0.210271875, -0.164958496, -0.149838477, -0.15933537, 0.238616529, -0.957846269, -0.544677734, -0.830444336, -0.116210937, -0.823166426, 0.503285206, 0.262399236, 1, 1, 
