time, realDorsalTactorPos, realVentralTactorPos, boxPosX, boxPosY, boxPosZ, boxLocalRot_11, boxLocalRot_12, boxLocalRot_13, boxLocalRot_21, boxLocalRot_22, boxLocalRot_23, boxLocalRot_31, boxLocalRot_32, boxLocalRot_33, boxGlobalRot_11, boxGlobalRot_12, boxGlobalRot_13, boxGlobalRot_21, boxGlobalRot_22, boxGlobalRot_23, boxGlobalRot_31, boxGlobalRot_32, boxGlobalRot_33, indexForceX, indexForceY, indexForceZ, indexForceGlobalX, indexForceGlobalY, indexForceGlobalZ, indexContact, indexPosX, indexPosY, indexPosZ, indexRot_11, indexRot_12, indexRot_13, indexRot_21, indexRot_22, indexRot_23, indexRot_31, indexRot_32, indexRot_33, thumbForceX, thumbForceY, thumbForceZ, thumbForceGlobalX, thumbForceGlobalY, thumbForceGlobalZ, thumbContact, thumbPosX, thumbPosY, thumbPosZ, thumbRot_11, thumbRot_12, thumbRot_13, thumbRot_21, thumbRot_22, thumbRot_23, thumbRot_31, thumbRot_32, thumbRot_33, mapping, trialSuccess, 
48.9911218, 0.1, 0.1, 0.00175313139, -0.015373684, -0.0199470119, 0.963000011, -2.41465663e-005, -0.269501352, 0.269501352, 1.55180814e-005, 0.963000011, -1.90709997e-005, -1, 2.14514448e-005, 0.962999252, -2.77800649e-005, -0.269504062, 0.269504061, -3.79209513e-005, 0.962999252, -3.69720321e-005, -0.999999999, -2.90310074e-005, 0, 0, 0, 0, 0, 0, 0, 0.165127344, -0.146093652, -0.138706299, -0.0502643246, 0.448673609, -0.89223573, -0.714355469, 0.608154297, 0.346069336, 0.697851264, 0.654916104, 0.290120946, 0, 0, 0, 0, 0, 0, 0, 0.243096338, -0.106959717, -0.119774512, -0.0768873999, 0.230004101, -0.970069657, -0.286743164, -0.936889648, -0.199462891, -0.954795713, 0.262908976, 0.138126311, 3, 1, 
49.0306939, 0.1, 0.1, 0.00175318185, -0.0153737002, -0.0199519537, 0.963057061, 7.64547791e-005, -0.269297402, 0.269297402, 1.4419447e-005, 0.963057064, 7.75134347e-005, -0.999999997, -6.70232306e-006, 0.963057047, 7.5856448e-005, -0.269297452, 0.269297454, -1.38486915e-005, 0.96305705, 6.93246697e-005, -0.999999997, -3.37650283e-005, 0, 0, 0, 0, 0, 0, 0, 0.165983838, -0.146329956, -0.139385913, -0.0464263848, 0.44831902, -0.892646485, -0.717651367, 0.606567383, 0.341918945, 0.694771556, 0.65657896, 0.293770169, 0, 0, 0, 0, 0, 0, 0, 0.243853223, -0.106902734, -0.120540186, -0.0749708605, 0.229044915, -0.970453551, -0.28112793, -0.938476563, -0.199707031, -0.956680903, 0.258021196, 0.134771909, 3, 1, 
49.0317529, 0.1, 0.1, 0.00175317263, -0.0153736925, -0.0199501687, 0.963056837, -7.45906987e-005, -0.269298205, 0.269298202, -3.87530704e-005, 0.96305684, -8.22712148e-005, -0.999999996, -1.72342683e-005, 0.963056926, -8.11979015e-005, -0.269297886, 0.269297888, 1.01286918e-005, 0.963056928, -7.54705664e-005, -0.999999997, 3.16209302e-005, 0, 0, 0, 0, 0, 0, 0, 0.165983838, -0.146329956, -0.139385913, -0.0464263848, 0.44831902, -0.892646485, -0.717651367, 0.606567383, 0.341918945, 0.694771556, 0.65657896, 0.293770169, 0, 0, 0, 0, 0, 0, 0, 0.243853223, -0.106902734, -0.120540186, -0.0749708605, 0.229044915, -0.970453551, -0.28112793, -0.938476563, -0.199707031, -0.956680903, 0.258021196, 0.134771909, 3, 1, 
49.0328328, 0.1, 0.1, 0.00175318157, -0.0153736917, -0.0199499801, 0.963056145, 7.2717576e-005, -0.269300681, 0.269300676, 7.68821633e-005, 0.963056146, 9.07355274e-005, -0.999999994, 5.44589474e-005, 0.963056307, 7.10292487e-005, -0.269300103, 0.269300099, 5.43906158e-005, 0.963056309, 8.30525645e-005, -0.999999996, 3.32530419e-005, 0, 0, 0, 0, 0, 0, 0, 0.165983838, -0.146329956, -0.139385913, -0.0464263848, 0.44831902, -0.892646485, -0.717651367, 0.606567383, 0.341918945, 0.694771556, 0.65657896, 0.293770169, 0, 0, 0, 0, 0, 0, 0, 0.244375879, -0.107002588, -0.120159131, -0.0737058053, 0.227773297, -0.970881922, -0.280029297, -0.938964844, -0.198974609, -0.957038911, 0.25727383, 0.133008488, 3, 1, 
49.0338892, 0.1, 0.1, 0.00175317721, -0.0153736959, -0.0199512837, 0.96305534, -7.00195864e-005, -0.269303561, 0.269303557, -6.4856998e-005, 0.963055341, -8.48989572e-005, -0.999999995, -4.36043546e-005, 0.963055488, -5.92952985e-005, -0.269303033, 0.269303029, -6.21673591e-005, 0.963055489, -7.3846521e-005, -0.999999996, -4.39022129e-005, 0, 0, 0, 0, 0, 0, 0, 0.165983838, -0.146329956, -0.139385913, -0.0464263848, 0.44831902, -0.892646485, -0.717651367, 0.606567383, 0.341918945, 0.694771556, 0.65657896, 0.293770169, 0, 0, 0, 0, 0, 0, 0, 0.244375879, -0.107002588, -0.120159131, -0.0737058053, 0.227773297, -0.970881922, -0.280029297, -0.938964844, -0.198974609, -0.957038911, 0.25727383, 0.133008488, 3, 1, 
49.0349627, 0.1, 0.1, 0.00175318029, -0.0153736904, -0.0199534103, 0.963054812, 6.82629821e-005, -0.269305448, 0.269305447, 2.96191861e-005, 0.963054814, 7.37176017e-005, -0.999999997, 1.01413068e-005, 0.963054876, 5.33438677e-005, -0.269305224, 0.269305221, 5.22883517e-005, 0.963054877, 6.54545981e-005, -0.999999997, 3.599077e-005, 0, 0, 0, 0, 0, 0, 0, 0.166452173, -0.146383667, -0.139191846, -0.0459130363, 0.447183738, -0.893230226, -0.719116211, 0.605834961, 0.340209961, 0.693330738, 0.65799469, 0.293986216, 0, 0, 0, 0, 0, 0, 0, 0.244375879, -0.107002588, -0.120159131, -0.0737058053, 0.227773297, -0.970881922, -0.280029297, -0.938964844, -0.198974609, -0.957038911, 0.25727383, 0.133008488, 3, 1, 
49.0360205, 0.1, 0.1, 0.00175317778, -0.0153737028, -0.019955383, 0.963054793, -7.56446926e-005, -0.269305516, 0.269305516, -9.10619465e-006, 0.963054795, -7.53023324e-005, -0.999999997, 1.16017686e-005, 0.963054754, -5.67173504e-005, -0.269305659, 0.269305657, -4.87080382e-005, 0.963054755, -6.77392643e-005, -0.999999997, -3.16342044e-005, 0, 0, 0, 0, 0, 0, 0, 0.166452173, -0.146383667, -0.139191846, -0.0459130363, 0.447183738, -0.893230226, -0.719116211, 0.605834961, 0.340209961, 0.693330738, 0.65799469, 0.293986216, 0, 0, 0, 0, 0, 0, 0, 0.244375879, -0.107002588, -0.120159131, -0.0737058053, 0.227773297, -0.970881922, -0.280029297, -0.938964844, -0.198974609, -0.957038911, 0.25727383, 0.133008488, 3, 1, 
49.0371359, 0.1, 0.1, 0.00175318508, -0.0153737033, -0.0199561104, 0.963055234, 8.69512238e-005, -0.269303932, 0.269303936, -3.31909837e-005, 0.963055237, 7.4800369e-005, -0.999999996, -5.53810574e-005, 0.963055117, 7.52499405e-005, -0.269304357, 0.269304359, -1.58812573e-005, 0.963055119, 6.81929486e-005, -0.999999997, -3.55596631e-005, 0, 0, 0, 0, 0, 0, 0, 0.166908179, -0.146445435, -0.139002417, -0.0457100935, 0.445933881, -0.893846168, -0.719360352, 0.606079102, 0.339233398, 0.693051411, 0.658687016, 0.293218628, 0, 0, 0, 0, 0, 0, 0, 0.244375879, -0.107002588, -0.120159131, -0.0727090728, 0.226278198, -0.97123993, -0.279785156, -0.939331055, -0.197875977, -0.957179635, 0.257484917, 0.131743432, 3, 1, 
49.0381927, 0.1, 0.1, 0.00175317909, -0.0153737055, -0.0199551337, 0.963055791, -8.54689795e-005, -0.269301941, 0.269301943, 1.37696724e-005, 0.963055795, -7.86031965e-005, -0.999999996, 3.6277925e-005, 0.963055688, -7.74544894e-005, -0.269302312, 0.269302314, 1.56462478e-005, 0.963055691, -7.03794161e-005, -0.999999997, 3.59268812e-005, 0, 0, 0, 0, 0, 0, 0, 0.166908179, -0.146445435, -0.139002417, -0.0457100935, 0.445933881, -0.893846168, -0.719360352, 0.606079102, 0.339233398, 0.693051411, 0.658687016, 0.293218628, 0, 0, 0, 0, 0, 0, 0, 0.244662109, -0.10709707, -0.119762939, -0.0727090728, 0.226278198, -0.97123993, -0.279785156, -0.939331055, -0.197875977, -0.957179635, 0.257484917, 0.131743432, 3, 1, 
49.0392576, 0.1, 0.1, 0.00175318573, -0.0153737099, -0.0199536172, 0.963056128, 7.06760113e-005, -0.269300742, 0.269300741, 1.56890509e-005, 0.96305613, 7.2290039e-005, -0.999999997, -3.92366559e-006, 0.963056098, 7.14788876e-005, -0.269300848, 0.269300849, -1.34624731e-005, 0.9630561, 6.52127233e-005, -0.999999997, -3.2214442e-005, 0, 0, 0, 0, 0, 0, 0, 0.166908179, -0.146445435, -0.139002417, -0.0457100935, 0.445933881, -0.893846168, -0.719360352, 0.606079102, 0.339233398, 0.693051411, 0.658687016, 0.293218628, 0, 0, 0, 0, 0, 0, 0, 0.244662109, -0.10709707, -0.119762939, -0.0727090728, 0.226278198, -0.97123993, -0.279785156, -0.939331055, -0.197875977, -0.957179635, 0.257484917, 0.131743432, 3, 1, 
49.0403206, 0.1, 0.1, 0.00175317501, -0.0153737003, -0.0199522888, 0.963055977, -7.90777687e-005, -0.269301279, 0.269301278, -2.8079763e-005, 0.96305598, -8.37182342e-005, -0.999999996, -5.74663944e-006, 0.963056051, -8.47658491e-005, -0.269301013, 0.269301015, 1.82516796e-005, 0.963056054, -7.67190684e-005, -0.999999996, 4.04049197e-005, 0, 0, 0, 0, 0, 0, 0, 0.166908179, -0.146445435, -0.139002417, -0.0457100935, 0.445933881, -0.893846168, -0.719360352, 0.606079102, 0.339233398, 0.693051411, 0.658687016, 0.293218628, 0, 0, 0, 0, 0, 0, 0, 0.244662109, -0.10709707, -0.119762939, -0.0727090728, 0.226278198, -0.97123993, -0.279785156, -0.939331055, -0.197875977, -0.957179635, 0.257484917, 0.131743432, 3, 1, 
49.0413793, 0.1, 0.1, 0.00175317986, -0.0153736968, -0.0199517677, 0.963055391, 5.69871811e-005, -0.269303381, 0.269303376, 8.20549238e-005, 0.96305539, 7.69794803e-005, -0.999999995, 6.36765964e-005, 0.963055533, 5.49892202e-005, -0.269302873, 0.269302869, 5.99924308e-005, 0.963055534, 6.91138068e-005, -0.999999997, 4.29672877e-005, 0, 0, 0, 0, 0, 0, 0, 0.166908179, -0.146445435, -0.139002417, -0.0457100935, 0.445933881, -0.893846168, -0.719360352, 0.606079102, 0.339233398, 0.693051411, 0.658687016, 0.293218628, 0, 0, 0, 0, 0, 0, 0, 0.244662109, -0.10709707, -0.119762939, -0.0727090728, 0.226278198, -0.97123993, -0.279785156, -0.939331055, -0.197875977, -0.957179635, 0.257484917, 0.131743432, 3, 1, 
49.0424763, 0.1, 0.1, 0.00175317348, -0.0153737002, -0.0199515142, 0.963054655, -6.72722191e-005, -0.269306011, 0.269306006, -6.58291774e-005, 0.963054656, -8.2515017e-005, -0.999999996, -4.52802831e-005, 0.963054789, -6.17670718e-005, -0.269305533, 0.269305529, -6.22397132e-005, 0.96305479, -7.62465735e-005, -0.999999996, -4.33060399e-005, 0, 0, 0, 0, 0, 0, 0, 0.166686157, -0.146628516, -0.139206006, -0.0457602683, 0.446808932, -0.89346537, -0.718139648, 0.606933594, 0.340332031, 0.694295277, 0.65718891, 0.293281908, 0, 0, 0, 0, 0, 0, 0, 0.24440249, -0.107047021, -0.119957617, -0.0733543603, 0.226821407, -0.971086446, -0.280761719, -0.938964844, -0.198120117, -0.95687923, 0.258155724, 0.132618763, 3, 1, 
49.0435402, 0.1, 0.1, 0.00175318064, -0.0153736958, -0.0199521458, 0.963054181, 8.5626559e-005, -0.269307698, 0.269307697, 2.39611948e-005, 0.963054185, 8.89159502e-005, -0.999999996, 1.6037445e-008, 0.963054237, 6.91804243e-005, -0.269307506, 0.269307503, 4.77029635e-005, 0.963054239, 7.9471267e-005, -0.999999996, 2.73097338e-005, 0, 0, 0, 0, 0, 0, 0, 0.166686157, -0.146628516, -0.139206006, -0.0457602683, 0.446808932, -0.89346537, -0.718139648, 0.606933594, 0.340332031, 0.694295277, 0.65718891, 0.293281908, 0, 0, 0, 0, 0, 0, 0, 0.24440249, -0.107047021, -0.119957617, -0.0733543603, 0.226821407, -0.971086446, -0.280761719, -0.938964844, -0.198120117, -0.95687923, 0.258155724, 0.132618763, 3, 1, 
49.0446091, 0.1, 0.1, 0.00175318208, -0.0153737101, -0.0199533568, 0.963054225, -6.59807717e-005, -0.269307549, 0.269307549, -1.15019584e-005, 0.963054227, -6.66406254e-005, -0.999999998, 6.69211026e-006, 0.96305417, -4.5427969e-005, -0.269307748, 0.269307745, -5.47498868e-005, 0.963054171, -5.84941637e-005, -0.999999997, -4.04930029e-005, 0, 0, 0, 0, 0, 0, 0, 0.166686157, -0.146628516, -0.139206006, -0.0457602683, 0.446808932, -0.89346537, -0.718139648, 0.606933594, 0.340332031, 0.694295277, 0.65718891, 0.293281908, 0, 0, 0, 0, 0, 0, 0, 0.24440249, -0.107047021, -0.119957617, -0.0733543603, 0.226821407, -0.971086446, -0.280761719, -0.938964844, -0.198120117, -0.95687923, 0.258155724, 0.132618763, 3, 1, 
49.04567, 0.1, 0.1, 0.00175319041, -0.0153737099, -0.0199545357, 0.963054706, 9.10376099e-005, -0.26930582, 0.269305824, -2.98748008e-005, 0.963054709, 7.96287412e-005, -0.999999995, -5.3288026e-005, 0.963054585, 7.98915212e-005, -0.269306256, 0.269306258, -1.31709431e-005, 0.963054588, 7.33928787e-005, -0.999999997, -3.41996237e-005, 0, 0, 0, 0, 0, 0, 0, 0.166686157, -0.146628516, -0.139206006, -0.0457602683, 0.446808932, -0.89346537, -0.718139648, 0.606933594, 0.340332031, 0.694295277, 0.65718891, 0.293281908, 0, 0, 0, 0, 0, 0, 0, 0.24440249, -0.107047021, -0.119957617, -0.0733543603, 0.226821407, -0.971086446, -0.280761719, -0.938964844, -0.198120117, -0.95687923, 0.258155724, 0.132618763, 3, 1, 
49.0467601, 0.1, 0.1, 0.00175318346, -0.0153737108, -0.0199550797, 0.963055334, -9.03948008e-005, -0.269303576, 0.269303578, 1.78152967e-005, 0.963055337, -8.22574723e-005, -0.999999996, 4.15007598e-005, 0.963055214, -8.0917722e-005, -0.269304006, 0.269304009, 1.98462764e-005, 0.963055217, -7.25835526e-005, -0.999999997, 4.09045269e-005, 0, 0, 0, 0, 0, 0, 0, 0.166935645, -0.146857007, -0.139429858, -0.0453532608, 0.446801818, -0.893440282, -0.716430664, 0.608764648, 0.340820313, 0.696084693, 0.655583342, 0.292659975, 0, 0, 0, 0, 0, 0, 0, 0.24440249, -0.107047021, -0.119957617, -0.0736992421, 0.226892136, -0.971067123, -0.283691406, -0.938232422, -0.197753906, -0.955933537, 0.26098624, 0.133602736, 3, 1, 
49.0478223, 0.1, 0.1, 0.00175318822, -0.015373714, -0.0199545788, 0.96305571, 6.60589533e-005, -0.269302238, 0.269302238, 1.72220817e-005, 0.963055712, 6.82563974e-005, -0.999999998, -1.20399978e-006, 0.963055672, 6.53928089e-005, -0.269302372, 0.269302373, -1.03815335e-005, 0.963055674, 6.01811441e-005, -0.999999998, -2.76084333e-005, 0, 0, 0, 0, 0, 0, 0, 0.166935645, -0.146857007, -0.139429858, -0.0453532608, 0.446801818, -0.893440282, -0.716430664, 0.608764648, 0.340820313, 0.696084693, 0.655583342, 0.292659975, 0, 0, 0, 0, 0, 0, 0, 0.244622803, -0.107429297, -0.120158887, -0.0736992421, 0.226892136, -0.971067123, -0.283691406, -0.938232422, -0.197753906, -0.955933537, 0.26098624, 0.133602736, 3, 1, 
49.0489001, 0.1, 0.1, 0.00175317771, -0.0153737052, -0.0199536815, 0.9630556, -7.33495273e-005, -0.269302627, 0.269302626, -3.20945289e-005, 0.963055603, -7.92828142e-005, -0.999999997, -1.11555955e-005, 0.96305567, -8.03766496e-005, -0.269302377, 0.269302379, 1.67047592e-005, 0.963055673, -7.2908557e-005, -0.999999997, 3.7733236e-005, 0, 0, 0, 0, 0, 0, 0, 0.166935645, -0.146857007, -0.139429858, -0.0440569762, 0.446083283, -0.893910569, -0.713134766, 0.612426758, 0.340820313, 0.699587139, 0.652607348, 0.291251358, 0, 0, 0, 0, 0, 0, 0, 0.244622803, -0.107429297, -0.120158887, -0.0736992421, 0.226892136, -0.971067123, -0.283691406, -0.938232422, -0.197753906, -0.955933537, 0.26098624, 0.133602736, 3, 1, 
49.0499759, 0.1, 0.1, 0.00175318448, -0.0153737036, -0.0199523514, 0.963055047, 6.35376004e-005, -0.269304607, 0.269304603, 7.55722241e-005, 0.963055048, 8.15421549e-005, -0.999999995, 5.56692436e-005, 0.963055181, 6.19088475e-005, -0.269304129, 0.269304126, 5.39151645e-005, 0.963055183, 7.41412129e-005, -0.999999997, 3.52509705e-005, 0, 0, 0, 0, 0, 0, 0, 0.166566064, -0.147349268, -0.139458179, -0.0440569762, 0.446083283, -0.893910569, -0.713134766, 0.612426758, 0.340820313, 0.699587139, 0.652607348, 0.291251358, 0, 0, 0, 0, 0, 0, 0, 0.244178516, -0.108014307, -0.12057998, -0.0740824033, 0.226809747, -0.971073319, -0.288085937, -0.937011719, -0.196899414, -0.954623639, 0.265273575, 0.134829512, 3, 1, 
49.0510328, 0.1, 0.1, 0.00175317903, -0.0153737072, -0.0199518121, 0.963054371, -6.82236428e-005, -0.269307027, 0.269307023, -6.158414e-005, 0.963054372, -8.22881192e-005, -0.999999996, -4.09357691e-005, 0.963054495, -5.99576998e-005, -0.269306582, 0.269306579, -5.93279143e-005, 0.963054496, -7.37199302e-005, -0.999999996, -4.09890116e-005, 0, 0, 0, 0, 0, 0, 0, 0.166566064, -0.147349268, -0.139458179, -0.0440569762, 0.446083283, -0.893910569, -0.713134766, 0.612426758, 0.340820313, 0.699587139, 0.652607348, 0.291251358, 0, 0, 0, 0, 0, 0, 0, 0.244178516, -0.108014307, -0.12057998, -0.0740824033, 0.226809747, -0.971073319, -0.288085937, -0.937011719, -0.196899414, -0.954623639, 0.265273575, 0.134829512, 3, 1, 
49.0520927, 0.1, 0.1, 0.00175318359, -0.015373701, -0.0199521948, 0.963053944, 7.53354589e-005, -0.269308549, 0.269308548, 2.98623275e-005, 0.963053947, 8.05942911e-005, -0.999999997, 8.47054926e-006, 0.963053991, 5.90736012e-005, -0.269308387, 0.269308384, 5.37907737e-005, 0.963053992, 7.1377374e-005, -0.999999997, 3.58944032e-005, 0, 0, 0, 0, 0, 0, 0, 0.166566064, -0.147349268, -0.139458179, -0.0440569762, 0.446083283, -0.893910569, -0.713134766, 0.612426758, 0.340820313, 0.699587139, 0.652607348, 0.291251358, 0, 0, 0, 0, 0, 0, 0, 0.244178516, -0.108014307, -0.12057998, -0.0740824033, 0.226809747, -0.971073319, -0.288085937, -0.937011719, -0.196899414, -0.954623639, 0.265273575, 0.134829512, 3, 1, 
49.0531543, 0.1, 0.1, 0.0017531824, -0.0153737139, -0.0199532069, 0.963054023, -7.31730986e-005, -0.269308269, 0.269308269, -9.30923812e-006, 0.963054026, -7.29767019e-005, -0.999999997, 1.07408213e-005, 0.963053964, -5.38621648e-005, -0.269308483, 0.269308481, -5.09951625e-005, 0.963053965, -6.56056012e-005, -0.999999997, -3.46055556e-005, 0, 0, 0, 0, 0, 0, 0, 0.166566064, -0.147349268, -0.139458179, -0.0440569762, 0.446083283, -0.893910569, -0.713134766, 0.612426758, 0.340820313, 0.699587139, 0.652607348, 0.291251358, 0, 0, 0, 0, 0, 0, 0, 0.244178516, -0.108014307, -0.12057998, -0.0740824033, 0.226809747, -0.971073319, -0.288085937, -0.937011719, -0.196899414, -0.954623639, 0.265273575, 0.134829512, 3, 1, 
49.0542528, 0.1, 0.1, 0.0017531916, -0.0153737138, -0.0199540347, 0.963054562, 9.74694061e-005, -0.269306332, 0.269306336, -3.30667668e-005, 0.963054566, 8.49632668e-005, -0.999999995, -5.80942293e-005, 0.963054433, 8.62211309e-005, -0.269306799, 0.269306801, -1.60395269e-005, 0.963054436, 7.87160889e-005, -0.999999996, -3.86668744e-005, 0, 0, 0, 0, 0, 0, 0, 0.166160718, -0.147688965, -0.139295728, -0.0433706418, 0.443886861, -0.894977702, -0.711181641, 0.615478516, 0.33972168, 0.701579498, 0.65122494, 0.28919572, 0, 0, 0, 0, 0, 0, 0, 0.243937451, -0.108719189, -0.120586328, -0.0746828481, 0.225238456, -0.971392681, -0.291381836, -0.936523438, -0.194702148, -0.953582063, 0.268545222, 0.135532401, 3, 1, 
49.055308, 0.1, 0.1, 0.00175318716, -0.015373716, -0.0199543105, 0.963055219, -8.43073461e-005, -0.269303988, 0.26930399, 1.36839574e-005, 0.963055222, -7.75074856e-005, -0.999999996, 3.58827113e-005, 0.963055099, -7.47491424e-005, -0.269304419, 0.269304421, 1.57199978e-005, 0.963055101, -6.77540781e-005, -0.999999997, 3.52694985e-005, 0, 0, 0, 0, 0, 0, 0, 0.166160718, -0.147688965, -0.139295728, -0.0433706418, 0.443886861, -0.894977702, -0.711181641, 0.615478516, 0.33972168, 0.701579498, 0.65122494, 0.28919572, 0, 0, 0, 0, 0, 0, 0, 0.243937451, -0.108719189, -0.120586328, -0.0746828481, 0.225238456, -0.971392681, -0.291381836, -0.936523438, -0.194702148, -0.953582063, 0.268545222, 0.135532401, 3, 1, 
49.0563671, 0.1, 0.1, 0.00175319301, -0.0153737207, -0.0199543784, 0.963055636, 6.91710842e-005, -0.269302503, 0.269302502, 1.13342623e-005, 0.963055638, 6.96679478e-005, -0.999999998, -7.71242094e-006, 0.96305559, 6.91631572e-005, -0.269302664, 0.269302666, -1.62886197e-005, 0.963055592, 6.22213967e-005, -0.999999997, -3.43126688e-005, 0, 0, 0, 0, 0, 0, 0, 0.166160718, -0.147688965, -0.139295728, -0.0433706418, 0.443886861, -0.894977702, -0.711181641, 0.615478516, 0.33972168, 0.701579498, 0.65122494, 0.28919572, 0, 0, 0, 0, 0, 0, 0, 0.243937451, -0.108719189, -0.120586328, -0.0746828481, 0.225238456, -0.971392681, -0.291381836, -0.936523438, -0.194702148, -0.953582063, 0.268545222, 0.135532401, 3, 1, 
49.0574283, 0.1, 0.1, 0.00175318302, -0.0153737127, -0.0199542371, 0.963055568, -7.44632713e-005, -0.269302742, 0.269302741, -3.13082115e-005, 0.963055571, -8.01436555e-005, -0.999999997, -1.00983844e-005, 0.963055625, -7.98475516e-005, -0.269302537, 0.269302539, 1.34076134e-005, 0.963055628, -7.32869296e-005, -0.999999997, 3.44154259e-005, 0, 0, 0, 0, 0, 0, 0, 0.166160718, -0.147688965, -0.139295728, -0.0433706418, 0.443886861, -0.894977702, -0.711181641, 0.615478516, 0.33972168, 0.701579498, 0.65122494, 0.28919572, 0, 0, 0, 0, 0, 0, 0, 0.243937451, -0.108719189, -0.120586328, -0.0746828481, 0.225238456, -0.971392681, -0.291381836, -0.936523438, -0.194702148, -0.953582063, 0.268545222, 0.135532401, 3, 1, 
49.0584883, 0.1, 0.1, 0.0017531879, -0.0153737104, -0.0199539133, 0.963055073, 5.54258467e-005, -0.269304519, 0.269304514, 7.43596661e-005, 0.963055073, 7.34035369e-005, -0.999999996, 5.66860229e-005, 0.963055197, 5.35771779e-005, -0.269304073, 0.26930407, 5.3014313e-005, 0.963055198, 6.58747501e-005, -0.999999997, 3.66271575e-005, 0, 0, 0, 0, 0, 0, 0, 0.166160718, -0.147688965, -0.139295728, -0.0433706418, 0.443886861, -0.894977702, -0.711181641, 0.615478516, 0.33972168, 0.701579498, 0.65122494, 0.28919572, 0, 0, 0, 0, 0, 0, 0, 0.243937451, -0.108719189, -0.120586328, -0.0746828481, 0.225238456, -0.971392681, -0.291381836, -0.936523438, -0.194702148, -0.953582063, 0.268545222, 0.135532401, 3, 1, 
49.0595812, 0.1, 0.1, 0.00175318054, -0.0153737137, -0.0199529425, 0.963054423, -7.21922782e-005, -0.269306839, 0.269306835, -6.06844926e-005, 0.963054425, -8.58678419e-005, -0.999999996, -3.90005951e-005, 0.963054539, -6.53841242e-005, -0.269306424, 0.26930642, -5.89856048e-005, 0.963054541, -7.885368e-005, -0.999999996, -3.91979901e-005, 0, 0, 0, 0, 0, 0, 0, 0.165730347, -0.147737671, -0.138876221, -0.0431414898, 0.442991592, -0.895428893, -0.709716797, 0.6171875, 0.339599609, 0.703026307, 0.65025441, 0.28790767, 0, 0, 0, 0, 0, 0, 0, 0.243447998, -0.108996631, -0.120584375, -0.075462297, 0.223992724, -0.971590642, -0.292724609, -0.936401367, -0.193237305, -0.953173016, 0.269887203, 0.136248051, 3, 1, 
49.0606419, 0.1, 0.1, 0.00175318482, -0.0153737075, -0.0199524401, 0.963054035, 7.58734684e-005, -0.269308226, 0.269308225, 2.96236782e-005, 0.963054038, 8.10481503e-005, -0.999999997, 8.09585369e-006, 0.963054073, 5.89167527e-005, -0.269308091, 0.269308088, 5.33184251e-005, 0.963054075, 7.1099102e-005, -0.999999997, 3.54817684e-005, 0, 0, 0, 0, 0, 0, 0, 0.165730347, -0.147737671, -0.138876221, -0.0431414898, 0.442991592, -0.895428893, -0.709716797, 0.6171875, 0.339599609, 0.703026307, 0.65025441, 0.28790767, 0, 0, 0, 0, 0, 0, 0, 0.243447998, -0.108996631, -0.120584375, -0.075462297, 0.223992724, -0.971590642, -0.292724609, -0.936401367, -0.193237305, -0.953173016, 0.269887203, 0.136248051, 3, 1, 
49.0617156, 0.1, 0.1, 0.00175318373, -0.0153737199, -0.0199524358, 0.963054152, -7.24550027e-005, -0.269307806, 0.269307806, -5.42105356e-006, 0.963054155, -7.12380235e-005, -0.999999997, 1.42919297e-005, 0.963054087, -5.39457259e-005, -0.269308046, 0.269308043, -4.78150907e-005, 0.963054088, -6.48296404e-005, -0.999999997, -3.15205006e-005, 0, 0, 0, 0, 0, 0, 0, 0.165730347, -0.147737671, -0.138876221, -0.0431414898, 0.442991592, -0.895428893, -0.709716797, 0.6171875, 0.339599609, 0.703026307, 0.65025441, 0.28790767, 0, 0, 0, 0, 0, 0, 0, 0.243593115, -0.108408936, -0.120577539, -0.0765293917, 0.22332155, -0.971641681, -0.291015625, -0.937011719, -0.192504883, -0.953530658, 0.268098262, 0.136733658, 3, 1, 
49.0627743, 0.1, 0.1, 0.00175319257, -0.0153737183, -0.0199528758, 0.963054705, 9.80384476e-005, -0.269305822, 0.269305826, -2.80640752e-005, 0.963054708, 8.68585697e-005, -0.999999995, -5.34295647e-005, 0.963054571, 8.55244848e-005, -0.269306305, 0.269306307, -1.03124674e-005, 0.963054574, 7.95875338e-005, -0.999999996, -3.2963752e-005, 0, 0, 0, 0, 0, 0, 0, 0.165730347, -0.147737671, -0.138876221, -0.0431414898, 0.442991592, -0.895428893, -0.709716797, 0.6171875, 0.339599609, 0.703026307, 0.65025441, 0.28790767, 0, 0, 0, 0, 0, 0, 0, 0.243593115, -0.108408936, -0.120577539, -0.0765293917, 0.22332155, -0.971641681, -0.291015625, -0.937011719, -0.192504883, -0.953530658, 0.268098262, 0.136733658, 3, 1, 
49.0638511, 0.1, 0.1, 0.00175318727, -0.0153737194, -0.019953537, 0.963055402, -8.86000973e-005, -0.269303334, 0.269303336, 1.45065592e-005, 0.963055405, -8.14201378e-005, -0.999999996, 3.7830922e-005, 0.963055278, -7.91774108e-005, -0.26930378, 0.269303782, 1.82180633e-005, 0.96305528, -7.13460302e-005, -0.999999997, 3.88677782e-005, 0, 0, 0, 0, 0, 0, 0, 0.165895361, -0.147280444, -0.13887146, -0.0442397012, 0.44314436, -0.895327421, -0.710449219, 0.616088867, 0.340087891, 0.702335103, 0.651218949, 0.287768007, 0, 0, 0, 0, 0, 0, 0, 0.243593115, -0.108408936, -0.120577539, -0.0765293917, 0.22332155, -0.971641681, -0.291015625, -0.937011719, -0.192504883, -0.953530658, 0.268098262, 0.136733658, 3, 1, 
49.0649097, 0.1, 0.1, 0.00175319289, -0.0153737252, -0.0199540578, 0.963055828, 7.01406279e-005, -0.269301814, 0.269301814, 5.73542055e-006, 0.963055831, 6.90938998e-005, -0.999999998, -1.33654681e-005, 0.963055781, 6.93831472e-005, -0.269301982, 0.269301984, -2.13852503e-005, 0.963055783, 6.10607508e-005, -0.999999997, -3.92802082e-005, 0, 0, 0, 0, 0, 0, 0, 0.165895361, -0.147280444, -0.13887146, -0.0442397012, 0.44314436, -0.895327421, -0.710449219, 0.616088867, 0.340087891, 0.702335103, 0.651218949, 0.287768007, 0, 0, 0, 0, 0, 0, 0, 0.243593115, -0.108408936, -0.120577539, -0.0765293917, 0.22332155, -0.971641681, -0.291015625, -0.937011719, -0.192504883, -0.953530658, 0.268098262, 0.136733658, 3, 1, 
49.0659678, 0.1, 0.1, 0.0017531837, -0.0153737194, -0.0199544561, 0.963055772, -7.15562491e-005, -0.269302015, 0.269302013, -3.87314056e-005, 0.963055774, -7.93431044e-005, -0.999999997, -1.80302618e-005, 0.963055826, -7.69127317e-005, -0.269301821, 0.269301822, 5.51722811e-006, 0.963055828, -7.2585455e-005, -0.999999997, 2.60261375e-005, 0, 0, 0, 0, 0, 0, 0, 0.165895361, -0.147280444, -0.13887146, -0.0442397012, 0.44314436, -0.895327421, -0.710449219, 0.616088867, 0.340087891, 0.702335103, 0.651218949, 0.287768007, 0, 0, 0, 0, 0, 0, 0, 0.243593115, -0.108408936, -0.120577539, -0.0765293917, 0.22332155, -0.971641681, -0.291015625, -0.937011719, -0.192504883, -0.953530658, 0.268098262, 0.136733658, 3, 1, 
49.0670641, 0.1, 0.1, 0.00175319023, -0.01537372, -0.0199539388, 0.963055266, 6.15680972e-005, -0.269303826, 0.269303822, 6.66422033e-005, 0.963055267, 7.72404807e-005, -0.999999996, 4.75996009e-005, 0.963055389, 6.04361732e-005, -0.269303387, 0.269303385, 4.54264437e-005, 0.96305539, 7.04368776e-005, -0.999999997, 2.74725154e-005, 0, 0, 0, 0, 0, 0, 0, 0.166069775, -0.146762061, -0.139054053, -0.0452042406, 0.444572073, -0.894546729, -0.710205078, 0.615356445, 0.341796875, 0.702487871, 0.65086923, 0.288015133, 0, 0, 0, 0, 0, 0, 0, 0.243739941, -0.107997852, -0.120782227, -0.0776092463, 0.223219105, -0.971596838, -0.289794922, -0.9375, -0.192260742, -0.953766898, 0.266737324, 0.137474827, 3, 1, 
49.0681254, 0.1, 0.1, 0.00175318455, -0.0153737249, -0.019953304, 0.963054634, -6.73107532e-005, -0.269306083, 0.269306079, -6.39709207e-005, 0.963054636, -8.2051691e-005, -0.999999996, -4.34802967e-005, 0.96305475, -5.94093886e-005, -0.269305671, 0.269305667, -6.25495139e-005, 0.963054751, -7.40594327e-005, -0.999999996, -4.42393215e-005, 0, 0, 0, 0, 0, 0, 0, 0.166069775, -0.146762061, -0.139054053, -0.0452042406, 0.444572073, -0.894546729, -0.710205078, 0.615356445, 0.341796875, 0.702487871, 0.65086923, 0.288015133, 0, 0, 0, 0, 0, 0, 0, 0.243739941, -0.107997852, -0.120782227, -0.0776092463, 0.223219105, -0.971596838, -0.289794922, -0.9375, -0.192260742, -0.953766898, 0.266737324, 0.137474827, 3, 1, 
49.0691862, 0.1, 0.1, 0.00175318898, -0.0153737193, -0.0199529219, 0.96305425, 7.3983654e-005, -0.269307455, 0.269307454, 2.76686779e-005, 0.963054253, 7.87016539e-005, -0.999999997, 6.72208831e-006, 0.96305429, 5.8069414e-005, -0.269307319, 0.269307316, 5.09247088e-005, 0.963054291, 6.96383951e-005, -0.999999997, 3.34047412e-005, 0, 0, 0, 0, 0, 0, 0, 0.166069775, -0.146762061, -0.139054053, -0.0452042406, 0.444572073, -0.894546729, -0.710205078, 0.615356445, 0.341796875, 0.702487871, 0.65086923, 0.288015133, 0, 0, 0, 0, 0, 0, 0, 0.243739941, -0.107997852, -0.120782227, -0.0776092463, 0.223219105, -0.971596838, -0.289794922, -0.9375, -0.192260742, -0.953766898, 0.266737324, 0.137474827, 3, 1, 
49.0702411, 0.1, 0.1, 0.00175318745, -0.0153737316, -0.0199529721, 0.963054355, -7.34284222e-005, -0.269307081, 0.269307081, -6.96174199e-006, 0.963054358, -7.25904084e-005, -0.999999997, 1.30702581e-005, 0.963054292, -5.44881792e-005, -0.26930731, 0.269307308, -4.90873681e-005, 0.963054293, -6.5694662e-005, -0.999999997, -3.25997357e-005, 0, 0, 0, 0, 0, 0, 0, 0.166069775, -0.146762061, -0.139054053, -0.0452042406, 0.444572073, -0.894546729, -0.710205078, 0.615356445, 0.341796875, 0.702487871, 0.65086923, 0.288015133, 0, 0, 0, 0, 0, 0, 0, 0.243739941, -0.107997852, -0.120782227, -0.0776092463, 0.223219105, -0.971596838, -0.289794922, -0.9375, -0.192260742, -0.953766898, 0.266737324, 0.137474827, 3, 1, 
49.071346, 0.1, 0.1, 0.00175319651, -0.0153737303, -0.0199530836, 0.963054927, 9.72873062e-005, -0.269305028, 0.269305032, -3.07555555e-005, 0.96305493, 8.54103942e-005, -0.999999995, -5.58192503e-005, 0.963054782, 8.48227475e-005, -0.269305551, 0.269305553, -1.23051979e-005, 0.963054785, 7.83750948e-005, -0.999999996, -3.46938165e-005, 0, 0, 0, 0, 0, 0, 0, 0.16605, -0.146765356, -0.139279248, -0.0456543097, 0.444558969, -0.894540737, -0.709106445, 0.616333008, 0.342529297, 0.70354789, 0.650006162, 0.287272633, 0, 0, 0, 0, 0, 0, 0, 0.243739941, -0.107997852, -0.120782227, -0.0783759353, 0.222363097, -0.971794799, -0.290893555, -0.93737793, -0.191040039, -0.953479252, 0.267874781, 0.138190477, 3, 1, 
49.0724067, 0.1, 0.1, 0.00175319099, -0.015373731, -0.0199530031, 0.963055614, -8.85374962e-005, -0.269302576, 0.269302578, 1.79804799e-005, 0.963055617, -8.04243434e-005, -0.999999996, 4.11595781e-005, 0.963055487, -7.91360533e-005, -0.269303032, 0.269303034, 2.01490054e-005, 0.963055489, -7.07862223e-005, -0.999999997, 4.07161895e-005, 0, 0, 0, 0, 0, 0, 0, 0.16605, -0.146765356, -0.139279248, -0.0456543097, 0.444558969, -0.894540737, -0.709106445, 0.616333008, 0.342529297, 0.70354789, 0.650006162, 0.287272633, 0, 0, 0, 0, 0, 0, 0, 0.243918506, -0.108030566, -0.121003516, -0.0783759353, 0.222363097, -0.971794799, -0.290893555, -0.93737793, -0.191040039, -0.953479252, 0.267874781, 0.138190477, 3, 1, 
49.0734627, 0.1, 0.1, 0.00175319693, -0.0153737345, -0.019953281, 0.963056046, 7.20737676e-005, -0.269301033, 0.269301033, 1.53422656e-005, 0.963056049, 7.35427658e-005, -0.999999997, -4.63407833e-006, 0.963055999, 7.13563902e-005, -0.269301204, 0.269301205, -1.28750101e-005, 0.963056001, 6.5252944e-005, -0.999999997, -3.16157176e-005, 0, 0, 0, 0, 0, 0, 0, 0.16605, -0.146765356, -0.139279248, -0.0456543097, 0.444558969, -0.894540737, -0.709106445, 0.616333008, 0.342529297, 0.70354789, 0.650006162, 0.287272633, 0, 0, 0, 0, 0, 0, 0, 0.243918506, -0.108030566, -0.121003516, -0.0783759353, 0.222363097, -0.971794799, -0.290893555, -0.93737793, -0.191040039, -0.953479252, 0.267874781, 0.138190477, 3, 1, 
49.074522, 0.1, 0.1, 0.00175318754, -0.0153737251, -0.0199537761, 0.963055987, -7.29263389e-005, -0.269301247, 0.269301245, -2.85422053e-005, 0.963055989, -7.79185989e-005, -0.999999997, -7.8485878e-006, 0.963056042, -7.82835292e-005, -0.269301047, 0.269301049, 1.64917955e-005, 0.963056044, -7.09501681e-005, -0.999999997, 3.69643598e-005, 0, 0, 0, 0, 0, 0, 0, 0.16605, -0.146765356, -0.139279248, -0.0456543097, 0.444558969, -0.894540737, -0.709106445, 0.616333008, 0.342529297, 0.70354789, 0.650006162, 0.287272633, 0, 0, 0, 0, 0, 0, 0, 0.243918506, -0.108030566, -0.121003516, -0.0783759353, 0.222363097, -0.971794799, -0.290893555, -0.93737793, -0.191040039, -0.953479252, 0.267874781, 0.138190477, 3, 1, 
49.0755795, 0.1, 0.1, 0.0017531927, -0.0153737226, -0.0199543084, 0.963055496, 5.68066641e-005, -0.269303006, 0.269303002, 7.3042925e-005, 0.963055496, 7.43786493e-005, -0.999999996, 5.50461852e-005, 0.963055619, 5.47474571e-005, -0.269302565, 0.269302563, 5.22530301e-005, 0.96305562, 6.67967213e-005, -0.999999997, 3.55789438e-005, 0, 0, 0, 0, 0, 0, 0, 0.16605, -0.146765356, -0.139279248, -0.0456543097, 0.444558969, -0.894540737, -0.709106445, 0.616333008, 0.342529297, 0.70354789, 0.650006162, 0.287272633, 0, 0, 0, 0, 0, 0, 0, 0.243918506, -0.108030566, -0.121003516, -0.0783759353, 0.222363097, -0.971794799, -0.290893555, -0.93737793, -0.191040039, -0.953479252, 0.267874781, 0.138190477, 3, 1, 
49.0766539, 0.1, 0.1, 0.00175318664, -0.0153737254, -0.0199542431, 0.963054864, -6.68501375e-005, -0.269305262, 0.269305258, -5.8774749e-005, 0.963054866, -8.02086994e-005, -0.999999996, -3.86002143e-005, 0.963054979, -5.96178298e-005, -0.269304853, 0.269304849, -5.64422158e-005, 0.96305498, -7.26154105e-005, -0.999999997, -3.83015863e-005, 0, 0, 0, 0, 0, 0, 0, 0.166295459, -0.14700813, -0.139510547, -0.0453045902, 0.444247441, -0.894655313, -0.707641602, 0.617797852, 0.342651367, 0.704975603, 0.648819583, 0.286549228, 0, 0, 0, 0, 0, 0, 0, 0.243900439, -0.10806499, -0.121006689, -0.0787911794, 0.221519849, -0.97195448, -0.291870117, -0.937255859, -0.189941406, -0.953031925, 0.268890837, 0.138541922, 3, 1, 
49.0777219, 0.1, 0.1, 0.00175319117, -0.0153737195, -0.0199539622, 0.963054476, 7.3968119e-005, -0.269306647, 0.269306646, 2.65029925e-005, 0.963054479, 7.83727604e-005, -0.999999997, 5.60371947e-006, 0.963054516, 5.82456624e-005, -0.26930651, 0.269306507, 4.98912655e-005, 0.963054517, 6.95297908e-005, -0.999999997, 3.23620726e-005, 0, 0, 0, 0, 0, 0, 0, 0.166295459, -0.14700813, -0.139510547, -0.0453045902, 0.444247441, -0.894655313, -0.707641602, 0.617797852, 0.342651367, 0.704975603, 0.648819583, 0.286549228, 0, 0, 0, 0, 0, 0, 0, 0.243900439, -0.10806499, -0.121006689, -0.0787911794, 0.221519849, -0.97195448, -0.291870117, -0.937255859, -0.189941406, -0.953031925, 0.268890837, 0.138541922, 3, 1, 
49.0788162, 0.1, 0.1, 0.00175318875, -0.0153737333, -0.0199530834, 0.96305459, -7.68856575e-005, -0.269306241, 0.269306241, -1.04255227e-005, 0.963054593, -7.68527439e-005, -0.999999997, 1.06654399e-005, 0.963054525, -5.89090336e-005, -0.269306478, 0.269306475, -5.29956475e-005, 0.963054526, -7.10046826e-005, -0.999999997, -3.5173114e-005, 0, 0, 0, 0, 0, 0, 0, 0.166636621, -0.147582056, -0.138916016, -0.0430198005, 0.441759709, -0.896096131, -0.707519531, 0.619750977, 0.339477539, 0.70535528, 0.648719234, 0.28603588, 0, 0, 0, 0, 0, 0, 0, 0.24449292, -0.108179004, -0.120429248, -0.076580431, 0.219437065, -0.972549095, -0.292480469, -0.93737793, -0.188476562, -0.953045051, 0.270022097, 0.136024571, 3, 1, 
49.0798729, 0.1, 0.1, 0.0017531964, -0.0153737327, -0.0199524569, 0.96305514, 9.50930157e-005, -0.269304266, 0.26930427, -3.09849621e-005, 0.963055143, 8.32354354e-005, -0.999999995, -5.54491822e-005, 0.963055006, 8.21422827e-005, -0.269304751, 0.269304753, -1.35190449e-005, 0.963055009, 7.54667938e-005, -0.999999997, -3.5140891e-005, 0, 0, 0, 0, 0, 0, 0, 0.166636621, -0.147582056, -0.138916016, -0.0430198005, 0.441759709, -0.896096131, -0.707519531, 0.619750977, 0.339477539, 0.70535528, 0.648719234, 0.28603588, 0, 0, 0, 0, 0, 0, 0, 0.24449292, -0.108179004, -0.120429248, -0.076580431, 0.219437065, -0.972549095, -0.292480469, -0.93737793, -0.188476562, -0.953045051, 0.270022097, 0.136024571, 3, 1, 
49.0809421, 0.1, 0.1, 0.00175319035, -0.0153737332, -0.0199523868, 0.963055827, -8.95045561e-005, -0.269301812, 0.269301814, 1.93061871e-005, 0.96305583, -8.09986935e-005, -0.999999996, 4.26966754e-005, 0.963055701, -8.12190544e-005, -0.269302264, 0.269302266, 2.15221543e-005, 0.963055704, -7.24225087e-005, -0.999999996, 4.25995088e-005, 0, 0, 0, 0, 0, 0, 0, 0.166636621, -0.147582056, -0.138916016, -0.0430198005, 0.441759709, -0.896096131, -0.707519531, 0.619750977, 0.339477539, 0.70535528, 0.648719234, 0.28603588, 0, 0, 0, 0, 0, 0, 0, 0.24449292, -0.108179004, -0.120429248, -0.076580431, 0.219437065, -0.972549095, -0.292480469, -0.93737793, -0.188476562, -0.953045051, 0.270022097, 0.136024571, 3, 1, 
49.082002, 0.1, 0.1, 0.0017531976, -0.0153737365, -0.0199528237, 0.963056257, 7.90009304e-005, -0.269300278, 0.269300277, 1.59243782e-005, 0.96305626, 8.03707801e-005, -0.999999997, -5.93890044e-006, 0.963056211, 7.76028221e-005, -0.269300441, 0.269300443, -1.22697713e-005, 0.963056214, 7.14316252e-005, -0.999999997, -3.27149539e-005, 0, 0, 0, 0, 0, 0, 0, 0.166636621, -0.147582056, -0.138916016, -0.0430198005, 0.441759709, -0.896096131, -0.707519531, 0.619750977, 0.339477539, 0.70535528, 0.648719234, 0.28603588, 0, 0, 0, 0, 0, 0, 0, 0.24449292, -0.108179004, -0.120429248, -0.076580431, 0.219437065, -0.972549095, -0.292480469, -0.93737793, -0.188476562, -0.953045051, 0.270022097, 0.136024571, 3, 1, 
49.0830824, 0.1, 0.1, 0.00175318987, -0.0153737273, -0.0199535493, 0.96305618, -6.61207803e-005, -0.269300556, 0.269300554, -3.26601714e-005, 0.963056182, -7.24734285e-005, -0.999999997, -1.36472172e-005, 0.963056245, -7.17951193e-005, -0.269300322, 0.269300324, 1.6557732e-005, 0.963056247, -6.46837356e-005, -0.999999997, 3.52804761e-005, 0, 0, 0, 0, 0, 0, 0, 0.166636621, -0.147582056, -0.138916016, -0.0410787389, 0.440262725, -0.896946094, -0.709350586, 0.619262695, 0.336547852, 0.703564743, 0.650192252, 0.286912052, 0, 0, 0, 0, 0, 0, 0, 0.24449292, -0.108179004, -0.120429248, -0.076580431, 0.219437065, -0.972549095, -0.292480469, -0.93737793, -0.188476562, -0.953045051, 0.270022097, 0.136024571, 3, 1, 
49.0841648, 0.1, 0.1, 0.00175319734, -0.0153737261, -0.0199536662, 0.963055654, 6.39219223e-005, -0.269302439, 0.269302434, 7.13893974e-005, 0.963055655, 8.07857075e-005, -0.999999995, 5.15376335e-005, 0.963055783, 6.3022318e-005, -0.269301975, 0.269301972, 4.99575547e-005, 0.963055785, 7.41476761e-005, -0.999999997, 3.11398774e-005, 0, 0, 0, 0, 0, 0, 0, 0.167176855, -0.147430835, -0.138063818, -0.0410787389, 0.440262725, -0.896946094, -0.709350586, 0.619262695, 0.336547852, 0.703564743, 0.650192252, 0.286912052, 0, 0, 0, 0, 0, 0, 0, 0.24483042, -0.108060498, -0.119620264, -0.0746828481, 0.218018526, -0.973022308, -0.291259766, -0.937866211, -0.187744141, -0.953582063, 0.269504775, 0.13351998, 3, 1, 
49.0852215, 0.1, 0.1, 0.00175319207, -0.0153737294, -0.0199537778, 0.963055005, -6.64724774e-005, -0.26930476, 0.269304756, -5.98561098e-005, 0.963055006, -8.01361873e-005, -0.999999996, -3.97433718e-005, 0.963055125, -5.76684342e-005, -0.269304331, 0.269304327, -5.75816453e-005, 0.963055126, -7.10448676e-005, -0.999999997, -3.99239397e-005, 0, 0, 0, 0, 0, 0, 0, 0.167176855, -0.147430835, -0.138063818, -0.0410787389, 0.440262725, -0.896946094, -0.709350586, 0.619262695, 0.336547852, 0.703564743, 0.650192252, 0.286912052, 0, 0, 0, 0, 0, 0, 0, 0.24483042, -0.108060498, -0.119620264, -0.0746828481, 0.218018526, -0.973022308, -0.291259766, -0.937866211, -0.187744141, -0.953582063, 0.269504775, 0.13351998, 3, 1, 
49.0862869, 0.1, 0.1, 0.00175319555, -0.0153737234, -0.0199538508, 0.963054599, 6.91907373e-005, -0.26930621, 0.269306209, 2.75431441e-005, 0.963054601, 7.40519977e-005, -0.999999997, 7.89205647e-006, 0.963054643, 5.40770163e-005, -0.269306057, 0.269306055, 5.09237899e-005, 0.963054643, 6.57932067e-005, -0.999999997, 3.44791243e-005, 0, 0, 0, 0, 0, 0, 0, 0.167176855, -0.147430835, -0.138063818, -0.0410787389, 0.440262725, -0.896946094, -0.709350586, 0.619262695, 0.336547852, 0.703564743, 0.650192252, 0.286912052, 0, 0, 0, 0, 0, 0, 0, 0.24483042, -0.108060498, -0.119620264, -0.0746828481, 0.218018526, -0.973022308, -0.291259766, -0.937866211, -0.187744141, -0.953582063, 0.269504775, 0.13351998, 3, 1, 
