time, trialNum, realDorsalTactorPos, realVentralTactorPos, boxPosX, boxPosY, boxPosZ, boxLocalRot_11, boxLocalRot_12, boxLocalRot_13, boxLocalRot_21, boxLocalRot_22, boxLocalRot_23, boxLocalRot_31, boxLocalRot_32, boxLocalRot_33, boxGlobalRot_11, boxGlobalRot_12, boxGlobalRot_13, boxGlobalRot_21, boxGlobalRot_22, boxGlobalRot_23, boxGlobalRot_31, boxGlobalRot_32, boxGlobalRot_33, indexForceX, indexForceY, indexForceZ, indexForceGlobalX, indexForceGlobalY, indexForceGlobalZ, indexContact, indexPosX, indexPosY, indexPosZ, indexRot_11, indexRot_12, indexRot_13, indexRot_21, indexRot_22, indexRot_23, indexRot_31, indexRot_32, indexRot_33, thumbForceX, thumbForceY, thumbForceZ, thumbForceGlobalX, thumbForceGlobalY, thumbForceGlobalZ, thumbContact, thumbPosX, thumbPosY, thumbPosZ, thumbRot_11, thumbRot_12, thumbRot_13, thumbRot_21, thumbRot_22, thumbRot_23, thumbRot_31, thumbRot_32, thumbRot_33, manipForceTooHigh, cceExpType, mapping, trialSuccess, 
360.34903, 46, 0.1, 0.1, 0.0166854207, 0.355909383, -0.034972468, 0.945888947, -0.324490524, -2.97433825e-006, 0.324490524, 0.945888947, -2.23149641e-005, 1.00543881e-005, 2.01423334e-005, 1, 0.945888963, -0.324490478, 9.88210385e-006, 0.324490478, 0.945888962, -2.46085727e-005, -1.36212544e-006, 2.64836259e-005, 1, 0, 0, 0, 0, 0, 0, 0, 0.274249805, -0.149341309, -0.198299121, -0.304444066, 0.530928919, -0.790801225, -0.934570312, -0.00622558594, 0.35559082, 0.183923147, 0.847297937, 0.498251067, 0, 0, -0, 0, 0, 0, 0, 0.343543848, -0.106120215, -0.164869629, 0.183200033, 0.204613918, -0.961458489, 0.334228516, -0.932739258, -0.134765625, -0.924390854, -0.296643315, -0.239261651, 0, 2, 5, 1, 
360.382398, 46, 0.1, 0.1, 0.0166855803, 0.355908945, -0.0349675104, 0.945882334, -0.324509798, -6.90232607e-006, 0.324509798, 0.945882334, 1.130162e-006, 6.16203965e-006, -3.30887271e-006, 1, 0.945882404, -0.324509597, 3.2503138e-006, 0.324509597, 0.945882404, 1.15295946e-005, -6.81587873e-006, -9.85088265e-006, 1, 0, 0, 0, 0, 0, 0, 0, 0.28207583, -0.158096436, -0.193830664, -0.329392523, 0.534525724, -0.778287683, -0.929321289, -0.0378417969, 0.3671875, 0.166863965, 0.844256421, 0.509369862, 0, 0, -0, 0, 0, 0, 0, 0.350663379, -0.113133838, -0.160120264, 0.171860845, 0.218862712, -0.960448997, 0.374511719, -0.916259766, -0.141723633, -0.911099011, -0.335282572, -0.239523777, 0, 2, 5, 1, 
360.383082, 46, 0.1, 0.1, 0.0166855825, 0.355908942, -0.0349686324, 0.945881993, -0.324510795, 7.49730731e-006, 0.324510795, 0.945881993, 8.09260372e-006, -9.71770525e-006, -5.22169097e-006, 1, 0.945882063, -0.324510589, 6.54156492e-006, 0.324510589, 0.945882063, -4.63853607e-006, -4.68229485e-006, 6.51031516e-006, 1, 0, 0, 0, 0, 0, 0, 0, 0.28207583, -0.158096436, -0.193830664, -0.329392523, 0.534525724, -0.778287683, -0.929321289, -0.0378417969, 0.3671875, 0.166863965, 0.844256421, 0.509369862, 0, 0, -0, 0, 0, 0, 0, 0.350663379, -0.113133838, -0.160120264, 0.171860845, 0.218862712, -0.960448997, 0.374511719, -0.916259766, -0.141723633, -0.911099011, -0.335282572, -0.239523777, 0, 2, 5, 1, 
360.383774, 46, 0.1, 0.1, 0.0166855861, 0.355908935, -0.0349700545, 0.945881627, -0.32451186, -8.79476245e-006, 0.32451186, 0.945881627, -1.26390504e-005, 1.2420326e-005, 9.10104081e-006, 1, 0.9458817, -0.324511647, -1.09100741e-005, 0.324511647, 0.9458817, -8.29382749e-006, 1.30110831e-005, 4.30453353e-006, 1, 0, 0, 0, 0, 0, 0, 0, 0.28207583, -0.158096436, -0.193830664, -0.329392523, 0.534525724, -0.778287683, -0.929321289, -0.0378417969, 0.3671875, 0.166863965, 0.844256421, 0.509369862, 0, 0, -0, 0, 0, 0, 0, 0.350663379, -0.113133838, -0.160120264, 0.171860845, 0.218862712, -0.960448997, 0.374511719, -0.916259766, -0.141723633, -0.911099011, -0.335282572, -0.239523777, 0, 2, 5, 1, 
360.384565, 46, 0.1, 0.1, 0.0166855872, 0.355908925, -0.0349707936, 0.94588119, -0.324513134, -7.22614914e-007, 0.324513134, 0.94588119, 1.64296272e-005, -4.64812194e-006, -1.57749733e-005, 1, 0.94588127, -0.324512902, 4.24816918e-006, 0.324512902, 0.94588127, 1.88730075e-005, -1.01427981e-005, -1.64730386e-005, 1, 0, 0, 0, 0, 0, 0, 0, 0.282675732, -0.159381567, -0.193536377, -0.330756957, 0.535635918, -0.776973424, -0.928833008, -0.0393066406, 0.368286133, 0.166832887, 0.843462623, 0.510644807, 0, 0, -0, 0, 0, 0, 0, 0.351100342, -0.114441064, -0.159670605, 0.171381802, 0.220089122, -0.960289316, 0.377075195, -0.915039063, -0.142456055, -0.910044676, -0.337608526, -0.239875222, 0, 2, 5, 1, 
360.385272, 46, 0.1, 0.1, 0.0166855906, 0.35590892, -0.0349702846, 0.945880786, -0.324514313, 7.512776e-006, 0.324514313, 0.945880786, -4.32297164e-007, -6.96590385e-006, 2.84690492e-006, 1, 0.945880865, -0.324514083, -1.2805535e-006, 0.324514083, 0.945880865, -8.93792279e-006, 4.11173287e-006, 8.03865249e-006, 1, 0, 0, 0, 0, 0, 0, 0, 0.282675732, -0.159381567, -0.193536377, -0.330756957, 0.535635918, -0.776973424, -0.928833008, -0.0393066406, 0.368286133, 0.166832887, 0.843462623, 0.510644807, 0, 0, -0, 0, 0, 0, 0, 0.351100342, -0.114441064, -0.159670605, 0.171381802, 0.220089122, -0.960289316, 0.377075195, -0.915039063, -0.142456055, -0.910044676, -0.337608526, -0.239875222, 0, 2, 5, 1, 
360.385988, 46, 0.1, 0.1, 0.0166855917, 0.355908911, -0.0349693266, 0.945880357, -0.324515563, -5.94296798e-006, 0.324515563, 0.945880357, -8.70929666e-006, 8.44763898e-006, 6.30936704e-006, 1, 0.94588044, -0.324515321, -5.20333859e-006, 0.324515321, 0.94588044, 4.09634074e-006, 3.59241087e-006, -5.56321167e-006, 1, 0, 0, 0, 0, 0, 0, 0, 0.282675732, -0.159381567, -0.193536377, -0.330756957, 0.535635918, -0.776973424, -0.928833008, -0.0393066406, 0.368286133, 0.166832887, 0.843462623, 0.510644807, 0, 0, -0, 0, 0, 0, 0, 0.351100342, -0.114441064, -0.159670605, 0.171381802, 0.220089122, -0.960289316, 0.377075195, -0.915039063, -0.142456055, -0.910044676, -0.337608526, -0.239875222, 0, 2, 5, 1, 
360.386702, 46, 0.1, 0.1, 0.016685591, 0.355908906, -0.0349683699, 0.945879917, -0.324516846, 1.12481646e-005, 0.324516846, 0.945879917, 1.25829535e-005, -1.47227934e-005, -8.25174417e-006, 1, 0.945880002, -0.324516597, 1.37386709e-005, 0.324516597, 0.945880002, 8.38094631e-006, -1.57148902e-005, -3.46894279e-006, 1, 0, 0, 0, 0, 0, 0, 0, 0.282675732, -0.159381567, -0.193536377, -0.330756957, 0.535635918, -0.776973424, -0.928833008, -0.0393066406, 0.368286133, 0.166832887, 0.843462623, 0.510644807, 0, 0, -0, 0, 0, 0, 0, 0.351100342, -0.114441064, -0.159670605, 0.171381802, 0.220089122, -0.960289316, 0.377075195, -0.915039063, -0.142456055, -0.910044676, -0.337608526, -0.239875222, 0, 2, 5, 1, 
360.387396, 46, 0.1, 0.1, 0.0166855935, 0.355908903, -0.0349678992, 0.945879477, -0.324518127, 2.26006998e-007, 0.324518127, 0.945879477, -1.57730567e-005, 4.90486744e-006, 1.4992754e-005, 1, 0.94587957, -0.324517857, -4.75920819e-006, 0.324517857, 0.94587957, -1.84006143e-005, 1.04729657e-005, 1.58603171e-005, 1, 0, 0, 0, 0, 0, 0, 0, 0.282675732, -0.159381567, -0.193536377, -0.330756957, 0.535635918, -0.776973424, -0.928833008, -0.0393066406, 0.368286133, 0.166832887, 0.843462623, 0.510644807, 0, 0, -0, 0, 0, 0, 0, 0.351100342, -0.114441064, -0.159670605, 0.171381802, 0.220089122, -0.960289316, 0.377075195, -0.915039063, -0.142456055, -0.910044676, -0.337608526, -0.239875222, 0, 2, 5, 1, 
360.388077, 46, 0.1, 0.1, 0.0166855946, 0.355908896, -0.034968031, 0.945879039, -0.324519405, -1.05863593e-005, 0.324519405, 0.945879039, 8.56627859e-007, 9.73542303e-006, -4.24574537e-006, 1, 0.945879125, -0.324519153, -1.24601239e-006, 0.324519153, 0.945879125, 1.00098554e-005, -2.0698127e-006, -9.8724682e-006, 1, 0, 0, 0, 0, 0, 0, 0, 0.282675732, -0.159381567, -0.193536377, -0.330756957, 0.535635918, -0.776973424, -0.928833008, -0.0393066406, 0.368286133, 0.166832887, 0.843462623, 0.510644807, 0, 0, -0, 0, 0, 0, 0, 0.351100342, -0.114441064, -0.159670605, 0.171381802, 0.220089122, -0.960289316, 0.377075195, -0.915039063, -0.142456055, -0.910044676, -0.337608526, -0.239875222, 0, 2, 5, 1, 
360.388783, 46, 0.1, 0.1, 0.0166855979, 0.355908893, -0.0349686577, 0.94587857, -0.324520772, 4.82021769e-006, 0.324520772, 0.94587857, 8.89529394e-006, -7.44604826e-006, -6.84960714e-006, 1, 0.945878666, -0.324520492, 3.56099289e-006, 0.324520492, 0.945878666, -4.1802303e-006, -2.01169681e-006, 5.10960582e-006, 1, 0, 0, 0, 0, 0, 0, 0, 0.282675732, -0.159381567, -0.193536377, -0.330756957, 0.535635918, -0.776973424, -0.928833008, -0.0393066406, 0.368286133, 0.166832887, 0.843462623, 0.510644807, 0, 0, -0, 0, 0, 0, 0, 0.351100342, -0.114441064, -0.159670605, 0.171381802, 0.220089122, -0.960289316, 0.377075195, -0.915039063, -0.142456055, -0.910044676, -0.337608526, -0.239875222, 0, 2, 5, 1, 
360.389507, 46, 0.1, 0.1, 0.0166856023, 0.355908886, -0.0349691749, 0.94587808, -0.3245222, -1.0327051e-005, 0.3245222, 0.94587808, -1.37408984e-005, 1.42273578e-005, 9.64585731e-006, 1, 0.945878173, -0.324521929, -1.29834471e-005, 0.324521929, 0.945878173, -9.21262314e-006, 1.52704575e-005, 4.50060583e-006, 1, 0, 0, 0, 0, 0, 0, 0, 0.283526831, -0.160493018, -0.192840283, -0.331487475, 0.535737389, -0.776497146, -0.928710937, -0.0411376953, 0.368164063, 0.165341894, 0.84332296, 0.511310923, 0, 0, -0, 0, 0, 0, 0, 0.35178374, -0.11554165, -0.159216064, 0.171279723, 0.221072728, -0.959982714, 0.379638672, -0.91394043, -0.142700195, -0.909073464, -0.339959999, -0.24045671, 0, 2, 5, 1, 
360.390195, 46, 0.1, 0.1, 0.0166856031, 0.355908879, -0.0349697709, 0.945877609, -0.324523573, 5.5277174e-007, 0.324523573, 0.945877609, 1.27821612e-005, -4.67096702e-006, -1.19109726e-005, 1, 0.945877703, -0.324523297, 5.2771649e-006, 0.324523297, 0.945877703, 1.50012738e-005, -9.85981544e-006, -1.24768074e-005, 1, 0, 0, 0, 0, 0, 0, 0, 0.283526831, -0.160493018, -0.192840283, -0.331487475, 0.535737389, -0.776497146, -0.928710937, -0.0411376953, 0.368164063, 0.165341894, 0.84332296, 0.511310923, 0, 0, -0, 0, 0, 0, 0, 0.35178374, -0.11554165, -0.159216064, 0.171279723, 0.221072728, -0.959982714, 0.379638672, -0.91394043, -0.142700195, -0.909073464, -0.339959999, -0.24045671, 0, 2, 5, 1, 
360.390893, 46, 0.1, 0.1, 0.0166856056, 0.355908876, -0.0349702722, 0.945877131, -0.324524964, 9.33327246e-006, 0.324524964, 0.945877131, -1.9056345e-006, -8.20970301e-006, 4.831376e-006, 1, 0.945877224, -0.324524693, 6.57737091e-007, 0.324524693, 0.945877224, -1.09190379e-005, 2.9213589e-006, 1.05415212e-005, 1, 0, 0, 0, 0, 0, 0, 0, 0.283526831, -0.160493018, -0.192840283, -0.331487475, 0.535737389, -0.776497146, -0.928710937, -0.0411376953, 0.368164063, 0.165341894, 0.84332296, 0.511310923, 0, 0, -0, 0, 0, 0, 0, 0.35178374, -0.11554165, -0.159216064, 0.171279723, 0.221072728, -0.959982714, 0.379638672, -0.91394043, -0.142700195, -0.909073464, -0.339959999, -0.24045671, 0, 2, 5, 1, 
360.391607, 46, 0.1, 0.1, 0.0166856065, 0.355908868, -0.0349705368, 0.945876636, -0.324526409, -6.00927589e-006, 0.324526409, 0.945876636, -9.35314953e-006, 8.7193777e-006, 6.89675688e-006, 1, 0.945876742, -0.3245261, -4.72184733e-006, 0.3245261, 0.945876742, 3.33893485e-006, 3.38271407e-006, -4.69058351e-006, 1, 0, 0, 0, 0, 0, 0, 0, 0.283526831, -0.160493018, -0.192840283, -0.331487475, 0.535737389, -0.776497146, -0.928710937, -0.0411376953, 0.368164063, 0.165341894, 0.84332296, 0.511310923, 0, 0, -0, 0, 0, 0, 0, 0.35178374, -0.11554165, -0.159216064, 0.1705772, 0.223269983, -0.959637832, 0.384643555, -0.911743164, -0.143676758, -0.907060676, -0.344516023, -0.241402403, 0, 2, 5, 1, 
360.392298, 46, 0.1, 0.1, 0.0166856065, 0.355908863, -0.0349703799, 0.945876155, -0.324527809, 7.74489174e-006, 0.324527809, 0.945876155, 1.37699274e-005, -1.17944328e-005, -1.05112132e-005, 1, 0.945876252, -0.324527527, 1.02609118e-005, 0.324527527, 0.945876252, 9.05210038e-006, -1.26432085e-005, -5.23221845e-006, 1, 0, 0, 0, 0, 0, 0, 0, 0.283526831, -0.160493018, -0.192840283, -0.331487475, 0.535737389, -0.776497146, -0.928710937, -0.0411376953, 0.368164063, 0.165341894, 0.84332296, 0.511310923, 0, 0, -0, 0, 0, 0, 0, 0.352672559, -0.116161816, -0.15876665, 0.1705772, 0.223269983, -0.959637832, 0.384643555, -0.911743164, -0.143676758, -0.907060676, -0.344516023, -0.241402403, 0, 2, 5, 1, 
360.393007, 46, 0.1, 0.1, 0.0166856097, 0.355908859, -0.0349699085, 0.94587566, -0.324529252, -1.49734309e-006, 0.324529252, 0.94587566, -1.11251929e-005, 5.02675091e-006, 1.00371175e-005, 1, 0.94587576, -0.324528962, -7.02155979e-006, 0.324528962, 0.94587576, -1.36448747e-005, 1.10696802e-005, 1.06276567e-005, 1, 0, 0, 0, 0, 0, 0, 0, 0.283526831, -0.160493018, -0.192840283, -0.331487475, 0.535737389, -0.776497146, -0.928710937, -0.0411376953, 0.368164063, 0.165341894, 0.84332296, 0.511310923, 0, 0, -0, 0, 0, 0, 0, 0.352672559, -0.116161816, -0.15876665, 0.1705772, 0.223269983, -0.959637832, 0.384643555, -0.911743164, -0.143676758, -0.907060676, -0.344516023, -0.241402403, 0, 2, 5, 1, 
360.393736, 46, 0.1, 0.1, 0.0166856108, 0.355908851, -0.0349691183, 0.945875149, -0.324530741, -9.6728617e-006, 0.324530741, 0.945875149, 2.79703061e-006, 8.24159708e-006, -5.78478273e-006, 1, 0.945875255, -0.324530434, -3.19610801e-007, 0.324530434, 0.945875255, 1.33256299e-005, -4.0222605e-006, -1.2708107e-005, 1, 0, 0, 0, 0, 0, 0, 0, 0.283526831, -0.160493018, -0.192840283, -0.333608635, 0.535819765, -0.775646061, -0.928588867, -0.0452880859, 0.368164063, 0.162093687, 0.843062729, 0.51278282, 0, 0, -0, 0, 0, 0, 0, 0.352672559, -0.116161816, -0.15876665, 0.1705772, 0.223269983, -0.959637832, 0.384643555, -0.911743164, -0.143676758, -0.907060676, -0.344516023, -0.241402403, 0, 2, 5, 1, 
360.394432, 46, 0.1, 0.1, 0.0166856128, 0.355908848, -0.0349683634, 0.945874654, -0.324532185, 8.70421732e-006, 0.324532185, 0.945874654, 9.89519735e-006, -1.14444086e-005, -6.5348177e-006, 1, 0.945874759, -0.32453188, 6.98614231e-006, 0.32453188, 0.945874759, -3.0611277e-006, -5.61458214e-006, 5.16266932e-006, 1, 0, 0, 0, 0, 0, 0, 0, 0.284524756, -0.161159326, -0.192569067, -0.333608635, 0.535819765, -0.775646061, -0.928588867, -0.0452880859, 0.368164063, 0.162093687, 0.843062729, 0.51278282, 0, 0, -0, 0, 0, 0, 0, 0.352672559, -0.116161816, -0.15876665, 0.1705772, 0.223269983, -0.959637832, 0.384643555, -0.911743164, -0.143676758, -0.907060676, -0.344516023, -0.241402403, 0, 2, 5, 1, 
360.395123, 46, 0.1, 0.1, 0.0166856152, 0.355908843, -0.0349680312, 0.945874158, -0.324533629, -5.07560994e-006, 0.324533629, 0.945874158, -1.57570708e-005, 9.91458763e-006, 1.32569999e-005, 1, 0.945874258, -0.324533339, -7.92081777e-006, 0.324533338, 0.945874258, -1.05623913e-005, 1.09199458e-005, 7.42012463e-006, 1, 0, 0, 0, 0, 0, 0, 0, 0.284524756, -0.161159326, -0.192569067, -0.333608635, 0.535819765, -0.775646061, -0.928588867, -0.0452880859, 0.368164063, 0.162093687, 0.843062729, 0.51278282, 0, 0, -0, 0, 0, 0, 0, 0.352672559, -0.116161816, -0.15876665, 0.1705772, 0.223269983, -0.959637832, 0.384643555, -0.911743164, -0.143676758, -0.907060676, -0.344516023, -0.241402403, 0, 2, 5, 1, 
360.395827, 46, 0.1, 0.1, 0.0166856141, 0.355908836, -0.0349681164, 0.94587365, -0.32453511, 3.93729321e-006, 0.32453511, 0.94587365, 1.20234038e-005, -7.62619859e-006, -1.0094831e-005, 1, 0.94587375, -0.324534819, 9.94089071e-006, 0.324534819, 0.94587375, 1.44558213e-005, -1.40942449e-005, -1.04472167e-005, 1, 0, 0, 0, 0, 0, 0, 0, 0.284524756, -0.161159326, -0.192569067, -0.333608635, 0.535819765, -0.775646061, -0.928588867, -0.0452880859, 0.368164063, 0.162093687, 0.843062729, 0.51278282, 0, 0, -0, 0, 0, 0, 0, 0.352672559, -0.116161816, -0.15876665, 0.1705772, 0.223269983, -0.959637832, 0.384643555, -0.911743164, -0.143676758, -0.907060676, -0.344516023, -0.241402403, 0, 2, 5, 1, 
360.396553, 46, 0.1, 0.1, 0.0166856163, 0.355908834, -0.0349684225, 0.945873121, -0.324536652, 9.52537799e-006, 0.324536652, 0.945873121, -3.84583244e-006, -7.76168543e-006, 6.72900381e-006, 1, 0.94587322, -0.324536364, 1.23991401e-006, 0.324536364, 0.94587322, -1.34948666e-005, 3.2067735e-006, 1.31668302e-005, 1, 0, 0, 0, 0, 0, 0, 0, 0.285481299, -0.161597632, -0.192487891, -0.336554672, 0.536003612, -0.774153946, -0.928100586, -0.0499267578, 0.368896484, 0.159099719, 0.842662835, 0.514400371, 0, 0, -0, 0, 0, 0, 0, 0.353493262, -0.116320605, -0.158753467, 0.168916223, 0.225722802, -0.959369509, 0.389526367, -0.909301758, -0.145385742, -0.905271368, -0.34916793, -0.241619687, 0, 2, 5, 1, 
360.39725, 46, 0.1, 0.1, 0.0166856177, 0.355908827, -0.0349688958, 0.945872611, -0.324538139, -9.9490828e-006, 0.324538139, 0.945872611, -9.24453311e-006, 1.24107685e-005, 5.51529386e-006, 1, 0.945872714, -0.32453784, -8.06995357e-006, 0.32453784, 0.945872714, 2.77755358e-006, 6.73172764e-006, -5.24621744e-006, 1, 0, 0, 0, 0, 0, 0, 0, 0.285481299, -0.161597632, -0.192487891, -0.336554672, 0.536003612, -0.774153946, -0.928100586, -0.0499267578, 0.368896484, 0.159099719, 0.842662835, 0.514400371, 0, 0, -0, 0, 0, 0, 0, 0.353493262, -0.116320605, -0.158753467, 0.168916223, 0.225722802, -0.959369509, 0.389526367, -0.909301758, -0.145385742, -0.905271368, -0.34916793, -0.241619687, 0, 2, 5, 1, 
360.397952, 46, 0.1, 0.1, 0.016685619, 0.355908823, -0.0349694426, 0.94587209, -0.324539657, 4.18597617e-006, 0.324539657, 0.94587209, 1.47019223e-005, -8.73075485e-006, -1.25476227e-005, 1, 0.945872192, -0.32453936, 6.61241482e-006, 0.32453936, 0.945872192, 9.66669131e-006, -9.39172111e-006, -6.99746563e-006, 1, 0, 0, 0, 0, 0, 0, 0, 0.285481299, -0.161597632, -0.192487891, -0.336554672, 0.536003612, -0.774153946, -0.928100586, -0.0499267578, 0.368896484, 0.159099719, 0.842662835, 0.514400371, 0, 0, -0, 0, 0, 0, 0, 0.353493262, -0.116320605, -0.158753467, 0.168916223, 0.225722802, -0.959369509, 0.389526367, -0.909301758, -0.145385742, -0.905271368, -0.34916793, -0.241619687, 0, 2, 5, 1, 
360.398653, 46, 0.1, 0.1, 0.0166856229, 0.355908819, -0.0349699809, 0.945871574, -0.324541162, -2.80576011e-006, 0.324541162, 0.945871574, -1.13201871e-005, 6.32775541e-006, 9.79685853e-006, 1, 0.945871675, -0.324540868, -8.56788045e-006, 0.324540867, 0.945871675, -1.36400193e-005, 1.25308591e-005, 1.01210805e-005, 1, 0, 0, 0, 0, 0, 0, 0, 0.285481299, -0.161597632, -0.192487891, -0.336554672, 0.536003612, -0.774153946, -0.928100586, -0.0499267578, 0.368896484, 0.159099719, 0.842662835, 0.514400371, 0, 0, -0, 0, 0, 0, 0, 0.353493262, -0.116320605, -0.158753467, 0.168916223, 0.225722802, -0.959369509, 0.389526367, -0.909301758, -0.145385742, -0.905271368, -0.34916793, -0.241619687, 0, 2, 5, 1, 
360.399357, 46, 0.1, 0.1, 0.0166856236, 0.355908811, -0.0349703234, 0.945871059, -0.324542663, -7.3206635e-006, 0.324542663, 0.945871059, 2.73432386e-006, 6.03699899e-006, -4.96218543e-006, 1, 0.945871164, -0.324542357, 8.96665709e-007, 0.324542357, 0.945871164, 1.2267288e-005, -4.82938479e-006, -1.13122679e-005, 1, 0, 0, 0, 0, 0, 0, 0, 0.285481299, -0.161597632, -0.192487891, -0.336554672, 0.536003612, -0.774153946, -0.928100586, -0.0499267578, 0.368896484, 0.159099719, 0.842662835, 0.514400371, 0, 0, -0, 0, 0, 0, 0, 0.353493262, -0.116320605, -0.158753467, 0.168916223, 0.225722802, -0.959369509, 0.389526367, -0.909301758, -0.145385742, -0.905271368, -0.34916793, -0.241619687, 0, 2, 5, 1, 
360.40005, 46, 0.1, 0.1, 0.0166856247, 0.355908809, -0.0349703606, 0.945870548, -0.32454415, 1.01660623e-005, 0.32454415, 0.945870548, 8.93988049e-006, -1.25171648e-005, -5.15663362e-006, 1, 0.945870649, -0.324543856, 8.79062472e-006, 0.324543856, 0.945870649, -2.65968575e-006, -7.45160924e-006, 5.36866194e-006, 1, 0, 0, 0, 0, 0, 0, 0, 0.285481299, -0.161597632, -0.192487891, -0.336554672, 0.536003612, -0.774153946, -0.928100586, -0.0499267578, 0.368896484, 0.159099719, 0.842662835, 0.514400371, 0, 0, -0, 0, 0, 0, 0, 0.353493262, -0.116320605, -0.158753467, 0.168916223, 0.225722802, -0.959369509, 0.389526367, -0.909301758, -0.145385742, -0.905271368, -0.34916793, -0.241619687, 0, 2, 5, 1, 
360.400867, 46, 0.1, 0.1, 0.0166856297, 0.355908802, -0.03496905, 0.945869967, -0.324545846, -1.73633039e-005, 0.324545846, 0.945869967, -1.23074889e-006, 1.68228621e-005, -4.47105974e-006, 1, 0.945870059, -0.324545576, -1.69186958e-005, 0.324545576, 0.945870059, -6.33899983e-006, 1.80601822e-005, 5.04982275e-007, 1, 0, 0, 0, 0, 0, 0, 0, 0.285481299, -0.161597632, -0.192487891, -0.336554672, 0.536003612, -0.774153946, -0.928100586, -0.0499267578, 0.368896484, 0.159099719, 0.842662835, 0.514400371, 0, 0, -0, 0, 0, 0, 0, 0.353493262, -0.116320605, -0.158753467, 0.168916223, 0.225722802, -0.959369509, 0.389526367, -0.909301758, -0.145385742, -0.905271368, -0.34916793, -0.241619687, 0, 2, 5, 1, 
360.401593, 46, 0.1, 0.1, 0.0166856298, 0.355908797, -0.0349672262, 0.945869526, -0.324547131, 3.98606237e-006, 0.324547131, 0.945869526, 2.84604905e-006, -4.69397198e-006, -1.39832596e-006, 1, 0.945869608, -0.324546893, 9.29418818e-006, 0.324546893, 0.945869608, 5.4126828e-006, -1.05477595e-005, -2.10329226e-006, 1, 0, 0, 0, 0, 0, 0, 0, 0.286400488, -0.161969409, -0.192788257, -0.340268296, 0.537538787, -0.771468141, -0.927124023, -0.0550537109, 0.370483398, 0.156721693, 0.841430951, 0.517311964, 0, 0, -0, 0, 0, 0, 0, 0.354232666, -0.116623047, -0.158938379, 0.166028471, 0.229415156, -0.958922182, 0.394775391, -0.906616211, -0.14855957, -0.903488257, -0.353935042, -0.241204443, 0, 2, 5, 1, 
360.402282, 46, 0.1, 0.1, 0.0166856331, 0.355908792, -0.0349662952, 0.945869155, -0.32454821, 3.93347118e-006, 0.32454821, 0.945869155, 1.71114997e-005, -9.27405567e-006, -1.49086388e-005, 1, 0.94586922, -0.324548023, -6.70693006e-006, 0.324548023, 0.94586922, 8.91400885e-006, 3.45085476e-006, -1.06082075e-005, 1, 0, 0, 0, 0, 0, 0, 0, 0.286400488, -0.161969409, -0.192788257, -0.340268296, 0.537538787, -0.771468141, -0.927124023, -0.0550537109, 0.370483398, 0.156721693, 0.841430951, 0.517311964, 0, 0, -0, 0, 0, 0, 0, 0.354232666, -0.116623047, -0.158938379, 0.166028471, 0.229415156, -0.958922182, 0.394775391, -0.906616211, -0.14855957, -0.903488257, -0.353935042, -0.241204443, 0, 2, 5, 1, 
360.402985, 46, 0.1, 0.1, 0.016685632, 0.355908788, -0.0349663148, 0.945868895, -0.324548969, -3.02005964e-006, 0.324548969, 0.945868895, -1.73487564e-005, 8.48710148e-006, 1.54294918e-005, 1, 0.945868937, -0.324548847, 2.48854284e-006, 0.324548847, 0.945868937, -1.50184849e-005, 2.52039656e-006, 1.5013172e-005, 1, 0, 0, 0, 0, 0, 0, 0, 0.286400488, -0.161969409, -0.192788257, -0.340268296, 0.537538787, -0.771468141, -0.927124023, -0.0550537109, 0.370483398, 0.156721693, 0.841430951, 0.517311964, 0, 0, -0, 0, 0, 0, 0, 0.354232666, -0.116623047, -0.158938379, 0.166028471, 0.229415156, -0.958922182, 0.394775391, -0.906616211, -0.14855957, -0.903488257, -0.353935042, -0.241204443, 0, 2, 5, 1, 
360.403688, 46, 0.1, 0.1, 0.0166856317, 0.355908782, -0.0349672799, 0.945868735, -0.324549437, 1.2658404e-005, 0.324549437, 0.945868735, 5.16577646e-006, -1.36497384e-005, -7.77868545e-007, 1, 0.945868759, -0.324549365, 1.17887192e-005, 0.324549365, 0.945868759, 1.1420812e-005, -1.48571985e-005, -6.97656791e-006, 1, 0, 0, 0, 0, 0, 0, 0, 0.286400488, -0.161969409, -0.192788257, -0.340268296, 0.537538787, -0.771468141, -0.927124023, -0.0550537109, 0.370483398, 0.156721693, 0.841430951, 0.517311964, 0, 0, -0, 0, 0, 0, 0, 0.354232666, -0.116623047, -0.158938379, 0.166028471, 0.229415156, -0.958922182, 0.394775391, -0.906616211, -0.14855957, -0.903488257, -0.353935042, -0.241204443, 0, 2, 5, 1, 
360.404385, 46, 0.1, 0.1, 0.0166856341, 0.355908782, -0.0349688859, 0.94586866, -0.324549653, -7.97733051e-006, 0.324549653, 0.94586866, 1.01525762e-006, 7.21600541e-006, -3.54934022e-006, 1, 0.94586867, -0.324549625, -9.14075556e-006, 0.324549625, 0.94586867, -1.24019621e-005, 1.26710064e-005, 8.76399857e-006, 1, 0, 0, 0, 0, 0, 0, 0, 0.286400488, -0.161969409, -0.192788257, -0.340268296, 0.537538787, -0.771468141, -0.927124023, -0.0550537109, 0.370483398, 0.156721693, 0.841430951, 0.517311964, 0, 0, -0, 0, 0, 0, 0, 0.354232666, -0.116623047, -0.158938379, 0.166028471, 0.229415156, -0.958922182, 0.394775391, -0.906616211, -0.14855957, -0.903488257, -0.353935042, -0.241204443, 0, 2, 5, 1, 
360.405073, 46, 0.1, 0.1, 0.0166856349, 0.355908776, -0.0349705693, 0.945868661, -0.32454965, -5.39283999e-006, 0.32454965, 0.945868661, -1.26535589e-005, 9.20762646e-006, 1.02183605e-005, 1, 0.945868656, -0.324549667, 3.29532856e-006, 0.324549667, 0.945868656, -4.90837834e-006, -1.52393544e-006, 5.71217901e-006, 1, 0, 0, 0, 0, 0, 0, 0, 0.286400488, -0.161969409, -0.192788257, -0.340268296, 0.537538787, -0.771468141, -0.927124023, -0.0550537109, 0.370483398, 0.156721693, 0.841430951, 0.517311964, 0, 0, -0, 0, 0, 0, 0, 0.354232666, -0.116623047, -0.158938379, 0.166028471, 0.229415156, -0.958922182, 0.394775391, -0.906616211, -0.14855957, -0.903488257, -0.353935042, -0.241204443, 0, 2, 5, 1, 
360.405786, 46, 0.1, 0.1, 0.0166856387, 0.355908771, -0.034971873, 0.945868723, -0.32454947, 2.66585623e-006, 0.32454947, 0.945868723, 1.36690706e-005, -6.95783966e-006, -1.20639442e-005, 1, 0.945868705, -0.324549523, -2.64685954e-006, 0.324549523, 0.945868705, 1.21184245e-005, -1.4294473e-006, -1.23214755e-005, 1, 0, 0, 0, 0, 0, 0, 0, 0.286400488, -0.161969409, -0.192788257, -0.343117731, 0.538972492, -0.76921443, -0.926025391, -0.0574951172, 0.372802734, 0.156678631, 0.840338731, 0.519056074, 0, 0, -0, 0, 0, 0, 0, 0.354232666, -0.116623047, -0.158938379, 0.166028471, 0.229415156, -0.958922182, 0.394775391, -0.906616211, -0.14855957, -0.903488257, -0.353935042, -0.241204443, 0, 2, 5, 1, 
360.406506, 46, 0.1, 0.1, 0.0166856413, 0.355908768, -0.0349720837, 0.945868838, -0.324549136, -1.01841366e-005, 0.324549136, 0.945868838, -5.9100246e-006, 1.15509508e-005, 2.28485537e-006, 1, 0.945868812, -0.32454921, -9.32940127e-006, 0.32454921, 0.945868812, -1.1401513e-005, 1.25247417e-005, 7.75648578e-006, 1, 0, 0, 0, 0, 0, 0, 0, 0.286924463, -0.163462158, -0.192891016, -0.343117731, 0.538972492, -0.76921443, -0.926025391, -0.0574951172, 0.372802734, 0.156678631, 0.840338731, 0.519056074, 0, 0, -0, 0, 0, 0, 0, 0.354493604, -0.11763916, -0.15890957, 0.163012754, 0.231785219, -0.958953899, 0.397583008, -0.904907227, -0.151123047, -0.90282328, -0.356631763, -0.239734864, 0, 2, 5, 1, 
360.407198, 46, 0.1, 0.1, 0.0166856416, 0.355908761, -0.0349714981, 0.94586899, -0.324548692, 6.87037633e-006, 0.324548692, 0.94586899, -2.94298198e-006, -5.54333497e-006, 5.01344705e-006, 1, 0.945868957, -0.324548789, 8.24183834e-006, 0.324548789, 0.945868957, 8.94718445e-006, -1.06994969e-005, -5.78798536e-006, 1, 0, 0, 0, 0, 0, 0, 0, 0.286924463, -0.163462158, -0.192891016, -0.343117731, 0.538972492, -0.76921443, -0.926025391, -0.0574951172, 0.372802734, 0.156678631, 0.840338731, 0.519056074, 0, 0, -0, 0, 0, 0, 0, 0.354493604, -0.11763916, -0.15890957, 0.163012754, 0.231785219, -0.958953899, 0.397583008, -0.904907227, -0.151123047, -0.90282328, -0.356631763, -0.239734864, 0, 2, 5, 1, 
360.4079, 46, 0.1, 0.1, 0.016685644, 0.355908758, -0.0349703054, 0.94586919, -0.32454811, 4.07790839e-006, 0.32454811, 0.94586919, 1.2345825e-005, -7.86398207e-006, -1.0354058e-005, 1, 0.945869148, -0.324548233, -4.66913561e-006, 0.324548233, 0.945869148, 4.44812645e-006, 2.97275974e-006, -5.72270529e-006, 1, 0, 0, 0, 0, 0, 0, 0, 0.286924463, -0.163462158, -0.192891016, -0.343117731, 0.538972492, -0.76921443, -0.926025391, -0.0574951172, 0.372802734, 0.156678631, 0.840338731, 0.519056074, 0, 0, -0, 0, 0, 0, 0, 0.354493604, -0.11763916, -0.15890957, 0.163012754, 0.231785219, -0.958953899, 0.397583008, -0.904907227, -0.151123047, -0.90282328, -0.356631763, -0.239734864, 0, 2, 5, 1, 
360.408642, 46, 0.1, 0.1, 0.0166856441, 0.355908755, -0.0349686501, 0.945869443, -0.324547373, -7.95916524e-006, 0.324547372, 0.945869443, -1.76011632e-005, 1.32407425e-005, 1.40652763e-005, 1, 0.945869392, -0.32454752, -2.73754367e-006, 0.32454752, 0.945869392, -1.68868192e-005, 8.06993407e-006, 1.50842625e-005, 1, 0, 0, 0, 0, 0, 0, 0, 0.286939575, -0.164733008, -0.192961914, -0.347191936, 0.5403871, -0.766338786, -0.924560547, -0.0606689453, 0.376098633, 0.156705962, 0.839125944, 0.520825271, 0, 0, -0, 0, 0, 0, 0, 0.354764551, -0.118673584, -0.15887417, 0.160105679, 0.233925238, -0.958851453, 0.400634766, -0.903198242, -0.153442383, -0.902024141, -0.359475406, -0.238373927, 0, 2, 5, 1, 
360.409336, 46, 0.1, 0.1, 0.0166856453, 0.355908749, -0.034967258, 0.945869715, -0.324546581, 8.57698709e-006, 0.324546581, 0.945869715, 7.9738669e-006, -1.07006036e-005, -4.75860738e-006, 1, 0.945869659, -0.324546743, 7.1595155e-006, 0.324546743, 0.945869659, 1.35264089e-005, -1.11619205e-005, -1.04706224e-005, 1, 0, 0, 0, 0, 0, 0, 0, 0.286939575, -0.164733008, -0.192961914, -0.347191936, 0.5403871, -0.766338786, -0.924560547, -0.0606689453, 0.376098633, 0.156705962, 0.839125944, 0.520825271, 0, 0, -0, 0, 0, 0, 0, 0.354764551, -0.118673584, -0.15887417, 0.160105679, 0.233925238, -0.958851453, 0.400634766, -0.903198242, -0.153442383, -0.902024141, -0.359475406, -0.238373927, 0, 2, 5, 1, 
360.410028, 46, 0.1, 0.1, 0.0166856484, 0.355908748, -0.0349665914, 0.945870023, -0.324545682, -8.69205096e-006, 0.324545682, 0.945870023, 5.93143429e-006, 6.29652905e-006, -8.4313335e-006, 1, 0.945869961, -0.324545862, -1.10964675e-005, 0.324545861, 0.945869961, -8.08683558e-006, 1.31203643e-005, 4.04778225e-006, 1, 0, 0, 0, 0, 0, 0, 0, 0.286939575, -0.164733008, -0.192961914, -0.347191936, 0.5403871, -0.766338786, -0.924560547, -0.0606689453, 0.376098633, 0.156705962, 0.839125944, 0.520825271, 0, 0, -0, 0, 0, 0, 0, 0.354764551, -0.118673584, -0.15887417, 0.160105679, 0.233925238, -0.958851453, 0.400634766, -0.903198242, -0.153442383, -0.902024141, -0.359475406, -0.238373927, 0, 2, 5, 1, 
360.410727, 46, 0.1, 0.1, 0.0166856481, 0.355908742, -0.0349668926, 0.945870367, -0.324544681, -2.04875254e-006, 0.324544681, 0.945870366, -1.13430177e-005, 5.61917036e-006, 1.00641125e-005, 1, 0.945870295, -0.324544889, 7.25908623e-006, 0.32454489, 0.945870295, -2.18157927e-006, -6.15813363e-006, 4.41939037e-006, 1, 0, 0, 0, 0, 0, 0, 0, 0.286939575, -0.164733008, -0.192961914, -0.347191936, 0.5403871, -0.766338786, -0.924560547, -0.0606689453, 0.376098633, 0.156705962, 0.839125944, 0.520825271, 0, 0, -0, 0, 0, 0, 0, 0.354764551, -0.118673584, -0.15887417, 0.160105679, 0.233925238, -0.958851453, 0.400634766, -0.903198242, -0.153442383, -0.902024141, -0.359475406, -0.238373927, 0, 2, 5, 1, 
360.411423, 46, 0.1, 0.1, 0.01668565, 0.355908736, -0.0349679871, 0.945870732, -0.324543616, 9.04603949e-006, 0.324543616, 0.945870732, 1.61374439e-005, -1.37936884e-005, -1.23281015e-005, 1, 0.945870654, -0.324543844, 2.9975684e-006, 0.324543844, 0.945870653, 1.4942748e-005, -7.68488887e-006, -1.31610645e-005, 1, 0, 0, 0, 0, 0, 0, 0, 0.286939575, -0.164733008, -0.192961914, -0.347191936, 0.5403871, -0.766338786, -0.924560547, -0.0606689453, 0.376098633, 0.156705962, 0.839125944, 0.520825271, 0, 0, -0, 0, 0, 0, 0, 0.354764551, -0.118673584, -0.15887417, 0.160105679, 0.233925238, -0.958851453, 0.400634766, -0.903198242, -0.153442383, -0.902024141, -0.359475406, -0.238373927, 0, 2, 5, 1, 
360.412111, 46, 0.1, 0.1, 0.0166856507, 0.355908734, -0.0349694979, 0.945871113, -0.324542505, -7.19134736e-006, 0.324542505, 0.945871113, -7.48203091e-006, 9.23032479e-006, 4.74313902e-006, 1, 0.945871036, -0.32454273, -5.29802118e-006, 0.32454273, 0.945871036, -1.29476224e-005, 9.21330151e-006, 1.05273467e-005, 1, 0, 0, 0, 0, 0, 0, 0, 0.286939575, -0.164733008, -0.192961914, -0.347191936, 0.5403871, -0.766338786, -0.924560547, -0.0606689453, 0.376098633, 0.156705962, 0.839125944, 0.520825271, 0, 0, -0, 0, 0, 0, 0, 0.354764551, -0.118673584, -0.15887417, 0.160105679, 0.233925238, -0.958851453, 0.400634766, -0.903198242, -0.153442383, -0.902024141, -0.359475406, -0.238373927, 0, 2, 5, 1, 
360.412806, 46, 0.1, 0.1, 0.0166856505, 0.355908727, -0.0349709828, 0.945871511, -0.324541345, 6.61817196e-006, 0.324541345, 0.945871511, -3.19330758e-006, -5.22357997e-006, 5.16832909e-006, 1, 0.945871433, -0.324541572, 8.94956771e-006, 0.324541572, 0.945871433, 8.51258184e-006, -1.12278271e-005, -5.14730121e-006, 1, 0, 0, 0, 0, 0, 0, 0, 0.286939575, -0.164733008, -0.192961914, -0.347191936, 0.5403871, -0.766338786, -0.924560547, -0.0606689453, 0.376098633, 0.156705962, 0.839125944, 0.520825271, 0, 0, -0, 0, 0, 0, 0, 0.354764551, -0.118673584, -0.15887417, 0.160105679, 0.233925238, -0.958851453, 0.400634766, -0.903198242, -0.153442383, -0.902024141, -0.359475406, -0.238373927, 0, 2, 5, 1, 
360.413536, 46, 0.1, 0.1, 0.0166856538, 0.355908724, -0.0349717967, 0.945871944, -0.324540083, 4.090885e-008, 0.324540083, 0.945871944, 1.22203704e-005, -4.00469457e-006, -1.1545629e-005, 1, 0.94587186, -0.324540327, -7.82868886e-006, 0.324540327, 0.94587186, 4.90262727e-006, 5.81383624e-006, -7.17798242e-006, 1, 0, 0, 0, 0, 0, 0, 0, 0.287424976, -0.166052075, -0.192861694, -0.350758784, 0.540812082, -0.764440786, -0.923339844, -0.0637207031, 0.378540039, 0.156034976, 0.838687858, 0.521884169, 0, 0, -0, 0, 0, 0, 0, 0.355103613, -0.119977881, -0.158632373, 0.158157057, 0.235496529, -0.958806611, 0.403930664, -0.901489258, -0.154785156, -0.901001523, -0.362747053, -0.237632757, 0, 2, 5, 1, 
360.414226, 46, 0.1, 0.1, 0.0166856548, 0.355908721, -0.0349717214, 0.94587236, -0.324538871, -8.51132913e-006, 0.324538871, 0.94587236, -1.43361566e-005, 1.27032711e-005, 1.07979172e-005, 1, 0.945872276, -0.324539115, -3.78181706e-006, 0.324539114, 0.945872276, -1.29387112e-005, 7.77623379e-006, 1.10110207e-005, 1, 0, 0, 0, 0, 0, 0, 0, 0.287424976, -0.166052075, -0.192861694, -0.350758784, 0.540812082, -0.764440786, -0.923339844, -0.0637207031, 0.378540039, 0.156034976, 0.838687858, 0.521884169, 0, 0, -0, 0, 0, 0, 0, 0.355103613, -0.119977881, -0.158632373, 0.158157057, 0.235496529, -0.958806611, 0.403930664, -0.901489258, -0.154785156, -0.901001523, -0.362747053, -0.237632757, 0, 2, 5, 1, 
360.414926, 46, 0.1, 0.1, 0.0166856561, 0.355908716, -0.0349709988, 0.945872787, -0.324537626, 7.87854985e-006, 0.324537626, 0.945872787, 4.99698875e-006, -9.07381677e-006, -2.1696298e-006, 1, 0.945872703, -0.32453787, 6.29734694e-006, 0.32453787, 0.945872703, 1.06646307e-005, -9.41756512e-006, -8.04365553e-006, 1, 0, 0, 0, 0, 0, 0, 0, 0.287424976, -0.166052075, -0.192861694, -0.350758784, 0.540812082, -0.764440786, -0.923339844, -0.0637207031, 0.378540039, 0.156034976, 0.838687858, 0.521884169, 0, 0, -0, 0, 0, 0, 0, 0.355103613, -0.119977881, -0.158632373, 0.158157057, 0.235496529, -0.958806611, 0.403930664, -0.901489258, -0.154785156, -0.901001523, -0.362747053, -0.237632757, 0, 2, 5, 1, 
360.415624, 46, 0.1, 0.1, 0.0166856586, 0.355908715, -0.0349699406, 0.94587322, -0.324536365, -6.61938521e-006, 0.324536365, 0.94587322, 2.23770868e-006, 5.53488136e-006, -4.26481992e-006, 1, 0.945873135, -0.324536613, -8.74102759e-006, 0.324536613, 0.945873135, -1.02054101e-005, 1.15799324e-005, 6.81623977e-006, 1, 0, 0, 0, 0, 0, 0, 0, 0.287424976, -0.166052075, -0.192861694, -0.350758784, 0.540812082, -0.764440786, -0.923339844, -0.0637207031, 0.378540039, 0.156034976, 0.838687858, 0.521884169, 0, 0, -0, 0, 0, 0, 0, 0.355103613, -0.119977881, -0.158632373, 0.158157057, 0.235496529, -0.958806611, 0.403930664, -0.901489258, -0.154785156, -0.901001523, -0.362747053, -0.237632757, 0, 2, 5, 1, 
360.416347, 46, 0.1, 0.1, 0.0166856581, 0.355908711, -0.0349689041, 0.945873658, -0.324535087, -2.15877302e-006, 0.324535087, 0.945873658, -1.32201274e-005, 6.33232173e-006, 1.18039727e-005, 1, 0.94587357, -0.324535343, 6.74690448e-006, 0.324535343, 0.94587357, -5.22997852e-006, -4.68440575e-006, 7.13650742e-006, 1, 0, 0, 0, 0, 0, 0, 0, 0.287424976, -0.166052075, -0.192861694, -0.350758784, 0.540812082, -0.764440786, -0.923339844, -0.0637207031, 0.378540039, 0.156034976, 0.838687858, 0.521884169, 0, 0, -0, 0, 0, 0, 0, 0.355103613, -0.119977881, -0.158632373, 0.158157057, 0.235496529, -0.958806611, 0.403930664, -0.901489258, -0.154785156, -0.901001523, -0.362747053, -0.237632757, 0, 2, 5, 1, 
360.417044, 46, 0.1, 0.1, 0.0166856608, 0.355908706, -0.0349676498, 0.945874135, -0.324533697, 7.02047893e-006, 0.324533697, 0.945874135, 1.60377093e-005, -1.18452665e-005, -1.28912724e-005, 1, 0.945874044, -0.324533961, 1.33832755e-006, 0.324533961, 0.945874044, 1.47297847e-005, -6.04620466e-006, -1.34981883e-005, 1, 0, 0, 0, 0, 0, 0, 0, 0.287424976, -0.166052075, -0.192861694, -0.350758784, 0.540812082, -0.764440786, -0.923339844, -0.0637207031, 0.378540039, 0.156034976, 0.838687858, 0.521884169, 0, 0, -0, 0, 0, 0, 0, 0.355103613, -0.119977881, -0.158632373, 0.158157057, 0.235496529, -0.958806611, 0.403930664, -0.901489258, -0.154785156, -0.901001523, -0.362747053, -0.237632757, 0, 2, 5, 1, 
360.41775, 46, 0.1, 0.1, 0.0166856621, 0.355908704, -0.0349670775, 0.945874607, -0.324532321, -8.87307628e-006, 0.324532321, 0.945874607, -7.90854065e-006, 1.09593946e-005, 4.60088775e-006, 1, 0.945874513, -0.324532595, -7.73155046e-006, 0.324532594, 0.945874513, -1.43098969e-005, 1.19571045e-005, 1.10262266e-005, 1, 0, 0, 0, 0, 0, 0, 0, 0.287424976, -0.166052075, -0.192861694, -0.350758784, 0.540812082, -0.764440786, -0.923339844, -0.0637207031, 0.378540039, 0.156034976, 0.838687858, 0.521884169, 0, 0, -0, 0, 0, 0, 0, 0.355103613, -0.119977881, -0.158632373, 0.158157057, 0.235496529, -0.958806611, 0.403930664, -0.901489258, -0.154785156, -0.901001523, -0.362747053, -0.237632757, 0, 2, 5, 1, 
360.418474, 46, 0.1, 0.1, 0.016685661, 0.355908697, -0.0349669995, 0.9458751, -0.324530883, 1.0221072e-005, 0.324530883, 0.9458751, -3.33303151e-006, -8.5861858e-006, 6.46968502e-006, 1, 0.945875001, -0.324531172, 1.25093928e-005, 0.324531172, 0.945875001, 1.08452229e-005, -1.53519348e-005, -6.19853731e-006, 1, 0, 0, 0, 0, 0, 0, 0, 0.28793833, -0.166691895, -0.192766968, -0.353691716, 0.541440007, -0.762688441, -0.922485352, -0.0677490234, 0.379760742, 0.153904076, 0.837970445, 0.523584096, 0, 0, -0, 0, 0, 0, 0, 0.355286084, -0.12034624, -0.158177832, 0.156994447, 0.237847269, -0.958500008, 0.408081055, -0.899414063, -0.15637207, -0.899282577, -0.366427747, -0.238214245, 0, 2, 5, 1, 
360.419161, 46, 0.1, 0.1, 0.0166856629, 0.355908695, -0.0349676465, 0.945875583, -0.324529477, 3.72643766e-006, 0.324529477, 0.945875583, 1.33731965e-005, -7.86474287e-006, -1.14400412e-005, 1, 0.945875485, -0.324529762, -5.15073447e-006, 0.324529762, 0.945875485, 4.6235601e-006, 3.3714706e-006, -6.04487879e-006, 1, 0, 0, 0, 0, 0, 0, 0, 0.28793833, -0.166691895, -0.192766968, -0.353691716, 0.541440007, -0.762688441, -0.922485352, -0.0677490234, 0.379760742, 0.153904076, 0.837970445, 0.523584096, 0, 0, -0, 0, 0, 0, 0, 0.355286084, -0.12034624, -0.158177832, 0.156994447, 0.237847269, -0.958500008, 0.408081055, -0.899414063, -0.15637207, -0.899282577, -0.366427747, -0.238214245, 0, 2, 5, 1, 
360.419857, 46, 0.1, 0.1, 0.0166856627, 0.355908692, -0.0349688536, 0.945876075, -0.324528043, -7.34151704e-006, 0.324528043, 0.945876075, -1.43547755e-005, 1.16026925e-005, 1.11953105e-005, 1, 0.945875977, -0.324528327, -1.61085573e-006, 0.324528327, 0.945875977, -1.31112437e-005, 5.77863973e-006, 1.18788422e-005, 1, 0, 0, 0, 0, 0, 0, 0, 0.28793833, -0.166691895, -0.192766968, -0.353691716, 0.541440007, -0.762688441, -0.922485352, -0.0677490234, 0.379760742, 0.153904076, 0.837970445, 0.523584096, 0, 0, -0, 0, 0, 0, 0, 0.355286084, -0.12034624, -0.158177832, 0.156994447, 0.237847269, -0.958500008, 0.408081055, -0.899414063, -0.15637207, -0.899282577, -0.366427747, -0.238214245, 0, 2, 5, 1, 
