time, trialNum, realDorsalTactorPos, realVentralTactorPos, boxPosX, boxPosY, boxPosZ, boxLocalRot_11, boxLocalRot_12, boxLocalRot_13, boxLocalRot_21, boxLocalRot_22, boxLocalRot_23, boxLocalRot_31, boxLocalRot_32, boxLocalRot_33, boxGlobalRot_11, boxGlobalRot_12, boxGlobalRot_13, boxGlobalRot_21, boxGlobalRot_22, boxGlobalRot_23, boxGlobalRot_31, boxGlobalRot_32, boxGlobalRot_33, indexForceX, indexForceY, indexForceZ, indexForceGlobalX, indexForceGlobalY, indexForceGlobalZ, indexContact, indexPosX, indexPosY, indexPosZ, indexRot_11, indexRot_12, indexRot_13, indexRot_21, indexRot_22, indexRot_23, indexRot_31, indexRot_32, indexRot_33, thumbForceX, thumbForceY, thumbForceZ, thumbForceGlobalX, thumbForceGlobalY, thumbForceGlobalZ, thumbContact, thumbPosX, thumbPosY, thumbPosZ, thumbRot_11, thumbRot_12, thumbRot_13, thumbRot_21, thumbRot_22, thumbRot_23, thumbRot_31, thumbRot_32, thumbRot_33, manipForceTooHigh, cceExpType, mapping, trialSuccess, 
402.082424, 49, 0.1, 0.1, 0.0125547186, 0.379370519, -0.034926818, 0.861233257, -3.70336744e-005, 0.508209874, 0.508209872, -4.32236998e-005, -0.861233257, 5.38613431e-005, 0.999999998, -1.84048088e-005, 0.861233468, -5.54252072e-005, 0.508209515, 0.508209514, -2.21767672e-005, -0.86123347, 5.90044876e-005, 0.999999998, 9.0682435e-006, 0, 0, 0, 0, 0, 0, 0, 0.344661646, -0.175181274, -0.198881226, -0.218488849, 0.64165591, -0.73521411, -0.961914062, -0.0150146484, 0.272705078, 0.164005989, 0.76685221, 0.620577975, 0, 0, -0, 0, 0, 0, 0, 0.406263818, -0.133552637, -0.15779458, 0.225197359, 0.26945363, -0.936205928, 0.40246582, -0.900756836, -0.162475586, -0.887204454, -0.340152897, -0.31135781, 0, 2, 1, 1, 
402.128157, 49, 0.1, 0.1, 0.0125546979, 0.379370355, -0.0349695962, 0.861222088, 4.28288893e-006, 0.508228803, 0.508228803, -1.02192311e-005, -0.861222088, 1.50518907e-006, 1, -1.09777151e-005, 0.861222117, -8.30590756e-006, 0.508228754, 0.508228754, -7.88108263e-007, -0.861222117, 7.55377057e-006, 1, 3.54256478e-006, 0, 0, 0, 0, 0, 0, 0, 0.34733562, -0.185488232, -0.193195654, -0.228758063, 0.645474753, -0.728628206, -0.955078125, -0.00427246094, 0.296142578, 0.188126205, 0.763651934, 0.617680992, 0, 0, -0, 0, 0, 0, 0, 0.408687012, -0.14426377, -0.154795898, 0.207000612, 0.256498639, -0.944062016, 0.417724609, -0.895751953, -0.151733398, -0.884575529, -0.362871753, -0.292667427, 0, 2, 1, 1, 
402.128917, 49, 0.1, 0.1, 0.0125546924, 0.379370353, -0.034967355, 0.86122187, -8.15195435e-006, 0.508229172, 0.508229172, 6.09327419e-006, -0.86122187, 3.92386167e-006, 1, 9.390722e-006, 0.861221911, 9.65555049e-006, 0.508229102, 0.508229102, -8.72575848e-007, -0.861221911, -7.8721032e-006, 1, -5.6587132e-006, 0, 0, 0, 0, 0, 0, 0, 0.34733562, -0.185488232, -0.193195654, -0.228758063, 0.645474753, -0.728628206, -0.955078125, -0.00427246094, 0.296142578, 0.188126205, 0.763651934, 0.617680992, 0, 0, -0, 0, 0, 0, 0, 0.408687012, -0.14426377, -0.154795898, 0.207000612, 0.256498639, -0.944062016, 0.417724609, -0.895751953, -0.151733398, -0.884575529, -0.362871753, -0.292667427, 0, 2, 1, 1, 
402.129654, 49, 0.1, 0.1, 0.012554694, 0.379370348, -0.0349654167, 0.861221697, 1.79644018e-005, 0.508229464, 0.508229464, -3.78608605e-006, -0.861221697, -1.35471321e-005, 1, -1.23906977e-005, 0.861221721, 3.62125771e-006, 0.508229425, 0.508229425, 9.2153219e-006, -0.861221721, -7.80220354e-006, 1, 6.09600566e-006, 0, 0, 0, 0, 0, 0, 0, 0.34733562, -0.185488232, -0.193195654, -0.228758063, 0.645474753, -0.728628206, -0.955078125, -0.00427246094, 0.296142578, 0.188126205, 0.763651934, 0.617680992, 0, 0, -0, 0, 0, 0, 0, 0.408687012, -0.14426377, -0.154795898, 0.207000612, 0.256498639, -0.944062016, 0.417724609, -0.895751953, -0.151733398, -0.884575529, -0.362871753, -0.292667427, 0, 2, 1, 1, 
402.130392, 49, 0.1, 0.1, 0.0125546928, 0.37937035, -0.034964358, 0.861221691, -1.88466199e-005, 0.508229475, 0.508229475, -9.92885939e-007, -0.861221691, 1.67357317e-005, 1, 8.72331281e-006, 0.861221677, -1.09125735e-005, 0.508229499, 0.508229499, -1.55435148e-005, -0.861221677, 1.72978176e-005, 1, -7.84032008e-006, 0, 0, 0, 0, 0, 0, 0, 0.34746853, -0.185073462, -0.192755859, -0.230616749, 0.649414165, -0.724603054, -0.954345703, -0.00585937501, 0.298461914, 0.189656511, 0.760432562, 0.621245596, 0, 0, -0, 0, 0, 0, 0, 0.408696631, -0.143987305, -0.15543999, 0.203461009, 0.258485174, -0.944253413, 0.421508789, -0.893554688, -0.153808594, -0.883597386, -0.366590727, -0.290846403, 0, 2, 1, 1, 
402.131106, 49, 0.1, 0.1, 0.0125546931, 0.379370343, -0.0349645572, 0.861221864, 8.66821767e-006, 0.508229181, 0.508229181, -6.21636037e-006, -0.861221864, -4.30592284e-006, 1, -9.75910663e-006, 0.861221822, 6.29109706e-006, 0.508229252, 0.508229252, 1.10103623e-005, -0.861221822, -1.10138183e-005, 1, 6.28504471e-006, 0, 0, 0, 0, 0, 0, 0, 0.34746853, -0.185073462, -0.192755859, -0.230616749, 0.649414165, -0.724603054, -0.954345703, -0.00585937501, 0.298461914, 0.189656511, 0.760432562, 0.621245596, 0, 0, -0, 0, 0, 0, 0, 0.408696631, -0.143987305, -0.15543999, 0.203461009, 0.258485174, -0.944253413, 0.421508789, -0.893554688, -0.153808594, -0.883597386, -0.366590727, -0.290846403, 0, 2, 1, 1, 
402.131832, 49, 0.1, 0.1, 0.0125546933, 0.379370346, -0.0349660147, 0.861222152, -1.58991248e-006, 0.508228694, 0.508228694, 1.03745755e-005, -0.861222151, -3.90338912e-006, 1, 9.7428534e-006, 0.861222094, -4.00888403e-006, 0.508228791, 0.508228791, -1.00503474e-005, -0.861222094, 8.56041541e-006, 1, -6.61815095e-006, 0, 0, 0, 0, 0, 0, 0, 0.34746853, -0.185073462, -0.192755859, -0.230616749, 0.649414165, -0.724603054, -0.954345703, -0.00585937501, 0.298461914, 0.189656511, 0.760432562, 0.621245596, 0, 0, -0, 0, 0, 0, 0, 0.408696631, -0.143987305, -0.15543999, 0.203461009, 0.258485174, -0.944253413, 0.421508789, -0.893554688, -0.153808594, -0.883597386, -0.366590727, -0.290846403, 0, 2, 1, 1, 
402.132537, 49, 0.1, 0.1, 0.0125546949, 0.379370339, -0.0349682096, 0.861222388, -7.31470585e-006, 0.508228293, 0.508228293, -1.1140337e-005, -0.861222388, 1.19614229e-005, 1, -5.87676713e-006, 0.861222353, -1.05679124e-005, 0.508228352, 0.508228352, 3.90026555e-006, -0.861222353, 7.11909686e-006, 1, 8.72990858e-006, 0, 0, 0, 0, 0, 0, 0, 0.34746853, -0.185073462, -0.192755859, -0.230616749, 0.649414165, -0.724603054, -0.954345703, -0.00585937501, 0.298461914, 0.189656511, 0.760432562, 0.621245596, 0, 0, -0, 0, 0, 0, 0, 0.408696631, -0.143987305, -0.15543999, 0.203461009, 0.258485174, -0.944253413, 0.421508789, -0.893554688, -0.153808594, -0.883597386, -0.366590727, -0.290846403, 0, 2, 1, 1, 
402.13324, 49, 0.1, 0.1, 0.0125546919, 0.379370339, -0.0349705442, 0.861222479, 6.55396906e-006, 0.508228139, 0.508228139, 1.25600026e-005, -0.861222479, -1.20277722e-005, 1, 7.48604505e-006, 0.861222474, 1.3483647e-005, 0.508228148, 0.508228148, 1.22684498e-006, -0.861222474, -1.2235937e-005, 1, -5.79618249e-006, 0, 0, 0, 0, 0, 0, 0, 0.34746853, -0.185073462, -0.192755859, -0.230616749, 0.649414165, -0.724603054, -0.954345703, -0.00585937501, 0.298461914, 0.189656511, 0.760432562, 0.621245596, 0, 0, -0, 0, 0, 0, 0, 0.408696631, -0.143987305, -0.15543999, 0.203461009, 0.258485174, -0.944253413, 0.421508789, -0.893554688, -0.153808594, -0.883597386, -0.366590727, -0.290846403, 0, 2, 1, 1, 
402.133942, 49, 0.1, 0.1, 0.0125546941, 0.379370334, -0.0349724221, 0.861222422, 1.26054248e-006, 0.508228236, 0.508228236, -7.98800261e-006, -0.861222422, 2.97412102e-006, 1, -7.52009024e-006, 0.861222441, -9.70069174e-006, 0.508228204, 0.508228204, 2.70596462e-007, -0.861222441, 8.21692867e-006, 1, 5.16320888e-006, 0, 0, 0, 0, 0, 0, 0, 0.34746853, -0.185073462, -0.192755859, -0.230616749, 0.649414165, -0.724603054, -0.954345703, -0.00585937501, 0.298461914, 0.189656511, 0.760432562, 0.621245596, 0, 0, -0, 0, 0, 0, 0, 0.408696631, -0.143987305, -0.15543999, 0.203461009, 0.258485174, -0.944253413, 0.421508789, -0.893554688, -0.153808594, -0.883597386, -0.366590727, -0.290846403, 0, 2, 1, 1, 
402.134637, 49, 0.1, 0.1, 0.0125546902, 0.379370333, -0.0349733098, 0.861222279, -6.07917635e-006, 0.508228478, 0.508228478, 4.26081826e-006, -0.861222279, 3.07005294e-006, 1, 6.75912216e-006, 0.861222309, 8.32218939e-006, 0.508228428, 0.508228428, -1.51070738e-006, -0.861222309, -6.39947073e-006, 1, -5.53062813e-006, 0, 0, 0, 0, 0, 0, 0, 0.34746853, -0.185073462, -0.192755859, -0.230616749, 0.649414165, -0.724603054, -0.954345703, -0.00585937501, 0.298461914, 0.189656511, 0.760432562, 0.621245596, 0, 0, -0, 0, 0, 0, 0, 0.408696631, -0.143987305, -0.15543999, 0.203461009, 0.258485174, -0.944253413, 0.421508789, -0.893554688, -0.153808594, -0.883597386, -0.366590727, -0.290846403, 0, 2, 1, 1, 
402.135365, 49, 0.1, 0.1, 0.0125546918, 0.379370328, -0.0349726883, 0.861222156, 1.24236075e-005, 0.508228687, 0.508228687, -1.00423477e-006, -0.861222156, -1.01891052e-005, 1, -7.17890299e-006, 0.86122217, 2.69180626e-006, 0.508228663, 0.508228663, 7.72311409e-006, -0.86122217, -6.24335117e-006, 1, 5.28326398e-006, 0, 0, 0, 0, 0, 0, 0, 0.346791479, -0.185341968, -0.192789526, -0.231058583, 0.653093345, -0.721029093, -0.953125, -0.00366210938, 0.302124023, 0.194670168, 0.757130815, 0.623522151, 0, 0, -0, 0, 0, 0, 0, 0.408815625, -0.144066406, -0.155446094, 0.201672068, 0.258158882, -0.944757976, 0.423828125, -0.892578125, -0.153442383, -0.882926213, -0.369325361, -0.289549265, 0, 2, 1, 1, 
402.136067, 49, 0.1, 0.1, 0.0125546913, 0.379370329, -0.0349711493, 0.861222154, -1.53599562e-005, 0.50822869, 0.50822869, 1.79588459e-006, -0.861222154, 1.23156145e-005, 1, 9.35302603e-006, 0.861222143, -9.06332815e-006, 0.508228709, 0.508228709, -9.95298946e-006, -0.861222143, 1.28639339e-005, 1, -3.96549134e-006, 0, 0, 0, 0, 0, 0, 0, 0.346791479, -0.185341968, -0.192789526, -0.231058583, 0.653093345, -0.721029093, -0.953125, -0.00366210938, 0.302124023, 0.194670168, 0.757130815, 0.623522151, 0, 0, -0, 0, 0, 0, 0, 0.408815625, -0.144066406, -0.155446094, 0.201672068, 0.258158882, -0.944757976, 0.423828125, -0.892578125, -0.153442383, -0.882926213, -0.369325361, -0.289549265, 0, 2, 1, 1, 
402.136766, 49, 0.1, 0.1, 0.0125546914, 0.379370323, -0.0349692657, 0.861222288, 6.96665554e-006, 0.508228463, 0.508228463, -7.20705013e-006, -0.861222288, -2.33701102e-006, 1, -9.74752484e-006, 0.861222252, 4.80478196e-006, 0.508228524, 0.508228524, 9.09011084e-006, -0.861222252, -8.75783876e-006, 1, 5.38667848e-006, 0, 0, 0, 0, 0, 0, 0, 0.346791479, -0.185341968, -0.192789526, -0.231058583, 0.653093345, -0.721029093, -0.953125, -0.00366210938, 0.302124023, 0.194670168, 0.757130815, 0.623522151, 0, 0, -0, 0, 0, 0, 0, 0.408815625, -0.144066406, -0.155446094, 0.201672068, 0.258158882, -0.944757976, 0.423828125, -0.892578125, -0.153442383, -0.882926213, -0.369325361, -0.289549265, 0, 2, 1, 1, 
402.137458, 49, 0.1, 0.1, 0.0125546917, 0.379370325, -0.03496761, 0.861222511, -1.29849931e-006, 0.508228086, 0.508228086, 1.04631498e-005, -0.861222511, -4.19936975e-006, 1, 9.67103394e-006, 0.861222465, -3.66865271e-006, 0.508228163, 0.508228163, -8.69026157e-006, -0.861222465, 7.57616181e-006, 1, -5.61973586e-006, 0, 0, 0, 0, 0, 0, 0, 0.346791479, -0.185341968, -0.192789526, -0.231058583, 0.653093345, -0.721029093, -0.953125, -0.00366210938, 0.302124023, 0.194670168, 0.757130815, 0.623522151, 0, 0, -0, 0, 0, 0, 0, 0.408815625, -0.144066406, -0.155446094, 0.201672068, 0.258158882, -0.944757976, 0.423828125, -0.892578125, -0.153442383, -0.882926213, -0.369325361, -0.289549265, 0, 2, 1, 1, 
402.13818, 49, 0.1, 0.1, 0.0125546931, 0.379370319, -0.0349663384, 0.861222704, -6.64662938e-006, 0.508227758, 0.508227757, -1.36703891e-005, -0.861222704, 1.26718993e-005, 1, -8.39524796e-006, 0.861222679, -1.03033893e-005, 0.508227801, 0.508227801, 2.05326e-006, -0.861222679, 7.82998871e-006, 1, 7.00478296e-006, 0, 0, 0, 0, 0, 0, 0, 0.346791479, -0.185341968, -0.192789526, -0.231058583, 0.653093345, -0.721029093, -0.953125, -0.00366210938, 0.302124023, 0.194670168, 0.757130815, 0.623522151, 0, 0, -0, 0, 0, 0, 0, 0.408815625, -0.144066406, -0.155446094, 0.201672068, 0.258158882, -0.944757976, 0.423828125, -0.892578125, -0.153442383, -0.882926213, -0.369325361, -0.289549265, 0, 2, 1, 1, 
402.138881, 49, 0.1, 0.1, 0.0125546896, 0.379370318, -0.0349661056, 0.861222744, 7.39473213e-006, 0.508227691, 0.508227691, 1.65018492e-005, -0.861222744, -1.47552082e-005, 1, 1.04535602e-005, 0.86122275, 1.55836457e-005, 0.50822768, 0.50822768, 3.28169042e-006, -0.86122275, -1.50888361e-005, 1, -5.09377363e-006, 0, 0, 0, 0, 0, 0, 0, 0.346791479, -0.185341968, -0.192789526, -0.231058583, 0.653093345, -0.721029093, -0.953125, -0.00366210938, 0.302124023, 0.194670168, 0.757130815, 0.623522151, 0, 0, -0, 0, 0, 0, 0, 0.408815625, -0.144066406, -0.155446094, 0.201672068, 0.258158882, -0.944757976, 0.423828125, -0.892578125, -0.153442383, -0.882926213, -0.369325361, -0.289549265, 0, 2, 1, 1, 
402.139583, 49, 0.1, 0.1, 0.0125546921, 0.379370313, -0.0349669229, 0.861222619, 2.80051248e-006, 0.508227902, 0.508227902, -8.72263131e-006, -0.861222619, 2.02121992e-006, 1, -8.93542596e-006, 0.861222655, -1.17845002e-005, 0.50822784, 0.50822784, 2.22971772e-006, -0.861222655, 9.01587394e-006, 1, 7.9094945e-006, 0, 0, 0, 0, 0, 0, 0, 0.346791479, -0.185341968, -0.192789526, -0.230947755, 0.656791621, -0.717753555, -0.951904297, -0.000366210944, 0.306030273, 0.200832212, 0.753949635, 0.625475195, 0, 0, -0, 0, 0, 0, 0, 0.408815625, -0.144066406, -0.155446094, 0.201672068, 0.258158882, -0.944757976, 0.423828125, -0.892578125, -0.153442383, -0.882926213, -0.369325361, -0.289549265, 0, 2, 1, 1, 
402.140297, 49, 0.1, 0.1, 0.0125546861, 0.379370313, -0.0349681426, 0.861222384, -4.18676671e-006, 0.5082283, 0.5082283, 5.97403065e-006, -0.861222384, 5.69565765e-007, 1, 7.27280224e-006, 0.861222431, 1.34952829e-005, 0.508228221, 0.508228221, -1.10179817e-006, -0.861222431, -1.10624754e-005, 1, -7.80757692e-006, 0, 0, 0, 0, 0, 0, 0, 0.34547644, -0.185162646, -0.192392944, -0.230947755, 0.656791621, -0.717753555, -0.951904297, -0.000366210944, 0.306030273, 0.200832212, 0.753949635, 0.625475195, 0, 0, -0, 0, 0, 0, 0, 0.408046533, -0.144153564, -0.155448779, 0.200030048, 0.257525988, -0.945288059, 0.425415039, -0.891845703, -0.152954102, -0.882485082, -0.371478507, -0.288009324, 0, 2, 1, 1, 
402.140999, 49, 0.1, 0.1, 0.0125546871, 0.379370307, -0.0349696933, 0.861222189, 1.52309176e-005, 0.50822863, 0.50822863, 9.51104108e-007, -0.861222189, -1.36005825e-005, 1, -6.92167641e-006, 0.861222217, 4.73243822e-006, 0.508228583, 0.508228583, 1.04354357e-005, -0.861222217, -9.37926761e-006, 1, 6.58206867e-006, 0, 0, 0, 0, 0, 0, 0, 0.34547644, -0.185162646, -0.192392944, -0.230947755, 0.656791621, -0.717753555, -0.951904297, -0.000366210944, 0.306030273, 0.200832212, 0.753949635, 0.625475195, 0, 0, -0, 0, 0, 0, 0, 0.408046533, -0.144153564, -0.155448779, 0.200030048, 0.257525988, -0.945288059, 0.425415039, -0.891845703, -0.152954102, -0.882485082, -0.371478507, -0.288009324, 0, 2, 1, 1, 
402.141699, 49, 0.1, 0.1, 0.0125546859, 0.379370307, -0.0349710897, 0.86122213, -1.44171045e-005, 0.508228731, 0.508228731, 2.45980685e-006, -0.86122213, 1.11661849e-005, 1, 9.44562681e-006, 0.861222129, -7.29496183e-006, 0.508228733, 0.508228732, -9.41531161e-006, -0.861222129, 1.10677144e-005, 1, -4.40116551e-006, 0, 0, 0, 0, 0, 0, 0, 0.34547644, -0.185162646, -0.192392944, -0.230947755, 0.656791621, -0.717753555, -0.951904297, -0.000366210944, 0.306030273, 0.200832212, 0.753949635, 0.625475195, 0, 0, -0, 0, 0, 0, 0, 0.408046533, -0.144153564, -0.155448779, 0.200030048, 0.257525988, -0.945288059, 0.425415039, -0.891845703, -0.152954102, -0.882485082, -0.371478507, -0.288009324, 0, 2, 1, 1, 
402.14242, 49, 0.1, 0.1, 0.0125546864, 0.379370301, -0.0349717106, 0.861222218, 5.23333212e-006, 0.508228582, 0.508228582, -3.07418236e-006, -0.861222218, -2.94467455e-006, 1, -5.30728311e-006, 0.861222194, 3.67140677e-006, 0.508228623, 0.508228623, 1.11863307e-005, -0.861222194, -8.84711044e-006, 1, 7.76800225e-006, 0, 0, 0, 0, 0, 0, 0, 0.344676367, -0.185190942, -0.19199978, -0.229491589, 0.660813408, -0.714560392, -0.950927734, 0.00378417968, 0.308959961, 0.206904766, 0.750470032, 0.62768847, 0, 0, -0, 0, 0, 0, 0, 0.407831836, -0.144222168, -0.155010596, 0.199966249, 0.256937936, -0.94540946, 0.426635742, -0.891479492, -0.151977539, -0.881878074, -0.372890484, -0.288022083, 0, 2, 1, 1, 
402.143117, 49, 0.1, 0.1, 0.0125546873, 0.379370302, -0.0349715299, 0.86122239, -2.9007844e-006, 0.50822829, 0.50822829, 9.487198e-006, -0.86122239, -2.32344195e-006, 1, 9.64484803e-006, 0.861222355, -5.17451232e-006, 0.50822835, 0.50822835, -6.75458758e-006, -0.861222355, 7.88927858e-006, 1, -3.18736796e-006, 0, 0, 0, 0, 0, 0, 0, 0.344676367, -0.185190942, -0.19199978, -0.229491589, 0.660813408, -0.714560392, -0.950927734, 0.00378417968, 0.308959961, 0.206904766, 0.750470032, 0.62768847, 0, 0, -0, 0, 0, 0, 0, 0.407831836, -0.144222168, -0.155010596, 0.199966249, 0.256937936, -0.94540946, 0.426635742, -0.891479492, -0.151977539, -0.881878074, -0.372890484, -0.288022083, 0, 2, 1, 1, 
402.143928, 49, 0.1, 0.1, 0.0125546887, 0.379370299, -0.0349702443, 0.861222537, -3.21547859e-006, 0.508228041, 0.508228041, -2.34140804e-005, -0.861222537, 1.46689348e-005, 1, -1.85305373e-005, 0.861222514, -9.52711902e-006, 0.50822808, 0.50822808, 9.36660898e-007, -0.861222514, 7.72893203e-006, 1, 5.64862286e-006, 0, 0, 0, 0, 0, 0, 0, 0.344676367, -0.185190942, -0.19199978, -0.229491589, 0.660813408, -0.714560392, -0.950927734, 0.00378417968, 0.308959961, 0.206904766, 0.750470032, 0.62768847, 0, 0, -0, 0, 0, 0, 0, 0.407831836, -0.144222168, -0.155010596, 0.199966249, 0.256937936, -0.94540946, 0.426635742, -0.891479492, -0.151977539, -0.881878074, -0.372890484, -0.288022083, 0, 2, 1, 1, 
402.145026, 49, 0.1, 0.1, 0.0125546802, 0.379370298, -0.0349623567, 0.861222458, 5.48687813e-006, 0.508228175, 0.508228175, 3.4836481e-005, -0.861222457, -2.24303039e-005, 0.999999999, 2.72133738e-005, 0.861222506, 2.28907473e-005, 0.508228093, 0.508228093, 1.2247032e-005, -0.861222506, -2.59383125e-005, 1, -1.08630121e-006, 0, 0, 0, 0, 0, 0, 0, 0.344676367, -0.185190942, -0.19199978, -0.229491589, 0.660813408, -0.714560392, -0.950927734, 0.00378417968, 0.308959961, 0.206904766, 0.750470032, 0.62768847, 0, 0, -0, 0, 0, 0, 0, 0.407831836, -0.144222168, -0.155010596, 0.199966249, 0.256937936, -0.94540946, 0.426635742, -0.891479492, -0.151977539, -0.881878074, -0.372890484, -0.288022083, 0, 2, 1, 1, 
402.14614, 49, 0.1, 0.1, 0.0125546904, 0.37937029, -0.0349505319, 0.861221933, 1.19674455e-005, 0.508229064, 0.508229064, -3.38646059e-005, -0.861221933, 6.90435044e-006, 0.999999999, -3.5247145e-005, 0.861222067, -2.23594585e-005, 0.508228837, 0.508228836, -9.72653094e-006, -0.861222068, 2.41997626e-005, 1, 2.98701848e-006, 0, 0, 0, 0, 0, 0, 0, 0.344676367, -0.185190942, -0.19199978, -0.229491589, 0.660813408, -0.714560392, -0.950927734, 0.00378417968, 0.308959961, 0.206904766, 0.750470032, 0.62768847, 0, 0, -0, 0, 0, 0, 0, 0.407831836, -0.144222168, -0.155010596, 0.199966249, 0.256937936, -0.94540946, 0.426635742, -0.891479492, -0.151977539, -0.881878074, -0.372890484, -0.288022083, 0, 2, 1, 1, 
402.147306, 49, 0.1, 0.1, 0.0125546733, 0.379370294, -0.0349395638, 0.861220978, -3.82465427e-005, 0.508230681, 0.508230682, 2.42069633e-005, -0.861220978, 2.06360034e-005, 0.999999999, 4.02856111e-005, 0.861221169, 1.57816535e-005, 0.508230358, 0.508230358, 1.65727344e-006, -0.86122117, -1.44337708e-005, 1, -6.59343646e-006, 0, 0, 0, 0, 0, 0, 0, 0.3445177, -0.18500686, -0.191603931, -0.22850571, 0.664613156, -0.711329037, -0.950195312, 0.00659179687, 0.311279297, 0.211568704, 0.747149188, 0.63014288, 0, 0, -0, 0, 0, 0, 0, 0.407648633, -0.144320557, -0.154582422, 0.200400816, 0.255838759, -0.945639504, 0.427612305, -0.891235352, -0.150512695, -0.881341429, -0.374110696, -0.288169005, 0, 2, 1, 1, 
402.148431, 49, 0.1, 0.1, 0.0125546873, 0.379370275, -0.0349348247, 0.861220206, 4.43719812e-005, 0.50823199, 0.508231991, -9.41422882e-006, -0.861220206, -3.34294346e-005, 0.999999999, -3.06589844e-005, 0.861220306, 4.13557863e-006, 0.508231822, 0.508231821, 2.81400025e-005, -0.861220306, -1.7863289e-005, 1, 2.21329089e-005, 0, 0, 0, 0, 0, 0, 0, 0.3445177, -0.18500686, -0.191603931, -0.22850571, 0.664613156, -0.711329037, -0.950195312, 0.00659179687, 0.311279297, 0.211568704, 0.747149188, 0.63014288, 0, 0, -0, 0, 0, 0, 0, 0.407648633, -0.144320557, -0.154582422, 0.200400816, 0.255838759, -0.945639504, 0.427612305, -0.891235352, -0.150512695, -0.881341429, -0.374110696, -0.288169005, 0, 2, 1, 1, 
402.149582, 49, 0.1, 0.1, 0.0125546843, 0.379370298, -0.0349375617, 0.861220166, -5.17943513e-005, 0.508232057, 0.508232057, -8.83447465e-006, -0.861220167, 4.90963031e-005, 0.999999999, 1.8715122e-005, 0.861220106, -3.02182902e-005, 0.508232159, 0.508232158, -5.03444027e-005, -0.861220106, 5.16112435e-005, 0.999999998, -2.7999705e-005, 0, 0, 0, 0, 0, 0, 0, 0.3445177, -0.18500686, -0.191603931, -0.22850571, 0.664613156, -0.711329037, -0.950195312, 0.00659179687, 0.311279297, 0.211568704, 0.747149188, 0.63014288, 0, 0, -0, 0, 0, 0, 0, 0.407648633, -0.144320557, -0.154582422, 0.200400816, 0.255838759, -0.945639504, 0.427612305, -0.891235352, -0.150512695, -0.881341429, -0.374110696, -0.288169005, 0, 2, 1, 1, 
402.150484, 49, 0.1, 0.1, 0.0125546909, 0.37937028, -0.0349451898, 0.861220708, 1.14335625e-005, 0.508231141, 0.508231141, 7.53486657e-006, -0.861220708, -1.36762747e-005, 1, 6.78290581e-007, 0.861220605, 5.34484705e-006, 0.508231314, 0.508231314, 3.52027828e-005, -0.861220605, -2.2494249e-005, 0.999999999, 2.76009432e-005, 0, 0, 0, 0, 0, 0, 0, 0.3445177, -0.18500686, -0.191603931, -0.22850571, 0.664613156, -0.711329037, -0.950195312, 0.00659179687, 0.311279297, 0.211568704, 0.747149188, 0.63014288, 0, 0, -0, 0, 0, 0, 0, 0.407648633, -0.144320557, -0.154582422, 0.200400816, 0.255838759, -0.945639504, 0.427612305, -0.891235352, -0.150512695, -0.881341429, -0.374110696, -0.288169005, 0, 2, 1, 1, 
402.151187, 49, 0.1, 0.1, 0.0125546815, 0.379370298, -0.034957583, 0.861221167, 4.13707425e-005, 0.508230361, 0.508230362, -6.0032597e-005, -0.861221165, -5.11897059e-006, 0.999999997, -7.27272107e-005, 0.861221092, 3.25604436e-005, 0.508230488, 0.508230489, -7.14079256e-005, -0.86122109, 8.24994417e-006, 0.999999997, -7.80462219e-005, 0, 0, 0, 0, 0, 0, 0, 0.3445177, -0.18500686, -0.191603931, -0.22850571, 0.664613156, -0.711329037, -0.950195312, 0.00659179687, 0.311279297, 0.211568704, 0.747149188, 0.63014288, 0, 0, -0, 0, 0, 0, 0, 0.407648633, -0.144320557, -0.154582422, 0.200400816, 0.255838759, -0.945639504, 0.427612305, -0.891235352, -0.150512695, -0.881341429, -0.374110696, -0.288169005, 0, 2, 1, 1, 
402.151918, 49, 0.1, 0.1, 0.0125546799, 0.379370297, -0.0349727334, 0.861221393, -3.57289532e-005, 0.508229978, 0.508229979, 3.43445405e-005, -0.861221392, 1.33156137e-005, 0.999999999, 4.77367782e-005, 0.861221358, -1.84931061e-005, 0.508230039, 0.508230039, 1.69330382e-005, -0.861221358, 7.32077929e-006, 1, 2.39818462e-005, 0, 0, 0, 0, 0, 0, 0, 0.344780371, -0.185721851, -0.191427905, -0.228046284, 0.668292336, -0.708015307, -0.94909668, 0.00939941406, 0.314575195, 0.216810391, 0.743847441, 0.63233706, 0, 0, -0, 0, 0, 0, 0, 0.408086816, -0.145344873, -0.154147168, 0.200279415, 0.254068774, -0.946105787, 0.427734375, -0.891479492, -0.148803711, -0.881354189, -0.3747877, -0.287236071, 0, 2, 1, 1, 
402.152612, 49, 0.1, 0.1, 0.0125546955, 0.379370273, -0.0349847375, 0.861221645, -3.60604588e-005, 0.508229551, 0.508229552, 7.37371514e-005, -0.861221642, -6.41935181e-006, 0.999999997, 8.18310216e-005, 0.861221589, -4.50471754e-005, 0.508229646, 0.508229648, 7.18230314e-005, -0.861221586, 2.29300603e-006, 0.999999996, 8.47498553e-005, 0, 0, 0, 0, 0, 0, 0, 0.344780371, -0.185721851, -0.191427905, -0.228046284, 0.668292336, -0.708015307, -0.94909668, 0.00939941406, 0.314575195, 0.216810391, 0.743847441, 0.63233706, 0, 0, -0, 0, 0, 0, 0, 0.408086816, -0.145344873, -0.154147168, 0.200279415, 0.254068774, -0.946105787, 0.427734375, -0.891479492, -0.148803711, -0.881354189, -0.3747877, -0.287236071, 0, 2, 1, 1, 
402.153334, 49, 0.1, 0.1, 0.0125546981, 0.379370253, -0.0349913835, 0.861222024, 7.82030301e-006, 0.50822891, 0.50822891, 3.00849034e-005, -0.861222024, -2.20250349e-005, 1, 2.19352774e-005, 0.86122194, 1.29926194e-007, 0.508229052, 0.508229052, 4.40600942e-005, -0.861221939, -2.25045152e-005, 0.999999999, 3.78794875e-005, 0, 0, 0, 0, 0, 0, 0, 0.344780371, -0.185721851, -0.191427905, -0.228046284, 0.668292336, -0.708015307, -0.94909668, 0.00939941406, 0.314575195, 0.216810391, 0.743847441, 0.63233706, 0, 0, -0, 0, 0, 0, 0, 0.408086816, -0.145344873, -0.154147168, 0.200279415, 0.254068774, -0.946105787, 0.427734375, -0.891479492, -0.148803711, -0.881354189, -0.3747877, -0.287236071, 0, 2, 1, 1, 
402.154038, 49, 0.1, 0.1, 0.0125546906, 0.379370258, -0.0349908453, 0.861222545, 2.08917603e-005, 0.508228027, 0.508228027, -4.66101053e-005, -0.861222544, 5.69610692e-006, 0.999999999, -5.07594516e-005, 0.861222428, 2.28077586e-005, 0.508228225, 0.508228225, -3.4329608e-005, -0.861222428, -2.19527754e-006, 0.999999999, -4.11569751e-005, 0, 0, 0, 0, 0, 0, 0, 0.344780371, -0.185721851, -0.191427905, -0.228046284, 0.668292336, -0.708015307, -0.94909668, 0.00939941406, 0.314575195, 0.216810391, 0.743847441, 0.63233706, 0, 0, -0, 0, 0, 0, 0, 0.408086816, -0.145344873, -0.154147168, 0.200279415, 0.254068774, -0.946105787, 0.427734375, -0.891479492, -0.148803711, -0.881354189, -0.3747877, -0.287236071, 0, 2, 1, 1, 
402.154756, 49, 0.1, 0.1, 0.0125546845, 0.379370277, -0.0349838901, 0.86122311, 1.1618085e-005, 0.508227069, 0.508227069, -4.83128357e-005, -0.861223109, 1.45481276e-005, 0.999999999, -4.75127559e-005, 0.861222997, 1.3109789e-005, 0.508227261, 0.508227261, -5.72784339e-005, -0.861222995, 1.78200098e-005, 0.999999998, -5.59922567e-005, 0, 0, 0, 0, 0, 0, 0, 0.344780371, -0.185721851, -0.191427905, -0.228046284, 0.668292336, -0.708015307, -0.94909668, 0.00939941406, 0.314575195, 0.216810391, 0.743847441, 0.63233706, 0, 0, -0, 0, 0, 0, 0, 0.408373047, -0.146722168, -0.15371582, 0.201276147, 0.253251046, -0.946176149, 0.426879883, -0.892089844, -0.147949219, -0.881494913, -0.374014448, -0.287734438, 0, 2, 1, 1, 
402.155451, 49, 0.1, 0.1, 0.0125546837, 0.379370275, -0.0349735848, 0.861223569, -1.79841886e-005, 0.508226291, 0.508226292, 3.42091406e-005, -0.861223569, -1.89757762e-006, 0.999999999, 3.86017557e-005, 0.861223503, -6.07710642e-006, 0.508226404, 0.508226404, 2.22835601e-005, -0.861223503, -6.09134672e-006, 1, 2.22796716e-005, 0, 0, 0, 0, 0, 0, 0, 0.344780371, -0.185721851, -0.191427905, -0.228046284, 0.668292336, -0.708015307, -0.94909668, 0.00939941406, 0.314575195, 0.216810391, 0.743847441, 0.63233706, 0, 0, -0, 0, 0, 0, 0, 0.408373047, -0.146722168, -0.15371582, 0.201276147, 0.253251046, -0.946176149, 0.426879883, -0.892089844, -0.147949219, -0.881494913, -0.374014448, -0.287734438, 0, 2, 1, 1, 
402.156155, 49, 0.1, 0.1, 0.0125546919, 0.379370262, -0.0349630902, 0.861223844, -9.01565829e-006, 0.508225826, 0.508225826, 1.84260998e-005, -0.861223844, -1.60011987e-006, 1, 2.04509868e-005, 0.861223785, -1.93628349e-005, 0.508225926, 0.508225926, 3.28306154e-005, -0.861223785, -9.63598751e-009, 0.999999999, 3.81152016e-005, 0, 0, 0, 0, 0, 0, 0, 0.344780371, -0.185721851, -0.191427905, -0.228046284, 0.668292336, -0.708015307, -0.94909668, 0.00939941406, 0.314575195, 0.216810391, 0.743847441, 0.63233706, 0, 0, -0, 0, 0, 0, 0, 0.408373047, -0.146722168, -0.15371582, 0.201276147, 0.253251046, -0.946176149, 0.426879883, -0.892089844, -0.147949219, -0.881494913, -0.374014448, -0.287734438, 0, 2, 1, 1, 
402.156874, 49, 0.1, 0.1, 0.0125546868, 0.379370267, -0.0349552825, 0.861224104, 9.92099655e-006, 0.508225386, 0.508225386, -1.27549839e-005, -0.861224104, -2.06179478e-006, 1, -1.60270018e-005, 0.861224063, 2.06745453e-005, 0.508225454, 0.508225455, -1.76309767e-005, -0.861224063, -8.84490478e-006, 1, -2.56915516e-005, 0, 0, 0, 0, 0, 0, 0, 0.345167065, -0.186848657, -0.190804785, -0.225181501, 0.672700912, -0.704726664, -0.948486328, 0.0137939453, 0.31628418, 0.222412659, 0.739688617, 0.635153172, 0, 0, -0, 0, 0, 0, 0, 0.408373047, -0.146722168, -0.15371582, 0.201276147, 0.253251046, -0.946176149, 0.426879883, -0.892089844, -0.147949219, -0.881494913, -0.374014448, -0.287734438, 0, 2, 1, 1, 
402.157575, 49, 0.1, 0.1, 0.0125546889, 0.379370266, -0.0349522052, 0.861224303, 1.99852698e-005, 0.508225049, 0.508225049, -2.47115461e-006, -0.861224303, -1.59558974e-005, 1, -1.22852331e-005, 0.861224262, -5.3508823e-006, 0.508225118, 0.508225118, 1.3734784e-006, -0.861224262, 3.91027344e-006, 1, 3.90232571e-006, 0, 0, 0, 0, 0, 0, 0, 0.345167065, -0.186848657, -0.190804785, -0.225181501, 0.672700912, -0.704726664, -0.948486328, 0.0137939453, 0.31628418, 0.222412659, 0.739688617, 0.635153172, 0, 0, -0, 0, 0, 0, 0, 0.408373047, -0.146722168, -0.15371582, 0.201276147, 0.253251046, -0.946176149, 0.426879883, -0.892089844, -0.147949219, -0.881494913, -0.374014448, -0.287734438, 0, 2, 1, 1, 
402.158279, 49, 0.1, 0.1, 0.0125546831, 0.379370265, -0.0349543786, 0.861224464, -2.34993235e-005, 0.508224775, 0.508224775, 3.56012492e-006, -0.861224464, 1.84288486e-005, 1, 1.50090051e-005, 0.861224448, 6.70737048e-007, 0.508224803, 0.508224803, 8.44015474e-006, -0.861224448, -4.86715113e-006, 1, 6.9279824e-006, 0, 0, 0, 0, 0, 0, 0, 0.345167065, -0.186848657, -0.190804785, -0.225181501, 0.672700912, -0.704726664, -0.948486328, 0.0137939453, 0.31628418, 0.222412659, 0.739688617, 0.635153172, 0, 0, -0, 0, 0, 0, 0, 0.408373047, -0.146722168, -0.15371582, 0.201276147, 0.253251046, -0.946176149, 0.426879883, -0.892089844, -0.147949219, -0.881494913, -0.374014448, -0.287734438, 0, 2, 1, 1, 
402.159035, 49, 0.1, 0.1, 0.0125546899, 0.37937027, -0.0349610877, 0.861224432, 4.91703203e-006, 0.50822483, 0.50822483, -1.52902553e-005, -0.861224432, 3.53621928e-006, 1, -1.56672992e-005, 0.861224457, -1.1651852e-005, 0.508224787, 0.508224787, -2.59465112e-005, -0.861224457, 2.322152e-005, 1, -1.64240101e-005, 0, 0, 0, 0, 0, 0, 0, 0.345167065, -0.186848657, -0.190804785, -0.22357968, 0.678422626, -0.699742964, -0.947631836, 0.0164794922, 0.318847656, 0.227844184, 0.734456669, 0.639307509, 0, 0, -0, 0, 0, 0, 0, 0.408373047, -0.146722168, -0.15371582, 0.201276147, 0.253251046, -0.946176149, 0.426879883, -0.892089844, -0.147949219, -0.881494913, -0.374014448, -0.287734438, 0, 2, 1, 1, 
402.159754, 49, 0.1, 0.1, 0.0125546786, 0.37937026, -0.0349688248, 0.861224227, 3.04948105e-005, 0.508225176, 0.508225176, 2.9715263e-005, -0.861224228, -4.13649144e-005, 0.999999999, 1.0093274e-005, 0.86122427, 3.31831363e-005, 0.508225103, 0.508225102, 3.62669245e-005, -0.86122427, -4.70098838e-005, 0.999999999, 1.43694527e-005, 0, 0, 0, 0, 0, 0, 0, 0.345265454, -0.187465137, -0.190760693, -0.22357968, 0.678422626, -0.699742964, -0.947631836, 0.0164794922, 0.318847656, 0.227844184, 0.734456669, 0.639307509, 0, 0, -0, 0, 0, 0, 0, 0.408485205, -0.147028027, -0.153909033, 0.199538245, 0.255685274, -0.945850224, 0.428222656, -0.890991211, -0.150390625, -0.881309346, -0.374986027, -0.287331953, 0, 2, 1, 1, 
402.160448, 49, 0.1, 0.1, 0.0125546767, 0.379370265, -0.0349758156, 0.861224086, -1.67720377e-005, 0.508225416, 0.508225415, -3.46668594e-005, -0.861224086, 3.20630619e-005, 0.999999999, -2.13319584e-005, 0.861224099, -6.87027056e-006, 0.508225394, 0.508225394, -3.09740755e-005, -0.861224099, 2.16586543e-005, 0.999999999, -2.31839743e-005, 0, 0, 0, 0, 0, 0, 0, 0.345265454, -0.187465137, -0.190760693, -0.22357968, 0.678422626, -0.699742964, -0.947631836, 0.0164794922, 0.318847656, 0.227844184, 0.734456669, 0.639307509, 0, 0, -0, 0, 0, 0, 0, 0.408485205, -0.147028027, -0.153909033, 0.199538245, 0.255685274, -0.945850224, 0.428222656, -0.890991211, -0.150390625, -0.881309346, -0.374986027, -0.287331953, 0, 2, 1, 1, 
402.161167, 49, 0.1, 0.1, 0.0125546863, 0.379370268, -0.0349804797, 0.861224109, -2.18241275e-005, 0.508225376, 0.508225377, 1.00841881e-005, -0.861224109, 1.36704245e-005, 1, 1.97763213e-005, 0.86122409, -2.96541555e-005, 0.508225408, 0.508225408, 2.39361646e-007, -0.861224091, 2.54172235e-005, 1, 1.52771393e-005, 0, 0, 0, 0, 0, 0, 0, 0.345265454, -0.187465137, -0.190760693, -0.22357968, 0.678422626, -0.699742964, -0.947631836, 0.0164794922, 0.318847656, 0.227844184, 0.734456669, 0.639307509, 0, 0, -0, 0, 0, 0, 0, 0.408485205, -0.147028027, -0.153909033, 0.199538245, 0.255685274, -0.945850224, 0.428222656, -0.890991211, -0.150390625, -0.881309346, -0.374986027, -0.287331953, 0, 2, 1, 1, 
402.161869, 49, 0.1, 0.1, 0.012554683, 0.379370263, -0.0349814148, 0.861224297, 2.36048568e-005, 0.508225058, 0.508225058, 5.02575244e-007, -0.861224297, -2.05844976e-005, 1, -1.15637497e-005, 0.86122425, 1.82606868e-005, 0.508225138, 0.508225138, 1.13805972e-005, -0.86122425, -2.15104519e-005, 1, 5.20706171e-007, 0, 0, 0, 0, 0, 0, 0, 0.345265454, -0.187465137, -0.190760693, -0.22357968, 0.678422626, -0.699742964, -0.947631836, 0.0164794922, 0.318847656, 0.227844184, 0.734456669, 0.639307509, 0, 0, -0, 0, 0, 0, 0, 0.408485205, -0.147028027, -0.153909033, 0.199538245, 0.255685274, -0.945850224, 0.428222656, -0.890991211, -0.150390625, -0.881309346, -0.374986027, -0.287331953, 0, 2, 1, 1, 
402.162562, 49, 0.1, 0.1, 0.0125546791, 0.379370268, -0.0349788562, 0.861224602, -4.02380326e-006, 0.508224541, 0.508224541, -1.66966114e-005, -0.861224602, 1.1951026e-005, 1, -1.23345369e-005, 0.861224534, 2.37422718e-006, 0.508224656, 0.508224656, -2.20584819e-005, -0.861224534, 9.16592169e-006, 1, -2.02039466e-005, 0, 0, 0, 0, 0, 0, 0, 0.345265454, -0.187465137, -0.190760693, -0.22357968, 0.678422626, -0.699742964, -0.947631836, 0.0164794922, 0.318847656, 0.227844184, 0.734456669, 0.639307509, 0, 0, -0, 0, 0, 0, 0, 0.408485205, -0.147028027, -0.153909033, 0.199538245, 0.255685274, -0.945850224, 0.428222656, -0.890991211, -0.150390625, -0.881309346, -0.374986027, -0.287331953, 0, 2, 1, 1, 
402.16327, 49, 0.1, 0.1, 0.0125546797, 0.379370266, -0.0349735817, 0.861225007, 6.29714162e-006, 0.508223856, 0.508223856, 5.50647209e-006, -0.861225007, -8.22177631e-006, 1, 1.54195387e-006, 0.861224924, 3.30258788e-006, 0.508223997, 0.508223997, 1.15778861e-005, -0.861224924, -8.72843053e-006, 1, 8.29270965e-006, 0, 0, 0, 0, 0, 0, 0, 0.345265454, -0.187465137, -0.190760693, -0.22357968, 0.678422626, -0.699742964, -0.947631836, 0.0164794922, 0.318847656, 0.227844184, 0.734456669, 0.639307509, 0, 0, -0, 0, 0, 0, 0, 0.408485205, -0.147028027, -0.153909033, 0.199538245, 0.255685274, -0.945850224, 0.428222656, -0.890991211, -0.150390625, -0.881309346, -0.374986027, -0.287331953, 0, 2, 1, 1, 
402.163999, 49, 0.1, 0.1, 0.0125546799, 0.379370269, -0.0349671438, 0.861225475, -5.14960917e-006, 0.508223062, 0.508223062, 2.14734177e-006, -0.861225475, 3.34364599e-006, 1, 4.46649558e-006, 0.861225378, -5.40784077e-006, 0.508223227, 0.508223227, -1.25304777e-005, -0.861225378, 1.10256495e-005, 1, -8.04317514e-006, 0, 0, 0, 0, 0, 0, 0, 0.345599292, -0.188758789, -0.190499463, -0.221736725, 0.684004676, -0.694879832, -0.946777344, 0.0194091797, 0.321166992, 0.233237518, 0.729123249, 0.643480942, 0, 0, -0, 0, 0, 0, 0, 0.408485205, -0.147028027, -0.153909033, 0.198336989, 0.257493539, -0.9456457, 0.428222656, -0.890625, -0.152587891, -0.881558346, -0.374673228, -0.286942229, 0, 2, 1, 1, 
402.16471, 49, 0.1, 0.1, 0.012554677, 0.379370268, -0.0349617218, 0.861225988, 2.16911268e-006, 0.508222192, 0.508222192, -2.18030992e-005, -0.861225988, 9.21272265e-006, 1, -1.98797868e-005, 0.861225871, 1.21211455e-005, 0.508222391, 0.508222391, -8.22435847e-006, -0.861225871, -6.25924099e-006, 1, -1.32432678e-005, 0, 0, 0, 0, 0, 0, 0, 0.345599292, -0.188758789, -0.190499463, -0.221736725, 0.684004676, -0.694879832, -0.946777344, 0.0194091797, 0.321166992, 0.233237518, 0.729123249, 0.643480942, 0, 0, -0, 0, 0, 0, 0, 0.40862373, -0.14824126, -0.153887305, 0.198336989, 0.257493539, -0.9456457, 0.428222656, -0.890625, -0.152587891, -0.881558346, -0.374673228, -0.286942229, 0, 2, 1, 1, 
402.165407, 49, 0.1, 0.1, 0.012554678, 0.379370268, -0.034958876, 0.861226564, 5.5485261e-006, 0.508221217, 0.508221217, 1.80916655e-005, -0.861226564, -1.39731063e-005, 1, 1.27611443e-005, 0.861226443, -6.61705987e-007, 0.508221421, 0.508221421, 1.46558523e-005, -0.861226443, -6.87853938e-006, 1, 1.29583007e-005, 0, 0, 0, 0, 0, 0, 0, 0.345599292, -0.188758789, -0.190499463, -0.221736725, 0.684004676, -0.694879832, -0.946777344, 0.0194091797, 0.321166992, 0.233237518, 0.729123249, 0.643480942, 0, 0, -0, 0, 0, 0, 0, 0.40862373, -0.14824126, -0.153887305, 0.198336989, 0.257493539, -0.9456457, 0.428222656, -0.890625, -0.152587891, -0.881558346, -0.374673228, -0.286942229, 0, 2, 1, 1, 
402.166112, 49, 0.1, 0.1, 0.0125546783, 0.379370271, -0.0349592944, 0.861227203, -1.27293026e-005, 0.508220133, 0.508220133, -1.41271721e-005, -0.861227203, 1.81425349e-005, 1, -5.69741707e-006, 0.861227075, -8.94605371e-006, 0.508220351, 0.50822035, -2.16644148e-005, -0.861227075, 1.87148801e-005, 1, -1.4111414e-005, 0, 0, 0, 0, 0, 0, 0, 0.345599292, -0.188758789, -0.190499463, -0.221736725, 0.684004676, -0.694879832, -0.946777344, 0.0194091797, 0.321166992, 0.233237518, 0.729123249, 0.643480942, 0, 0, -0, 0, 0, 0, 0, 0.40862373, -0.14824126, -0.153887305, 0.198336989, 0.257493539, -0.9456457, 0.428222656, -0.890625, -0.152587891, -0.881558346, -0.374673228, -0.286942229, 0, 2, 1, 1, 
402.16682, 49, 0.1, 0.1, 0.0125546783, 0.379370267, -0.0349626979, 0.861227903, 6.96934193e-006, 0.508218948, 0.508218948, 1.91098829e-007, -0.861227903, -6.09931178e-006, 1, -3.37737198e-006, 0.861227757, 5.77293696e-006, 0.508219195, 0.508219195, 1.55284607e-005, -0.861227757, -1.28636753e-005, 1, 1.0439624e-005, 0, 0, 0, 0, 0, 0, 0, 0.345599292, -0.188758789, -0.190499463, -0.221736725, 0.684004676, -0.694879832, -0.946777344, 0.0194091797, 0.321166992, 0.233237518, 0.729123249, 0.643480942, 0, 0, -0, 0, 0, 0, 0, 0.40862373, -0.14824126, -0.153887305, 0.198336989, 0.257493539, -0.9456457, 0.428222656, -0.890625, -0.152587891, -0.881558346, -0.374673228, -0.286942229, 0, 2, 1, 1, 
402.167511, 49, 0.1, 0.1, 0.0125546799, 0.379370267, -0.034967727, 0.861228621, -1.46225526e-006, 0.508217732, 0.508217731, 1.5657748e-005, -0.861228621, -6.69820911e-006, 1, 1.42280448e-005, 0.861228475, -8.96946379e-006, 0.508217979, 0.508217979, 4.86101529e-006, -0.861228475, 5.25430225e-006, 1, 8.74488754e-006, 0, 0, 0, 0, 0, 0, 0, 0.345599292, -0.188758789, -0.190499463, -0.221736725, 0.684004676, -0.694879832, -0.946777344, 0.0194091797, 0.321166992, 0.233237518, 0.729123249, 0.643480942, 0, 0, -0, 0, 0, 0, 0, 0.40862373, -0.14824126, -0.153887305, 0.198336989, 0.257493539, -0.9456457, 0.428222656, -0.890625, -0.152587891, -0.881558346, -0.374673228, -0.286942229, 0, 2, 1, 1, 
402.168238, 49, 0.1, 0.1, 0.0125546777, 0.379370265, -0.0349729262, 0.861229392, 4.27717373e-007, 0.508216425, 0.508216425, -1.0736512e-005, -0.861229392, 5.08810895e-006, 1, -9.46397265e-006, 0.861229245, 4.2004206e-006, 0.508216674, 0.508216674, -8.27340905e-006, -0.861229245, 5.87159362e-007, 1, -9.26002562e-006, 0, 0, 0, 0, 0, 0, 0, 0.345599292, -0.188758789, -0.190499463, -0.221736725, 0.684004676, -0.694879832, -0.946777344, 0.0194091797, 0.321166992, 0.233237518, 0.729123249, 0.643480942, 0, 0, -0, 0, 0, 0, 0, 0.40862373, -0.14824126, -0.153887305, 0.198336989, 0.257493539, -0.9456457, 0.428222656, -0.890625, -0.152587891, -0.881558346, -0.374673228, -0.286942229, 0, 2, 1, 1, 
