time, trialNum, realDorsalTactorPos, realVentralTactorPos, boxPosX, boxPosY, boxPosZ, boxLocalRot_11, boxLocalRot_12, boxLocalRot_13, boxLocalRot_21, boxLocalRot_22, boxLocalRot_23, boxLocalRot_31, boxLocalRot_32, boxLocalRot_33, boxGlobalRot_11, boxGlobalRot_12, boxGlobalRot_13, boxGlobalRot_21, boxGlobalRot_22, boxGlobalRot_23, boxGlobalRot_31, boxGlobalRot_32, boxGlobalRot_33, indexForceX, indexForceY, indexForceZ, indexForceGlobalX, indexForceGlobalY, indexForceGlobalZ, indexContact, indexPosX, indexPosY, indexPosZ, indexRot_11, indexRot_12, indexRot_13, indexRot_21, indexRot_22, indexRot_23, indexRot_31, indexRot_32, indexRot_33, thumbForceX, thumbForceY, thumbForceZ, thumbForceGlobalX, thumbForceGlobalY, thumbForceGlobalZ, thumbContact, thumbPosX, thumbPosY, thumbPosZ, thumbRot_11, thumbRot_12, thumbRot_13, thumbRot_21, thumbRot_22, thumbRot_23, thumbRot_31, thumbRot_32, thumbRot_33, manipForceTooHigh, cceExpType, mapping, trialSuccess, 
364.506219, 44, 0.1, 0.1, 0.014156378, 0.373097552, -0.0349713012, 0.871903479, -0.489677774, -6.44391336e-006, 0.489677774, 0.871903479, 5.80233633e-006, 2.77719534e-006, -8.21451839e-006, 1, 0.871903487, -0.48967776, 5.16502875e-007, 0.48967776, 0.871903487, 3.33728222e-006, -2.08453354e-006, -2.65686804e-006, 1, 0, 0, 0, 0, 0, 0, 0, 0.310857104, -0.163639233, -0.200083374, -0.427471228, 0.589915989, -0.684968114, -0.837158203, 0.0277099609, 0.546264648, 0.341213742, 0.806933728, 0.482106709, 0, 0, -0, 0, 0, 0, 0, 0.374010596, -0.107476025, -0.164591846, -0.00406455854, 0.39615881, -0.91808457, 0.57434082, -0.750610352, -0.326538086, -0.818507364, -0.528501919, -0.224515223, 0, 2, 3, 1, 
364.549643, 44, 0.1, 0.1, 0.0141563644, 0.37309755, -0.0349634698, 0.871905011, -0.489675047, -9.86255475e-006, 0.489675047, 0.871905011, 1.64706827e-006, 7.79268268e-006, -6.26553404e-006, 1, 0.87190501, -0.489675049, -1.14747432e-006, 0.489675049, 0.87190501, -5.84588474e-008, 1.02911444e-006, -5.10918981e-007, 1, 0, 0, 0, 0, 0, 0, 0, 0.313024316, -0.172887549, -0.191661646, -0.45531519, 0.578833143, -0.6763524, -0.819824219, 0.0235595703, 0.572143555, 0.347230487, 0.814992267, 0.463933611, 0, 0, -0, 0, 0, 0, 0, 0.376110254, -0.115933447, -0.157772852, -0.0350332597, 0.389063545, -0.920476853, 0.58203125, -0.740722656, -0.335327148, -0.812311117, -0.547413582, -0.200586348, 0, 2, 3, 1, 
364.550346, 44, 0.1, 0.1, 0.014156363, 0.373097548, -0.0349707069, 0.871904988, -0.489675088, 1.08483813e-005, 0.489675088, 0.871904988, 9.82376777e-006, -1.42692121e-005, -3.25321004e-006, 1, 0.871904997, -0.489675072, 1.10007509e-005, 0.489675071, 0.871904997, 1.04063878e-005, -1.46873584e-005, -3.68658804e-006, 1, 0, 0, 0, 0, 0, 0, 0, 0.313024316, -0.172887549, -0.191661646, -0.45531519, 0.578833143, -0.6763524, -0.819824219, 0.0235595703, 0.572143555, 0.347230487, 0.814992267, 0.463933611, 0, 0, -0, 0, 0, 0, 0, 0.376110254, -0.115933447, -0.157772852, -0.0350332597, 0.389063545, -0.920476853, 0.58203125, -0.740722656, -0.335327148, -0.812311117, -0.547413582, -0.200586348, 0, 2, 3, 1, 
364.551056, 44, 0.1, 0.1, 0.0141563638, 0.373097549, -0.0349769567, 0.871904973, -0.489675114, -2.41678056e-006, 0.489675114, 0.871904973, -4.52206749e-006, 4.3215469e-006, 2.75937584e-006, 1, 0.871904974, -0.489675113, -7.6604607e-006, 0.489675113, 0.871904974, -2.4645082e-006, 7.88600212e-006, -1.60232e-006, 1, 0, 0, 0, 0, 0, 0, 0, 0.313024316, -0.172887549, -0.191661646, -0.45531519, 0.578833143, -0.6763524, -0.819824219, 0.0235595703, 0.572143555, 0.347230487, 0.814992267, 0.463933611, 0, 0, -0, 0, 0, 0, 0, 0.376080078, -0.116037451, -0.157490283, -0.0391926303, 0.388373049, -0.920553045, 0.583251953, -0.739135742, -0.336669922, -0.811275372, -0.550186496, -0.197525789, 0, 2, 3, 1, 
364.551745, 44, 0.1, 0.1, 0.0141563629, 0.37309755, -0.0349804635, 0.871904944, -0.489675166, -3.58333402e-006, 0.489675166, 0.871904944, -5.90828211e-006, 6.01746567e-006, 3.3967907e-006, 1, 0.871904948, -0.48967516, 2.82337291e-006, 0.48967516, 0.871904948, -2.29863548e-006, -1.33612811e-006, 3.38672723e-006, 1, 0, 0, 0, 0, 0, 0, 0, 0.313024316, -0.172887549, -0.191661646, -0.45531519, 0.578833143, -0.6763524, -0.819824219, 0.0235595703, 0.572143555, 0.347230487, 0.814992267, 0.463933611, 0, 0, -0, 0, 0, 0, 0, 0.376080078, -0.116037451, -0.157490283, -0.0391926303, 0.388373049, -0.920553045, 0.583251953, -0.739135742, -0.336669922, -0.811275372, -0.550186496, -0.197525789, 0, 2, 3, 1, 
364.552441, 44, 0.1, 0.1, 0.0141563652, 0.373097549, -0.0349806356, 0.871904973, -0.489675114, 1.22112378e-006, 0.489675114, 0.871904973, 5.31754155e-006, -3.66857167e-006, -4.038437e-006, 1, 0.871904961, -0.489675135, -3.54227295e-006, 0.489675135, 0.871904961, 7.58536818e-006, -6.25840831e-007, -8.34828314e-006, 1, 0, 0, 0, 0, 0, 0, 0, 0.313024316, -0.172887549, -0.191661646, -0.45531519, 0.578833143, -0.6763524, -0.819824219, 0.0235595703, 0.572143555, 0.347230487, 0.814992267, 0.463933611, 0, 0, -0, 0, 0, 0, 0, 0.376080078, -0.116037451, -0.157490283, -0.0391926303, 0.388373049, -0.920553045, 0.583251953, -0.739135742, -0.336669922, -0.811275372, -0.550186496, -0.197525789, 0, 2, 3, 1, 
364.55315, 44, 0.1, 0.1, 0.0141563645, 0.37309755, -0.0349774697, 0.871905059, -0.489674962, -1.31929692e-006, 0.489674962, 0.871905059, 5.53496286e-006, -1.56003107e-006, -5.47198879e-006, 1, 0.871905043, -0.489674989, 3.63155759e-006, 0.489674989, 0.871905043, -1.85451308e-006, -2.2582647e-006, 3.39524224e-006, 1, 0, 0, 0, 0, 0, 0, 0, 0.313024316, -0.172887549, -0.191661646, -0.459104077, 0.577399438, -0.675115647, -0.817871094, 0.0217285156, 0.574951172, 0.346718261, 0.816084487, 0.462378217, 0, 0, -0, 0, 0, 0, 0, 0.376080078, -0.116037451, -0.157490283, -0.0391926303, 0.388373049, -0.920553045, 0.583251953, -0.739135742, -0.336669922, -0.811275372, -0.550186496, -0.197525789, 0, 2, 3, 1, 
364.553842, 44, 0.1, 0.1, 0.014156365, 0.37309755, -0.0349722215, 0.871905115, -0.489674862, 1.97512504e-006, 0.489674862, 0.871905115, -1.40023512e-005, 5.13447774e-006, 1.31758907e-005, 1, 0.871905098, -0.489674892, 4.3016936e-006, 0.489674892, 0.871905098, -7.15367021e-006, -2.47695892e-007, 8.34375288e-006, 1, 0, 0, 0, 0, 0, 0, 0, 0.313052368, -0.172734253, -0.190933447, -0.459104077, 0.577399438, -0.675115647, -0.817871094, 0.0217285156, 0.574951172, 0.346718261, 0.816084487, 0.462378217, 0, 0, -0, 0, 0, 0, 0, 0.376080078, -0.116037451, -0.157490283, -0.0391926303, 0.388373049, -0.920553045, 0.583251953, -0.739135742, -0.336669922, -0.811275372, -0.550186496, -0.197525789, 0, 2, 3, 1, 
364.554536, 44, 0.1, 0.1, 0.0141563635, 0.373097549, -0.0349665685, 0.871905199, -0.489674713, 5.57771386e-006, 0.489674712, 0.871905199, 1.51789401e-005, -1.22959808e-005, -1.05033313e-005, 1, 0.871905184, -0.489674739, 7.23266318e-006, 0.489674739, 0.871905184, 1.67078274e-005, -1.44875976e-005, -1.10259889e-005, 1, 0, 0, 0, 0, 0, 0, 0, 0.313052368, -0.172734253, -0.190933447, -0.459104077, 0.577399438, -0.675115647, -0.817871094, 0.0217285156, 0.574951172, 0.346718261, 0.816084487, 0.462378217, 0, 0, -0, 0, 0, 0, 0, 0.376080078, -0.116037451, -0.157490283, -0.0391926303, 0.388373049, -0.920553045, 0.583251953, -0.739135742, -0.336669922, -0.811275372, -0.550186496, -0.197525789, 0, 2, 3, 1, 
364.555229, 44, 0.1, 0.1, 0.0141563654, 0.373097553, -0.0349622448, 0.871905265, -0.489674595, -6.29308107e-006, 0.489674595, 0.871905265, -1.06925338e-005, 1.07228327e-005, 6.24131459e-006, 1, 0.871905252, -0.489674618, -8.74616936e-006, 0.489674618, 0.871905252, -2.05280152e-005, 1.7677879e-005, 1.36157071e-005, 1, 0, 0, 0, 0, 0, 0, 0, 0.313052368, -0.172734253, -0.190933447, -0.459104077, 0.577399438, -0.675115647, -0.817871094, 0.0217285156, 0.574951172, 0.346718261, 0.816084487, 0.462378217, 0, 0, -0, 0, 0, 0, 0, 0.376080078, -0.116037451, -0.157490283, -0.0391926303, 0.388373049, -0.920553045, 0.583251953, -0.739135742, -0.336669922, -0.811275372, -0.550186496, -0.197525789, 0, 2, 3, 1, 
364.55593, 44, 0.1, 0.1, 0.0141563659, 0.373097551, -0.0349603431, 0.871905329, -0.48967448, -6.42703723e-006, 0.48967448, 0.871905329, -1.58632536e-005, 1.33715985e-005, 1.06840992e-005, 1, 0.871905317, -0.489674503, -1.44596155e-006, 0.489674503, 0.871905317, 3.83055777e-006, -6.14984906e-007, -4.04793419e-006, 1, 0, 0, 0, 0, 0, 0, 0, 0.313152808, -0.172951392, -0.19084458, -0.461559609, 0.577520006, -0.673345328, -0.816162109, 0.0208740234, 0.577392578, 0.347601546, 0.816065391, 0.461850642, 0, 0, -0, 0, 0, 0, 0, 0.376080078, -0.116037451, -0.157490283, -0.0391926303, 0.388373049, -0.920553045, 0.583251953, -0.739135742, -0.336669922, -0.811275372, -0.550186496, -0.197525789, 0, 2, 3, 1, 
364.556624, 44, 0.1, 0.1, 0.0141563665, 0.373097555, -0.0349611991, 0.871905381, -0.489674388, 6.88126761e-006, 0.489674388, 0.871905381, 1.26481999e-005, -1.21933138e-005, -7.65845304e-006, 1, 0.871905372, -0.489674405, 3.33057917e-006, 0.489674405, 0.871905372, 3.4222763e-006, -4.57975099e-006, -1.35300172e-006, 1, 0, 0, 0, 0, 0, 0, 0, 0.313152808, -0.172951392, -0.19084458, -0.461559609, 0.577520006, -0.673345328, -0.816162109, 0.0208740234, 0.577392578, 0.347601546, 0.816065391, 0.461850642, 0, 0, -0, 0, 0, 0, 0, 0.37606626, -0.116024756, -0.157419727, -0.042923997, 0.389011773, -0.920162954, 0.583618164, -0.737670898, -0.339111328, -0.810808355, -0.551592276, -0.195398162, 0, 2, 3, 1, 
364.557319, 44, 0.1, 0.1, 0.0141563658, 0.373097558, -0.0349645125, 0.87190543, -0.489674301, -1.58772537e-006, 0.489674301, 0.87190543, -2.22213654e-005, 1.2265578e-005, 1.85974609e-005, 1, 0.87190542, -0.489674318, -1.53658096e-006, 0.489674318, 0.87190542, -2.29874947e-005, 1.25961391e-005, 1.9290497e-005, 1, 0, 0, 0, 0, 0, 0, 0, 0.313152808, -0.172951392, -0.19084458, -0.461559609, 0.577520006, -0.673345328, -0.816162109, 0.0208740234, 0.577392578, 0.347601546, 0.816065391, 0.461850642, 0, 0, -0, 0, 0, 0, 0, 0.37606626, -0.116024756, -0.157419727, -0.042923997, 0.389011773, -0.920162954, 0.583618164, -0.737670898, -0.339111328, -0.810808355, -0.551592276, -0.195398162, 0, 2, 3, 1, 
364.55801, 44, 0.1, 0.1, 0.0141563646, 0.373097556, -0.0349691152, 0.871905475, -0.489674221, 2.30440026e-006, 0.489674221, 0.871905475, 7.12656846e-006, -5.49891606e-006, -5.08528865e-006, 1, 0.871905467, -0.489674235, 5.3551636e-006, 0.489674235, 0.871905467, 1.38254185e-005, -1.14391477e-005, -9.43217236e-006, 1, 0, 0, 0, 0, 0, 0, 0, 0.313152808, -0.172951392, -0.19084458, -0.461559609, 0.577520006, -0.673345328, -0.816162109, 0.0208740234, 0.577392578, 0.347601546, 0.816065391, 0.461850642, 0, 0, -0, 0, 0, 0, 0, 0.37606626, -0.116024756, -0.157419727, -0.042923997, 0.389011773, -0.920162954, 0.583618164, -0.737670898, -0.339111328, -0.810808355, -0.551592276, -0.195398162, 0, 2, 3, 1, 
364.558702, 44, 0.1, 0.1, 0.0141563661, 0.373097558, -0.0349736037, 0.871905511, -0.489674157, -1.47216823e-006, 0.489674156, 0.871905511, 8.12799888e-006, -2.6964794e-006, -7.80772975e-006, 1, 0.871905503, -0.48967417, -4.78593584e-006, 0.48967417, 0.871905504, -5.14948203e-006, 6.69445214e-006, 2.14631257e-006, 1, 0, 0, 0, 0, 0, 0, 0, 0.313152808, -0.172951392, -0.19084458, -0.461559609, 0.577520006, -0.673345328, -0.816162109, 0.0208740234, 0.577392578, 0.347601546, 0.816065391, 0.461850642, 0, 0, -0, 0, 0, 0, 0, 0.37606626, -0.116024756, -0.157419727, -0.042923997, 0.389011773, -0.920162954, 0.583618164, -0.737670898, -0.339111328, -0.810808355, -0.551592276, -0.195398162, 0, 2, 3, 1, 
364.559397, 44, 0.1, 0.1, 0.0141563666, 0.373097557, -0.034976697, 0.87190554, -0.489674104, -1.07820599e-006, 0.489674104, 0.87190554, -1.39869557e-005, 7.78914379e-006, 1.16673346e-005, 1, 0.871905541, -0.489674104, -3.9796525e-006, 0.489674104, 0.871905541, -1.90587207e-006, 4.40313727e-006, -2.86992356e-007, 1, 0, 0, 0, 0, 0, 0, 0, 0.313152808, -0.172951392, -0.19084458, -0.461559609, 0.577520006, -0.673345328, -0.816162109, 0.0208740234, 0.577392578, 0.347601546, 0.816065391, 0.461850642, 0, 0, -0, 0, 0, 0, 0, 0.37606626, -0.116024756, -0.157419727, -0.042923997, 0.389011773, -0.920162954, 0.583618164, -0.737670898, -0.339111328, -0.810808355, -0.551592276, -0.195398162, 0, 2, 3, 1, 
364.56009, 44, 0.1, 0.1, 0.0141563632, 0.373097561, -0.0349775731, 0.871905485, -0.489674202, 9.57794455e-006, 0.489674202, 0.871905485, 8.29695536e-007, -8.7573429e-006, 3.96665627e-006, 1, 0.871905505, -0.489674168, 1.47714212e-005, 0.489674168, 0.871905505, -7.94069031e-006, -8.99093253e-006, 1.4156715e-005, 1, 0, 0, 0, 0, 0, 0, 0, 0.313152808, -0.172951392, -0.19084458, -0.461559609, 0.577520006, -0.673345328, -0.816162109, 0.0208740234, 0.577392578, 0.347601546, 0.816065391, 0.461850642, 0, 0, -0, 0, 0, 0, 0, 0.37606626, -0.116024756, -0.157419727, -0.042923997, 0.389011773, -0.920162954, 0.583618164, -0.737670898, -0.339111328, -0.810808355, -0.551592276, -0.195398162, 0, 2, 3, 1, 
364.560785, 44, 0.1, 0.1, 0.0141563673, 0.373097556, -0.0349761114, 0.871905344, -0.489674454, -1.04612957e-005, 0.489674454, 0.871905344, 1.27186954e-005, 2.89323943e-006, -1.62121278e-005, 1, 0.871905374, -0.489674401, -1.69560457e-005, 0.489674401, 0.871905374, 1.52477595e-005, 7.3176299e-006, -2.1597545e-005, 1, 0, 0, 0, 0, 0, 0, 0, 0.313152808, -0.172951392, -0.19084458, -0.461559609, 0.577520006, -0.673345328, -0.816162109, 0.0208740234, 0.577392578, 0.347601546, 0.816065391, 0.461850642, 0, 0, -0, 0, 0, 0, 0, 0.37606626, -0.116024756, -0.157419727, -0.042923997, 0.389011773, -0.920162954, 0.583618164, -0.737670898, -0.339111328, -0.810808355, -0.551592276, -0.195398162, 0, 2, 3, 1, 
364.561506, 44, 0.1, 0.1, 0.0141563639, 0.37309756, -0.0349724873, 0.871905261, -0.489674602, 2.70306798e-006, 0.489674602, 0.871905261, -2.01564963e-005, 7.5133051e-006, 1.88981789e-005, 1, 0.871905266, -0.489674593, 1.26858621e-005, 0.489674593, 0.871905266, -1.71310892e-005, -2.67221084e-006, 2.11486313e-005, 1, 0, 0, 0, 0, 0, 0, 0, 0.313054297, -0.173376147, -0.190531738, -0.463602142, 0.577964084, -0.671530825, -0.814086914, 0.0211181641, 0.580322266, 0.349531747, 0.815747872, 0.460821701, 0, 0, -0, 0, 0, 0, 0, 0.375862158, -0.116481494, -0.157354053, -0.0459845566, 0.389088332, -0.919919785, 0.583251953, -0.737060547, -0.340942383, -0.810884548, -0.552320685, -0.193040493, 0, 2, 3, 1, 
364.562298, 44, 0.1, 0.1, 0.0141563643, 0.373097559, -0.0349675133, 0.871905338, -0.489674466, 1.18509496e-005, 0.489674466, 0.871905338, 6.30992138e-006, -1.34227136e-005, 3.01453304e-007, 1, 0.871905298, -0.489674537, 9.1300661e-007, 0.489674537, 0.871905298, 9.64187558e-006, -5.51743626e-006, -7.95972631e-006, 1, 0, 0, 0, 0, 0, 0, 0, 0.313054297, -0.173376147, -0.190531738, -0.463602142, 0.577964084, -0.671530825, -0.814086914, 0.0211181641, 0.580322266, 0.349531747, 0.815747872, 0.460821701, 0, 0, -0, 0, 0, 0, 0, 0.375862158, -0.116481494, -0.157354053, -0.0459845566, 0.389088332, -0.919919785, 0.583251953, -0.737060547, -0.340942383, -0.810884548, -0.552320685, -0.193040493, 0, 2, 3, 1, 
364.563427, 44, 0.1, 0.1, 0.0141563634, 0.373097557, -0.0349557198, 0.871905527, -0.489674129, -1.86665022e-006, 0.489674129, 0.871905527, 1.20912707e-005, -4.29323981e-006, -1.14564961e-005, 1, 0.871905491, -0.489674193, 8.48796571e-007, 0.489674193, 0.871905491, 1.23671115e-005, -6.79592574e-006, -1.03673187e-005, 1, 0, 0, 0, 0, 0, 0, 0, 0.313054297, -0.173376147, -0.190531738, -0.463602142, 0.577964084, -0.671530825, -0.814086914, 0.0211181641, 0.580322266, 0.349531747, 0.815747872, 0.460821701, 0, 0, -0, 0, 0, 0, 0, 0.375862158, -0.116481494, -0.157354053, -0.0459845566, 0.389088332, -0.919919785, 0.583251953, -0.737060547, -0.340942383, -0.810884548, -0.552320685, -0.193040493, 0, 2, 3, 1, 
364.564602, 44, 0.1, 0.1, 0.0141563691, 0.373097557, -0.0349419796, 0.871905698, -0.489673824, -1.36107459e-005, 0.489673824, 0.871905698, -8.52683324e-006, 1.6042654e-005, 7.69768466e-007, 1, 0.871905666, -0.489673881, -7.01676175e-006, 0.489673881, 0.871905666, 1.45762715e-005, -1.0196651e-006, -1.61450587e-005, 1, 0, 0, 0, 0, 0, 0, 0, 0.313197339, -0.174247388, -0.190457764, -0.465282973, 0.578408161, -0.670039832, -0.81237793, 0.0213623047, 0.582641602, 0.35140466, 0.815430353, 0.460091184, 0, 0, -0, 0, 0, 0, 0, 0.376089648, -0.116929932, -0.15728667, -0.0493006793, 0.389286292, -0.919689375, 0.583007813, -0.736450195, -0.342895508, -0.810864858, -0.553036335, -0.190561421, 0, 2, 3, 1, 
364.565739, 44, 0.1, 0.1, 0.0141563735, 0.373097556, -0.034934185, 0.871905849, -0.489673554, -8.06111346e-006, 0.489673554, 0.871905849, -9.69664756e-006, 1.17767239e-005, 4.50724965e-006, 1, 0.871905821, -0.489673605, -1.00258719e-005, 0.489673605, 0.871905821, -9.90279531e-006, 1.35907536e-005, 3.72490002e-006, 1, 0, 0, 0, 0, 0, 0, 0, 0.313197339, -0.174247388, -0.190457764, -0.465282973, 0.578408161, -0.670039832, -0.81237793, 0.0213623047, 0.582641602, 0.35140466, 0.815430353, 0.460091184, 0, 0, -0, 0, 0, 0, 0, 0.376089648, -0.116929932, -0.15728667, -0.0493006793, 0.389286292, -0.919689375, 0.583007813, -0.736450195, -0.342895508, -0.810864858, -0.553036335, -0.190561421, 0, 2, 3, 1, 
364.566867, 44, 0.1, 0.1, 0.0141563718, 0.373097554, -0.0349346831, 0.871905984, -0.489673315, 9.19769249e-006, 0.489673315, 0.871905984, 1.28471654e-005, -1.43104372e-005, -6.69765579e-006, 1, 0.87190596, -0.489673358, 5.04220478e-007, 0.489673358, 0.871905959, -1.20663226e-005, 5.46892386e-006, 1.07676019e-005, 1, 0, 0, 0, 0, 0, 0, 0, 0.313197339, -0.174247388, -0.190457764, -0.465282973, 0.578408161, -0.670039832, -0.81237793, 0.0213623047, 0.582641602, 0.35140466, 0.815430353, 0.460091184, 0, 0, -0, 0, 0, 0, 0, 0.376089648, -0.116929932, -0.15728667, -0.0493006793, 0.389286292, -0.919689375, 0.583007813, -0.736450195, -0.342895508, -0.810864858, -0.553036335, -0.190561421, 0, 2, 3, 1, 
364.567632, 44, 0.1, 0.1, 0.0141563744, 0.373097556, -0.0349423416, 0.871906117, -0.489673077, -2.44084636e-005, 0.489673077, 0.871906118, -1.03530647e-005, 2.63515058e-005, -2.92526706e-006, 1, 0.871906083, -0.489673137, -2.57147258e-005, 0.489673137, 0.871906084, -1.08003663e-005, 2.77094751e-005, -3.17490539e-006, 1, 0, 0, 0, 0, 0, 0, 0, 0.313197339, -0.174247388, -0.190457764, -0.465282973, 0.578408161, -0.670039832, -0.81237793, 0.0213623047, 0.582641602, 0.35140466, 0.815430353, 0.460091184, 0, 0, -0, 0, 0, 0, 0, 0.376089648, -0.116929932, -0.15728667, -0.0493006793, 0.389286292, -0.919689375, 0.583007813, -0.736450195, -0.342895508, -0.810864858, -0.553036335, -0.190561421, 0, 2, 3, 1, 
364.56833, 44, 0.1, 0.1, 0.0141563712, 0.373097555, -0.0349568123, 0.871906216, -0.489672901, 1.38877025e-005, 0.489672901, 0.871906216, 1.67328253e-006, -1.29281352e-005, 5.34148612e-006, 1, 0.871906202, -0.489672926, 1.55106972e-005, 0.489672926, 0.871906202, 1.07513404e-005, -1.87885134e-005, -1.77899189e-006, 1, 0, 0, 0, 0, 0, 0, 0, 0.313197339, -0.174247388, -0.190457764, -0.465282973, 0.578408161, -0.670039832, -0.81237793, 0.0213623047, 0.582641602, 0.35140466, 0.815430353, 0.460091184, 0, 0, -0, 0, 0, 0, 0, 0.376089648, -0.116929932, -0.15728667, -0.0493006793, 0.389286292, -0.919689375, 0.583007813, -0.736450195, -0.342895508, -0.810864858, -0.553036335, -0.190561421, 0, 2, 3, 1, 
364.569056, 44, 0.1, 0.1, 0.0141563708, 0.373097556, -0.034974023, 0.871906335, -0.489672689, 1.01254622e-005, 0.489672689, 0.871906335, 2.31995008e-006, -9.96447079e-006, 2.93538311e-006, 1, 0.871906313, -0.489672728, 8.8458458e-007, 0.489672728, 0.871906313, -3.0912332e-006, 7.42417713e-007, 3.12842269e-006, 1, 0, 0, 0, 0, 0, 0, 0, 0.313402271, -0.175206885, -0.189161523, -0.465644675, 0.577056832, -0.670789446, -0.812133789, 0.0223388672, 0.583007813, 0.351461948, 0.816262342, 0.458479624, 0, 0, -0, 0, 0, 0, 0, 0.376089648, -0.116929932, -0.15728667, -0.0498500848, 0.388174355, -0.920130138, 0.583740234, -0.736206055, -0.342163086, -0.810308889, -0.554135146, -0.189871291, 0, 2, 3, 1, 
364.569745, 44, 0.1, 0.1, 0.0141563675, 0.373097554, -0.0349874012, 0.871906412, -0.489672553, 8.24511547e-007, 0.489672553, 0.871906412, 2.49134036e-006, -1.9388379e-006, -1.76847496e-006, 1, 0.871906394, -0.489672584, 8.02090761e-006, 0.489672584, 0.871906394, 3.90847727e-006, -8.9073548e-006, 5.19792232e-007, 1, 0, 0, 0, 0, 0, 0, 0, 0.313402271, -0.175206885, -0.189161523, -0.465644675, 0.577056832, -0.670789446, -0.812133789, 0.0223388672, 0.583007813, 0.351461948, 0.816262342, 0.458479624, 0, 0, -0, 0, 0, 0, 0, 0.376288232, -0.117696338, -0.156185107, -0.0498500848, 0.388174355, -0.920130138, 0.583740234, -0.736206055, -0.342163086, -0.810308889, -0.554135146, -0.189871291, 0, 2, 3, 1, 
364.570445, 44, 0.1, 0.1, 0.0141563724, 0.373097557, -0.0349944888, 0.871906453, -0.48967248, -1.90403795e-005, 0.48967248, 0.871906453, -1.36496101e-005, 2.32852682e-005, 2.57763328e-006, 1, 0.871906446, -0.489672492, -1.7724605e-005, 0.489672491, 0.871906446, -1.26006347e-005, 2.16243815e-005, 2.3073231e-006, 1, 0, 0, 0, 0, 0, 0, 0, 0.313402271, -0.175206885, -0.189161523, -0.465644675, 0.577056832, -0.670789446, -0.812133789, 0.0223388672, 0.583007813, 0.351461948, 0.816262342, 0.458479624, 0, 0, -0, 0, 0, 0, 0, 0.376288232, -0.117696338, -0.156185107, -0.0498500848, 0.388174355, -0.920130138, 0.583740234, -0.736206055, -0.342163086, -0.810308889, -0.554135146, -0.189871291, 0, 2, 3, 1, 
364.571141, 44, 0.1, 0.1, 0.0141563781, 0.37309756, -0.0349937838, 0.871906493, -0.489672409, -1.13219252e-005, 0.489672409, 0.871906493, -4.36220251e-006, 1.20077103e-005, -1.74060171e-006, 1, 0.871906482, -0.489672428, -1.56546261e-005, 0.489672428, 0.871906482, -6.64007795e-006, 1.69008331e-005, -1.87611179e-006, 1, 0, 0, 0, 0, 0, 0, 0, 0.313402271, -0.175206885, -0.189161523, -0.465644675, 0.577056832, -0.670789446, -0.812133789, 0.0223388672, 0.583007813, 0.351461948, 0.816262342, 0.458479624, 0, 0, -0, 0, 0, 0, 0, 0.376288232, -0.117696338, -0.156185107, -0.0498500848, 0.388174355, -0.920130138, 0.583740234, -0.736206055, -0.342163086, -0.810308889, -0.554135146, -0.189871291, 0, 2, 3, 1, 
364.571859, 44, 0.1, 0.1, 0.0141563762, 0.37309756, -0.0349857196, 0.87190655, -0.489672306, 7.92724067e-006, 0.489672306, 0.87190655, 6.42571659e-006, -1.00583085e-005, -1.72087417e-006, 1, 0.871906542, -0.489672321, 9.95385356e-006, 0.489672321, 0.871906542, 3.00746362e-006, -1.01515017e-005, 2.25189936e-006, 1, 0, 0, 0, 0, 0, 0, 0, 0.313782471, -0.175706348, -0.187611646, -0.466857462, 0.575965734, -0.671005494, -0.812011719, 0.0211181641, 0.583129883, 0.350047339, 0.817176707, 0.457895883, 0, 0, -0, 0, 0, 0, 0, 0.376288232, -0.117696338, -0.156185107, -0.0509168129, 0.387752181, -0.92023878, 0.586425781, -0.73425293, -0.341796875, -0.808334381, -0.557125343, -0.190005453, 0, 2, 3, 1, 
364.572554, 44, 0.1, 0.1, 0.014156378, 0.373097561, -0.0349738573, 0.871906574, -0.489672264, -1.290774e-005, 0.489672263, 0.871906574, -7.86525519e-006, 1.51057407e-005, 5.37205445e-007, 1, 0.87190657, -0.489672271, -1.19950705e-005, 0.489672271, 0.87190657, -9.28164396e-006, 1.50035445e-005, 2.21907292e-006, 1, 0, 0, 0, 0, 0, 0, 0, 0.313782471, -0.175706348, -0.187611646, -0.466857462, 0.575965734, -0.671005494, -0.812011719, 0.0211181641, 0.583129883, 0.350047339, 0.817176707, 0.457895883, 0, 0, -0, 0, 0, 0, 0, 0.376705664, -0.117787158, -0.154855664, -0.0509168129, 0.387752181, -0.92023878, 0.586425781, -0.73425293, -0.341796875, -0.808334381, -0.557125343, -0.190005453, 0, 2, 3, 1, 
364.573247, 44, 0.1, 0.1, 0.0141563779, 0.373097562, -0.0349620712, 0.871906646, -0.489672136, 1.44384679e-006, 0.489672136, 0.871906646, -1.452308e-005, 5.852648e-006, 1.33697815e-005, 1, 0.871906622, -0.489672179, 7.14346594e-006, 0.489672179, 0.871906622, -6.92591913e-006, -2.83700534e-006, 9.53671128e-006, 1, 0, 0, 0, 0, 0, 0, 0, 0.313782471, -0.175706348, -0.187611646, -0.466857462, 0.575965734, -0.671005494, -0.812011719, 0.0211181641, 0.583129883, 0.350047339, 0.817176707, 0.457895883, 0, 0, -0, 0, 0, 0, 0, 0.376705664, -0.117787158, -0.154855664, -0.0509168129, 0.387752181, -0.92023878, 0.586425781, -0.73425293, -0.341796875, -0.808334381, -0.557125343, -0.190005453, 0, 2, 3, 1, 
364.573937, 44, 0.1, 0.1, 0.0141563757, 0.373097561, -0.0349536947, 0.871906808, -0.489671847, 1.00568577e-005, 0.489671847, 0.871906808, 8.17943366e-006, -1.27738811e-005, -2.20714381e-006, 1, 0.871906771, -0.489671914, 1.49851174e-005, 0.489671914, 0.871906771, 7.31419802e-006, -1.66471827e-005, 9.60492362e-007, 1, 0, 0, 0, 0, 0, 0, 0, 0.313782471, -0.175706348, -0.187611646, -0.466857462, 0.575965734, -0.671005494, -0.812011719, 0.0211181641, 0.583129883, 0.350047339, 0.817176707, 0.457895883, 0, 0, -0, 0, 0, 0, 0, 0.376705664, -0.117787158, -0.154855664, -0.0509168129, 0.387752181, -0.92023878, 0.586425781, -0.73425293, -0.341796875, -0.808334381, -0.557125343, -0.190005453, 0, 2, 3, 1, 
364.574631, 44, 0.1, 0.1, 0.0141563756, 0.373097561, -0.0349505909, 0.871906981, -0.48967154, -1.7230776e-006, 0.48967154, 0.871906981, 1.11100089e-005, -3.93789176e-006, -1.05306363e-005, 1, 0.871906945, -0.489671603, -5.18173983e-007, 0.489671603, 0.871906945, -2.07977989e-006, 1.47020865e-006, 1.55963945e-006, 1, 0, 0, 0, 0, 0, 0, 0, 0.313782471, -0.175706348, -0.187611646, -0.466857462, 0.575965734, -0.671005494, -0.812011719, 0.0211181641, 0.583129883, 0.350047339, 0.817176707, 0.457895883, 0, 0, -0, 0, 0, 0, 0, 0.376705664, -0.117787158, -0.154855664, -0.0509168129, 0.387752181, -0.92023878, 0.586425781, -0.73425293, -0.341796875, -0.808334381, -0.557125343, -0.190005453, 0, 2, 3, 1, 
364.575324, 44, 0.1, 0.1, 0.0141563766, 0.373097562, -0.0349533816, 0.871907083, -0.489671358, 1.05407163e-005, 0.489671358, 0.871907083, -4.17829278e-006, -7.1445349e-006, 8.80456993e-006, 1, 0.871907075, -0.489671373, -2.3172897e-008, 0.489671372, 0.871907075, -1.39301819e-005, 6.84141591e-006, 1.21344771e-005, 1, 0, 0, 0, 0, 0, 0, 0, 0.313782471, -0.175706348, -0.187611646, -0.466857462, 0.575965734, -0.671005494, -0.812011719, 0.0211181641, 0.583129883, 0.350047339, 0.817176707, 0.457895883, 0, 0, -0, 0, 0, 0, 0, 0.376705664, -0.117787158, -0.154855664, -0.0509168129, 0.387752181, -0.92023878, 0.586425781, -0.73425293, -0.341796875, -0.808334381, -0.557125343, -0.190005453, 0, 2, 3, 1, 
364.576013, 44, 0.1, 0.1, 0.0141563771, 0.373097563, -0.0349606862, 0.871907061, -0.489671397, -1.53587739e-005, 0.489671397, 0.871907061, -2.4932727e-005, 2.56002667e-005, 1.42182684e-005, 1, 0.871907066, -0.489671387, -9.61627764e-006, 0.489671387, 0.871907066, -1.68450753e-005, 1.66330518e-005, 9.97852417e-006, 1, 0, 0, 0, 0, 0, 0, 0, 0.313782471, -0.175706348, -0.187611646, -0.466857462, 0.575965734, -0.671005494, -0.812011719, 0.0211181641, 0.583129883, 0.350047339, 0.817176707, 0.457895883, 0, 0, -0, 0, 0, 0, 0, 0.376705664, -0.117787158, -0.154855664, -0.0509168129, 0.387752181, -0.92023878, 0.586425781, -0.73425293, -0.341796875, -0.808334381, -0.557125343, -0.190005453, 0, 2, 3, 1, 
364.576722, 44, 0.1, 0.1, 0.0141563801, 0.373097562, -0.0349700913, 0.871907082, -0.489671359, 5.70787149e-006, 0.489671359, 0.871907082, 2.54972448e-005, -1.74620041e-005, -1.94362471e-005, 1, 0.871907066, -0.489671389, -3.61631575e-006, 0.489671389, 0.871907065, 1.80263405e-005, -5.67389195e-006, -1.74881e-005, 1, 0, 0, 0, 0, 0, 0, 0, 0.313782471, -0.175706348, -0.187611646, -0.468190817, 0.574633501, -0.671100974, -0.811767578, 0.0198974609, 0.583496094, 0.348651827, 0.818129263, 0.457293046, 0, 0, -0, 0, 0, 0, 0, 0.376705664, -0.117787158, -0.154855664, -0.0509168129, 0.387752181, -0.92023878, 0.586425781, -0.73425293, -0.341796875, -0.808334381, -0.557125343, -0.190005453, 0, 2, 3, 1, 
364.577432, 44, 0.1, 0.1, 0.0141563751, 0.37309756, -0.0349781986, 0.871907225, -0.489671105, 5.32518961e-006, 0.489671105, 0.871907225, -1.39017365e-005, 2.1642074e-006, 1.4728616e-005, 1, 0.871907186, -0.489671174, 1.44445878e-005, 0.489671174, 0.871907186, -5.58999042e-006, -9.85708277e-006, 1.19470511e-005, 1, 0, 0, 0, 0, 0, 0, 0, 0.313933325, -0.17644126, -0.186278906, -0.468190817, 0.574633501, -0.671100974, -0.811767578, 0.0198974609, 0.583496094, 0.348651827, 0.818129263, 0.457293046, 0, 0, -0, 0, 0, 0, 0, 0.377144336, -0.118537207, -0.153539404, -0.0514086159, 0.387068248, -0.920615745, 0.588012695, -0.733276367, -0.341064453, -0.807158644, -0.558792883, -0.189922331, 0, 2, 3, 1, 
364.578142, 44, 0.1, 0.1, 0.0141563787, 0.373097562, -0.0349830125, 0.871907476, -0.489670657, -1.36658091e-005, 0.489670657, 0.871907476, 1.11561425e-005, 6.45248546e-006, -1.64188698e-005, 1, 0.871907414, -0.489670768, -1.55660068e-005, 0.489670768, 0.871907414, 1.36239194e-006, 1.29049932e-005, -8.81009815e-006, 1, 0, 0, 0, 0, 0, 0, 0, 0.313933325, -0.17644126, -0.186278906, -0.468190817, 0.574633501, -0.671100974, -0.811767578, 0.0198974609, 0.583496094, 0.348651827, 0.818129263, 0.457293046, 0, 0, -0, 0, 0, 0, 0, 0.377144336, -0.118537207, -0.153539404, -0.0514086159, 0.387068248, -0.920615745, 0.588012695, -0.733276367, -0.341064453, -0.807158644, -0.558792883, -0.189922331, 0, 2, 3, 1, 
364.578834, 44, 0.1, 0.1, 0.0141563789, 0.373097557, -0.0349834377, 0.871907791, -0.489670097, 4.19770754e-006, 0.489670097, 0.871907791, 3.89658467e-006, -5.5680549e-006, -1.34197067e-006, 1, 0.871907727, -0.489670211, 2.83957766e-006, 0.489670211, 0.871907727, 1.34420309e-005, -9.05801183e-006, -1.03297541e-005, 1, 0, 0, 0, 0, 0, 0, 0, 0.313933325, -0.17644126, -0.186278906, -0.468190817, 0.574633501, -0.671100974, -0.811767578, 0.0198974609, 0.583496094, 0.348651827, 0.818129263, 0.457293046, 0, 0, -0, 0, 0, 0, 0, 0.377144336, -0.118537207, -0.153539404, -0.0514086159, 0.387068248, -0.920615745, 0.588012695, -0.733276367, -0.341064453, -0.807158644, -0.558792883, -0.189922331, 0, 2, 3, 1, 
364.579528, 44, 0.1, 0.1, 0.014156376, 0.373097563, -0.034979853, 0.871908086, -0.489669572, 1.36205852e-005, 0.489669572, 0.871908086, -1.42475771e-005, -4.89929344e-006, 1.90921638e-005, 1, 0.871908033, -0.489669665, 9.95043721e-006, 0.489669665, 0.871908033, -2.07449889e-005, 1.48232565e-006, 2.29601498e-005, 1, 0, 0, 0, 0, 0, 0, 0, 0.313933325, -0.17644126, -0.186278906, -0.468190817, 0.574633501, -0.671100974, -0.811767578, 0.0198974609, 0.583496094, 0.348651827, 0.818129263, 0.457293046, 0, 0, -0, 0, 0, 0, 0, 0.377144336, -0.118537207, -0.153539404, -0.0514086159, 0.387068248, -0.920615745, 0.588012695, -0.733276367, -0.341064453, -0.807158644, -0.558792883, -0.189922331, 0, 2, 3, 1, 
364.580244, 44, 0.1, 0.1, 0.0141563756, 0.373097561, -0.0349732249, 0.871908275, -0.489669236, -1.97130239e-006, 0.489669236, 0.871908275, 7.84917553e-006, -2.12470492e-006, -7.80904723e-006, 1, 0.871908243, -0.489669293, -6.48587572e-006, 0.489669293, 0.871908243, 8.68168409e-006, 1.40393439e-006, -1.07455661e-005, 1, 0, 0, 0, 0, 0, 0, 0, 0.313933325, -0.17644126, -0.186278906, -0.468190817, 0.574633501, -0.671100974, -0.811767578, 0.0198974609, 0.583496094, 0.348651827, 0.818129263, 0.457293046, 0, 0, -0, 0, 0, 0, 0, 0.376953906, -0.11924917, -0.153257324, -0.0545712541, 0.387016842, -0.920321536, 0.588867188, -0.731811523, -0.342651367, -0.806263624, -0.560639427, -0.188050267, 0, 2, 3, 1, 
364.58094, 44, 0.1, 0.1, 0.0141563758, 0.373097562, -0.034966188, 0.871908458, -0.489668909, 6.76963969e-006, 0.489668909, 0.871908458, 5.46549763e-006, -8.57879037e-006, -1.45053153e-006, 1, 0.871908424, -0.489668969, -8.57242002e-007, 0.489668969, 0.871908424, -2.77186482e-006, 2.10473271e-006, 1.99704748e-006, 1, 0, 0, 0, 0, 0, 0, 0, 0.313933325, -0.17644126, -0.186278906, -0.468190817, 0.574633501, -0.671100974, -0.811767578, 0.0198974609, 0.583496094, 0.348651827, 0.818129263, 0.457293046, 0, 0, -0, 0, 0, 0, 0, 0.376953906, -0.11924917, -0.153257324, -0.0545712541, 0.387016842, -0.920321536, 0.588867188, -0.731811523, -0.342651367, -0.806263624, -0.560639427, -0.188050267, 0, 2, 3, 1, 
364.581634, 44, 0.1, 0.1, 0.0141563766, 0.373097562, -0.0349607006, 0.871908628, -0.489668606, -2.00122644e-005, 0.489668606, 0.871908628, -1.11621232e-005, 2.29146073e-005, -6.7026048e-008, 1, 0.871908598, -0.489668659, -1.4632469e-005, 0.489668659, 0.871908599, -4.77863828e-006, 1.50981249e-005, -2.99852566e-006, 1, 0, 0, 0, 0, 0, 0, 0, 0.313933325, -0.17644126, -0.186278906, -0.468190817, 0.574633501, -0.671100974, -0.811767578, 0.0198974609, 0.583496094, 0.348651827, 0.818129263, 0.457293046, 0, 0, -0, 0, 0, 0, 0, 0.376953906, -0.11924917, -0.153257324, -0.0545712541, 0.387016842, -0.920321536, 0.588867188, -0.731811523, -0.342651367, -0.806263624, -0.560639427, -0.188050267, 0, 2, 3, 1, 
364.582343, 44, 0.1, 0.1, 0.0141563775, 0.373097564, -0.0349580858, 0.871908693, -0.48966849, 5.97669346e-007, 0.48966849, 0.871908693, 1.23713285e-005, -6.57896285e-006, -1.0494009e-005, 1, 0.871908692, -0.489668493, 3.60208135e-006, 0.489668493, 0.871908692, 9.00038615e-006, -7.54789156e-006, -6.08368917e-006, 1, 0, 0, 0, 0, 0, 0, 0, 0.31397688, -0.176875537, -0.186374707, -0.471725465, 0.574874636, -0.668613241, -0.809692383, 0.017578125, 0.586425781, 0.348964476, 0.818091071, 0.457393395, 0, 0, -0, 0, 0, 0, 0, 0.376953906, -0.11924917, -0.153257324, -0.0545712541, 0.387016842, -0.920321536, 0.588867188, -0.731811523, -0.342651367, -0.806263624, -0.560639427, -0.188050267, 0, 2, 3, 1, 
364.583038, 44, 0.1, 0.1, 0.0141563776, 0.373097563, -0.0349589961, 0.87190865, -0.489668568, -8.61840619e-006, 0.489668568, 0.87190865, 6.35596701e-006, 4.40214564e-006, -9.76198523e-006, 1, 0.871908663, -0.489668544, 3.82558136e-006, 0.489668544, 0.871908663, 2.69984785e-007, -3.46776058e-006, 1.63786478e-006, 1, 0, 0, 0, 0, 0, 0, 0, 0.31397688, -0.176875537, -0.186374707, -0.471725465, 0.574874636, -0.668613241, -0.809692383, 0.017578125, 0.586425781, 0.348964476, 0.818091071, 0.457393395, 0, 0, -0, 0, 0, 0, 0, 0.376953906, -0.11924917, -0.153257324, -0.0545712541, 0.387016842, -0.920321536, 0.588867188, -0.731811523, -0.342651367, -0.806263624, -0.560639427, -0.188050267, 0, 2, 3, 1, 
364.583729, 44, 0.1, 0.1, 0.0141563781, 0.373097565, -0.0349629853, 0.871908616, -0.489668628, 5.00538217e-006, 0.489668628, 0.871908616, -2.5774843e-005, 8.25689614e-006, 2.49242863e-005, 1, 0.871908621, -0.489668619, 1.38546688e-006, 0.489668619, 0.871908621, -1.74766737e-005, 7.34977817e-006, 1.59164821e-005, 1, 0, 0, 0, 0, 0, 0, 0, 0.31397688, -0.176875537, -0.186374707, -0.471725465, 0.574874636, -0.668613241, -0.809692383, 0.017578125, 0.586425781, 0.348964476, 0.818091071, 0.457393395, 0, 0, -0, 0, 0, 0, 0, 0.376953906, -0.11924917, -0.153257324, -0.0545712541, 0.387016842, -0.920321536, 0.588867188, -0.731811523, -0.342651367, -0.806263624, -0.560639427, -0.188050267, 0, 2, 3, 1, 
364.58443, 44, 0.1, 0.1, 0.0141563745, 0.373097566, -0.0349686987, 0.871908521, -0.489668797, -3.45620225e-006, 0.489668797, 0.871908521, 1.51731875e-005, -4.4163443e-006, -1.49220259e-005, 1, 0.871908553, -0.48966874, 7.48049205e-006, 0.48966874, 0.871908553, 1.0088506e-005, -1.1462331e-005, -5.13329154e-006, 1, 0, 0, 0, 0, 0, 0, 0, 0.31397688, -0.176875537, -0.186374707, -0.471725465, 0.574874636, -0.668613241, -0.809692383, 0.017578125, 0.586425781, 0.348964476, 0.818091071, 0.457393395, 0, 0, -0, 0, 0, 0, 0, 0.376953906, -0.11924917, -0.153257324, -0.0545712541, 0.387016842, -0.920321536, 0.588867188, -0.731811523, -0.342651367, -0.806263624, -0.560639427, -0.188050267, 0, 2, 3, 1, 
364.585152, 44, 0.1, 0.1, 0.014156379, 0.373097566, -0.0349742797, 0.871908284, -0.48966922, 7.43650759e-007, 0.48966922, 0.871908284, -8.79598581e-006, 3.65872825e-006, 8.03343578e-006, 1, 0.871908338, -0.489669123, -9.57702297e-006, 0.489669123, 0.871908338, -7.46075204e-006, 1.20035861e-005, 1.81551947e-006, 1, 0, 0, 0, 0, 0, 0, 0, 0.314698584, -0.177163965, -0.18609043, -0.474937724, 0.573542403, -0.667407567, -0.808837891, 0.0142822266, 0.587890625, 0.346630633, 0.819043628, 0.457202435, 0, 0, -0, 0, 0, 0, 0, 0.377445166, -0.119523438, -0.152767139, -0.0578232111, 0.387214436, -0.920097689, 0.591064453, -0.729492188, -0.344116211, -0.804518792, -0.563687226, -0.18667657, 0, 2, 3, 1, 
364.585842, 44, 0.1, 0.1, 0.0141563742, 0.373097564, -0.0349778196, 0.871907966, -0.489669785, 8.8582426e-006, 0.489669785, 0.871907967, 7.43355999e-006, -1.1363562e-005, -2.14376643e-006, 1, 0.871908032, -0.489669667, 1.33257813e-005, 0.489669667, 0.871908032, 1.12454821e-005, -1.71254272e-005, -3.27979527e-006, 1, 0, 0, 0, 0, 0, 0, 0, 0.314698584, -0.177163965, -0.18609043, -0.474937724, 0.573542403, -0.667407567, -0.808837891, 0.0142822266, 0.587890625, 0.346630633, 0.819043628, 0.457202435, 0, 0, -0, 0, 0, 0, 0, 0.377445166, -0.119523438, -0.152767139, -0.0578232111, 0.387214436, -0.920097689, 0.591064453, -0.729492188, -0.344116211, -0.804518792, -0.563687226, -0.18667657, 0, 2, 3, 1, 
364.586537, 44, 0.1, 0.1, 0.0141563789, 0.373097566, -0.0349788042, 0.871907699, -0.48967026, -2.41675959e-005, 0.48967026, 0.8719077, -4.59729984e-006, 2.3323074e-005, -7.82573185e-006, 1, 0.871907742, -0.489670184, -2.33286695e-005, 0.489670184, 0.871907742, -6.84725384e-006, 2.36933436e-005, -5.45318027e-006, 1, 0, 0, 0, 0, 0, 0, 0, 0.314698584, -0.177163965, -0.18609043, -0.474937724, 0.573542403, -0.667407567, -0.808837891, 0.0142822266, 0.587890625, 0.346630633, 0.819043628, 0.457202435, 0, 0, -0, 0, 0, 0, 0, 0.377445166, -0.119523438, -0.152767139, -0.0578232111, 0.387214436, -0.920097689, 0.591064453, -0.729492188, -0.344116211, -0.804518792, -0.563687226, -0.18667657, 0, 2, 3, 1, 
364.587231, 44, 0.1, 0.1, 0.0141563781, 0.373097567, -0.0349771186, 0.871907515, -0.489670589, 1.73351418e-005, 0.489670589, 0.871907515, -3.35943594e-006, -1.34696234e-005, 1.14176265e-005, 1, 0.871907551, -0.489670525, 1.43228231e-005, 0.489670525, 0.871907551, -5.18391574e-006, -9.94976687e-006, 1.15333596e-005, 1, 0, 0, 0, 0, 0, 0, 0, 0.314698584, -0.177163965, -0.18609043, -0.474937724, 0.573542403, -0.667407567, -0.808837891, 0.0142822266, 0.587890625, 0.346630633, 0.819043628, 0.457202435, 0, 0, -0, 0, 0, 0, 0, 0.377445166, -0.119523438, -0.152767139, -0.0578232111, 0.387214436, -0.920097689, 0.591064453, -0.729492188, -0.344116211, -0.804518792, -0.563687226, -0.18667657, 0, 2, 3, 1, 
364.587927, 44, 0.1, 0.1, 0.0141563779, 0.373097567, -0.0349733319, 0.871907305, -0.489670962, -5.54357829e-006, 0.489670962, 0.871907305, -5.6310038e-006, 7.59082546e-006, 2.19518404e-006, 1, 0.871907351, -0.48967088, -8.53962381e-006, 0.48967088, 0.871907351, -7.01200242e-007, 7.78911812e-006, -3.57022346e-006, 1, 0, 0, 0, 0, 0, 0, 0, 0.314698584, -0.177163965, -0.18609043, -0.474937724, 0.573542403, -0.667407567, -0.808837891, 0.0142822266, 0.587890625, 0.346630633, 0.819043628, 0.457202435, 0, 0, -0, 0, 0, 0, 0, 0.377445166, -0.119523438, -0.152767139, -0.0578232111, 0.387214436, -0.920097689, 0.591064453, -0.729492188, -0.344116211, -0.804518792, -0.563687226, -0.18667657, 0, 2, 3, 1, 
364.588621, 44, 0.1, 0.1, 0.0141563755, 0.373097567, -0.034968752, 0.871907082, -0.48967136, 5.65974465e-006, 0.48967136, 0.871907082, -3.41620728e-006, -3.26195257e-006, 5.75003018e-006, 1, 0.871907119, -0.489671294, 1.16439723e-005, 0.489671294, 0.871907119, 3.0827963e-007, -1.0303418e-005, 5.43292776e-006, 1, 0, 0, 0, 0, 0, 0, 0, 0.314698584, -0.177163965, -0.18609043, -0.474937724, 0.573542403, -0.667407567, -0.808837891, 0.0142822266, 0.587890625, 0.346630633, 0.819043628, 0.457202435, 0, 0, -0, 0, 0, 0, 0, 0.377445166, -0.119523438, -0.152767139, -0.0578232111, 0.387214436, -0.920097689, 0.591064453, -0.729492188, -0.344116211, -0.804518792, -0.563687226, -0.18667657, 0, 2, 3, 1, 
