time, trialNum, realDorsalTactorPos, realVentralTactorPos, boxPosX, boxPosY, boxPosZ, boxLocalRot_11, boxLocalRot_12, boxLocalRot_13, boxLocalRot_21, boxLocalRot_22, boxLocalRot_23, boxLocalRot_31, boxLocalRot_32, boxLocalRot_33, boxGlobalRot_11, boxGlobalRot_12, boxGlobalRot_13, boxGlobalRot_21, boxGlobalRot_22, boxGlobalRot_23, boxGlobalRot_31, boxGlobalRot_32, boxGlobalRot_33, indexForceX, indexForceY, indexForceZ, indexForceGlobalX, indexForceGlobalY, indexForceGlobalZ, indexContact, indexPosX, indexPosY, indexPosZ, indexRot_11, indexRot_12, indexRot_13, indexRot_21, indexRot_22, indexRot_23, indexRot_31, indexRot_32, indexRot_33, thumbForceX, thumbForceY, thumbForceZ, thumbForceGlobalX, thumbForceGlobalY, thumbForceGlobalZ, thumbContact, thumbPosX, thumbPosY, thumbPosZ, thumbRot_11, thumbRot_12, thumbRot_13, thumbRot_21, thumbRot_22, thumbRot_23, thumbRot_31, thumbRot_32, thumbRot_33, manipForceTooHigh, cceExpType, mapping, trialSuccess, 
399.646028, 42, 0.1, 0.1, 0.0237540566, 0.326677097, -0.0349714172, 0.832534199, -0.553973652, 9.72432756e-006, 0.553973652, 0.832534199, 1.21565494e-005, -1.48302433e-005, -4.73372182e-006, 1, 0.832534193, -0.553973661, 1.42330699e-005, 0.553973661, 0.832534193, 8.65556697e-006, -1.66444735e-005, 6.78690392e-007, 1, 0, 0, 0, 0, 0, 0, 0, 0.309597437, -0.096313623, -0.17640415, -0.403676665, 0.560858858, -0.72274057, -0.895385742, -0.0799560547, 0.437988281, 0.187898813, 0.82401871, 0.534683437, 0, 0, -0, 0, 0, 0, 0, 0.367180957, -0.0422354492, -0.132407422, 0.0925546883, 0.429969391, -0.897977184, 0.547485352, -0.775268555, -0.314819336, -0.831550644, -0.462472244, -0.307217064, 0, 2, 1, 1, 
399.686928, 42, 0.1, 0.1, 0.023754167, 0.32667717, -0.034968338, 0.832517675, -0.553998485, 1.15444406e-005, 0.553998485, 0.832517674, -3.0959348e-005, 7.54048104e-006, 3.2169807e-005, 0.999999999, 0.832517595, -0.553998604, 1.51357856e-005, 0.553998604, 0.832517595, -1.12034559e-005, -6.39410885e-006, 1.77122783e-005, 1, 0, 0, 0, 0, 0, 0, 0, 0.319979028, -0.114403247, -0.17104917, -0.438113236, 0.529249592, -0.726597223, -0.887451172, -0.126098633, 0.443115234, 0.142927521, 0.839036073, 0.525159733, 0, 0, -0, 0, 0, 0, 0, 0.374214111, -0.0577691406, -0.128074561, 0.0643053308, 0.416050449, -0.907061148, 0.595092773, -0.745605469, -0.299804687, -0.801011011, -0.52039683, -0.295529328, 0, 2, 1, 1, 
399.687619, 42, 0.1, 0.1, 0.0237541651, 0.326677182, -0.0349690492, 0.832518061, -0.553997905, 9.50042285e-006, 0.553997905, 0.832518061, -5.21120856e-006, -5.02227498e-006, 9.6016396e-006, 1, 0.832517986, -0.553998018, 7.79034106e-006, 0.553998018, 0.832517985, -2.5897495e-005, 7.86156187e-006, 2.58759639e-005, 1, 0, 0, 0, 0, 0, 0, 0, 0.319979028, -0.114403247, -0.17104917, -0.438113236, 0.529249592, -0.726597223, -0.887451172, -0.126098633, 0.443115234, 0.142927521, 0.839036073, 0.525159733, 0, 0, -0, 0, 0, 0, 0, 0.374214111, -0.0577691406, -0.128074561, 0.0643053308, 0.416050449, -0.907061148, 0.595092773, -0.745605469, -0.299804687, -0.801011011, -0.52039683, -0.295529328, 0, 2, 1, 1, 
399.688309, 42, 0.1, 0.1, 0.0237541699, 0.326677174, -0.0349699819, 0.832518277, -0.55399758, -2.77737363e-005, 0.55399758, 0.832518276, 2.12729422e-005, 1.13369846e-005, -3.30966959e-005, 0.999999999, 0.832518247, -0.553997624, -1.91281199e-005, 0.553997625, 0.832518247, 3.19438256e-005, -1.77229466e-006, -3.71907506e-005, 0.999999999, 0, 0, 0, 0, 0, 0, 0, 0.319979028, -0.114403247, -0.17104917, -0.438113236, 0.529249592, -0.726597223, -0.887451172, -0.126098633, 0.443115234, 0.142927521, 0.839036073, 0.525159733, 0, 0, -0, 0, 0, 0, 0, 0.374214111, -0.0577691406, -0.128074561, 0.0643053308, 0.416050449, -0.907061148, 0.595092773, -0.745605469, -0.299804687, -0.801011011, -0.52039683, -0.295529328, 0, 2, 1, 1, 
399.689022, 42, 0.1, 0.1, 0.0237541726, 0.32667718, -0.0349707475, 0.83251827, -0.55399759, 2.38938514e-005, 0.553997591, 0.832518269, -2.5110148e-005, -5.98110633e-006, 3.4141793e-005, 0.999999999, 0.832518293, -0.553997556, 8.85362819e-006, 0.553997556, 0.832518293, -2.66341671e-005, 7.38445606e-006, 2.70783197e-005, 1, 0, 0, 0, 0, 0, 0, 0, 0.320525708, -0.115870264, -0.170403735, -0.440335868, 0.526692589, -0.727010222, -0.88684082, -0.129150391, 0.443603516, 0.139818977, 0.840059022, 0.524112818, 0, 0, -0, 0, 0, 0, 0, 0.374616895, -0.0590430664, -0.127209668, 0.0627978389, 0.415027464, -0.907585034, 0.598754883, -0.743164063, -0.298339844, -0.798346373, -0.524677603, -0.295216163, 0, 2, 1, 1, 
399.689711, 42, 0.1, 0.1, 0.0237541678, 0.326677183, -0.0349710979, 0.832518104, -0.55399784, -1.19852969e-005, 0.55399784, 0.832518104, 8.82159479e-006, 5.09083215e-006, -1.39839659e-005, 1, 0.832518143, -0.55399778, 9.26670902e-006, 0.55399778, 0.832518143, -7.32251085e-007, -7.30903791e-006, 5.74334854e-006, 1, 0, 0, 0, 0, 0, 0, 0, 0.320525708, -0.115870264, -0.170403735, -0.440335868, 0.526692589, -0.727010222, -0.88684082, -0.129150391, 0.443603516, 0.139818977, 0.840059022, 0.524112818, 0, 0, -0, 0, 0, 0, 0, 0.374616895, -0.0590430664, -0.127209668, 0.0627978389, 0.415027464, -0.907585034, 0.598754883, -0.743164063, -0.298339844, -0.798346373, -0.524677603, -0.295216163, 0, 2, 1, 1, 
399.690398, 42, 0.1, 0.1, 0.0237541763, 0.326677177, -0.0349711355, 0.83251796, -0.553998056, -4.67458371e-006, 0.553998056, 0.83251796, 2.36316056e-005, -9.20018865e-006, -2.22634464e-005, 1, 0.832517984, -0.55399802, -2.03740987e-005, 0.553998021, 0.832517983, 2.50290964e-005, 3.09573374e-006, -3.21243833e-005, 0.999999999, 0, 0, 0, 0, 0, 0, 0, 0.320525708, -0.115870264, -0.170403735, -0.440335868, 0.526692589, -0.727010222, -0.88684082, -0.129150391, 0.443603516, 0.139818977, 0.840059022, 0.524112818, 0, 0, -0, 0, 0, 0, 0, 0.374616895, -0.0590430664, -0.127209668, 0.0627978389, 0.415027464, -0.907585034, 0.598754883, -0.743164063, -0.298339844, -0.798346373, -0.524677603, -0.295216163, 0, 2, 1, 1, 
399.691088, 42, 0.1, 0.1, 0.0237541711, 0.326677181, -0.0349708363, 0.832518003, -0.553997991, 1.10574079e-005, 0.553997992, 0.832518002, -3.3347337e-005, 9.26886657e-006, 3.38880402e-005, 0.999999999, 0.832517977, -0.55399803, 2.16075884e-005, 0.55399803, 0.832517977, -2.49950822e-005, -4.14147952e-006, 3.27794167e-005, 0.999999999, 0, 0, 0, 0, 0, 0, 0, 0.320525708, -0.115870264, -0.170403735, -0.440335868, 0.526692589, -0.727010222, -0.88684082, -0.129150391, 0.443603516, 0.139818977, 0.840059022, 0.524112818, 0, 0, -0, 0, 0, 0, 0, 0.374616895, -0.0590430664, -0.127209668, 0.0627978389, 0.415027464, -0.907585034, 0.598754883, -0.743164063, -0.298339844, -0.798346373, -0.524677603, -0.295216163, 0, 2, 1, 1, 
399.69178, 42, 0.1, 0.1, 0.0237541748, 0.326677185, -0.0349703224, 0.832518226, -0.553997656, -1.11596061e-005, 0.553997656, 0.832518226, 2.60901423e-005, -5.16330225e-006, -2.79029146e-005, 1, 0.832518165, -0.553997748, -1.50918104e-005, 0.553997748, 0.832518165, 7.93009446e-006, 8.17095179e-006, -1.49627766e-005, 1, 0, 0, 0, 0, 0, 0, 0, 0.320525708, -0.115870264, -0.170403735, -0.440335868, 0.526692589, -0.727010222, -0.88684082, -0.129150391, 0.443603516, 0.139818977, 0.840059022, 0.524112818, 0, 0, -0, 0, 0, 0, 0, 0.374616895, -0.0590430664, -0.127209668, 0.0627978389, 0.415027464, -0.907585034, 0.598754883, -0.743164063, -0.298339844, -0.798346373, -0.524677603, -0.295216163, 0, 2, 1, 1, 
399.692468, 42, 0.1, 0.1, 0.0237541781, 0.326677177, -0.0349697552, 0.832518524, -0.553997208, -8.15353145e-006, 0.553997208, 0.832518524, -2.34164596e-006, 8.0852313e-006, -2.56757002e-006, 1, 0.832518464, -0.553997298, -6.51035044e-006, 0.553997298, 0.832518464, 1.83058326e-005, -4.72139485e-006, -1.88466602e-005, 1, 0, 0, 0, 0, 0, 0, 0, 0.320525708, -0.115870264, -0.170403735, -0.440335868, 0.526692589, -0.727010222, -0.88684082, -0.129150391, 0.443603516, 0.139818977, 0.840059022, 0.524112818, 0, 0, -0, 0, 0, 0, 0, 0.374616895, -0.0590430664, -0.127209668, 0.0627978389, 0.415027464, -0.907585034, 0.598754883, -0.743164063, -0.298339844, -0.798346373, -0.524677603, -0.295216163, 0, 2, 1, 1, 
399.69316, 42, 0.1, 0.1, 0.0237541746, 0.32667719, -0.034969271, 0.83251867, -0.553996989, 2.8557755e-005, 0.553996989, 0.83251867, -2.50083188e-005, -9.92033087e-006, 3.66408026e-005, 0.999999999, 0.832518653, -0.553997014, 2.01678376e-005, 0.553997014, 0.832518653, -3.67226571e-005, 3.55414134e-006, 4.17452188e-005, 0.999999999, 0, 0, 0, 0, 0, 0, 0, 0.320525708, -0.115870264, -0.170403735, -0.440335868, 0.526692589, -0.727010222, -0.88684082, -0.129150391, 0.443603516, 0.139818977, 0.840059022, 0.524112818, 0, 0, -0, 0, 0, 0, 0, 0.374616895, -0.0590430664, -0.127209668, 0.0627978389, 0.415027464, -0.907585034, 0.598754883, -0.743164063, -0.298339844, -0.798346373, -0.524677603, -0.295216163, 0, 2, 1, 1, 
399.693875, 42, 0.1, 0.1, 0.0237541743, 0.326677186, -0.0349688547, 0.832518588, -0.553997112, -2.74881433e-005, 0.553997113, 0.832518587, 2.60768138e-005, 8.43791071e-006, -3.69377842e-005, 0.999999999, 0.832518627, -0.553997054, -1.12128571e-005, 0.553997054, 0.832518627, 2.73420648e-005, -5.81251098e-006, -2.89746681e-005, 1, 0, 0, 0, 0, 0, 0, 0, 0.321713794, -0.11733728, -0.169527002, -0.443028787, 0.524135586, -0.727308645, -0.886108398, -0.133666992, 0.443603516, 0.135301816, 0.841081971, 0.523789307, 0, 0, -0, 0, 0, 0, 0, 0.37546958, -0.0603121094, -0.126571436, 0.0612648273, 0.4141514, -0.9080834, 0.602783203, -0.740356445, -0.29699707, -0.795438931, -0.529188418, -0.2951458, 0, 2, 1, 1, 
399.694561, 42, 0.1, 0.1, 0.0237541818, 0.326677184, -0.0349687016, 0.83251835, -0.55399747, 1.13104487e-005, 0.55399747, 0.83251835, -8.78511942e-006, -4.54922213e-006, 1.35797331e-005, 1, 0.832518403, -0.553997391, -1.12545194e-005, 0.553997391, 0.832518403, 1.03113266e-006, 8.79834969e-006, -7.09341128e-006, 1, 0, 0, 0, 0, 0, 0, 0, 0.321713794, -0.11733728, -0.169527002, -0.443028787, 0.524135586, -0.727308645, -0.886108398, -0.133666992, 0.443603516, 0.135301816, 0.841081971, 0.523789307, 0, 0, -0, 0, 0, 0, 0, 0.37546958, -0.0603121094, -0.126571436, 0.0612648273, 0.4141514, -0.9080834, 0.602783203, -0.740356445, -0.29699707, -0.795438931, -0.529188418, -0.2951458, 0, 2, 1, 1, 
399.69525, 42, 0.1, 0.1, 0.0237541748, 0.326677192, -0.0349689779, 0.832518143, -0.553997781, 3.84384287e-006, 0.553997781, 0.832518143, -2.39672582e-005, 1.00777389e-005, 2.20826577e-005, 1, 0.832518179, -0.553997727, 2.08957171e-005, 0.553997727, 0.832518178, -2.55724205e-005, -3.22900153e-006, 3.28656847e-005, 0.999999999, 0, 0, 0, 0, 0, 0, 0, 0.321713794, -0.11733728, -0.169527002, -0.443028787, 0.524135586, -0.727308645, -0.886108398, -0.133666992, 0.443603516, 0.135301816, 0.841081971, 0.523789307, 0, 0, -0, 0, 0, 0, 0, 0.37546958, -0.0603121094, -0.126571436, 0.0612648273, 0.4141514, -0.9080834, 0.602783203, -0.740356445, -0.29699707, -0.795438931, -0.529188418, -0.2951458, 0, 2, 1, 1, 
399.695957, 42, 0.1, 0.1, 0.0237541825, 0.326677188, -0.0349695033, 0.832518144, -0.55399778, -1.19196441e-005, 0.55399778, 0.832518143, 3.82219737e-005, -1.12515686e-005, -3.8423943e-005, 0.999999999, 0.832518123, -0.553997811, -2.38602087e-005, 0.553997812, 0.832518122, 2.84550244e-005, 4.10003494e-006, -3.69078269e-005, 0.999999999, 0, 0, 0, 0, 0, 0, 0, 0.321713794, -0.11733728, -0.169527002, -0.446876083, 0.522568209, -0.726128058, -0.884765625, -0.138305664, 0.444946289, 0.132079818, 0.841330219, 0.524220281, 0, 0, -0, 0, 0, 0, 0, 0.37546958, -0.0603121094, -0.126571436, 0.0612648273, 0.4141514, -0.9080834, 0.602783203, -0.740356445, -0.29699707, -0.795438931, -0.529188418, -0.2951458, 0, 2, 1, 1, 
399.696663, 42, 0.1, 0.1, 0.0237541803, 0.326677184, -0.0349698205, 0.832518345, -0.553997478, 1.19632997e-005, 0.553997478, 0.832518344, -2.22810476e-005, 2.38397773e-006, 2.51770187e-005, 1, 0.832518287, -0.553997564, 1.59294139e-005, 0.553997564, 0.832518288, -3.60632324e-006, -1.12636341e-005, 1.18271865e-005, 1, 0, 0, 0, 0, 0, 0, 0, 0.322400342, -0.118756079, -0.169688599, -0.446876083, 0.522568209, -0.726128058, -0.884765625, -0.138305664, 0.444946289, 0.132079818, 0.841330219, 0.524220281, 0, 0, -0, 0, 0, 0, 0, 0.375961084, -0.0612963867, -0.126559229, 0.0578276697, 0.414099627, -0.908357919, 0.606201172, -0.737426758, -0.297607422, -0.793099851, -0.533367112, -0.293701741, 0, 2, 1, 1, 
399.69736, 42, 0.1, 0.1, 0.0237541783, 0.326677193, -0.0349700131, 0.832518628, -0.553997052, 8.83767558e-006, 0.553997052, 0.832518628, 2.23356807e-006, -8.59491967e-006, 3.03655919e-006, 1, 0.832518573, -0.553997135, 7.18515426e-006, 0.553997135, 0.832518573, -1.75143763e-005, 3.72113991e-006, 1.85615984e-005, 1, 0, 0, 0, 0, 0, 0, 0, 0.322400342, -0.118756079, -0.169688599, -0.446876083, 0.522568209, -0.726128058, -0.884765625, -0.138305664, 0.444946289, 0.132079818, 0.841330219, 0.524220281, 0, 0, -0, 0, 0, 0, 0, 0.375961084, -0.0612963867, -0.126559229, 0.0578276697, 0.414099627, -0.908357919, 0.606201172, -0.737426758, -0.297607422, -0.793099851, -0.533367112, -0.293701741, 0, 2, 1, 1, 
399.698049, 42, 0.1, 0.1, 0.0237541831, 0.326677183, -0.0349702077, 0.832518759, -0.553996856, -2.70927278e-005, 0.553996856, 0.832518758, 2.37346852e-005, 9.40626319e-006, -3.47688567e-005, 0.999999999, 0.832518745, -0.553996877, -1.88369641e-005, 0.553996877, 0.832518744, 3.51690869e-005, -3.80143861e-006, -3.97145433e-005, 0.999999999, 0, 0, 0, 0, 0, 0, 0, 0.322400342, -0.118756079, -0.169688599, -0.446876083, 0.522568209, -0.726128058, -0.884765625, -0.138305664, 0.444946289, 0.132079818, 0.841330219, 0.524220281, 0, 0, -0, 0, 0, 0, 0, 0.375961084, -0.0612963867, -0.126559229, 0.0578276697, 0.414099627, -0.908357919, 0.606201172, -0.737426758, -0.297607422, -0.793099851, -0.533367112, -0.293701741, 0, 2, 1, 1, 
399.698739, 42, 0.1, 0.1, 0.0237541854, 0.326677188, -0.0349703436, 0.832518678, -0.553996977, 2.39683139e-005, 0.553996977, 0.832518678, -2.45997783e-005, -6.32586621e-006, 3.37581483e-005, 0.999999999, 0.832518715, -0.553996921, 8.42750848e-006, 0.553996921, 0.832518715, -2.55237389e-005, 7.12401425e-006, 2.59178041e-005, 1, 0, 0, 0, 0, 0, 0, 0, 0.322400342, -0.118756079, -0.169688599, -0.446876083, 0.522568209, -0.726128058, -0.884765625, -0.138305664, 0.444946289, 0.132079818, 0.841330219, 0.524220281, 0, 0, -0, 0, 0, 0, 0, 0.375961084, -0.0612963867, -0.126559229, 0.0578276697, 0.414099627, -0.908357919, 0.606201172, -0.737426758, -0.297607422, -0.793099851, -0.533367112, -0.293701741, 0, 2, 1, 1, 
399.699427, 42, 0.1, 0.1, 0.0237541804, 0.326677192, -0.0349703914, 0.832518451, -0.553997318, -1.19935322e-005, 0.553997318, 0.832518451, 7.38915995e-006, 5.89126209e-006, -1.27959967e-005, 1, 0.832518502, -0.553997242, 9.37929615e-006, 0.553997242, 0.832518502, -2.00780574e-006, -6.69611873e-006, 6.86763963e-006, 1, 0, 0, 0, 0, 0, 0, 0, 0.322400342, -0.118756079, -0.169688599, -0.446876083, 0.522568209, -0.726128058, -0.884765625, -0.138305664, 0.444946289, 0.132079818, 0.841330219, 0.524220281, 0, 0, -0, 0, 0, 0, 0, 0.375961084, -0.0612963867, -0.126559229, 0.0578276697, 0.414099627, -0.908357919, 0.606201172, -0.737426758, -0.297607422, -0.793099851, -0.533367112, -0.293701741, 0, 2, 1, 1, 
399.700118, 42, 0.1, 0.1, 0.0237541887, 0.326677186, -0.0349703235, 0.832518255, -0.553997612, -3.41110205e-006, 0.553997612, 0.832518255, 2.17197849e-005, -9.19290426e-006, -1.99718599e-005, 1, 0.832518289, -0.553997562, -1.98850218e-005, 0.553997562, 0.832518289, 2.325906e-005, 3.66918183e-006, -3.03798464e-005, 1, 0, 0, 0, 0, 0, 0, 0, 0.322400342, -0.118756079, -0.169688599, -0.446876083, 0.522568209, -0.726128058, -0.884765625, -0.138305664, 0.444946289, 0.132079818, 0.841330219, 0.524220281, 0, 0, -0, 0, 0, 0, 0, 0.375961084, -0.0612963867, -0.126559229, 0.0578276697, 0.414099627, -0.908357919, 0.606201172, -0.737426758, -0.297607422, -0.793099851, -0.533367112, -0.293701741, 0, 2, 1, 1, 
399.70082, 42, 0.1, 0.1, 0.0237541827, 0.326677192, -0.0349701415, 0.83251826, -0.553997606, 1.20672525e-005, 0.553997606, 0.832518259, -3.75438034e-005, 1.07529692e-005, 3.79411309e-005, 0.999999999, 0.832518239, -0.553997637, 2.37726624e-005, 0.553997637, 0.832518238, -2.82348902e-005, -4.14911262e-006, 3.66760599e-005, 0.999999999, 0, 0, 0, 0, 0, 0, 0, 0.322400342, -0.118756079, -0.169688599, -0.450196927, 0.520296524, -0.725626692, -0.883544922, -0.142944336, 0.445678711, 0.12828007, 0.841813611, 0.524264464, 0, 0, -0, 0, 0, 0, 0, 0.375961084, -0.0612963867, -0.126559229, 0.0578276697, 0.414099627, -0.908357919, 0.606201172, -0.737426758, -0.297607422, -0.793099851, -0.533367112, -0.293701741, 0, 2, 1, 1, 
399.701518, 42, 0.1, 0.1, 0.0237541865, 0.326677197, -0.0349696727, 0.832518459, -0.553997307, -1.29285411e-005, 0.553997307, 0.832518458, 2.39901922e-005, -2.52725275e-006, -2.71346548e-005, 1, 0.832518402, -0.553997392, -1.63614146e-005, 0.553997392, 0.832518402, 5.23081894e-006, 1.07233187e-005, -1.3418934e-005, 1, 0, 0, 0, 0, 0, 0, 0, 0.323335278, -0.119986914, -0.169662842, -0.450196927, 0.520296524, -0.725626692, -0.883544922, -0.142944336, 0.445678711, 0.12828007, 0.841813611, 0.524264464, 0, 0, -0, 0, 0, 0, 0, 0.376482617, -0.0625356445, -0.126560449, 0.0547164374, 0.413734689, -0.908715561, 0.610107422, -0.73425293, -0.297607422, -0.790358287, -0.538069691, -0.292634646, 0, 2, 1, 1, 
399.702205, 42, 0.1, 0.1, 0.0237541908, 0.326677189, -0.0349693846, 0.832518734, -0.553996893, -1.20828506e-005, 0.553996893, 0.832518734, -2.08860656e-006, 1.1216281e-005, -4.95505761e-006, 1, 0.832518679, -0.553996975, -1.00724917e-005, 0.553996975, 0.832518679, 1.8189168e-005, -1.69120654e-006, -2.0722952e-005, 1, 0, 0, 0, 0, 0, 0, 0, 0.323335278, -0.119986914, -0.169662842, -0.450196927, 0.520296524, -0.725626692, -0.883544922, -0.142944336, 0.445678711, 0.12828007, 0.841813611, 0.524264464, 0, 0, -0, 0, 0, 0, 0, 0.376482617, -0.0625356445, -0.126560449, 0.0547164374, 0.413734689, -0.908715561, 0.610107422, -0.73425293, -0.297607422, -0.790358287, -0.538069691, -0.292634646, 0, 2, 1, 1, 
399.702968, 42, 0.1, 0.1, 0.023754187, 0.326677202, -0.0349688499, 0.832518856, -0.553996709, 3.0266752e-005, 0.55399671, 0.832518856, -2.09939748e-005, -1.35670488e-005, 3.42455609e-005, 0.999999999, 0.832518847, -0.553996723, 2.11053968e-005, 0.553996724, 0.832518846, -3.34715237e-005, 9.72473843e-007, 3.9557995e-005, 0.999999999, 0, 0, 0, 0, 0, 0, 0, 0.323335278, -0.119986914, -0.169662842, -0.450196927, 0.520296524, -0.725626692, -0.883544922, -0.142944336, 0.445678711, 0.12828007, 0.841813611, 0.524264464, 0, 0, -0, 0, 0, 0, 0, 0.376482617, -0.0625356445, -0.126560449, 0.0547164374, 0.413734689, -0.908715561, 0.610107422, -0.73425293, -0.297607422, -0.790358287, -0.538069691, -0.292634646, 0, 2, 1, 1, 
399.703664, 42, 0.1, 0.1, 0.0237541856, 0.326677197, -0.0349681575, 0.832518741, -0.553996883, -2.4424117e-005, 0.553996883, 0.83251874, 2.90453948e-005, 4.24247698e-006, -3.77117202e-005, 0.999999999, 0.832518786, -0.553996815, -7.78680245e-006, 0.553996815, 0.832518786, 3.05627788e-005, -1.04490228e-005, -2.97579513e-005, 1, 0, 0, 0, 0, 0, 0, 0, 0.323335278, -0.119986914, -0.169662842, -0.450196927, 0.520296524, -0.725626692, -0.883544922, -0.142944336, 0.445678711, 0.12828007, 0.841813611, 0.524264464, 0, 0, -0, 0, 0, 0, 0, 0.376482617, -0.0625356445, -0.126560449, 0.0547164374, 0.413734689, -0.908715561, 0.610107422, -0.73425293, -0.297607422, -0.790358287, -0.538069691, -0.292634646, 0, 2, 1, 1, 
399.704353, 42, 0.1, 0.1, 0.0237541919, 0.326677194, -0.0349680516, 0.832518468, -0.553997292, 1.53630358e-005, 0.553997292, 0.832518468, -7.89975876e-006, -8.4135661e-006, 1.50877753e-005, 1, 0.832518529, -0.553997201, -8.11900631e-006, 0.553997201, 0.832518529, 2.78983973e-006, 5.21365979e-006, -6.82050003e-006, 1, 0, 0, 0, 0, 0, 0, 0, 0.323335278, -0.119986914, -0.169662842, -0.450196927, 0.520296524, -0.725626692, -0.883544922, -0.142944336, 0.445678711, 0.12828007, 0.841813611, 0.524264464, 0, 0, -0, 0, 0, 0, 0, 0.376482617, -0.0625356445, -0.126560449, 0.0547164374, 0.413734689, -0.908715561, 0.610107422, -0.73425293, -0.297607422, -0.790358287, -0.538069691, -0.292634646, 0, 2, 1, 1, 
399.705045, 42, 0.1, 0.1, 0.0237541835, 0.326677202, -0.0349684878, 0.832518233, -0.553997646, 7.11659772e-006, 0.553997646, 0.832518233, -2.48441082e-005, 7.83888011e-006, 2.46257515e-005, 1, 0.832518273, -0.553997586, 2.4393205e-005, 0.553997586, 0.832518272, -2.62945586e-005, -5.74066688e-006, 3.54044771e-005, 0.999999999, 0, 0, 0, 0, 0, 0, 0, 0.323335278, -0.119986914, -0.169662842, -0.450196927, 0.520296524, -0.725626692, -0.883544922, -0.142944336, 0.445678711, 0.12828007, 0.841813611, 0.524264464, 0, 0, -0, 0, 0, 0, 0, 0.376482617, -0.0625356445, -0.126560449, 0.0547164374, 0.413734689, -0.908715561, 0.610107422, -0.73425293, -0.297607422, -0.790358287, -0.538069691, -0.292634646, 0, 2, 1, 1, 
399.705762, 42, 0.1, 0.1, 0.0237541906, 0.326677198, -0.0349692607, 0.832518217, -0.55399767, -1.0913002e-005, 0.55399767, 0.832518216, 3.85409833e-005, -1.2266342e-005, -3.81318484e-005, 0.999999999, 0.832518199, -0.553997697, -2.26923665e-005, 0.553997697, 0.832518198, 2.85597823e-005, 3.06975447e-006, -3.63480573e-005, 0.999999999, 0, 0, 0, 0, 0, 0, 0, 0.32386438, -0.121198096, -0.169202808, -0.452737078, 0.518405637, -0.725366462, -0.8828125, -0.146972656, 0.446044922, 0.124727448, 0.842360282, 0.524346839, 0, 0, -0, 0, 0, 0, 0, 0.376482617, -0.0625356445, -0.126560449, 0.0513368822, 0.413503913, -0.908964561, 0.614135742, -0.730834961, -0.297729492, -0.78739944, -0.542880913, -0.29143339, 0, 2, 1, 1, 
399.706452, 42, 0.1, 0.1, 0.0237541882, 0.326677194, -0.0349699322, 0.8325184, -0.553997394, 1.29536615e-005, 0.553997394, 0.8325184, -2.24801434e-005, 1.66977928e-006, 2.58914277e-005, 1, 0.832518346, -0.553997476, 1.64528739e-005, 0.553997477, 0.832518346, -3.55048805e-006, -1.1730358e-005, 1.20706971e-005, 1, 0, 0, 0, 0, 0, 0, 0, 0.32386438, -0.121198096, -0.169202808, -0.452737078, 0.518405637, -0.725366462, -0.8828125, -0.146972656, 0.446044922, 0.124727448, 0.842360282, 0.524346839, 0, 0, -0, 0, 0, 0, 0, 0.376767725, -0.0633218262, -0.12655166, 0.0513368822, 0.413503913, -0.908964561, 0.614135742, -0.730834961, -0.297729492, -0.78739944, -0.542880913, -0.29143339, 0, 2, 1, 1, 
399.707143, 42, 0.1, 0.1, 0.0237541854, 0.326677203, -0.0349705929, 0.832518664, -0.553996999, 1.17214373e-005, 0.553996999, 0.832518664, 1.3710431e-006, -1.05178691e-005, 5.35222211e-006, 1, 0.832518611, -0.553997077, 9.85405445e-006, 0.553997077, 0.832518611, -1.8085505e-005, 1.8156332e-006, 2.05156369e-005, 1, 0, 0, 0, 0, 0, 0, 0, 0.32386438, -0.121198096, -0.169202808, -0.452737078, 0.518405637, -0.725366462, -0.8828125, -0.146972656, 0.446044922, 0.124727448, 0.842360282, 0.524346839, 0, 0, -0, 0, 0, 0, 0, 0.376767725, -0.0633218262, -0.12655166, 0.0513368822, 0.413503913, -0.908964561, 0.614135742, -0.730834961, -0.297729492, -0.78739944, -0.542880913, -0.29143339, 0, 2, 1, 1, 
399.707836, 42, 0.1, 0.1, 0.0237541892, 0.326677193, -0.0349710019, 0.832518778, -0.553996826, -2.51691892e-005, 0.553996826, 0.832518778, 2.20644979e-005, 8.73016082e-006, -3.23127598e-005, 0.999999999, 0.832518768, -0.553996842, -1.65729583e-005, 0.553996842, 0.832518767, 3.33313307e-005, -4.66815313e-006, -3.69303249e-005, 0.999999999, 0, 0, 0, 0, 0, 0, 0, 0.32386438, -0.121198096, -0.169202808, -0.452737078, 0.518405637, -0.725366462, -0.8828125, -0.146972656, 0.446044922, 0.124727448, 0.842360282, 0.524346839, 0, 0, -0, 0, 0, 0, 0, 0.376767725, -0.0633218262, -0.12655166, 0.0513368822, 0.413503913, -0.908964561, 0.614135742, -0.730834961, -0.297729492, -0.78739944, -0.542880913, -0.29143339, 0, 2, 1, 1, 
399.708541, 42, 0.1, 0.1, 0.0237541912, 0.326677199, -0.0349709966, 0.832518679, -0.553996975, 2.39179192e-005, 0.553996975, 0.832518679, -2.52497822e-005, -5.9238116e-006, 3.42713702e-005, 0.999999999, 0.83251872, -0.553996914, 9.1449532e-006, 0.553996914, 0.832518719, -2.6294793e-005, 6.95388944e-006, 2.69571832e-005, 1, 0, 0, 0, 0, 0, 0, 0, 0.32386438, -0.121198096, -0.169202808, -0.452737078, 0.518405637, -0.725366462, -0.8828125, -0.146972656, 0.446044922, 0.124727448, 0.842360282, 0.524346839, 0, 0, -0, 0, 0, 0, 0, 0.377126074, -0.0642095703, -0.125918066, 0.0488775005, 0.412014278, -0.909795049, 0.618896484, -0.727294922, -0.296142578, -0.783852907, -0.548560902, -0.290538736, 0, 2, 1, 1, 
399.709231, 42, 0.1, 0.1, 0.0237541866, 0.326677203, -0.0349705813, 0.832518441, -0.553997333, -1.41094605e-005, 0.553997333, 0.832518441, 6.93217789e-006, 7.90597802e-006, -1.35877694e-005, 1, 0.832518493, -0.553997255, 7.36262032e-006, 0.553997255, 0.832518493, -2.38090767e-006, -4.81050127e-006, 6.06102111e-006, 1, 0, 0, 0, 0, 0, 0, 0, 0.32386438, -0.121198096, -0.169202808, -0.452737078, 0.518405637, -0.725366462, -0.8828125, -0.146972656, 0.446044922, 0.124727448, 0.842360282, 0.524346839, 0, 0, -0, 0, 0, 0, 0, 0.377126074, -0.0642095703, -0.125918066, 0.0488775005, 0.412014278, -0.909795049, 0.618896484, -0.727294922, -0.296142578, -0.783852907, -0.548560902, -0.290538736, 0, 2, 1, 1, 
399.709926, 42, 0.1, 0.1, 0.0237541958, 0.326677197, -0.0349700007, 0.832518234, -0.553997645, -5.90909329e-006, 0.553997645, 0.832518233, 2.08984248e-005, -6.65825021e-006, -2.06719435e-005, 1, 0.832518269, -0.553997591, -2.24444622e-005, 0.553997592, 0.832518269, 2.25768707e-005, 6.17789281e-006, -3.12298353e-005, 0.999999999, 0, 0, 0, 0, 0, 0, 0, 0.32386438, -0.121198096, -0.169202808, -0.452737078, 0.518405637, -0.725366462, -0.8828125, -0.146972656, 0.446044922, 0.124727448, 0.842360282, 0.524346839, 0, 0, -0, 0, 0, 0, 0, 0.377126074, -0.0642095703, -0.125918066, 0.0488775005, 0.412014278, -0.909795049, 0.618896484, -0.727294922, -0.296142578, -0.783852907, -0.548560902, -0.290538736, 0, 2, 1, 1, 
399.710633, 42, 0.1, 0.1, 0.0237541905, 0.326677203, -0.0349693747, 0.832518227, -0.553997654, 9.91839451e-006, 0.553997654, 0.832518227, -3.82036617e-005, 1.29074948e-005, 3.7300012e-005, 0.999999999, 0.832518211, -0.553997679, 2.09220468e-005, 0.553997679, 0.83251821, -2.9944002e-005, -8.29077373e-007, 3.65196923e-005, 0.999999999, 0, 0, 0, 0, 0, 0, 0, 0.324591089, -0.122253906, -0.168337549, -0.455709324, 0.515144325, -0.725861836, -0.881958008, -0.151367188, 0.446289063, 0.120007345, 0.843618375, 0.523560155, 0, 0, -0, 0, 0, 0, 0, 0.377126074, -0.0642095703, -0.125918066, 0.0488775005, 0.412014278, -0.909795049, 0.618896484, -0.727294922, -0.296142578, -0.783852907, -0.548560902, -0.290538736, 0, 2, 1, 1, 
399.711326, 42, 0.1, 0.1, 0.0237541948, 0.326677207, -0.0349687787, 0.832518417, -0.55399737, -1.2919263e-005, 0.55399737, 0.832518416, 2.73599504e-005, -4.40181623e-006, -2.99349003e-005, 1, 0.832518361, -0.553997454, -1.73019642e-005, 0.553997454, 0.832518361, 7.61141452e-006, 1.01874986e-005, -1.59218864e-005, 1, 0, 0, 0, 0, 0, 0, 0, 0.324591089, -0.122253906, -0.168337549, -0.455709324, 0.515144325, -0.725861836, -0.881958008, -0.151367188, 0.446289063, 0.120007345, 0.843618375, 0.523560155, 0, 0, -0, 0, 0, 0, 0, 0.377126074, -0.0642095703, -0.125918066, 0.0488775005, 0.412014278, -0.909795049, 0.618896484, -0.727294922, -0.296142578, -0.783852907, -0.548560902, -0.290538736, 0, 2, 1, 1, 
399.712019, 42, 0.1, 0.1, 0.0237541982, 0.326677198, -0.0349685697, 0.832518695, -0.553996951, -8.36154983e-006, 0.553996951, 0.832518695, 2.42809084e-007, 6.82663106e-006, -4.83441622e-006, 1, 0.832518639, -0.553997036, -6.94950955e-006, 0.553997036, 0.832518638, 2.14220291e-005, -6.08214437e-006, -2.16842462e-005, 1, 0, 0, 0, 0, 0, 0, 0, 0.324591089, -0.122253906, -0.168337549, -0.455709324, 0.515144325, -0.725861836, -0.881958008, -0.151367188, 0.446289063, 0.120007345, 0.843618375, 0.523560155, 0, 0, -0, 0, 0, 0, 0, 0.377126074, -0.0642095703, -0.125918066, 0.0488775005, 0.412014278, -0.909795049, 0.618896484, -0.727294922, -0.296142578, -0.783852907, -0.548560902, -0.290538736, 0, 2, 1, 1, 
399.712737, 42, 0.1, 0.1, 0.0237541935, 0.326677209, -0.0349686805, 0.83251882, -0.553996763, 3.26790499e-005, 0.553996764, 0.83251882, -2.05906416e-005, -1.57987752e-005, 3.52461845e-005, 0.999999999, 0.832518807, -0.553996783, 2.2054892e-005, 0.553996783, 0.832518806, -3.47097286e-005, 8.67965618e-007, 4.1114841e-005, 0.999999999, 0, 0, 0, 0, 0, 0, 0, 0.324591089, -0.122253906, -0.168337549, -0.455709324, 0.515144325, -0.725861836, -0.881958008, -0.151367188, 0.446289063, 0.120007345, 0.843618375, 0.523560155, 0, 0, -0, 0, 0, 0, 0, 0.377126074, -0.0642095703, -0.125918066, 0.0488775005, 0.412014278, -0.909795049, 0.618896484, -0.727294922, -0.296142578, -0.783852907, -0.548560902, -0.290538736, 0, 2, 1, 1, 
399.713457, 42, 0.1, 0.1, 0.0237541914, 0.326677204, -0.0349686233, 0.832518711, -0.553996927, -2.37198032e-005, 0.553996927, 0.832518711, 2.88861613e-005, 3.74433534e-006, -3.71889679e-005, 0.999999999, 0.832518755, -0.553996862, -7.17770358e-006, 0.553996862, 0.832518754, 3.10740133e-005, -1.1239333e-005, -2.98461241e-005, 0.999999999, 0, 0, 0, 0, 0, 0, 0, 0.325085767, -0.12308916, -0.167688086, -0.458840329, 0.511844821, -0.726217547, -0.880981445, -0.15625, 0.446411133, 0.115065202, 0.844635332, 0.522874943, 0, 0, -0, 0, 0, 0, 0, 0.377412891, -0.0650672852, -0.125480859, 0.0454851856, 0.410850568, -0.910459293, 0.623046875, -0.724121094, -0.295532227, -0.780772658, -0.553838406, -0.288890153, 0, 2, 1, 1, 
399.714155, 42, 0.1, 0.1, 0.0237541978, 0.326677201, -0.0349688056, 0.832518438, -0.553997337, 1.43799799e-005, 0.553997337, 0.832518438, -1.0403929e-005, -6.2078494e-006, 1.66279333e-005, 1, 0.8325185, -0.553997245, -8.413153e-006, 0.553997245, 0.8325185, 3.36130825e-007, 6.81788996e-006, -4.94069872e-006, 1, 0, 0, 0, 0, 0, 0, 0, 0.325085767, -0.12308916, -0.167688086, -0.458840329, 0.511844821, -0.726217547, -0.880981445, -0.15625, 0.446411133, 0.115065202, 0.844635332, 0.522874943, 0, 0, -0, 0, 0, 0, 0, 0.377412891, -0.0650672852, -0.125480859, 0.0454851856, 0.410850568, -0.910459293, 0.623046875, -0.724121094, -0.295532227, -0.780772658, -0.553838406, -0.288890153, 0, 2, 1, 1, 
399.714847, 42, 0.1, 0.1, 0.0237541898, 0.326677211, -0.0349692827, 0.832518203, -0.553997691, 5.80777631e-006, 0.553997691, 0.832518203, -2.7754646e-005, 1.05409303e-005, 2.63237427e-005, 1, 0.832518243, -0.55399763, 2.28390573e-005, 0.553997631, 0.832518243, -2.90907705e-005, -2.897714e-006, 3.68713808e-005, 0.999999999, 0, 0, 0, 0, 0, 0, 0, 0.325085767, -0.12308916, -0.167688086, -0.458840329, 0.511844821, -0.726217547, -0.880981445, -0.15625, 0.446411133, 0.115065202, 0.844635332, 0.522874943, 0, 0, -0, 0, 0, 0, 0, 0.377412891, -0.0650672852, -0.125480859, 0.0454851856, 0.410850568, -0.910459293, 0.623046875, -0.724121094, -0.295532227, -0.780772658, -0.553838406, -0.288890153, 0, 2, 1, 1, 
399.715539, 42, 0.1, 0.1, 0.0237541971, 0.326677208, -0.0349698992, 0.83251818, -0.553997725, -1.323474e-005, 0.553997726, 0.832518179, 3.25160528e-005, -6.99565762e-006, -3.4402221e-005, 0.999999999, 0.832518166, -0.553997746, -2.36555081e-005, 0.553997747, 0.832518166, 2.36806719e-005, 6.57460134e-006, -3.28196877e-005, 0.999999999, 0, 0, 0, 0, 0, 0, 0, 0.325085767, -0.12308916, -0.167688086, -0.458840329, 0.511844821, -0.726217547, -0.880981445, -0.15625, 0.446411133, 0.115065202, 0.844635332, 0.522874943, 0, 0, -0, 0, 0, 0, 0, 0.377412891, -0.0650672852, -0.125480859, 0.0454851856, 0.410850568, -0.910459293, 0.623046875, -0.724121094, -0.295532227, -0.780772658, -0.553838406, -0.288890153, 0, 2, 1, 1, 
399.716231, 42, 0.1, 0.1, 0.0237541954, 0.326677206, -0.0349705011, 0.832518351, -0.553997468, 1.07422572e-005, 0.553997469, 0.832518351, -2.60989305e-005, 5.51561522e-006, 2.76790219e-005, 1, 0.8325183, -0.553997545, 1.4013067e-005, 0.553997545, 0.8325183, -8.17607571e-006, -7.13660884e-006, 1.45699374e-005, 1, 0, 0, 0, 0, 0, 0, 0, 0.325085767, -0.12308916, -0.167688086, -0.458840329, 0.511844821, -0.726217547, -0.880981445, -0.15625, 0.446411133, 0.115065202, 0.844635332, 0.522874943, 0, 0, -0, 0, 0, 0, 0, 0.377412891, -0.0650672852, -0.125480859, 0.0454851856, 0.410850568, -0.910459293, 0.623046875, -0.724121094, -0.295532227, -0.780772658, -0.553838406, -0.288890153, 0, 2, 1, 1, 
399.716927, 42, 0.1, 0.1, 0.0237541932, 0.326677216, -0.0349708732, 0.832518602, -0.553997092, 9.85210357e-006, 0.553997092, 0.832518602, 4.22771651e-007, -8.43627376e-006, 5.10607146e-006, 1, 0.832518552, -0.553997166, 7.95402389e-006, 0.553997166, 0.832518552, -1.94112893e-005, 4.13192683e-006, 2.05667652e-005, 1, 0, 0, 0, 0, 0, 0, 0, 0.325085767, -0.12308916, -0.167688086, -0.458840329, 0.511844821, -0.726217547, -0.880981445, -0.15625, 0.446411133, 0.115065202, 0.844635332, 0.522874943, 0, 0, -0, 0, 0, 0, 0, 0.377412891, -0.0650672852, -0.125480859, 0.0454851856, 0.410850568, -0.910459293, 0.623046875, -0.724121094, -0.295532227, -0.780772658, -0.553838406, -0.288890153, 0, 2, 1, 1, 
399.717621, 42, 0.1, 0.1, 0.0237541975, 0.326677206, -0.034970907, 0.832518703, -0.553996939, -2.63161952e-005, 0.553996939, 0.832518703, 2.29555634e-005, 9.19141289e-006, -3.36900275e-005, 0.999999999, 0.832518695, -0.553996951, -1.79111669e-005, 0.553996952, 0.832518694, 3.38579594e-005, -3.84582499e-006, -3.81101161e-005, 0.999999999, 0, 0, 0, 0, 0, 0, 0, 0.325085767, -0.12308916, -0.167688086, -0.458840329, 0.511844821, -0.726217547, -0.880981445, -0.15625, 0.446411133, 0.115065202, 0.844635332, 0.522874943, 0, 0, -0, 0, 0, 0, 0, 0.377412891, -0.0650672852, -0.125480859, 0.0454851856, 0.410850568, -0.910459293, 0.623046875, -0.724121094, -0.295532227, -0.780772658, -0.553838406, -0.288890153, 0, 2, 1, 1, 
399.718341, 42, 0.1, 0.1, 0.0237541999, 0.326677211, -0.0349702888, 0.832518591, -0.553997107, 2.38170323e-005, 0.553997108, 0.832518591, -2.48596488e-005, -6.05594867e-006, 3.38906868e-005, 0.999999999, 0.832518633, -0.553997044, 8.78242933e-006, 0.553997044, 0.832518633, -2.64699978e-005, 7.3527645e-006, 2.69022063e-005, 1, 0, 0, 0, 0, 0, 0, 0, 0.325579712, -0.124374316, -0.166813306, -0.462015517, 0.508462942, -0.726509978, -0.879882812, -0.160644531, 0.447143555, 0.110624425, 0.845912521, 0.521808932, 0, 0, -0, 0, 0, 0, 0, 0.377919531, -0.0659281738, -0.125050244, 0.0421183902, 0.409527177, -0.911257698, 0.626953125, -0.720947266, -0.295043945, -0.777935212, -0.558764466, -0.287132928, 0, 2, 1, 1, 
399.719036, 42, 0.1, 0.1, 0.0237541953, 0.326677214, -0.0349695756, 0.832518333, -0.553997496, -1.55462854e-005, 0.553997496, 0.832518333, 1.03491546e-005, 7.20916187e-006, -1.72284641e-005, 1, 0.83251839, -0.55399741, 6.85629241e-006, 0.55399741, 0.83251839, 5.22552334e-007, -5.99748215e-006, 3.36333381e-006, 1, 0, 0, 0, 0, 0, 0, 0, 0.325579712, -0.124374316, -0.166813306, -0.462015517, 0.508462942, -0.726509978, -0.879882812, -0.160644531, 0.447143555, 0.110624425, 0.845912521, 0.521808932, 0, 0, -0, 0, 0, 0, 0, 0.377919531, -0.0659281738, -0.125050244, 0.0421183902, 0.409527177, -0.911257698, 0.626953125, -0.720947266, -0.295043945, -0.777935212, -0.558764466, -0.287132928, 0, 2, 1, 1, 
399.719725, 42, 0.1, 0.1, 0.0237542048, 0.326677207, -0.0349690304, 0.832518108, -0.553997833, -6.42701744e-006, 0.553997833, 0.832518108, 2.41909268e-005, -8.05111264e-006, -2.36999384e-005, 1, 0.832518147, -0.553997774, -2.35773867e-005, 0.553997775, 0.832518147, 2.60950068e-005, 5.17202657e-006, -3.47863865e-005, 0.999999999, 0, 0, 0, 0, 0, 0, 0, 0.325579712, -0.124374316, -0.166813306, -0.462015517, 0.508462942, -0.726509978, -0.879882812, -0.160644531, 0.447143555, 0.110624425, 0.845912521, 0.521808932, 0, 0, -0, 0, 0, 0, 0, 0.377919531, -0.0659281738, -0.125050244, 0.0421183902, 0.409527177, -0.911257698, 0.626953125, -0.720947266, -0.295043945, -0.777935212, -0.558764466, -0.287132928, 0, 2, 1, 1, 
399.720416, 42, 0.1, 0.1, 0.0237541991, 0.326677212, -0.0349687787, 0.832518093, -0.553997856, 1.14168276e-005, 0.553997856, 0.832518092, -3.86157716e-005, 1.18883391e-005, 3.84732266e-005, 0.999999999, 0.832518077, -0.55399788, 2.25597448e-005, 0.553997881, 0.832518076, -2.93724221e-005, -2.50913575e-006, 3.69511232e-005, 0.999999999, 0, 0, 0, 0, 0, 0, 0, 0.325579712, -0.124374316, -0.166813306, -0.462015517, 0.508462942, -0.726509978, -0.879882812, -0.160644531, 0.447143555, 0.110624425, 0.845912521, 0.521808932, 0, 0, -0, 0, 0, 0, 0, 0.377919531, -0.0659281738, -0.125050244, 0.0421183902, 0.409527177, -0.911257698, 0.626953125, -0.720947266, -0.295043945, -0.777935212, -0.558764466, -0.287132928, 0, 2, 1, 1, 
399.721106, 42, 0.1, 0.1, 0.0237542028, 0.326677217, -0.0349689079, 0.832518277, -0.55399758, -1.18522909e-005, 0.55399758, 0.832518277, 2.35764507e-005, -3.19404783e-006, -2.61939666e-005, 1, 0.832518223, -0.553997661, -1.59785977e-005, 0.553997661, 0.832518223, 4.62113363e-006, 1.07423765e-005, -1.26992837e-005, 1, 0, 0, 0, 0, 0, 0, 0, 0.325579712, -0.124374316, -0.166813306, -0.462015517, 0.508462942, -0.726509978, -0.879882812, -0.160644531, 0.447143555, 0.110624425, 0.845912521, 0.521808932, 0, 0, -0, 0, 0, 0, 0, 0.377919531, -0.0659281738, -0.125050244, 0.0421183902, 0.409527177, -0.911257698, 0.626953125, -0.720947266, -0.295043945, -0.777935212, -0.558764466, -0.287132928, 0, 2, 1, 1, 
399.721802, 42, 0.1, 0.1, 0.023754206, 0.32667721, -0.0349693016, 0.832518549, -0.553997172, -8.55319071e-006, 0.553997172, 0.832518549, -3.33311818e-006, 8.96722796e-006, -1.96356076e-006, 1, 0.832518494, -0.553997254, -6.86215023e-006, 0.553997254, 0.832518494, 1.74733221e-005, -3.96730549e-006, -1.83484762e-005, 1, 0, 0, 0, 0, 0, 0, 0, 0.325579712, -0.124374316, -0.166813306, -0.462015517, 0.508462942, -0.726509978, -0.879882812, -0.160644531, 0.447143555, 0.110624425, 0.845912521, 0.521808932, 0, 0, -0, 0, 0, 0, 0, 0.377919531, -0.0659281738, -0.125050244, 0.0421183902, 0.409527177, -0.911257698, 0.626953125, -0.720947266, -0.295043945, -0.777935212, -0.558764466, -0.287132928, 0, 2, 1, 1, 
399.72251, 42, 0.1, 0.1, 0.0237542021, 0.326677222, -0.0349697844, 0.83251867, -0.553996989, 2.90757474e-005, 0.55399699, 0.832518669, -2.47101553e-005, -1.05167509e-005, 3.66795422e-005, 0.999999999, 0.832518657, -0.553997008, 1.98712326e-005, 0.553997009, 0.832518656, -3.74580197e-005, 4.20845896e-006, 4.21931037e-005, 0.999999999, 0, 0, 0, 0, 0, 0, 0, 0.325579712, -0.124374316, -0.166813306, -0.465005737, 0.507219076, -0.725570526, -0.878662109, -0.164428711, 0.448120117, 0.108131823, 0.845862346, 0.522278097, 0, 0, -0, 0, 0, 0, 0, 0.377919531, -0.0659281738, -0.125050244, 0.0421183902, 0.409527177, -0.911257698, 0.626953125, -0.720947266, -0.295043945, -0.777935212, -0.558764466, -0.287132928, 0, 2, 1, 1, 
399.723218, 42, 0.1, 0.1, 0.0237542007, 0.326677218, -0.034969961, 0.832518568, -0.553997142, -2.39402736e-005, 0.553997143, 0.832518568, 2.58786614e-005, 5.59401785e-006, -3.48073093e-005, 0.999999999, 0.83251861, -0.55399708, -8.20186429e-006, 0.55399708, 0.832518609, 2.68924756e-005, -8.07014828e-006, -2.69322952e-005, 1, 0, 0, 0, 0, 0, 0, 0, 0.326089038, -0.125554248, -0.166763867, -0.465005737, 0.507219076, -0.725570526, -0.878662109, -0.164428711, 0.448120117, 0.108131823, 0.845862346, 0.522278097, 0, 0, -0, 0, 0, 0, 0, 0.378231006, -0.0668990234, -0.124591797, 0.0392754807, 0.409558526, -0.911347017, 0.630126953, -0.718017578, -0.295532227, -0.775410931, -0.562566195, -0.286283117, 0, 2, 1, 1, 
399.723911, 42, 0.1, 0.1, 0.023754207, 0.326677215, -0.0349700844, 0.832518317, -0.553997519, 1.25769835e-005, 0.553997519, 0.832518317, -7.2628516e-006, -6.44696737e-006, 1.30140746e-005, 1, 0.832518373, -0.553997436, -9.01976353e-006, 0.553997436, 0.832518373, 2.36613296e-006, 6.19828727e-006, -6.96677503e-006, 1, 0, 0, 0, 0, 0, 0, 0, 0.326089038, -0.125554248, -0.166763867, -0.465005737, 0.507219076, -0.725570526, -0.878662109, -0.164428711, 0.448120117, 0.108131823, 0.845862346, 0.522278097, 0, 0, -0, 0, 0, 0, 0, 0.378231006, -0.0668990234, -0.124591797, 0.0392754807, 0.409558526, -0.911347017, 0.630126953, -0.718017578, -0.295532227, -0.775410931, -0.562566195, -0.286283117, 0, 2, 1, 1, 
