time, trialNum, realDorsalTactorPos, realVentralTactorPos, boxPosX, boxPosY, boxPosZ, boxLocalRot_11, boxLocalRot_12, boxLocalRot_13, boxLocalRot_21, boxLocalRot_22, boxLocalRot_23, boxLocalRot_31, boxLocalRot_32, boxLocalRot_33, boxGlobalRot_11, boxGlobalRot_12, boxGlobalRot_13, boxGlobalRot_21, boxGlobalRot_22, boxGlobalRot_23, boxGlobalRot_31, boxGlobalRot_32, boxGlobalRot_33, indexForceX, indexForceY, indexForceZ, indexForceGlobalX, indexForceGlobalY, indexForceGlobalZ, indexContact, indexPosX, indexPosY, indexPosZ, indexRot_11, indexRot_12, indexRot_13, indexRot_21, indexRot_22, indexRot_23, indexRot_31, indexRot_32, indexRot_33, thumbForceX, thumbForceY, thumbForceZ, thumbForceGlobalX, thumbForceGlobalY, thumbForceGlobalZ, thumbContact, thumbPosX, thumbPosY, thumbPosZ, thumbRot_11, thumbRot_12, thumbRot_13, thumbRot_21, thumbRot_22, thumbRot_23, thumbRot_31, thumbRot_32, thumbRot_33, manipForceTooHigh, cceExpType, mapping, trialSuccess, 
429.692582, 53, 0.1, 0.1, 0.0217061824, 0.368876247, -0.0349736758, 0.878745445, -0.477290731, -4.29110086e-006, 0.477290731, 0.878745445, 3.18868974e-005, -1.14485352e-005, -3.00685685e-005, 0.999999999, 0.878745573, -0.477290496, 6.83356514e-006, 0.477290495, 0.878745573, 3.66479039e-005, -2.34966613e-005, -2.89425876e-005, 0.999999999, 0, 0, 0, 0, 0, 0, 0, 0.270792505, -0.075111792, -0.204336621, -0.0915982496, 0.530814036, -0.842413007, -0.83972168, 0.413452148, 0.351928711, 0.535200557, 0.739667558, 0.408046391, 0, 0, 0, 0, 0, 0, 0, 0.350799072, -0.037599707, -0.165556543, 0.251605601, 0.39474476, -0.883555511, 0.0788574219, -0.918212891, -0.387817383, -0.964457083, 0.027987648, -0.262250366, 0, 2, 5, 1, 
429.728999, 53, 0.1, 0.1, 0.0217063511, 0.368875854, -0.0349745752, 0.87873351, -0.477312704, -7.46987477e-006, 0.477312704, 0.87873351, 3.20314277e-006, 5.03512854e-006, -6.38017502e-006, 1, 0.87873351, -0.477312705, 1.2207076e-006, 0.477312705, 0.87873351, 6.02368228e-006, -3.94785676e-006, -4.71055222e-006, 1, 0, 0, 0, 0, 0, 0, 0, 0.29266438, -0.100573071, -0.198908057, -0.109142633, 0.514842945, -0.850221436, -0.880493164, 0.346679687, 0.322998047, 0.461105131, 0.783971204, 0.415709905, 0, 0, -0, 0, 0, 0, 0, 0.369016943, -0.0578370117, -0.157595801, 0.250412374, 0.400680975, -0.881305052, 0.162719727, -0.914672852, -0.369628906, -0.954272108, -0.0506802213, -0.294172423, 0, 2, 5, 1, 
429.729687, 53, 0.1, 0.1, 0.021706353, 0.368875849, -0.0349743006, 0.878733463, -0.477312792, 7.29129432e-006, 0.477312792, 0.878733463, 7.0539116e-006, -9.77402655e-006, -2.71828011e-006, 1, 0.878733479, -0.477312761, 6.68331969e-006, 0.477312761, 0.878733479, -6.61530286e-007, -5.55709992e-006, 3.77134259e-006, 1, 0, 0, 0, 0, 0, 0, 0, 0.29266438, -0.100573071, -0.198908057, -0.109142633, 0.514842945, -0.850221436, -0.880493164, 0.346679687, 0.322998047, 0.461105131, 0.783971204, 0.415709905, 0, 0, -0, 0, 0, 0, 0, 0.369016943, -0.0578370117, -0.157595801, 0.250412374, 0.400680975, -0.881305052, 0.162719727, -0.914672852, -0.369628906, -0.954272108, -0.0506802213, -0.294172423, 0, 2, 5, 1, 
429.73038, 53, 0.1, 0.1, 0.021706355, 0.368875844, -0.0349726884, 0.878733372, -0.477312959, -6.09586322e-006, 0.477312959, 0.878733372, -9.04640776e-006, 9.6746061e-006, 5.03974589e-006, 1, 0.878733388, -0.477312929, -5.43136832e-006, 0.477312929, 0.878733388, -1.14207466e-005, 1.02239947e-005, 7.44332905e-006, 1, 0, 0, 0, 0, 0, 0, 0, 0.29266438, -0.100573071, -0.198908057, -0.109142633, 0.514842945, -0.850221436, -0.880493164, 0.346679687, 0.322998047, 0.461105131, 0.783971204, 0.415709905, 0, 0, -0, 0, 0, 0, 0, 0.369016943, -0.0578370117, -0.157595801, 0.250412374, 0.400680975, -0.881305052, 0.162719727, -0.914672852, -0.369628906, -0.954272108, -0.0506802213, -0.294172423, 0, 2, 5, 1, 
429.731068, 53, 0.1, 0.1, 0.0217063547, 0.368875839, -0.0349704532, 0.878733342, -0.477313014, 8.06281887e-006, 0.477313014, 0.878733342, -6.13412769e-006, -4.15716879e-006, 9.23875091e-006, 1, 0.87873334, -0.477313018, 1.2229456e-005, 0.477313018, 0.87873334, -1.0473903e-006, -1.02464977e-005, 6.75765533e-006, 1, 0, 0, 0, 0, 0, 0, 0, 0.29266438, -0.100573071, -0.198908057, -0.109142633, 0.514842945, -0.850221436, -0.880493164, 0.346679687, 0.322998047, 0.461105131, 0.783971204, 0.415709905, 0, 0, -0, 0, 0, 0, 0, 0.369016943, -0.0578370117, -0.157595801, 0.250412374, 0.400680975, -0.881305052, 0.162719727, -0.914672852, -0.369628906, -0.954272108, -0.0506802213, -0.294172423, 0, 2, 5, 1, 
429.731783, 53, 0.1, 0.1, 0.0217063586, 0.368875834, -0.0349678493, 0.878733408, -0.477312893, 8.19032421e-006, 0.477312893, 0.878733408, -2.11199117e-006, -6.18903089e-006, 5.76522454e-006, 1, 0.878733392, -0.477312923, -6.40893117e-006, 0.477312923, 0.878733392, -4.01096071e-007, 5.82319017e-006, -2.70660916e-006, 1, 0, 0, 0, 0, 0, 0, 0, 0.293796191, -0.102756909, -0.198859351, -0.112939755, 0.515668943, -0.849326168, -0.882324219, 0.340820312, 0.32421875, 0.456639267, 0.786065034, 0.416680436, 0, 0, -0, 0, 0, 0, 0, 0.36973584, -0.0596187988, -0.157355957, 0.24767774, 0.402667143, -0.881062249, 0.168579102, -0.913452148, -0.370117187, -0.953945816, -0.0567313448, -0.294146904, 0, 2, 5, 1, 
429.732475, 53, 0.1, 0.1, 0.0217063595, 0.368875829, -0.034966032, 0.878733451, -0.477312813, -1.21629072e-005, 0.477312813, 0.878733451, -3.46351711e-006, 1.23411345e-005, -2.76200309e-006, 1, 0.878733451, -0.477312813, -8.86319404e-006, 0.477312813, 0.878733451, 2.15147274e-006, 6.76145958e-006, -6.12108714e-006, 1, 0, 0, 0, 0, 0, 0, 0, 0.293796191, -0.102756909, -0.198859351, -0.112939755, 0.515668943, -0.849326168, -0.882324219, 0.340820312, 0.32421875, 0.456639267, 0.786065034, 0.416680436, 0, 0, -0, 0, 0, 0, 0, 0.36973584, -0.0596187988, -0.157355957, 0.24767774, 0.402667143, -0.881062249, 0.168579102, -0.913452148, -0.370117187, -0.953945816, -0.0567313448, -0.294146904, 0, 2, 5, 1, 
429.733162, 53, 0.1, 0.1, 0.0217063596, 0.368875824, -0.0349654728, 0.878733388, -0.47731293, 8.67297773e-006, 0.47731293, 0.878733388, 1.23737631e-005, -1.35273922e-005, -6.73351432e-006, 1, 0.878733408, -0.477312893, 1.06046633e-005, 0.477312893, 0.878733408, 9.96583411e-006, -1.40754931e-005, -3.69556883e-006, 1, 0, 0, 0, 0, 0, 0, 0, 0.293796191, -0.102756909, -0.198859351, -0.112939755, 0.515668943, -0.849326168, -0.882324219, 0.340820312, 0.32421875, 0.456639267, 0.786065034, 0.416680436, 0, 0, -0, 0, 0, 0, 0, 0.36973584, -0.0596187988, -0.157355957, 0.24767774, 0.402667143, -0.881062249, 0.168579102, -0.913452148, -0.370117187, -0.953945816, -0.0567313448, -0.294146904, 0, 2, 5, 1, 
429.733884, 53, 0.1, 0.1, 0.0217063629, 0.36887582, -0.0349660939, 0.878733283, -0.477313122, -7.24019246e-006, 0.477313122, 0.878733283, 1.43555667e-006, 5.67698806e-006, -4.71731029e-006, 1, 0.8787333, -0.477313091, -8.70161798e-006, 0.477313091, 0.8787333, -9.82143736e-006, 1.23343021e-005, 4.47702789e-006, 1, 0, 0, 0, 0, 0, 0, 0, 0.295210327, -0.105237964, -0.198407495, -0.115525211, 0.515003948, -0.849249784, -0.884765625, 0.335083008, 0.323608398, 0.451239942, 0.788889381, 0.417162705, 0, 0, -0, 0, 0, 0, 0, 0.37102915, -0.0617117188, -0.156938281, 0.24673861, 0.403292374, -0.881030533, 0.174560547, -0.912841797, -0.368896484, -0.953185324, -0.0626800231, -0.295616483, 0, 2, 5, 1, 
429.734576, 53, 0.1, 0.1, 0.0217063624, 0.368875814, -0.0349675236, 0.87873328, -0.477313129, -3.02538748e-006, 0.477313129, 0.87873328, -6.25437822e-006, 5.6438055e-006, 4.05187312e-006, 1, 0.878733272, -0.477313142, 8.75868824e-006, 0.477313142, 0.878733272, -3.49765981e-006, -6.02707178e-006, 7.25414706e-006, 1, 0, 0, 0, 0, 0, 0, 0, 0.295210327, -0.105237964, -0.198407495, -0.115525211, 0.515003948, -0.849249784, -0.884765625, 0.335083008, 0.323608398, 0.451239942, 0.788889381, 0.417162705, 0, 0, -0, 0, 0, 0, 0, 0.37102915, -0.0617117188, -0.156938281, 0.24673861, 0.403292374, -0.881030533, 0.174560547, -0.912841797, -0.368896484, -0.953185324, -0.0626800231, -0.295616483, 0, 2, 5, 1, 
429.735267, 53, 0.1, 0.1, 0.0217063647, 0.368875809, -0.0349695241, 0.878733358, -0.477312985, 1.35488358e-005, 0.477312985, 0.878733358, 3.39435859e-007, -1.20678311e-005, 6.16876163e-006, 1, 0.878733343, -0.477313013, 7.60011258e-006, 0.477313013, 0.878733343, 8.57336083e-008, -6.7193941e-006, 3.55229565e-006, 1, 0, 0, 0, 0, 0, 0, 0, 0.295210327, -0.105237964, -0.198407495, -0.115525211, 0.515003948, -0.849249784, -0.884765625, 0.335083008, 0.323608398, 0.451239942, 0.788889381, 0.417162705, 0, 0, -0, 0, 0, 0, 0, 0.37102915, -0.0617117188, -0.156938281, 0.24673861, 0.403292374, -0.881030533, 0.174560547, -0.912841797, -0.368896484, -0.953185324, -0.0626800231, -0.295616483, 0, 2, 5, 1, 
429.735961, 53, 0.1, 0.1, 0.0217063668, 0.368875803, -0.0349714617, 0.878733393, -0.47731292, -6.34297502e-006, 0.47731292, 0.878733393, -8.37243832e-006, 9.57005694e-006, 4.32955721e-006, 1, 0.878733394, -0.477312918, -1.02191476e-005, 0.477312918, 0.878733394, -1.71003358e-006, 9.79612736e-006, -3.37506754e-006, 1, 0, 0, 0, 0, 0, 0, 0, 0.295210327, -0.105237964, -0.198407495, -0.115525211, 0.515003948, -0.849249784, -0.884765625, 0.335083008, 0.323608398, 0.451239942, 0.788889381, 0.417162705, 0, 0, -0, 0, 0, 0, 0, 0.37102915, -0.0617117188, -0.156938281, 0.24673861, 0.403292374, -0.881030533, 0.174560547, -0.912841797, -0.368896484, -0.953185324, -0.0626800231, -0.295616483, 0, 2, 5, 1, 
429.736648, 53, 0.1, 0.1, 0.0217063668, 0.368875798, -0.0349728238, 0.878733338, -0.477313021, 2.30295083e-006, 0.477313021, 0.878733338, 4.01443516e-006, -3.93982185e-006, -2.42838959e-006, 1, 0.878733353, -0.477312993, 5.87790548e-006, 0.477312993, 0.878733353, 8.88781594e-006, -9.40738162e-006, -5.00441964e-006, 1, 0, 0, 0, 0, 0, 0, 0, 0.295210327, -0.105237964, -0.198407495, -0.115525211, 0.515003948, -0.849249784, -0.884765625, 0.335083008, 0.323608398, 0.451239942, 0.788889381, 0.417162705, 0, 0, -0, 0, 0, 0, 0, 0.37102915, -0.0617117188, -0.156938281, 0.24673861, 0.403292374, -0.881030533, 0.174560547, -0.912841797, -0.368896484, -0.953185324, -0.0626800231, -0.295616483, 0, 2, 5, 1, 
429.737351, 53, 0.1, 0.1, 0.0217063699, 0.368875794, -0.0349732004, 0.878733276, -0.477313137, 1.80142926e-006, 0.477313137, 0.878733276, 5.71917123e-006, -4.31281139e-006, -4.16578022e-006, 1, 0.878733282, -0.477313125, -6.18250638e-006, 0.477313125, 0.878733282, -9.83211987e-007, 5.9020741e-006, -2.08701034e-006, 1, 0, 0, 0, 0, 0, 0, 0, 0.295210327, -0.105237964, -0.198407495, -0.115525211, 0.515003948, -0.849249784, -0.884765625, 0.335083008, 0.323608398, 0.451239942, 0.788889381, 0.417162705, 0, 0, -0, 0, 0, 0, 0, 0.37102915, -0.0617117188, -0.156938281, 0.24673861, 0.403292374, -0.881030533, 0.174560547, -0.912841797, -0.368896484, -0.953185324, -0.0626800231, -0.295616483, 0, 2, 5, 1, 
429.738043, 53, 0.1, 0.1, 0.0217063708, 0.36887579, -0.0349724563, 0.878733299, -0.477313094, -1.12556047e-005, 0.477313094, 0.878733299, -3.71527101e-006, 1.16640221e-005, -2.10771514e-006, 1, 0.878733286, -0.477313117, -3.81710837e-006, 0.477313117, 0.878733286, -8.03786559e-006, 7.19079887e-006, 5.24118415e-006, 1, 0, 0, 0, 0, 0, 0, 0, 0.295210327, -0.105237964, -0.198407495, -0.115525211, 0.515003948, -0.849249784, -0.884765625, 0.335083008, 0.323608398, 0.451239942, 0.788889381, 0.417162705, 0, 0, -0, 0, 0, 0, 0, 0.37102915, -0.0617117188, -0.156938281, 0.24673861, 0.403292374, -0.881030533, 0.174560547, -0.912841797, -0.368896484, -0.953185324, -0.0626800231, -0.295616483, 0, 2, 5, 1, 
429.738762, 53, 0.1, 0.1, 0.0217063709, 0.368875786, -0.0349707555, 0.878733375, -0.477312953, 1.27293045e-005, 0.477312953, 0.878733376, 3.84673641e-007, -1.13692744e-005, 5.73783636e-006, 1, 0.878733362, -0.477312977, 1.46758561e-005, 0.477312977, 0.878733362, -1.94735748e-006, -1.19666654e-005, 8.71618456e-006, 1, 0, 0, 0, 0, 0, 0, 0, 0.297032495, -0.106782715, -0.19815459, -0.118758809, 0.515157838, -0.848760401, -0.888061523, 0.327148437, 0.322875977, 0.444089393, 0.79220199, 0.41869189, 0, 0, -0, 0, 0, 0, 0, 0.372312695, -0.0630841309, -0.156282715, 0.245505638, 0.405188857, -0.880558053, 0.182617187, -0.911376953, -0.368530273, -0.951964745, -0.0702134854, -0.297776192, 0, 2, 5, 1, 
429.739453, 53, 0.1, 0.1, 0.0217063738, 0.368875782, -0.0349687808, 0.878733386, -0.477312933, 5.0461156e-007, 0.477312933, 0.878733386, -9.27516666e-006, 3.98373797e-006, 8.39125623e-006, 1, 0.878733392, -0.477312921, -6.13174128e-006, 0.477312921, 0.878733392, -1.01950897e-005, 1.02544139e-005, 6.0320064e-006, 1, 0, 0, 0, 0, 0, 0, 0, 0.297032495, -0.106782715, -0.19815459, -0.118758809, 0.515157838, -0.848760401, -0.888061523, 0.327148437, 0.322875977, 0.444089393, 0.79220199, 0.41869189, 0, 0, -0, 0, 0, 0, 0, 0.372312695, -0.0630841309, -0.156282715, 0.245505638, 0.405188857, -0.880558053, 0.182617187, -0.911376953, -0.368530273, -0.951964745, -0.0702134854, -0.297776192, 0, 2, 5, 1, 
429.740148, 53, 0.1, 0.1, 0.0217063735, 0.368875776, -0.034967215, 0.878733304, -0.477313084, -3.94055035e-006, 0.477313084, 0.878733304, -7.179401e-006, 6.88951486e-006, 4.42790252e-006, 1, 0.878733324, -0.477313047, 2.75164539e-006, 0.477313047, 0.878733324, 6.1034688e-006, -5.33122779e-006, -4.04992518e-006, 1, 0, 0, 0, 0, 0, 0, 0, 0.297032495, -0.106782715, -0.19815459, -0.118758809, 0.515157838, -0.848760401, -0.888061523, 0.327148437, 0.322875977, 0.444089393, 0.79220199, 0.41869189, 0, 0, -0, 0, 0, 0, 0, 0.372312695, -0.0630841309, -0.156282715, 0.245505638, 0.405188857, -0.880558053, 0.182617187, -0.911376953, -0.368530273, -0.951964745, -0.0702134854, -0.297776192, 0, 2, 5, 1, 
429.740837, 53, 0.1, 0.1, 0.0217063761, 0.368875771, -0.0349665365, 0.878733246, -0.477313192, 8.08244045e-006, 0.477313192, 0.878733246, 9.4926336e-006, -1.16332684e-005, -4.48363728e-006, 1, 0.878733249, -0.477313186, 1.37343348e-006, 0.477313186, 0.878733249, 9.66968162e-006, -5.82234821e-006, -7.84151283e-006, 1, 0, 0, 0, 0, 0, 0, 0, 0.297032495, -0.106782715, -0.19815459, -0.118758809, 0.515157838, -0.848760401, -0.888061523, 0.327148437, 0.322875977, 0.444089393, 0.79220199, 0.41869189, 0, 0, -0, 0, 0, 0, 0, 0.372312695, -0.0630841309, -0.156282715, 0.245505638, 0.405188857, -0.880558053, 0.182617187, -0.911376953, -0.368530273, -0.951964745, -0.0702134854, -0.297776192, 0, 2, 5, 1, 
429.741529, 53, 0.1, 0.1, 0.0217063784, 0.368875767, -0.0349668569, 0.878733295, -0.4773131, -1.45838741e-005, 0.4773131, 0.878733295, 8.08124477e-007, 1.24296074e-005, -7.67120005e-006, 1, 0.878733278, -0.477313132, -1.38025043e-005, 0.477313132, 0.878733278, -2.03068996e-006, 1.30979949e-005, -4.80368173e-006, 1, 0, 0, 0, 0, 0, 0, 0, 0.297032495, -0.106782715, -0.19815459, -0.118758809, 0.515157838, -0.848760401, -0.888061523, 0.327148437, 0.322875977, 0.444089393, 0.79220199, 0.41869189, 0, 0, -0, 0, 0, 0, 0, 0.372312695, -0.0630841309, -0.156282715, 0.245505638, 0.405188857, -0.880558053, 0.182617187, -0.911376953, -0.368530273, -0.951964745, -0.0702134854, -0.297776192, 0, 2, 5, 1, 
429.742219, 53, 0.1, 0.1, 0.0217063778, 0.368875762, -0.0349680225, 0.878733382, -0.477312941, 3.2425188e-006, 0.477312941, 0.878733382, 7.16647919e-006, -6.26996278e-006, -4.74972831e-006, 1, 0.878733367, -0.477312968, 1.25130247e-005, 0.477312968, 0.878733367, 2.66719685e-006, -1.22687e-005, 3.6288741e-006, 1, 0, 0, 0, 0, 0, 0, 0, 0.297032495, -0.106782715, -0.19815459, -0.118758809, 0.515157838, -0.848760401, -0.888061523, 0.327148437, 0.322875977, 0.444089393, 0.79220199, 0.41869189, 0, 0, -0, 0, 0, 0, 0, 0.372312695, -0.0630841309, -0.156282715, 0.245505638, 0.405188857, -0.880558053, 0.182617187, -0.911376953, -0.368530273, -0.951964745, -0.0702134854, -0.297776192, 0, 2, 5, 1, 
429.742911, 53, 0.1, 0.1, 0.0217063806, 0.368875758, -0.0349696477, 0.87873338, -0.477312945, 7.65674778e-006, 0.477312945, 0.87873338, -4.30370239e-007, -6.52281857e-006, 4.03284553e-006, 1, 0.878733388, -0.47731293, -5.5751546e-007, 0.47731293, 0.878733388, -8.18376028e-006, 4.39612205e-006, 6.92523406e-006, 1, 0, 0, 0, 0, 0, 0, 0, 0.297032495, -0.106782715, -0.19815459, -0.118758809, 0.515157838, -0.848760401, -0.888061523, 0.327148437, 0.322875977, 0.444089393, 0.79220199, 0.41869189, 0, 0, -0, 0, 0, 0, 0, 0.372312695, -0.0630841309, -0.156282715, 0.245505638, 0.405188857, -0.880558053, 0.182617187, -0.911376953, -0.368530273, -0.951964745, -0.0702134854, -0.297776192, 0, 2, 5, 1, 
429.74363, 53, 0.1, 0.1, 0.0217063815, 0.368875753, -0.0349710262, 0.878733297, -0.477313096, -6.79099759e-006, 0.477313096, 0.878733297, -1.09898705e-005, 1.12130848e-005, 6.41573305e-006, 1, 0.878733313, -0.477313067, -3.3758284e-006, 0.477313067, 0.878733313, -6.34813684e-006, 5.99650154e-006, 3.96699231e-006, 1, 0, 0, 0, 0, 0, 0, 0, 0.29892168, -0.108741968, -0.197661597, -0.120735437, 0.516002931, -0.847997683, -0.890869141, 0.32043457, 0.321899414, 0.437852088, 0.794416387, 0.421166518, 0, 0, -0, 0, 0, 0, 0, 0.374119141, -0.0646062988, -0.155376074, 0.24535252, 0.407820313, -0.879376486, 0.190185547, -0.909667969, -0.368896484, -0.950507926, -0.0765650146, -0.300843315, 0, 2, 5, 1, 
429.744321, 53, 0.1, 0.1, 0.0217063826, 0.368875748, -0.0349718079, 0.878733261, -0.477313164, 1.04374421e-005, 0.477313164, 0.878733261, 1.78104048e-007, -9.25673893e-006, 4.82542255e-006, 1, 0.87873326, -0.477313165, 7.12848661e-006, 0.477313165, 0.87873326, 7.14144312e-006, -9.67274309e-006, -2.87290309e-006, 1, 0, 0, 0, 0, 0, 0, 0, 0.29892168, -0.108741968, -0.197661597, -0.120735437, 0.516002931, -0.847997683, -0.890869141, 0.32043457, 0.321899414, 0.437852088, 0.794416387, 0.421166518, 0, 0, -0, 0, 0, 0, 0, 0.374119141, -0.0646062988, -0.155376074, 0.24535252, 0.407820313, -0.879376486, 0.190185547, -0.909667969, -0.368896484, -0.950507926, -0.0765650146, -0.300843315, 0, 2, 5, 1, 
429.745011, 53, 0.1, 0.1, 0.0217063856, 0.368875745, -0.0349719694, 0.878733315, -0.477313065, -5.14623527e-006, 0.477313065, 0.878733315, 1.84607287e-008, 4.51335683e-006, -2.47258739e-006, 1, 0.8787333, -0.477313092, -1.13726585e-005, 0.477313092, 0.8787333, -3.69238591e-007, 1.01697762e-005, -5.10385657e-006, 1, 0, 0, 0, 0, 0, 0, 0, 0.29892168, -0.108741968, -0.197661597, -0.120735437, 0.516002931, -0.847997683, -0.890869141, 0.32043457, 0.321899414, 0.437852088, 0.794416387, 0.421166518, 0, 0, -0, 0, 0, 0, 0, 0.374119141, -0.0646062988, -0.155376074, 0.24535252, 0.407820313, -0.879376486, 0.190185547, -0.909667969, -0.368896484, -0.950507926, -0.0765650146, -0.300843315, 0, 2, 5, 1, 
429.7457, 53, 0.1, 0.1, 0.0217063849, 0.36887574, -0.034971511, 0.878733376, -0.477312952, -6.48250485e-006, 0.477312952, 0.878733376, 1.82657638e-006, 4.8245448e-006, -4.69925716e-006, 1, 0.87873337, -0.477312963, 3.53210198e-006, 0.477312963, 0.87873337, 4.83083552e-006, -5.40959629e-006, -2.55909832e-006, 1, 0, 0, 0, 0, 0, 0, 0, 0.29892168, -0.108741968, -0.197661597, -0.120735437, 0.516002931, -0.847997683, -0.890869141, 0.32043457, 0.321899414, 0.437852088, 0.794416387, 0.421166518, 0, 0, -0, 0, 0, 0, 0, 0.374119141, -0.0646062988, -0.155376074, 0.24535252, 0.407820313, -0.879376486, 0.190185547, -0.909667969, -0.368896484, -0.950507926, -0.0765650146, -0.300843315, 0, 2, 5, 1, 
429.746413, 53, 0.1, 0.1, 0.0217063858, 0.368875737, -0.0349703712, 0.878733346, -0.477313007, 1.01011382e-005, 0.477313007, 0.878733346, 7.69209895e-006, -1.25477459e-005, -1.9378992e-006, 1, 0.878733361, -0.47731298, 9.69615252e-006, 0.47731298, 0.878733361, -1.71496894e-006, -7.70175575e-006, 6.13509987e-006, 1, 0, 0, 0, 0, 0, 0, 0, 0.29892168, -0.108741968, -0.197661597, -0.120735437, 0.516002931, -0.847997683, -0.890869141, 0.32043457, 0.321899414, 0.437852088, 0.794416387, 0.421166518, 0, 0, -0, 0, 0, 0, 0, 0.375725537, -0.066382959, -0.154705859, 0.245576367, 0.409768203, -0.878463243, 0.196777344, -0.908325195, -0.368774414, -0.949134229, -0.0822519333, -0.303693154, 0, 2, 5, 1, 
429.747104, 53, 0.1, 0.1, 0.0217063874, 0.368875733, -0.03496912, 0.878733263, -0.47731316, -7.43190748e-006, 0.47731316, 0.878733263, -9.46394719e-006, 1.10479308e-005, 4.76893796e-006, 1, 0.878733277, -0.477313133, -6.12710948e-006, 0.477313133, 0.878733277, -1.24682131e-005, 1.13353369e-005, 8.03168398e-006, 1, 0, 0, 0, 0, 0, 0, 0, 0.29892168, -0.108741968, -0.197661597, -0.120735437, 0.516002931, -0.847997683, -0.890869141, 0.32043457, 0.321899414, 0.437852088, 0.794416387, 0.421166518, 0, 0, -0, 0, 0, 0, 0, 0.375725537, -0.066382959, -0.154705859, 0.245576367, 0.409768203, -0.878463243, 0.196777344, -0.908325195, -0.368774414, -0.949134229, -0.0822519333, -0.303693154, 0, 2, 5, 1, 
429.747792, 53, 0.1, 0.1, 0.0217063871, 0.368875728, -0.0349681886, 0.878733248, -0.477313187, 7.24698479e-006, 0.477313187, 0.878733248, -4.12658517e-006, -4.39849296e-006, 7.085249e-006, 1, 0.878733243, -0.477313197, 1.16722654e-005, 0.477313197, 0.878733243, 1.04827039e-006, -1.0757161e-005, 4.65017629e-006, 1, 0, 0, 0, 0, 0, 0, 0, 0.29892168, -0.108741968, -0.197661597, -0.120735437, 0.516002931, -0.847997683, -0.890869141, 0.32043457, 0.321899414, 0.437852088, 0.794416387, 0.421166518, 0, 0, -0, 0, 0, 0, 0, 0.375725537, -0.066382959, -0.154705859, 0.245576367, 0.409768203, -0.878463243, 0.196777344, -0.908325195, -0.368774414, -0.949134229, -0.0822519333, -0.303693154, 0, 2, 5, 1, 
429.748501, 53, 0.1, 0.1, 0.0217063909, 0.368875724, -0.0349676947, 0.87873333, -0.477313036, 7.42721076e-006, 0.477313036, 0.87873333, 1.43315674e-007, -6.59494408e-006, 3.41916826e-006, 1, 0.878733311, -0.477313072, -7.07089204e-006, 0.477313072, 0.878733311, 1.80437178e-006, 5.35217814e-006, -4.96059079e-006, 1, 0, 0, 0, 0, 0, 0, 0, 0.301080249, -0.110976709, -0.196985278, -0.121785717, 0.51580111, -0.847971473, -0.893920898, 0.314086914, 0.319580078, 0.43122088, 0.797043783, 0.422892654, 0, 0, -0, 0, 0, 0, 0, 0.375725537, -0.066382959, -0.154705859, 0.245576367, 0.409768203, -0.878463243, 0.196777344, -0.908325195, -0.368774414, -0.949134229, -0.0822519333, -0.303693154, 0, 2, 5, 1, 
429.749191, 53, 0.1, 0.1, 0.0217063917, 0.368875719, -0.0349677658, 0.878733388, -0.477312929, -1.21765351e-005, 0.477312929, 0.878733389, -1.04459676e-006, 1.11985275e-005, -4.89409557e-006, 1, 0.878733385, -0.477312934, -8.99739009e-006, 0.477312934, 0.878733385, 4.50284438e-006, 5.75704119e-006, -8.25137035e-006, 1, 0, 0, 0, 0, 0, 0, 0, 0.301080249, -0.110976709, -0.196985278, -0.121785717, 0.51580111, -0.847971473, -0.893920898, 0.314086914, 0.319580078, 0.43122088, 0.797043783, 0.422892654, 0, 0, -0, 0, 0, 0, 0, 0.375725537, -0.066382959, -0.154705859, 0.245576367, 0.409768203, -0.878463243, 0.196777344, -0.908325195, -0.368774414, -0.949134229, -0.0822519333, -0.303693154, 0, 2, 5, 1, 
429.749878, 53, 0.1, 0.1, 0.0217063919, 0.368875714, -0.0349684802, 0.878733343, -0.477313013, 7.12911531e-006, 0.477313013, 0.878733343, 1.18158182e-005, -1.19044351e-005, -6.9801339e-006, 1, 0.878733359, -0.477312983, 8.81578672e-006, 0.477312983, 0.878733359, 9.83742263e-006, -1.24422554e-005, -4.43658197e-006, 1, 0, 0, 0, 0, 0, 0, 0, 0.301080249, -0.110976709, -0.196985278, -0.121785717, 0.51580111, -0.847971473, -0.893920898, 0.314086914, 0.319580078, 0.43122088, 0.797043783, 0.422892654, 0, 0, -0, 0, 0, 0, 0, 0.375725537, -0.066382959, -0.154705859, 0.245576367, 0.409768203, -0.878463243, 0.196777344, -0.908325195, -0.368774414, -0.949134229, -0.0822519333, -0.303693154, 0, 2, 5, 1, 
429.750569, 53, 0.1, 0.1, 0.0217063946, 0.368875712, -0.0349695701, 0.878733263, -0.477313161, -6.44571204e-006, 0.477313161, 0.878733263, 7.26094111e-007, 5.3174873e-006, -3.71466623e-006, 1, 0.878733276, -0.477313136, -7.76930076e-006, 0.477313136, 0.878733276, -8.99208747e-006, 1.11191846e-005, 4.19325717e-006, 1, 0, 0, 0, 0, 0, 0, 0, 0.301080249, -0.110976709, -0.196985278, -0.121785717, 0.51580111, -0.847971473, -0.893920898, 0.314086914, 0.319580078, 0.43122088, 0.797043783, 0.422892654, 0, 0, -0, 0, 0, 0, 0, 0.375725537, -0.066382959, -0.154705859, 0.245576367, 0.409768203, -0.878463243, 0.196777344, -0.908325195, -0.368774414, -0.949134229, -0.0822519333, -0.303693154, 0, 2, 5, 1, 
429.751286, 53, 0.1, 0.1, 0.0217063937, 0.368875707, -0.0349703736, 0.878733269, -0.477313149, -2.38612243e-006, 0.477313149, 0.878733269, -6.56864063e-006, 5.23206371e-006, 4.63315544e-006, 1, 0.87873326, -0.477313165, 8.51141277e-006, 0.477313166, 0.87873326, -3.98126815e-006, -5.57894979e-006, 7.56108211e-006, 1, 0, 0, 0, 0, 0, 0, 0, 0.302803076, -0.113461792, -0.196329224, -0.122683229, 0.515078828, -0.848300975, -0.896484375, 0.308959961, 0.317260742, 0.425554211, 0.799506428, 0.423933577, 0, 0, -0, 0, 0, 0, 0, 0.377065479, -0.0684192383, -0.153820459, 0.245205965, 0.411070804, -0.877856601, 0.202880859, -0.907226563, -0.368164062, -0.947945732, -0.0876384463, -0.305961505, 0, 2, 5, 1, 
429.751975, 53, 0.1, 0.1, 0.0217063955, 0.368875703, -0.0349709432, 0.878733349, -0.477313, 1.27698802e-005, 0.477313, 0.87873335, -7.3084336e-007, -1.08724785e-005, 6.73744625e-006, 1, 0.878733334, -0.47731303, 7.30018244e-006, 0.47731303, 0.878733334, -1.04097401e-006, -5.91804319e-006, 4.39921076e-006, 1, 0, 0, 0, 0, 0, 0, 0, 0.302803076, -0.113461792, -0.196329224, -0.122683229, 0.515078828, -0.848300975, -0.896484375, 0.308959961, 0.317260742, 0.425554211, 0.799506428, 0.423933577, 0, 0, -0, 0, 0, 0, 0, 0.377065479, -0.0684192383, -0.153820459, 0.245205965, 0.411070804, -0.877856601, 0.202880859, -0.907226563, -0.368164062, -0.947945732, -0.0876384463, -0.305961505, 0, 2, 5, 1, 
429.752663, 53, 0.1, 0.1, 0.0217063976, 0.368875699, -0.0349711808, 0.878733387, -0.477312931, -6.98833777e-006, 0.477312931, 0.878733387, -8.95853723e-006, 1.04169114e-005, 4.53654178e-006, 1, 0.878733388, -0.47731293, -1.10429175e-005, 0.47731293, 0.878733388, -2.46853857e-006, 1.08820457e-005, -3.10174004e-006, 1, 0, 0, 0, 0, 0, 0, 0, 0.302803076, -0.113461792, -0.196329224, -0.122683229, 0.515078828, -0.848300975, -0.896484375, 0.308959961, 0.317260742, 0.425554211, 0.799506428, 0.423933577, 0, 0, -0, 0, 0, 0, 0, 0.377065479, -0.0684192383, -0.153820459, 0.245205965, 0.411070804, -0.877856601, 0.202880859, -0.907226563, -0.368164062, -0.947945732, -0.0876384463, -0.305961505, 0, 2, 5, 1, 
429.753354, 53, 0.1, 0.1, 0.0217063974, 0.368875694, -0.0349710184, 0.878733334, -0.47731303, 1.7422031e-006, 0.47731303, 0.878733334, 5.39921627e-006, -4.10804822e-006, -3.91289507e-006, 1, 0.878733349, -0.477313002, 5.61344957e-006, 0.477313002, 0.878733349, 1.04500606e-005, -9.92067511e-006, -6.50344425e-006, 1, 0, 0, 0, 0, 0, 0, 0, 0.302803076, -0.113461792, -0.196329224, -0.122683229, 0.515078828, -0.848300975, -0.896484375, 0.308959961, 0.317260742, 0.425554211, 0.799506428, 0.423933577, 0, 0, -0, 0, 0, 0, 0, 0.377065479, -0.0684192383, -0.153820459, 0.245205965, 0.411070804, -0.877856601, 0.202880859, -0.907226563, -0.368164062, -0.947945732, -0.0876384463, -0.305961505, 0, 2, 5, 1, 
429.754047, 53, 0.1, 0.1, 0.0217064005, 0.368875691, -0.0349705342, 0.878733271, -0.477313144, 1.0885985e-006, 0.477313144, 0.878733271, 8.39298827e-006, -4.96267134e-006, -6.85559567e-006, 1, 0.878733277, -0.477313134, -7.31273194e-006, 0.477313134, 0.878733277, 1.20489e-006, 5.85083108e-006, -4.54923993e-006, 1, 0, 0, 0, 0, 0, 0, 0, 0.302803076, -0.113461792, -0.196329224, -0.122683229, 0.515078828, -0.848300975, -0.896484375, 0.308959961, 0.317260742, 0.425554211, 0.799506428, 0.423933577, 0, 0, -0, 0, 0, 0, 0, 0.377065479, -0.0684192383, -0.153820459, 0.245205965, 0.411070804, -0.877856601, 0.202880859, -0.907226563, -0.368164062, -0.947945732, -0.0876384463, -0.305961505, 0, 2, 5, 1, 
429.754733, 53, 0.1, 0.1, 0.0217064012, 0.368875688, -0.0349699029, 0.878733302, -0.477313088, -1.22570124e-005, 0.477313088, 0.878733302, -1.8250783e-006, 1.16417787e-005, -4.24667536e-006, 1, 0.878733287, -0.477313116, -4.15604242e-006, 0.477313116, 0.878733287, -6.5084218e-006, 6.75860791e-006, 3.73543332e-006, 1, 0, 0, 0, 0, 0, 0, 0, 0.302803076, -0.113461792, -0.196329224, -0.122683229, 0.515078828, -0.848300975, -0.896484375, 0.308959961, 0.317260742, 0.425554211, 0.799506428, 0.423933577, 0, 0, -0, 0, 0, 0, 0, 0.377065479, -0.0684192383, -0.153820459, 0.245205965, 0.411070804, -0.877856601, 0.202880859, -0.907226563, -0.368164062, -0.947945732, -0.0876384463, -0.305961505, 0, 2, 5, 1, 
429.75543, 53, 0.1, 0.1, 0.0217064014, 0.368875684, -0.0349692358, 0.878733386, -0.477312933, 1.2133301e-005, 0.477312933, 0.878733386, 2.41606217e-006, -1.18151544e-005, 3.668307e-006, 1, 0.878733371, -0.47731296, 1.37967377e-005, 0.47731296, 0.878733371, 5.20020592e-008, -1.21484751e-005, 6.53966576e-006, 1, 0, 0, 0, 0, 0, 0, 0, 0.302803076, -0.113461792, -0.196329224, -0.122683229, 0.515078828, -0.848300975, -0.896484375, 0.308959961, 0.317260742, 0.425554211, 0.799506428, 0.423933577, 0, 0, -0, 0, 0, 0, 0, 0.377065479, -0.0684192383, -0.153820459, 0.245205965, 0.411070804, -0.877856601, 0.202880859, -0.907226563, -0.368164062, -0.947945732, -0.0876384463, -0.305961505, 0, 2, 5, 1, 
429.756147, 53, 0.1, 0.1, 0.0217064045, 0.36887568, -0.0349685047, 0.878733405, -0.477312899, -1.12245787e-007, 0.477312899, 0.878733405, -9.0250118e-006, 4.40638867e-006, 7.87700298e-006, 1, 0.87873341, -0.477312889, -7.0699279e-006, 0.477312889, 0.87873341, -9.53732685e-006, 1.07648709e-005, 5.00620004e-006, 1, 0, 0, 0, 0, 0, 0, 0, 0.304456689, -0.1159177, -0.196087793, -0.124970263, 0.514940286, -0.848008544, -0.89855957, 0.303466797, 0.316650391, 0.420478396, 0.801753025, 0.424999588, 0, 0, -0, 0, 0, 0, 0, 0.378363916, -0.0702474121, -0.153164648, 0.244228556, 0.412303043, -0.877569322, 0.208984375, -0.90612793, -0.367553711, -0.946821035, -0.0935233255, -0.307526966, 0, 2, 5, 1, 
429.756833, 53, 0.1, 0.1, 0.0217064038, 0.368875675, -0.0349682221, 0.878733327, -0.477313042, -2.19765223e-006, 0.477313042, 0.878733327, -7.8498412e-006, 5.67798184e-006, 5.848949e-006, 1, 0.878733346, -0.477313008, 3.95369879e-006, 0.477313008, 0.878733346, 5.15893511e-006, -5.9366738e-006, -2.64617645e-006, 1, 0, 0, 0, 0, 0, 0, 0, 0.304456689, -0.1159177, -0.196087793, -0.124970263, 0.514940286, -0.848008544, -0.89855957, 0.303466797, 0.316650391, 0.420478396, 0.801753025, 0.424999588, 0, 0, -0, 0, 0, 0, 0, 0.378363916, -0.0702474121, -0.153164648, 0.244228556, 0.412303043, -0.877569322, 0.208984375, -0.90612793, -0.367553711, -0.946821035, -0.0935233255, -0.307526966, 0, 2, 5, 1, 
429.757524, 53, 0.1, 0.1, 0.0217064054, 0.368875672, -0.03496845, 0.878733272, -0.477313143, 8.97955832e-006, 0.477313143, 0.878733272, 7.36550247e-006, -1.14062878e-005, -2.18625088e-006, 1, 0.878733275, -0.477313138, 2.90539677e-006, 0.477313138, 0.878733275, 7.54740203e-006, -6.15554297e-006, -5.24536925e-006, 1, 0, 0, 0, 0, 0, 0, 0, 0.304456689, -0.1159177, -0.196087793, -0.124970263, 0.514940286, -0.848008544, -0.89855957, 0.303466797, 0.316650391, 0.420478396, 0.801753025, 0.424999588, 0, 0, -0, 0, 0, 0, 0, 0.378363916, -0.0702474121, -0.153164648, 0.244228556, 0.412303043, -0.877569322, 0.208984375, -0.90612793, -0.367553711, -0.946821035, -0.0935233255, -0.307526966, 0, 2, 5, 1, 
429.758217, 53, 0.1, 0.1, 0.0217064072, 0.36887567, -0.0349690565, 0.878733318, -0.477313058, -1.32618751e-005, 0.477313058, 0.878733318, -7.3475564e-007, 1.200436e-005, -5.6844119e-006, 1, 0.878733302, -0.477313088, -1.2345855e-005, 0.477313088, 0.878733302, -3.40627694e-006, 1.24745745e-005, -2.89962921e-006, 1, 0, 0, 0, 0, 0, 0, 0, 0.304456689, -0.1159177, -0.196087793, -0.124970263, 0.514940286, -0.848008544, -0.89855957, 0.303466797, 0.316650391, 0.420478396, 0.801753025, 0.424999588, 0, 0, -0, 0, 0, 0, 0, 0.378363916, -0.0702474121, -0.153164648, 0.244228556, 0.412303043, -0.877569322, 0.208984375, -0.90612793, -0.367553711, -0.946821035, -0.0935233255, -0.307526966, 0, 2, 5, 1, 
429.758923, 53, 0.1, 0.1, 0.0217064061, 0.368875666, -0.0349697135, 0.878733402, -0.477312904, 3.22986048e-006, 0.477312904, 0.878733402, 5.38455775e-006, -5.40830518e-006, -3.18993666e-006, 1, 0.878733388, -0.47731293, 1.24326249e-005, 0.47731293, 0.878733388, 1.02705234e-006, -1.1415188e-005, 5.03174744e-006, 1, 0, 0, 0, 0, 0, 0, 0, 0.304456689, -0.1159177, -0.196087793, -0.124970263, 0.514940286, -0.848008544, -0.89855957, 0.303466797, 0.316650391, 0.420478396, 0.801753025, 0.424999588, 0, 0, -0, 0, 0, 0, 0, 0.379589355, -0.0717981445, -0.152488818, 0.242145772, 0.414781015, -0.877064759, 0.216552734, -0.904174805, -0.367797852, -0.945689775, -0.100750185, -0.308824104, 0, 2, 5, 1, 
429.759609, 53, 0.1, 0.1, 0.0217064086, 0.368875664, -0.034970345, 0.8787334, -0.477312907, 7.10213191e-006, 0.477312907, 0.8787334, -5.09444619e-007, -5.99771603e-006, 3.83760523e-006, 1, 0.878733408, -0.477312894, -7.202145e-007, 0.477312894, 0.878733408, -8.31738731e-006, 4.60287275e-006, 6.96499842e-006, 1, 0, 0, 0, 0, 0, 0, 0, 0.304456689, -0.1159177, -0.196087793, -0.124970263, 0.514940286, -0.848008544, -0.89855957, 0.303466797, 0.316650391, 0.420478396, 0.801753025, 0.424999588, 0, 0, -0, 0, 0, 0, 0, 0.379589355, -0.0717981445, -0.152488818, 0.242145772, 0.414781015, -0.877064759, 0.216552734, -0.904174805, -0.367797852, -0.945689775, -0.100750185, -0.308824104, 0, 2, 5, 1, 
429.7603, 53, 0.1, 0.1, 0.0217064095, 0.368875659, -0.0349708067, 0.878733324, -0.477313048, -7.4997258e-006, 0.477313048, 0.878733324, -9.84017846e-006, 1.12871046e-005, 5.06717574e-006, 1, 0.878733339, -0.47731302, -3.96321922e-006, 0.47731302, 0.878733339, -5.35692538e-006, 6.03954309e-006, 2.81561279e-006, 1, 0, 0, 0, 0, 0, 0, 0, 0.304456689, -0.1159177, -0.196087793, -0.124970263, 0.514940286, -0.848008544, -0.89855957, 0.303466797, 0.316650391, 0.420478396, 0.801753025, 0.424999588, 0, 0, -0, 0, 0, 0, 0, 0.379589355, -0.0717981445, -0.152488818, 0.242145772, 0.414781015, -0.877064759, 0.216552734, -0.904174805, -0.367797852, -0.945689775, -0.100750185, -0.308824104, 0, 2, 5, 1, 
429.761005, 53, 0.1, 0.1, 0.0217064104, 0.368875654, -0.0349708591, 0.878733292, -0.477313107, 1.03701804e-005, 0.477313107, 0.878733292, 2.06627209e-006, -1.00988815e-005, 3.13412092e-006, 1, 0.87873329, -0.47731311, 7.1686479e-006, 0.47731311, 0.87873329, 9.37440324e-006, -1.07738551e-005, -4.81591058e-006, 1, 0, 0, 0, 0, 0, 0, 0, 0.306310718, -0.117904785, -0.195607617, -0.127581928, 0.515220735, -0.847461873, -0.901489258, 0.295898437, 0.315673828, 0.413352935, 0.804304037, 0.426890475, 0, 0, -0, 0, 0, 0, 0, 0.379589355, -0.0717981445, -0.152488818, 0.242145772, 0.414781015, -0.877064759, 0.216552734, -0.904174805, -0.367797852, -0.945689775, -0.100750185, -0.308824104, 0, 2, 5, 1, 
429.761694, 53, 0.1, 0.1, 0.0217064135, 0.368875651, -0.034970552, 0.878733355, -0.477312991, -6.35547813e-006, 0.477312991, 0.878733355, 1.03225381e-006, 5.09206246e-006, -3.94062813e-006, 1, 0.878733338, -0.477313022, -1.28976701e-005, 0.477313022, 0.878733338, 7.77074221e-007, 1.0962705e-005, -6.8390669e-006, 1, 0, 0, 0, 0, 0, 0, 0, 0.306310718, -0.117904785, -0.195607617, -0.127581928, 0.515220735, -0.847461873, -0.901489258, 0.295898437, 0.315673828, 0.413352935, 0.804304037, 0.426890475, 0, 0, -0, 0, 0, 0, 0, 0.379589355, -0.0717981445, -0.152488818, 0.242145772, 0.414781015, -0.877064759, 0.216552734, -0.904174805, -0.367797852, -0.945689775, -0.100750185, -0.308824104, 0, 2, 5, 1, 
429.762392, 53, 0.1, 0.1, 0.0217064126, 0.368875647, -0.0349699817, 0.878733425, -0.477312862, -7.61604952e-006, 0.477312862, 0.878733425, 2.24528402e-006, 5.62077434e-006, -5.60824451e-006, 1, 0.878733418, -0.477312875, 3.02018374e-006, 0.477312875, 0.878733418, 5.54204081e-006, -5.29922381e-006, -3.42840388e-006, 1, 0, 0, 0, 0, 0, 0, 0, 0.306310718, -0.117904785, -0.195607617, -0.127581928, 0.515220735, -0.847461873, -0.901489258, 0.295898437, 0.315673828, 0.413352935, 0.804304037, 0.426890475, 0, 0, -0, 0, 0, 0, 0, 0.379589355, -0.0717981445, -0.152488818, 0.242145772, 0.414781015, -0.877064759, 0.216552734, -0.904174805, -0.367797852, -0.945689775, -0.100750185, -0.308824104, 0, 2, 5, 1, 
429.763097, 53, 0.1, 0.1, 0.0217064136, 0.368875645, -0.0349693577, 0.878733398, -0.477312911, 8.99683674e-006, 0.477312911, 0.878733398, 9.27400435e-006, -1.23324229e-005, -3.85507102e-006, 1, 0.878733414, -0.477312881, 8.43285322e-006, 0.477312881, 0.878733414, -1.25540703e-006, -6.81100795e-006, 5.12827757e-006, 1, 0, 0, 0, 0, 0, 0, 0, 0.306310718, -0.117904785, -0.195607617, -0.130733151, 0.515539375, -0.846775538, -0.904418945, 0.287719727, 0.314819336, 0.405942156, 0.807096184, 0.428882833, 0, 0, -0, 0, 0, 0, 0, 0.379589355, -0.0717981445, -0.152488818, 0.242145772, 0.414781015, -0.877064759, 0.216552734, -0.904174805, -0.367797852, -0.945689775, -0.100750185, -0.308824104, 0, 2, 5, 1, 
429.763801, 53, 0.1, 0.1, 0.0217064153, 0.368875642, -0.0349686168, 0.878733313, -0.477313067, -8.29043906e-006, 0.477313067, 0.878733313, -8.96840287e-006, 1.15658209e-005, 3.92369947e-006, 1, 0.878733328, -0.47731304, -7.17704179e-006, 0.47731304, 0.878733328, -1.17611605e-005, 1.19204611e-005, 6.90922809e-006, 1, 0, 0, 0, 0, 0, 0, 0, 0.308136304, -0.119665942, -0.195119995, -0.130733151, 0.515539375, -0.846775538, -0.904418945, 0.287719727, 0.314819336, 0.405942156, 0.807096184, 0.428882833, 0, 0, -0, 0, 0, 0, 0, 0.381233203, -0.0731178223, -0.152023047, 0.239539103, 0.417750789, -0.876291873, 0.225463867, -0.901855469, -0.368286133, -0.944245349, -0.109152782, -0.310338525, 0, 2, 5, 1, 
429.764489, 53, 0.1, 0.1, 0.0217064148, 0.368875637, -0.0349683169, 0.878733297, -0.477313098, 7.56528402e-006, 0.477313098, 0.878733297, -4.5167726e-006, -4.49195225e-006, 7.58004763e-006, 1, 0.878733291, -0.477313108, 1.17008227e-005, 0.477313108, 0.878733291, 8.39785409e-007, -1.0682743e-005, 4.84700863e-006, 1, 0, 0, 0, 0, 0, 0, 0, 0.308136304, -0.119665942, -0.195119995, -0.130733151, 0.515539375, -0.846775538, -0.904418945, 0.287719727, 0.314819336, 0.405942156, 0.807096184, 0.428882833, 0, 0, -0, 0, 0, 0, 0, 0.381233203, -0.0731178223, -0.152023047, 0.239539103, 0.417750789, -0.876291873, 0.225463867, -0.901855469, -0.368286133, -0.944245349, -0.109152782, -0.310338525, 0, 2, 5, 1, 
429.765177, 53, 0.1, 0.1, 0.0217064179, 0.368875635, -0.0349685242, 0.878733373, -0.477312957, 7.6933937e-006, 0.477312957, 0.878733373, -1.1948055e-006, -6.19014565e-006, 4.72207196e-006, 1, 0.878733355, -0.477312991, -6.48930727e-006, 0.477312991, 0.878733355, 5.55608435e-007, 5.43717162e-006, -3.58566232e-006, 1, 0, 0, 0, 0, 0, 0, 0, 0.308136304, -0.119665942, -0.195119995, -0.130733151, 0.515539375, -0.846775538, -0.904418945, 0.287719727, 0.314819336, 0.405942156, 0.807096184, 0.428882833, 0, 0, -0, 0, 0, 0, 0, 0.381233203, -0.0731178223, -0.152023047, 0.239539103, 0.417750789, -0.876291873, 0.225463867, -0.901855469, -0.368286133, -0.944245349, -0.109152782, -0.310338525, 0, 2, 5, 1, 
429.765866, 53, 0.1, 0.1, 0.0217064181, 0.368875631, -0.0349691335, 0.878733429, -0.477312854, -1.07369773e-005, 0.477312854, 0.878733429, -2.69787439e-006, 1.0722671e-005, -2.75418487e-006, 1, 0.878733426, -0.477312859, -7.5940978e-006, 0.477312859, 0.878733426, 2.60644954e-006, 5.42909569e-006, -5.91513487e-006, 1, 0, 0, 0, 0, 0, 0, 0, 0.308136304, -0.119665942, -0.195119995, -0.130733151, 0.515539375, -0.846775538, -0.904418945, 0.287719727, 0.314819336, 0.405942156, 0.807096184, 0.428882833, 0, 0, -0, 0, 0, 0, 0, 0.381233203, -0.0731178223, -0.152023047, 0.239539103, 0.417750789, -0.876291873, 0.225463867, -0.901855469, -0.368286133, -0.944245349, -0.109152782, -0.310338525, 0, 2, 5, 1, 
