time, trialNum, realDorsalTactorPos, realVentralTactorPos, boxPosX, boxPosY, boxPosZ, boxLocalRot_11, boxLocalRot_12, boxLocalRot_13, boxLocalRot_21, boxLocalRot_22, boxLocalRot_23, boxLocalRot_31, boxLocalRot_32, boxLocalRot_33, boxGlobalRot_11, boxGlobalRot_12, boxGlobalRot_13, boxGlobalRot_21, boxGlobalRot_22, boxGlobalRot_23, boxGlobalRot_31, boxGlobalRot_32, boxGlobalRot_33, indexForceX, indexForceY, indexForceZ, indexForceGlobalX, indexForceGlobalY, indexForceGlobalZ, indexContact, indexPosX, indexPosY, indexPosZ, indexRot_11, indexRot_12, indexRot_13, indexRot_21, indexRot_22, indexRot_23, indexRot_31, indexRot_32, indexRot_33, thumbForceX, thumbForceY, thumbForceZ, thumbForceGlobalX, thumbForceGlobalY, thumbForceGlobalZ, thumbContact, thumbPosX, thumbPosY, thumbPosZ, thumbRot_11, thumbRot_12, thumbRot_13, thumbRot_21, thumbRot_22, thumbRot_23, thumbRot_31, thumbRot_32, thumbRot_33, manipForceTooHigh, cceExpType, mapping, trialSuccess, 
440.952878, 58, 0.1, 0.1, 0.0192071615, 0.362053165, -0.0349716468, 0.944027964, -0.329865432, -5.8218099e-007, 0.329865432, 0.944027964, 1.3645871e-005, -3.95170601e-006, -1.30741252e-005, 1, 0.944027953, -0.329865465, -3.78546524e-006, 0.329865465, 0.944027953, 7.55577449e-006, 1.08119594e-006, -8.38155657e-006, 1, 0, 0, 0, 0, 0, 0, 0, 0.300960522, -0.221278174, -0.21035376, -0.32855648, 0.616465171, -0.715515524, -0.905151367, 0.0108642578, 0.424926758, 0.26968363, 0.787279759, 0.554549731, 0, 0, -0, 0, 0, 0, 0, 0.36932793, -0.176514648, -0.178968213, 0.156680252, 0.232113569, -0.959902158, 0.54284668, -0.83215332, -0.112670898, -0.825056261, -0.503397533, -0.256404796, 0, 2, 1, 1, 
440.973799, 58, 0.1, 0.1, 0.0192071571, 0.362053178, -0.0349775409, 0.944029707, -0.329860445, 5.60120938e-006, 0.329860445, 0.944029706, -2.16471721e-005, 1.85283777e-006, 2.22831909e-005, 1, 0.944029695, -0.329860479, 1.55603638e-005, 0.329860479, 0.944029694, -2.58917013e-005, -6.1487965e-006, 2.9575284e-005, 1, 0, 0, 0, 0, 0, 0, 0, 0.301439258, -0.22427334, -0.207655103, -0.323977544, 0.614568292, -0.719186087, -0.904541016, 0.0211181641, 0.42565918, 0.27674469, 0.78856893, 0.54932227, 0, 0, -0, 0, 0, 0, 0, 0.370259277, -0.179482861, -0.174797412, 0.16497967, 0.225654865, -0.960107048, 0.535522461, -0.837890625, -0.104858398, -0.828111724, -0.496834551, -0.25912667, 0, 2, 1, 1, 
440.974504, 58, 0.1, 0.1, 0.0192071579, 0.362053175, -0.0349759886, 0.944029831, -0.329860088, 3.71927442e-006, 0.329860088, 0.944029831, 2.36144492e-005, -1.13005703e-005, -2.10659043e-005, 1, 0.9440298, -0.329860177, 2.21276332e-007, 0.329860177, 0.9440298, 2.1609348e-005, -7.33695483e-006, -2.03268783e-005, 1, 0, 0, 0, 0, 0, 0, 0, 0.301439258, -0.22427334, -0.207655103, -0.323977544, 0.614568292, -0.719186087, -0.904541016, 0.0211181641, 0.42565918, 0.27674469, 0.78856893, 0.54932227, 0, 0, -0, 0, 0, 0, 0, 0.370259277, -0.179482861, -0.174797412, 0.16497967, 0.225654865, -0.960107048, 0.535522461, -0.837890625, -0.104858398, -0.828111724, -0.496834551, -0.25912667, 0, 2, 1, 1, 
440.975193, 58, 0.1, 0.1, 0.0192071581, 0.362053175, -0.0349727034, 0.944029978, -0.329859669, -2.33741763e-006, 0.329859669, 0.944029978, -1.65922901e-005, 7.67971964e-006, 1.48925995e-005, 1, 0.944029951, -0.329859745, -3.56796953e-006, 0.329859745, 0.944029951, -1.44789875e-005, 8.14430522e-006, 1.24916683e-005, 1, 0, 0, 0, 0, 0, 0, 0, 0.301439258, -0.22427334, -0.207655103, -0.323977544, 0.614568292, -0.719186087, -0.904541016, 0.0211181641, 0.42565918, 0.27674469, 0.78856893, 0.54932227, 0, 0, -0, 0, 0, 0, 0, 0.370259277, -0.179482861, -0.174797412, 0.16497967, 0.225654865, -0.960107048, 0.535522461, -0.837890625, -0.104858398, -0.828111724, -0.496834551, -0.25912667, 0, 2, 1, 1, 
440.975885, 58, 0.1, 0.1, 0.0192071567, 0.362053173, -0.034968791, 0.944030074, -0.329859394, -1.767889e-006, 0.329859394, 0.944030074, 1.72693931e-005, -4.02753115e-006, -1.68859812e-005, 1, 0.944030062, -0.329859429, 4.91110073e-006, 0.329859429, 0.944030061, 1.86428328e-005, -1.07857409e-005, -1.59794217e-005, 1, 0, 0, 0, 0, 0, 0, 0, 0.301439258, -0.22427334, -0.207655103, -0.323977544, 0.614568292, -0.719186087, -0.904541016, 0.0211181641, 0.42565918, 0.27674469, 0.78856893, 0.54932227, 0, 0, -0, 0, 0, 0, 0, 0.370259277, -0.179482861, -0.174797412, 0.16497967, 0.225654865, -0.960107048, 0.535522461, -0.837890625, -0.104858398, -0.828111724, -0.496834551, -0.25912667, 0, 2, 1, 1, 
440.976581, 58, 0.1, 0.1, 0.019207158, 0.362053177, -0.0349654111, 0.94403007, -0.329859404, 1.37163206e-005, 0.329859405, 0.94403007, -2.33385895e-005, -5.25016587e-006, 2.65567877e-005, 1, 0.944030081, -0.329859375, 1.70494138e-006, 0.329859375, 0.94403008, -2.53390671e-005, 6.74881287e-006, 2.44832324e-005, 1, 0, 0, 0, 0, 0, 0, 0, 0.301439258, -0.22427334, -0.207655103, -0.323977544, 0.614568292, -0.719186087, -0.904541016, 0.0211181641, 0.42565918, 0.27674469, 0.78856893, 0.54932227, 0, 0, -0, 0, 0, 0, 0, 0.370259277, -0.179482861, -0.174797412, 0.16497967, 0.225654865, -0.960107048, 0.535522461, -0.837890625, -0.104858398, -0.828111724, -0.496834551, -0.25912667, 0, 2, 1, 1, 
440.97727, 58, 0.1, 0.1, 0.0192071584, 0.362053177, -0.0349635858, 0.944029968, -0.329859695, -2.1473647e-005, 0.329859695, 0.944029969, 1.22329646e-005, 1.62366044e-005, -1.86315759e-005, 1, 0.944029995, -0.329859619, -1.46780799e-005, 0.329859619, 0.944029995, 1.16223836e-005, 1.00227926e-005, -1.58135846e-005, 1, 0, 0, 0, 0, 0, 0, 0, 0.301439258, -0.22427334, -0.207655103, -0.323977544, 0.614568292, -0.719186087, -0.904541016, 0.0211181641, 0.42565918, 0.27674469, 0.78856893, 0.54932227, 0, 0, -0, 0, 0, 0, 0, 0.370259277, -0.179482861, -0.174797412, 0.16497967, 0.225654865, -0.960107048, 0.535522461, -0.837890625, -0.104858398, -0.828111724, -0.496834551, -0.25912667, 0, 2, 1, 1, 
440.977963, 58, 0.1, 0.1, 0.0192071574, 0.362053179, -0.0349636795, 0.944029835, -0.329860076, 1.8616143e-005, 0.329860077, 0.944029835, -1.78475665e-005, -1.16869947e-005, 2.29893576e-005, 1, 0.94402986, -0.329860005, 1.78058766e-005, 0.329860006, 0.94402986, -1.61166149e-005, -1.14930525e-005, 2.10880123e-005, 1, 0, 0, 0, 0, 0, 0, 0, 0.301439258, -0.22427334, -0.207655103, -0.323977544, 0.614568292, -0.719186087, -0.904541016, 0.0211181641, 0.42565918, 0.27674469, 0.78856893, 0.54932227, 0, 0, -0, 0, 0, 0, 0, 0.370259277, -0.179482861, -0.174797412, 0.16497967, 0.225654865, -0.960107048, 0.535522461, -0.837890625, -0.104858398, -0.828111724, -0.496834551, -0.25912667, 0, 2, 1, 1, 
440.978683, 58, 0.1, 0.1, 0.0192071605, 0.362053177, -0.0349652826, 0.944029749, -0.329860323, -1.23766084e-005, 0.329860323, 0.944029749, 2.25395643e-005, 4.24897855e-006, -2.53605713e-005, 1, 0.944029757, -0.329860301, -1.8317428e-005, 0.329860301, 0.944029757, 1.70929361e-005, 1.16539161e-005, -2.21784326e-005, 1, 0, 0, 0, 0, 0, 0, 0, 0.299728247, -0.223395117, -0.209169434, -0.327167341, 0.61885031, -0.714006557, -0.901977539, 0.0206298828, 0.431152344, 0.281575622, 0.785171703, 0.551591712, 0, 0, -0, 0, 0, 0, 0, 0.369262158, -0.178846924, -0.176315918, 0.160455728, 0.22827466, -0.960253603, 0.534912109, -0.837646484, -0.109619141, -0.829446408, -0.496068228, -0.256564477, 0, 2, 1, 1, 
440.979379, 58, 0.1, 0.1, 0.0192071575, 0.362053176, -0.0349680239, 0.944029777, -0.329860243, 3.13575845e-006, 0.329860243, 0.944029777, -1.33250398e-005, 1.43515153e-006, 1.36135964e-005, 1, 0.944029762, -0.329860285, 1.29206527e-005, 0.329860285, 0.944029762, -7.34395296e-006, -9.77500224e-006, 1.11949203e-005, 1, 0, 0, 0, 0, 0, 0, 0, 0.299728247, -0.223395117, -0.209169434, -0.327167341, 0.61885031, -0.714006557, -0.901977539, 0.0206298828, 0.431152344, 0.281575622, 0.785171703, 0.551591712, 0, 0, -0, 0, 0, 0, 0, 0.369262158, -0.178846924, -0.176315918, 0.160455728, 0.22827466, -0.960253603, 0.534912109, -0.837646484, -0.109619141, -0.829446408, -0.496068228, -0.256564477, 0, 2, 1, 1, 
440.980071, 58, 0.1, 0.1, 0.0192071579, 0.362053173, -0.034971068, 0.944029889, -0.329859923, 6.91075877e-006, 0.329859923, 0.944029889, 2.53757139e-005, -1.48943939e-005, -2.16758501e-005, 1, 0.944029862, -0.32986, 2.70986992e-006, 0.32986, 0.944029862, 2.18929877e-005, -9.77981907e-006, -1.97737565e-005, 1, 0, 0, 0, 0, 0, 0, 0, 0.299728247, -0.223395117, -0.209169434, -0.327167341, 0.61885031, -0.714006557, -0.901977539, 0.0206298828, 0.431152344, 0.281575622, 0.785171703, 0.551591712, 0, 0, -0, 0, 0, 0, 0, 0.369262158, -0.178846924, -0.176315918, 0.160455728, 0.22827466, -0.960253603, 0.534912109, -0.837646484, -0.109619141, -0.829446408, -0.496068228, -0.256564477, 0, 2, 1, 1, 
440.980766, 58, 0.1, 0.1, 0.0192071586, 0.362053173, -0.0349735186, 0.944030044, -0.32985948, -1.58706955e-005, 0.329859479, 0.944030044, -2.07252263e-005, 2.18188258e-005, 1.43301369e-005, 1, 0.944030008, -0.329859581, -8.89971827e-006, 0.329859581, 0.944030008, -1.5242269e-005, 1.34294096e-005, 1.1453502e-005, 1, 0, 0, 0, 0, 0, 0, 0, 0.299728247, -0.223395117, -0.209169434, -0.327167341, 0.61885031, -0.714006557, -0.901977539, 0.0206298828, 0.431152344, 0.281575622, 0.785171703, 0.551591712, 0, 0, -0, 0, 0, 0, 0, 0.369262158, -0.178846924, -0.176315918, 0.160455728, 0.22827466, -0.960253603, 0.534912109, -0.837646484, -0.109619141, -0.829446408, -0.496068228, -0.256564477, 0, 2, 1, 1, 
440.981456, 58, 0.1, 0.1, 0.0192071624, 0.362053174, -0.0349747418, 0.944030239, -0.329858922, 7.22701659e-006, 0.329858922, 0.944030239, 1.23748366e-005, -1.09044724e-005, -9.298324e-006, 1, 0.944030194, -0.329859051, -7.04294438e-006, 0.329859051, 0.944030194, 6.92553839e-006, 4.36430062e-006, -8.8610963e-006, 1, 0, 0, 0, 0, 0, 0, 0, 0.299728247, -0.223395117, -0.209169434, -0.327167341, 0.61885031, -0.714006557, -0.901977539, 0.0206298828, 0.431152344, 0.281575622, 0.785171703, 0.551591712, 0, 0, -0, 0, 0, 0, 0, 0.369262158, -0.178846924, -0.176315918, 0.160455728, 0.22827466, -0.960253603, 0.534912109, -0.837646484, -0.109619141, -0.829446408, -0.496068228, -0.256564477, 0, 2, 1, 1, 
440.982148, 58, 0.1, 0.1, 0.0192071557, 0.362053172, -0.0349744846, 0.944030492, -0.329858197, 9.40454753e-006, 0.329858197, 0.944030492, 3.96874655e-006, -1.01873032e-005, -6.44450668e-007, 1, 0.944030441, -0.329858343, 2.04360006e-005, 0.329858343, 0.944030441, 2.09699788e-006, -1.99839189e-005, 4.76135547e-006, 1, 0, 0, 0, 0, 0, 0, 0, 0.299728247, -0.223395117, -0.209169434, -0.327167341, 0.61885031, -0.714006557, -0.901977539, 0.0206298828, 0.431152344, 0.281575622, 0.785171703, 0.551591712, 0, 0, -0, 0, 0, 0, 0, 0.369262158, -0.178846924, -0.176315918, 0.160455728, 0.22827466, -0.960253603, 0.534912109, -0.837646484, -0.109619141, -0.829446408, -0.496068228, -0.256564477, 0, 2, 1, 1, 
440.982852, 58, 0.1, 0.1, 0.0192071597, 0.362053173, -0.0349728262, 0.944030703, -0.329857593, -9.26235391e-006, 0.329857593, 0.944030703, 1.33781213e-006, 8.30265898e-006, -4.31819349e-006, 1, 0.944030658, -0.329857722, -1.56730121e-005, 0.329857722, 0.944030658, -1.4404144e-006, 1.52709357e-005, -3.81006871e-006, 1, 0, 0, 0, 0, 0, 0, 0, 0.299728247, -0.223395117, -0.209169434, -0.330028759, 0.620829563, -0.711048538, -0.900512695, 0.0186767578, 0.434326172, 0.283017562, 0.7836223, 0.553100679, 0, 0, -0, 0, 0, 0, 0, 0.369262158, -0.178846924, -0.176315918, 0.160455728, 0.22827466, -0.960253603, 0.534912109, -0.837646484, -0.109619141, -0.829446408, -0.496068228, -0.256564477, 0, 2, 1, 1, 
440.983558, 58, 0.1, 0.1, 0.0192071584, 0.362053172, -0.0349701156, 0.944030895, -0.329857045, -4.87485823e-006, 0.329857045, 0.944030895, -1.25750867e-006, 5.01681487e-006, -4.20879302e-007, 1, 0.944030863, -0.329857136, 2.93732696e-006, 0.329857136, 0.944030863, 6.97919865e-006, -5.07506579e-006, -5.61968066e-006, 1, 0, 0, 0, 0, 0, 0, 0, 0.298916675, -0.222182471, -0.210129883, -0.330028759, 0.620829563, -0.711048538, -0.900512695, 0.0186767578, 0.434326172, 0.283017562, 0.7836223, 0.553100679, 0, 0, -0, 0, 0, 0, 0, 0.368564941, -0.178039502, -0.177398193, 0.15682644, 0.230364007, -0.960323598, 0.53527832, -0.836914063, -0.11340332, -0.829950604, -0.496094114, -0.254730693, 0, 2, 1, 1, 
440.984249, 58, 0.1, 0.1, 0.0192071573, 0.362053174, -0.0349675435, 0.944031, -0.329856743, 1.24176461e-005, 0.329856743, 0.944031, 1.28515759e-005, -1.59618218e-005, -8.03624173e-006, 1, 0.944030987, -0.329856781, 1.14671408e-005, 0.329856781, 0.944030987, -1.07313538e-006, -1.04713553e-005, 4.79558721e-006, 1, 0, 0, 0, 0, 0, 0, 0, 0.298916675, -0.222182471, -0.210129883, -0.330028759, 0.620829563, -0.711048538, -0.900512695, 0.0186767578, 0.434326172, 0.283017562, 0.7836223, 0.553100679, 0, 0, -0, 0, 0, 0, 0, 0.368564941, -0.178039502, -0.177398193, 0.15682644, 0.230364007, -0.960323598, 0.53527832, -0.836914063, -0.11340332, -0.829950604, -0.496094114, -0.254730693, 0, 2, 1, 1, 
440.984945, 58, 0.1, 0.1, 0.0192071581, 0.362053172, -0.0349657477, 0.944031022, -0.329856679, -6.66001398e-006, 0.329856679, 0.944031022, -9.54669322e-006, 9.43630033e-006, 6.81552446e-006, 1, 0.944031024, -0.329856673, -8.75644692e-006, 0.329856673, 0.944031024, -4.82062466e-006, 9.85647277e-006, 1.66244679e-006, 1, 0, 0, 0, 0, 0, 0, 0, 0.298916675, -0.222182471, -0.210129883, -0.330028759, 0.620829563, -0.711048538, -0.900512695, 0.0186767578, 0.434326172, 0.283017562, 0.7836223, 0.553100679, 0, 0, -0, 0, 0, 0, 0, 0.368564941, -0.178039502, -0.177398193, 0.15682644, 0.230364007, -0.960323598, 0.53527832, -0.836914063, -0.11340332, -0.829950604, -0.496094114, -0.254730693, 0, 2, 1, 1, 
440.985662, 58, 0.1, 0.1, 0.0192071548, 0.362053171, -0.034965062, 0.944031005, -0.329856728, 7.85489416e-006, 0.329856728, 0.944031005, 1.48056789e-006, -7.90363891e-006, 1.19328769e-006, 1, 0.944031006, -0.329856726, 1.51333587e-005, 0.329856726, 0.944031006, 2.76907598e-006, -1.51997582e-005, 2.37774658e-006, 1, 0, 0, 0, 0, 0, 0, 0, 0.298555127, -0.220751343, -0.211084961, -0.33273853, 0.622707346, -0.708014135, -0.899414062, 0.0158691406, 0.436523438, 0.283075971, 0.782212561, 0.555091915, 0, 0, -0, 0, 0, 0, 0, 0.368100977, -0.176995654, -0.178472168, 0.153305794, 0.232721677, -0.960272193, 0.535644531, -0.836181641, -0.11706543, -0.830320639, -0.496337284, -0.252884149, 0, 2, 1, 1, 
440.98635, 58, 0.1, 0.1, 0.0192071568, 0.362053172, -0.0349657448, 0.944030993, -0.329856764, 9.64998716e-006, 0.329856764, 0.944030993, -1.0775506e-005, -5.55551342e-006, 1.33555252e-005, 1, 0.944031001, -0.329856739, -2.88190689e-006, 0.329856739, 0.944031001, -1.06404023e-005, 6.23041785e-006, 9.0942532e-006, 1, 0, 0, 0, 0, 0, 0, 0, 0.298555127, -0.220751343, -0.211084961, -0.33273853, 0.622707346, -0.708014135, -0.899414062, 0.0158691406, 0.436523438, 0.283075971, 0.782212561, 0.555091915, 0, 0, -0, 0, 0, 0, 0, 0.368100977, -0.176995654, -0.178472168, 0.153305794, 0.232721677, -0.960272193, 0.535644531, -0.836181641, -0.11706543, -0.830320639, -0.496337284, -0.252884149, 0, 2, 1, 1, 
440.987042, 58, 0.1, 0.1, 0.0192071573, 0.36205317, -0.0349675717, 0.944030912, -0.329856994, -1.90952526e-005, 0.329856995, 0.944030912, 1.20601746e-005, 1.40483758e-005, -1.76838803e-005, 1, 0.944030934, -0.329856933, -1.32868869e-005, 0.329856933, 0.944030934, 1.33606041e-005, 8.13614439e-006, -1.69955953e-005, 1, 0, 0, 0, 0, 0, 0, 0, 0.298555127, -0.220751343, -0.211084961, -0.33273853, 0.622707346, -0.708014135, -0.899414062, 0.0158691406, 0.436523438, 0.283075971, 0.782212561, 0.555091915, 0, 0, -0, 0, 0, 0, 0, 0.368100977, -0.176995654, -0.178472168, 0.153305794, 0.232721677, -0.960272193, 0.535644531, -0.836181641, -0.11706543, -0.830320639, -0.496337284, -0.252884149, 0, 2, 1, 1, 
440.98773, 58, 0.1, 0.1, 0.0192071566, 0.362053173, -0.0349699663, 0.944030797, -0.329857323, 1.63314333e-005, 0.329857324, 0.944030797, -2.19275267e-005, -8.18442071e-006, 2.60873034e-005, 1, 0.944030818, -0.329857263, 1.51208041e-005, 0.329857264, 0.944030818, -1.89339297e-005, -8.02901078e-006, 2.28619202e-005, 1, 0, 0, 0, 0, 0, 0, 0, 0.298555127, -0.220751343, -0.211084961, -0.33273853, 0.622707346, -0.708014135, -0.899414062, 0.0158691406, 0.436523438, 0.283075971, 0.782212561, 0.555091915, 0, 0, -0, 0, 0, 0, 0, 0.368100977, -0.176995654, -0.178472168, 0.153305794, 0.232721677, -0.960272193, 0.535644531, -0.836181641, -0.11706543, -0.830320639, -0.496337284, -0.252884149, 0, 2, 1, 1, 
440.988428, 58, 0.1, 0.1, 0.0192071584, 0.362053174, -0.0349722092, 0.944030736, -0.329857498, -1.17673902e-005, 0.329857498, 0.944030736, 2.36155437e-005, 3.31901385e-006, -2.61753609e-005, 1, 0.944030738, -0.329857493, -1.36046149e-005, 0.329857493, 0.944030738, 1.04853116e-005, 9.38451607e-006, -1.43860406e-005, 1, 0, 0, 0, 0, 0, 0, 0, 0.298555127, -0.220751343, -0.211084961, -0.33273853, 0.622707346, -0.708014135, -0.899414062, 0.0158691406, 0.436523438, 0.283075971, 0.782212561, 0.555091915, 0, 0, -0, 0, 0, 0, 0, 0.368100977, -0.176995654, -0.178472168, 0.153305794, 0.232721677, -0.960272193, 0.535644531, -0.836181641, -0.11706543, -0.830320639, -0.496337284, -0.252884149, 0, 2, 1, 1, 
440.989117, 58, 0.1, 0.1, 0.0192071584, 0.362053166, -0.0349735765, 0.944030771, -0.329857397, -8.22117171e-007, 0.329857397, 0.944030771, 1.19583061e-006, 3.81650334e-007, -1.40008233e-006, 1, 0.944030761, -0.329857427, 2.480848e-006, 0.329857427, 0.944030761, 1.80208666e-005, -8.28631351e-006, -1.61939262e-005, 1, 0, 0, 0, 0, 0, 0, 0, 0.298555127, -0.220751343, -0.211084961, -0.33273853, 0.622707346, -0.708014135, -0.899414062, 0.0158691406, 0.436523438, 0.283075971, 0.782212561, 0.555091915, 0, 0, -0, 0, 0, 0, 0, 0.368100977, -0.176995654, -0.178472168, 0.153305794, 0.232721677, -0.960272193, 0.535644531, -0.836181641, -0.11706543, -0.830320639, -0.496337284, -0.252884149, 0, 2, 1, 1, 
440.989811, 58, 0.1, 0.1, 0.0192071551, 0.362053176, -0.0349737821, 0.944030757, -0.32985744, 1.0992599e-005, 0.32985744, 0.944030756, -3.49823685e-005, 1.16184293e-006, 3.66504224e-005, 0.999999999, 0.944030762, -0.329857425, 1.56494087e-005, 0.329857425, 0.944030761, -3.71242553e-005, -2.52781197e-006, 4.02085127e-005, 0.999999999, 0, 0, 0, 0, 0, 0, 0, 0.298555127, -0.220751343, -0.211084961, -0.33273853, 0.622707346, -0.708014135, -0.899414062, 0.0158691406, 0.436523438, 0.283075971, 0.782212561, 0.555091915, 0, 0, -0, 0, 0, 0, 0, 0.368100977, -0.176995654, -0.178472168, 0.153305794, 0.232721677, -0.960272193, 0.535644531, -0.836181641, -0.11706543, -0.830320639, -0.496337284, -0.252884149, 0, 2, 1, 1, 
440.990584, 58, 0.1, 0.1, 0.0192071556, 0.362053175, -0.034972175, 0.944030714, -0.329857562, -1.78040678e-005, 0.329857562, 0.944030714, 2.43328728e-005, 8.78120479e-006, -2.88437857e-005, 1, 0.944030732, -0.329857511, -7.23339077e-006, 0.329857511, 0.944030731, 2.13509883e-005, -2.1424067e-007, -2.25419773e-005, 1, 0, 0, 0, 0, 0, 0, 0, 0.299020166, -0.220097241, -0.210223242, -0.332238286, 0.622383835, -0.708661155, -0.900390625, 0.0144042969, 0.434692383, 0.280772086, 0.782510984, 0.555688761, 0, 0, -0, 0, 0, 0, 0, 0.368116113, -0.176088037, -0.178030811, 0.153376156, 0.233162441, -0.960233913, 0.536376953, -0.835693359, -0.1171875, -0.829822273, -0.497027414, -0.253248354, 0, 2, 1, 1, 
440.99128, 58, 0.1, 0.1, 0.0192071575, 0.362053171, -0.0349696401, 0.944030618, -0.329857835, 1.61092739e-005, 0.329857835, 0.944030619, -7.4095408e-006, -1.27635527e-005, 1.23086036e-005, 1, 0.944030637, -0.329857782, 7.51996236e-006, 0.329857782, 0.944030637, 2.62231231e-008, -7.10772475e-006, 2.45576267e-006, 1, 0, 0, 0, 0, 0, 0, 0, 0.299020166, -0.220097241, -0.210223242, -0.332238286, 0.622383835, -0.708661155, -0.900390625, 0.0144042969, 0.434692383, 0.280772086, 0.782510984, 0.555688761, 0, 0, -0, 0, 0, 0, 0, 0.368116113, -0.176088037, -0.178030811, 0.153376156, 0.233162441, -0.960233913, 0.536376953, -0.835693359, -0.1171875, -0.829822273, -0.497027414, -0.253248354, 0, 2, 1, 1, 
440.991974, 58, 0.1, 0.1, 0.0192071572, 0.362053173, -0.0349673009, 0.944030561, -0.329857999, -1.15396016e-005, 0.329858, 0.944030561, 1.0025574e-005, 7.58672081e-006, -1.32708782e-005, 1, 0.944030566, -0.329857986, -1.04259571e-005, 0.329857986, 0.944030566, 3.09395889e-006, 8.8218551e-006, -6.35987697e-006, 1, 0, 0, 0, 0, 0, 0, 0, 0.299020166, -0.220097241, -0.210223242, -0.332238286, 0.622383835, -0.708661155, -0.900390625, 0.0144042969, 0.434692383, 0.280772086, 0.782510984, 0.555688761, 0, 0, -0, 0, 0, 0, 0, 0.368116113, -0.176088037, -0.178030811, 0.153376156, 0.233162441, -0.960233913, 0.536376953, -0.835693359, -0.1171875, -0.829822273, -0.497027414, -0.253248354, 0, 2, 1, 1, 
440.992667, 58, 0.1, 0.1, 0.0192071539, 0.362053171, -0.0349658367, 0.944030581, -0.329857942, 1.12606835e-005, 0.329857942, 0.944030581, -2.9327219e-006, -9.66304799e-006, 6.48300505e-006, 1, 0.944030572, -0.329857968, 1.82695463e-005, 0.329857968, 0.944030572, -1.80075518e-006, -1.66530168e-005, 7.72632337e-006, 1, 0, 0, 0, 0, 0, 0, 0, 0.299020166, -0.220097241, -0.210223242, -0.332238286, 0.622383835, -0.708661155, -0.900390625, 0.0144042969, 0.434692383, 0.280772086, 0.782510984, 0.555688761, 0, 0, -0, 0, 0, 0, 0, 0.368116113, -0.176088037, -0.178030811, 0.153376156, 0.233162441, -0.960233913, 0.536376953, -0.835693359, -0.1171875, -0.829822273, -0.497027414, -0.253248354, 0, 2, 1, 1, 
440.993363, 58, 0.1, 0.1, 0.0192071554, 0.362053171, -0.0349656031, 0.944030616, -0.329857842, 6.16997252e-006, 0.329857842, 0.944030616, 7.77060353e-006, -8.38783747e-006, -5.30047382e-006, 1, 0.944030613, -0.329857851, -2.85585699e-006, 0.329857851, 0.944030613, -2.99298598e-006, 3.68327635e-006, 1.88344353e-006, 1, 0, 0, 0, 0, 0, 0, 0, 0.299020166, -0.220097241, -0.210223242, -0.332238286, 0.622383835, -0.708661155, -0.900390625, 0.0144042969, 0.434692383, 0.280772086, 0.782510984, 0.555688761, 0, 0, -0, 0, 0, 0, 0, 0.368116113, -0.176088037, -0.178030811, 0.153376156, 0.233162441, -0.960233913, 0.536376953, -0.835693359, -0.1171875, -0.829822273, -0.497027414, -0.253248354, 0, 2, 1, 1, 
440.994053, 58, 0.1, 0.1, 0.0192071541, 0.362053172, -0.0349666165, 0.94403066, -0.329857717, -8.82742145e-006, 0.329857717, 0.94403066, -1.44755987e-005, 1.31082444e-005, 1.07536159e-005, 1, 0.944030645, -0.329857758, -2.09826005e-006, 0.329857758, 0.944030645, -1.44509727e-005, 6.74758726e-006, 1.29500338e-005, 1, 0, 0, 0, 0, 0, 0, 0, 0.299020166, -0.220097241, -0.210223242, -0.332238286, 0.622383835, -0.708661155, -0.900390625, 0.0144042969, 0.434692383, 0.280772086, 0.782510984, 0.555688761, 0, 0, -0, 0, 0, 0, 0, 0.368116113, -0.176088037, -0.178030811, 0.153376156, 0.233162441, -0.960233913, 0.536376953, -0.835693359, -0.1171875, -0.829822273, -0.497027414, -0.253248354, 0, 2, 1, 1, 
440.994744, 58, 0.1, 0.1, 0.0192071553, 0.362053169, -0.0349685171, 0.944030769, -0.329857404, 4.79637708e-006, 0.329857404, 0.944030769, 1.44890683e-005, -9.30725399e-006, -1.20960058e-005, 1, 0.944030743, -0.329857478, 3.34543203e-006, 0.329857478, 0.944030743, 1.95789563e-005, -9.61645581e-006, -1.73796209e-005, 1, 0, 0, 0, 0, 0, 0, 0, 0.299020166, -0.220097241, -0.210223242, -0.332238286, 0.622383835, -0.708661155, -0.900390625, 0.0144042969, 0.434692383, 0.280772086, 0.782510984, 0.555688761, 0, 0, -0, 0, 0, 0, 0, 0.368116113, -0.176088037, -0.178030811, 0.153376156, 0.233162441, -0.960233913, 0.536376953, -0.835693359, -0.1171875, -0.829822273, -0.497027414, -0.253248354, 0, 2, 1, 1, 
440.99546, 58, 0.1, 0.1, 0.0192071561, 0.362053176, -0.0349704326, 0.944030902, -0.329857024, 4.05885032e-008, 0.329857024, 0.944030901, -2.83914e-005, 9.32678591e-006, 2.68157473e-005, 1, 0.944030879, -0.329857089, -3.81012398e-006, 0.329857089, 0.944030879, -3.25703911e-005, 1.43404491e-005, 2.94906586e-005, 0.999999999, 0, 0, 0, 0, 0, 0, 0, 0.299268677, -0.21944314, -0.209578662, -0.331642562, 0.622060325, -0.709187608, -0.901123047, 0.0135498047, 0.433227539, 0.279071037, 0.782809407, 0.55626651, 0, 0, -0, 0, 0, 0, 0, 0.367861377, -0.175611768, -0.178020801, 0.15287779, 0.233673567, -0.960125271, 0.536621094, -0.835449219, -0.117919922, -0.829751911, -0.497219178, -0.253114193, 0, 2, 1, 1, 
440.996149, 58, 0.1, 0.1, 0.0192071567, 0.362053174, -0.0349719967, 0.944030958, -0.329856862, -1.16018491e-005, 0.329856862, 0.944030958, 2.75395838e-005, 1.86838405e-006, -2.98251693e-005, 1, 0.944030953, -0.329856878, -9.02531807e-006, 0.329856878, 0.944030953, 2.21455483e-005, 1.2153182e-006, -2.38831463e-005, 1, 0, 0, 0, 0, 0, 0, 0, 0.299268677, -0.21944314, -0.209578662, -0.331642562, 0.622060325, -0.709187608, -0.901123047, 0.0135498047, 0.433227539, 0.279071037, 0.782809407, 0.55626651, 0, 0, -0, 0, 0, 0, 0, 0.367861377, -0.175611768, -0.178020801, 0.15287779, 0.233673567, -0.960125271, 0.536621094, -0.835449219, -0.117919922, -0.829751911, -0.497219178, -0.253114193, 0, 2, 1, 1, 
440.996843, 58, 0.1, 0.1, 0.0192071583, 0.36205317, -0.0349728931, 0.944030986, -0.329856783, 6.05737744e-006, 0.329856783, 0.944030986, -1.71344997e-005, -6.64210464e-008, 1.81735657e-005, 1, 0.944030987, -0.329856781, -4.34841755e-006, 0.329856781, 0.944030987, -9.32970474e-007, 4.41278755e-006, -5.5360198e-007, 1, 0, 0, 0, 0, 0, 0, 0, 0.299268677, -0.21944314, -0.209578662, -0.331642562, 0.622060325, -0.709187608, -0.901123047, 0.0135498047, 0.433227539, 0.279071037, 0.782809407, 0.55626651, 0, 0, -0, 0, 0, 0, 0, 0.367861377, -0.175611768, -0.178020801, 0.15287779, 0.233673567, -0.960125271, 0.536621094, -0.835449219, -0.117919922, -0.829751911, -0.497219178, -0.253114193, 0, 2, 1, 1, 
440.997535, 58, 0.1, 0.1, 0.0192071543, 0.362053181, -0.0349728812, 0.944030995, -0.329856757, 7.2403634e-006, 0.329856757, 0.944030995, -2.51038995e-005, 1.44556343e-006, 2.60871421e-005, 1, 0.944030991, -0.329856768, 1.04015632e-005, 0.329856768, 0.944030991, -3.38097377e-005, 1.33297276e-006, 3.53484662e-005, 0.999999999, 0, 0, 0, 0, 0, 0, 0, 0.299268677, -0.21944314, -0.209578662, -0.331642562, 0.622060325, -0.709187608, -0.901123047, 0.0135498047, 0.433227539, 0.279071037, 0.782809407, 0.55626651, 0, 0, -0, 0, 0, 0, 0, 0.367861377, -0.175611768, -0.178020801, 0.15287779, 0.233673567, -0.960125271, 0.536621094, -0.835449219, -0.117919922, -0.829751911, -0.497219178, -0.253114193, 0, 2, 1, 1, 
440.998242, 58, 0.1, 0.1, 0.0192071558, 0.362053176, -0.0349718279, 0.944030997, -0.329856752, -7.52966756e-006, 0.329856752, 0.944030996, 2.84739207e-005, -2.28407543e-006, -2.93639754e-005, 1, 0.944030997, -0.329856751, -1.13739042e-005, 0.329856751, 0.944030997, 2.58331497e-005, 2.21607926e-006, -2.81390532e-005, 1, 0, 0, 0, 0, 0, 0, 0, 0.299268677, -0.21944314, -0.209578662, -0.331642562, 0.622060325, -0.709187608, -0.901123047, 0.0135498047, 0.433227539, 0.279071037, 0.782809407, 0.55626651, 0, 0, -0, 0, 0, 0, 0, 0.367636182, -0.175578076, -0.177576025, 0.15307575, 0.233788772, -0.960112511, 0.535522461, -0.836181641, -0.118164062, -0.830467561, -0.495979643, -0.253235594, 0, 2, 1, 1, 
440.998937, 58, 0.1, 0.1, 0.0192071559, 0.362053176, -0.0349702747, 0.944030987, -0.329856779, 1.16258564e-005, 0.329856779, 0.944030987, -2.88300124e-005, -1.46539367e-006, 3.10512926e-005, 1, 0.94403099, -0.329856771, 7.40954995e-006, 0.329856771, 0.94403099, -1.68210102e-005, -1.44632064e-006, 1.83236452e-005, 1, 0, 0, 0, 0, 0, 0, 0, 0.299268677, -0.21944314, -0.209578662, -0.331642562, 0.622060325, -0.709187608, -0.901123047, 0.0135498047, 0.433227539, 0.279071037, 0.782809407, 0.55626651, 0, 0, -0, 0, 0, 0, 0, 0.367636182, -0.175578076, -0.177576025, 0.15307575, 0.233788772, -0.960112511, 0.535522461, -0.836181641, -0.118164062, -0.830467561, -0.495979643, -0.253235594, 0, 2, 1, 1, 
440.999628, 58, 0.1, 0.1, 0.0192071535, 0.362053185, -0.0349687595, 0.944030981, -0.329856796, -2.10282163e-006, 0.329856796, 0.944030981, -4.10192551e-006, 3.33817678e-006, 3.17871476e-006, 1, 0.944030988, -0.329856778, 8.65607986e-006, 0.329856778, 0.944030988, -1.83143637e-005, -2.13049063e-006, 2.01445935e-005, 1, 0, 0, 0, 0, 0, 0, 0, 0.299268677, -0.21944314, -0.209578662, -0.331642562, 0.622060325, -0.709187608, -0.901123047, 0.0135498047, 0.433227539, 0.279071037, 0.782809407, 0.55626651, 0, 0, -0, 0, 0, 0, 0, 0.367636182, -0.175578076, -0.177576025, 0.15307575, 0.233788772, -0.960112511, 0.535522461, -0.836181641, -0.118164062, -0.830467561, -0.495979643, -0.253235594, 0, 2, 1, 1, 
441.000334, 58, 0.1, 0.1, 0.0192071577, 0.362053173, -0.0349675518, 0.944031001, -0.329856739, -1.40352673e-005, 0.32985674, 0.944031001, 3.65692416e-005, 1.18711666e-006, -3.91521253e-005, 0.999999999, 0.944031, -0.329856744, -1.61841071e-005, 0.329856744, 0.944030999, 4.13815976e-005, 1.62829975e-006, -4.44039478e-005, 0.999999999, 0, 0, 0, 0, 0, 0, 0, 0.298914233, -0.219900488, -0.208740503, -0.329928409, 0.621838286, -0.710203444, -0.901245117, 0.0159912109, 0.432739258, 0.280529829, 0.782968166, 0.555315076, 0, 0, -0, 0, 0, 0, 0, 0.367636182, -0.175578076, -0.177576025, 0.15307575, 0.233788772, -0.960112511, 0.535522461, -0.836181641, -0.118164062, -0.830467561, -0.495979643, -0.253235594, 0, 2, 1, 1, 
441.00102, 58, 0.1, 0.1, 0.0192071562, 0.362053175, -0.0349671835, 0.944031022, -0.32985668, 1.60845295e-005, 0.329856681, 0.944031021, -3.23584339e-005, -4.51064926e-006, 3.58529549e-005, 0.999999999, 0.944031021, -0.329856682, 8.17346525e-006, 0.329856682, 0.944031021, -2.60658414e-005, 8.81987222e-007, 2.7303035e-005, 1, 0, 0, 0, 0, 0, 0, 0, 0.298914233, -0.219900488, -0.208740503, -0.329928409, 0.621838286, -0.710203444, -0.901245117, 0.0159912109, 0.432739258, 0.280529829, 0.782968166, 0.555315076, 0, 0, -0, 0, 0, 0, 0, 0.367636182, -0.175578076, -0.177576025, 0.15307575, 0.233788772, -0.960112511, 0.535522461, -0.836181641, -0.118164062, -0.830467561, -0.495979643, -0.253235594, 0, 2, 1, 1, 
441.001717, 58, 0.1, 0.1, 0.0192071538, 0.36205318, -0.0349676532, 0.944031039, -0.329856631, -1.39875876e-006, 0.329856631, 0.944031039, 1.55524724e-005, -3.80961446e-006, -1.51434065e-005, 1, 0.944031038, -0.329856635, 5.98720708e-006, 0.329856635, 0.944031038, -4.59573878e-006, -4.13617438e-006, 6.31344003e-006, 1, 0, 0, 0, 0, 0, 0, 0, 0.298914233, -0.219900488, -0.208740503, -0.329928409, 0.621838286, -0.710203444, -0.901245117, 0.0159912109, 0.432739258, 0.280529829, 0.782968166, 0.555315076, 0, 0, -0, 0, 0, 0, 0, 0.367636182, -0.175578076, -0.177576025, 0.15307575, 0.233788772, -0.960112511, 0.535522461, -0.836181641, -0.118164062, -0.830467561, -0.495979643, -0.253235594, 0, 2, 1, 1, 
441.002436, 58, 0.1, 0.1, 0.0192071579, 0.362053169, -0.0349687016, 0.944031034, -0.329856646, -1.05877789e-005, 0.329856646, 0.944031034, 1.90869836e-005, 3.69922351e-006, -2.15111541e-005, 1, 0.944031031, -0.329856654, -8.6402664e-006, 0.329856655, 0.94403103, 3.24936796e-005, -2.56157685e-006, -3.35250912e-005, 0.999999999, 0, 0, 0, 0, 0, 0, 0, 0.298725537, -0.220410815, -0.207928711, -0.329268284, 0.620525149, -0.711695559, -0.901489258, 0.0174560547, 0.432373047, 0.280796051, 0.784041291, 0.553697524, 0, 0, -0, 0, 0, 0, 0, 0.367636182, -0.175578076, -0.177576025, 0.154328046, 0.233092445, -0.960048712, 0.534667969, -0.836791992, -0.1171875, -0.830704167, -0.495193631, -0.253842602, 0, 2, 1, 1, 
441.003126, 58, 0.1, 0.1, 0.0192071557, 0.362053177, -0.0349697824, 0.944031023, -0.329856677, 1.06484223e-005, 0.329856677, 0.944031022, -3.8752554e-005, 2.7303477e-006, 4.00960664e-005, 0.999999999, 0.944031022, -0.329856679, 9.84617937e-006, 0.329856679, 0.944031022, -3.72542224e-005, 2.9934553e-006, 3.84169696e-005, 0.999999999, 0, 0, 0, 0, 0, 0, 0, 0.298725537, -0.220410815, -0.207928711, -0.329268284, 0.620525149, -0.711695559, -0.901489258, 0.0174560547, 0.432373047, 0.280796051, 0.784041291, 0.553697524, 0, 0, -0, 0, 0, 0, 0, 0.367714062, -0.176054102, -0.176914844, 0.154328046, 0.233092445, -0.960048712, 0.534667969, -0.836791992, -0.1171875, -0.830704167, -0.495193631, -0.253842602, 0, 2, 1, 1, 
441.003821, 58, 0.1, 0.1, 0.0192071546, 0.36205318, -0.0349708492, 0.944031021, -0.329856683, -4.72012946e-006, 0.329856683, 0.944031021, 2.27730239e-005, -3.0558855e-006, -2.30554073e-005, 1, 0.944031015, -0.329856701, -5.10743767e-006, 0.329856701, 0.944031015, 8.22151404e-006, 2.10965806e-006, -9.44608678e-006, 1, 0, 0, 0, 0, 0, 0, 0, 0.298725537, -0.220410815, -0.207928711, -0.329268284, 0.620525149, -0.711695559, -0.901489258, 0.0174560547, 0.432373047, 0.280796051, 0.784041291, 0.553697524, 0, 0, -0, 0, 0, 0, 0, 0.367714062, -0.176054102, -0.176914844, 0.154328046, 0.233092445, -0.960048712, 0.534667969, -0.836791992, -0.1171875, -0.830704167, -0.495193631, -0.253842602, 0, 2, 1, 1, 
441.004512, 58, 0.1, 0.1, 0.0192071569, 0.362053172, -0.034971603, 0.944031029, -0.329856659, 1.9903369e-006, 0.329856659, 0.944031029, 6.47127341e-006, -4.01353242e-006, -5.45255702e-006, 1, 0.944031026, -0.329856669, -2.61043482e-006, 0.329856669, 0.944031026, 1.96285367e-005, -4.01027229e-006, -1.9391017e-005, 1, 0, 0, 0, 0, 0, 0, 0, 0.298725537, -0.220410815, -0.207928711, -0.329268284, 0.620525149, -0.711695559, -0.901489258, 0.0174560547, 0.432373047, 0.280796051, 0.784041291, 0.553697524, 0, 0, -0, 0, 0, 0, 0, 0.367714062, -0.176054102, -0.176914844, 0.154328046, 0.233092445, -0.960048712, 0.534667969, -0.836791992, -0.1171875, -0.830704167, -0.495193631, -0.253842602, 0, 2, 1, 1, 
441.005203, 58, 0.1, 0.1, 0.0192071538, 0.36205318, -0.0349718419, 0.944031042, -0.329856624, 7.93466863e-006, 0.329856624, 0.944031041, -2.80886856e-005, 1.77466549e-006, 2.91338941e-005, 1, 0.944031041, -0.329856625, 1.41461179e-005, 0.329856625, 0.944031041, -3.08050299e-005, -3.1931312e-006, 3.37470951e-005, 0.999999999, 0, 0, 0, 0, 0, 0, 0, 0.298725537, -0.220410815, -0.207928711, -0.329268284, 0.620525149, -0.711695559, -0.901489258, 0.0174560547, 0.432373047, 0.280796051, 0.784041291, 0.553697524, 0, 0, -0, 0, 0, 0, 0, 0.367714062, -0.176054102, -0.176914844, 0.154328046, 0.233092445, -0.960048712, 0.534667969, -0.836791992, -0.1171875, -0.830704167, -0.495193631, -0.253842602, 0, 2, 1, 1, 
441.005894, 58, 0.1, 0.1, 0.0192071552, 0.362053177, -0.0349715393, 0.944031045, -0.329856616, -1.36995442e-005, 0.329856616, 0.944031044, 3.19317611e-005, 2.3998924e-006, -3.46634591e-005, 0.999999999, 0.944031047, -0.329856607, -1.12424894e-005, 0.329856607, 0.944031047, 2.53155353e-005, 2.26276245e-006, -2.76070607e-005, 1, 0, 0, 0, 0, 0, 0, 0, 0.298725537, -0.220410815, -0.207928711, -0.329268284, 0.620525149, -0.711695559, -0.901489258, 0.0174560547, 0.432373047, 0.280796051, 0.784041291, 0.553697524, 0, 0, -0, 0, 0, 0, 0, 0.367714062, -0.176054102, -0.176914844, 0.154328046, 0.233092445, -0.960048712, 0.534667969, -0.836791992, -0.1171875, -0.830704167, -0.495193631, -0.253842602, 0, 2, 1, 1, 
441.006631, 58, 0.1, 0.1, 0.019207157, 0.362053172, -0.0349704986, 0.944031031, -0.329856654, 8.04384007e-006, 0.329856654, 0.944031031, -1.6337073e-005, -2.20474241e-006, 1.8076018e-005, 1, 0.94403104, -0.329856628, -3.63483352e-006, 0.329856628, 0.94403104, 5.3065437e-007, 3.25635581e-006, -1.69992813e-006, 1, 0, 0, 0, 0, 0, 0, 0, 0.298725537, -0.220410815, -0.207928711, -0.329268284, 0.620525149, -0.711695559, -0.901489258, 0.0174560547, 0.432373047, 0.280796051, 0.784041291, 0.553697524, 0, 0, -0, 0, 0, 0, 0, 0.367714062, -0.176054102, -0.176914844, 0.154328046, 0.233092445, -0.960048712, 0.534667969, -0.836791992, -0.1171875, -0.830704167, -0.495193631, -0.253842602, 0, 2, 1, 1, 
441.007434, 58, 0.1, 0.1, 0.0192071526, 0.362053183, -0.0349683338, 0.944031016, -0.329856697, 9.2506633e-006, 0.329856697, 0.944031016, -1.32277826e-005, -4.36964041e-006, 1.55388302e-005, 1, 0.944031025, -0.329856673, 1.48351145e-005, 0.329856673, 0.944031024, -2.875664e-005, -4.51923871e-006, 3.20406219e-005, 0.999999999, 0, 0, 0, 0, 0, 0, 0, 0.298969897, -0.220725732, -0.207129126, -0.328799119, 0.618647367, -0.713428808, -0.901855469, 0.0181884766, 0.431396484, 0.279856599, 0.785451029, 0.552118165, 0, 0, -0, 0, 0, 0, 0, 0.367863477, -0.176133691, -0.176047266, 0.156513275, 0.231852909, -0.960042516, 0.534545898, -0.837158203, -0.114990234, -0.83047449, -0.495078426, -0.255069378, 0, 2, 1, 1, 
441.008413, 58, 0.1, 0.1, 0.0192071557, 0.362053175, -0.0349623463, 0.944030996, -0.329856753, -6.48731392e-006, 0.329856753, 0.944030996, 4.81597726e-006, 4.5356428e-006, -6.68631612e-006, 1, 0.944030993, -0.329856763, -2.48348219e-006, 0.329856763, 0.944030993, 2.15923494e-005, -4.7778983e-006, -2.12030404e-005, 1, 0, 0, 0, 0, 0, 0, 0, 0.298969897, -0.220725732, -0.207129126, -0.328799119, 0.618647367, -0.713428808, -0.901855469, 0.0181884766, 0.431396484, 0.279856599, 0.785451029, 0.552118165, 0, 0, -0, 0, 0, 0, 0, 0.367863477, -0.176133691, -0.176047266, 0.156513275, 0.231852909, -0.960042516, 0.534545898, -0.837158203, -0.114990234, -0.83047449, -0.495078426, -0.255069378, 0, 2, 1, 1, 
441.00942, 58, 0.1, 0.1, 0.0192071527, 0.362053185, -0.0349545927, 0.944030928, -0.329856949, -4.13493652e-006, 0.329856949, 0.944030928, 7.74566027e-007, 3.64801198e-006, -2.09515183e-006, 1, 0.944030935, -0.329856929, 3.05799354e-006, 0.329856929, 0.944030935, -2.24810617e-005, 4.52869348e-006, 2.22315181e-005, 1, 0, 0, 0, 0, 0, 0, 0, 0.298969897, -0.220725732, -0.207129126, -0.328799119, 0.618647367, -0.713428808, -0.901855469, 0.0181884766, 0.431396484, 0.279856599, 0.785451029, 0.552118165, 0, 0, -0, 0, 0, 0, 0, 0.367863477, -0.176133691, -0.176047266, 0.156513275, 0.231852909, -0.960042516, 0.534545898, -0.837158203, -0.114990234, -0.83047449, -0.495078426, -0.255069378, 0, 2, 1, 1, 
441.010396, 58, 0.1, 0.1, 0.0192071512, 0.362053183, -0.0349486766, 0.944030952, -0.329856881, 9.06492692e-006, 0.329856881, 0.944030952, 6.75181755e-006, -1.07847051e-005, -3.38379623e-006, 1, 0.944030948, -0.329856892, 3.21230489e-008, 0.329856892, 0.944030948, -8.35149088e-006, 2.72447167e-006, 7.89466186e-006, 1, 0, 0, 0, 0, 0, 0, 0, 0.298969897, -0.220725732, -0.207129126, -0.328799119, 0.618647367, -0.713428808, -0.901855469, 0.0181884766, 0.431396484, 0.279856599, 0.785451029, 0.552118165, 0, 0, -0, 0, 0, 0, 0, 0.367863477, -0.176133691, -0.176047266, 0.156513275, 0.231852909, -0.960042516, 0.534545898, -0.837158203, -0.114990234, -0.83047449, -0.495078426, -0.255069378, 0, 2, 1, 1, 
441.011401, 58, 0.1, 0.1, 0.0192071492, 0.362053182, -0.0349464977, 0.944030962, -0.329856851, 1.0438001e-008, 0.32985685, 0.944030962, 2.71581176e-005, -8.96814494e-006, -2.56346609e-005, 1, 0.94403097, -0.329856829, 1.02068423e-005, 0.329856829, 0.94403097, 2.93672322e-006, -1.06042734e-005, 5.94438953e-007, 1, 0, 0, 0, 0, 0, 0, 0, 0.298969897, -0.220725732, -0.207129126, -0.328799119, 0.618647367, -0.713428808, -0.901855469, 0.0181884766, 0.431396484, 0.279856599, 0.785451029, 0.552118165, 0, 0, -0, 0, 0, 0, 0, 0.367863477, -0.176133691, -0.176047266, 0.156513275, 0.231852909, -0.960042516, 0.534545898, -0.837158203, -0.114990234, -0.83047449, -0.495078426, -0.255069378, 0, 2, 1, 1, 
441.012419, 58, 0.1, 0.1, 0.0192071492, 0.36205318, -0.0349481547, 0.944030892, -0.329857053, 7.54943222e-006, 0.329857053, 0.944030891, -3.75044235e-005, 5.24420139e-006, 3.78955679e-005, 0.999999999, 0.944030888, -0.329857063, 1.5558435e-005, 0.329857063, 0.944030888, -1.97762762e-005, -8.16429884e-006, 2.38014752e-005, 1, 0, 0, 0, 0, 0, 0, 0, 0.299222192, -0.221705615, -0.206331494, -0.328284648, 0.616871056, -0.715156065, -0.901855469, 0.0202636719, 0.431518555, 0.280763851, 0.786721105, 0.549796305, 0, 0, -0, 0, 0, 0, 0, 0.367909619, -0.177158984, -0.175383887, 0.157452405, 0.229540082, -0.960361878, 0.532958984, -0.838500977, -0.112915039, -0.831234983, -0.494094086, -0.254366488, 0, 2, 1, 1, 
