time, trialNum, realDorsalTactorPos, realVentralTactorPos, boxPosX, boxPosY, boxPosZ, boxLocalRot_11, boxLocalRot_12, boxLocalRot_13, boxLocalRot_21, boxLocalRot_22, boxLocalRot_23, boxLocalRot_31, boxLocalRot_32, boxLocalRot_33, boxGlobalRot_11, boxGlobalRot_12, boxGlobalRot_13, boxGlobalRot_21, boxGlobalRot_22, boxGlobalRot_23, boxGlobalRot_31, boxGlobalRot_32, boxGlobalRot_33, indexForceX, indexForceY, indexForceZ, indexForceGlobalX, indexForceGlobalY, indexForceGlobalZ, indexContact, indexPosX, indexPosY, indexPosZ, indexRot_11, indexRot_12, indexRot_13, indexRot_21, indexRot_22, indexRot_23, indexRot_31, indexRot_32, indexRot_33, thumbForceX, thumbForceY, thumbForceZ, thumbForceGlobalX, thumbForceGlobalY, thumbForceGlobalZ, thumbContact, thumbPosX, thumbPosY, thumbPosZ, thumbRot_11, thumbRot_12, thumbRot_13, thumbRot_21, thumbRot_22, thumbRot_23, thumbRot_31, thumbRot_32, thumbRot_33, manipForceTooHigh, cceExpType, mapping, trialSuccess, 
333.509585, 40, 0.1, 0.1, 0.00138228288, 0.377439547, -0.0349755225, 0.896037879, -0.443977611, 3.35054486e-006, 0.443977611, 0.896037879, -1.31700365e-007, -2.9437431e-006, 1.60557542e-006, 1, 0.896037868, -0.443977634, -6.10455553e-007, 0.443977634, 0.896037868, -6.86251711e-006, 3.5937954e-006, 5.87804658e-006, 1, 0, 0, 0, 0, 0, 0, 0, 0.262458911, -0.157636279, -0.189899683, -0.498289204, 0.580380302, -0.644102513, -0.814086914, -0.0576171875, 0.577758789, 0.29829694, 0.812275382, 0.501341356, 0, 0, -0, 0, 0, 0, 0, 0.347210156, -0.108283887, -0.156757617, 0.0949162848, 0.471971221, -0.876409941, 0.358154297, -0.837524414, -0.412231445, -0.928760142, -0.274680065, -0.248488609, 0, 2, 5, 1, 
333.54469, 40, 0.1, 0.1, 0.0013817238, 0.377440616, -0.0349684241, 0.896039377, -0.443974587, -3.17642162e-006, 0.443974587, 0.896039377, -1.05912724e-005, 7.54845464e-006, 8.07994663e-006, 1, 0.896039371, -0.443974601, -1.57852903e-005, 0.443974601, 0.896039371, -7.13871183e-006, 1.73136483e-005, -6.11701088e-007, 1, 0, 0, 0, 0, 0, 0, 0, 0.268578247, -0.170537354, -0.180510278, -0.538895696, 0.554165492, -0.634323065, -0.795532227, -0.0874023438, 0.599487305, 0.276796599, 0.827797858, 0.488174802, 0, 0, -0, 0, 0, 0, 0, 0.351613379, -0.118059082, -0.149873975, 0.056101689, 0.464239396, -0.883799013, 0.386962891, -0.826049805, -0.409301758, -0.920319964, -0.319066375, -0.22606686, 0, 2, 5, 1, 
333.545387, 40, 0.1, 0.1, 0.00138171182, 0.377440631, -0.0349703385, 0.89603933, -0.443974683, 2.59621413e-006, 0.443974683, 0.89603933, 5.15206814e-006, -4.61369779e-006, -3.46380234e-006, 1, 0.896039346, -0.443974651, 9.56217047e-006, 0.443974651, 0.896039346, 1.09343821e-005, -1.34226695e-005, -5.5522753e-006, 1, 0, 0, 0, 0, 0, 0, 0, 0.268578247, -0.170537354, -0.180510278, -0.538895696, 0.554165492, -0.634323065, -0.795532227, -0.0874023438, 0.599487305, 0.276796599, 0.827797858, 0.488174802, 0, 0, -0, 0, 0, 0, 0, 0.351740039, -0.1184354, -0.149184717, 0.056101689, 0.464239396, -0.883799013, 0.386962891, -0.826049805, -0.409301758, -0.920319964, -0.319066375, -0.22606686, 0, 2, 5, 1, 
333.546079, 40, 0.1, 0.1, 0.00138170801, 0.377440649, -0.0349719681, 0.896039267, -0.443974811, -1.05123452e-005, 0.443974811, 0.896039267, 3.19481105e-006, 8.00105848e-006, -7.52989263e-006, 1, 0.896039272, -0.4439748, -1.67564723e-005, 0.4439748, 0.896039272, -2.75265259e-006, 1.62365657e-005, -4.97296663e-006, 1, 0, 0, 0, 0, 0, 0, 0, 0.268578247, -0.170537354, -0.180510278, -0.538895696, 0.554165492, -0.634323065, -0.795532227, -0.0874023438, 0.599487305, 0.276796599, 0.827797858, 0.488174802, 0, 0, -0, 0, 0, 0, 0, 0.351740039, -0.1184354, -0.149184717, 0.056101689, 0.464239396, -0.883799013, 0.386962891, -0.826049805, -0.409301758, -0.920319964, -0.319066375, -0.22606686, 0, 2, 5, 1, 
333.546769, 40, 0.1, 0.1, 0.00138169713, 0.377440662, -0.0349728752, 0.896039288, -0.443974768, 7.78839476e-007, 0.443974768, 0.896039288, 6.78015021e-006, -3.70808639e-006, -5.72949589e-006, 1, 0.896039282, -0.443974779, 1.10256267e-005, 0.443974779, 0.896039282, 3.79840846e-006, -1.15657922e-005, 1.49157699e-006, 1, 0, 0, 0, 0, 0, 0, 0, 0.268578247, -0.170537354, -0.180510278, -0.538895696, 0.554165492, -0.634323065, -0.795532227, -0.0874023438, 0.599487305, 0.276796599, 0.827797858, 0.488174802, 0, 0, -0, 0, 0, 0, 0, 0.351740039, -0.1184354, -0.149184717, 0.056101689, 0.464239396, -0.883799013, 0.386962891, -0.826049805, -0.409301758, -0.920319964, -0.319066375, -0.22606686, 0, 2, 5, 1, 
333.547457, 40, 0.1, 0.1, 0.00138169297, 0.377440679, -0.03497287, 0.89603925, -0.443974845, -3.59796371e-006, 0.443974845, 0.89603925, -3.88269386e-006, 4.94773511e-006, 1.88164071e-006, 1, 0.896039262, -0.443974819, -9.9480869e-006, 0.443974819, 0.896039262, -9.82331238e-006, 1.32751798e-005, 4.38537349e-006, 1, 0, 0, 0, 0, 0, 0, 0, 0.268578247, -0.170537354, -0.180510278, -0.538895696, 0.554165492, -0.634323065, -0.795532227, -0.0874023438, 0.599487305, 0.276796599, 0.827797858, 0.488174802, 0, 0, -0, 0, 0, 0, 0, 0.351740039, -0.1184354, -0.149184717, 0.056101689, 0.464239396, -0.883799013, 0.386962891, -0.826049805, -0.409301758, -0.920319964, -0.319066375, -0.22606686, 0, 2, 5, 1, 
333.548148, 40, 0.1, 0.1, 0.00138168153, 0.377440691, -0.0349720016, 0.896039199, -0.443974948, 7.6454434e-006, 0.443974948, 0.896039199, -6.11657131e-007, -6.57905654e-006, 3.94245411e-006, 1, 0.896039202, -0.443974941, 1.40487707e-005, 0.443974941, 0.896039202, 4.87340256e-006, -1.47519179e-005, 1.87054239e-006, 1, 0, 0, 0, 0, 0, 0, 0, 0.268578247, -0.170537354, -0.180510278, -0.538895696, 0.554165492, -0.634323065, -0.795532227, -0.0874023438, 0.599487305, 0.276796599, 0.827797858, 0.488174802, 0, 0, -0, 0, 0, 0, 0, 0.351740039, -0.1184354, -0.149184717, 0.056101689, 0.464239396, -0.883799013, 0.386962891, -0.826049805, -0.409301758, -0.920319964, -0.319066375, -0.22606686, 0, 2, 5, 1, 
333.548874, 40, 0.1, 0.1, 0.00138167723, 0.377440708, -0.0349703158, 0.896039232, -0.443974881, -9.81587363e-007, 0.443974881, 0.896039232, -2.5355759e-006, 2.0052728e-006, 1.83617535e-006, 1, 0.896039223, -0.443974899, -1.33799238e-005, 0.443974899, 0.896039223, 6.09620444e-007, 1.17182804e-005, -6.48659416e-006, 1, 0, 0, 0, 0, 0, 0, 0, 0.268578247, -0.170537354, -0.180510278, -0.538895696, 0.554165492, -0.634323065, -0.795532227, -0.0874023438, 0.599487305, 0.276796599, 0.827797858, 0.488174802, 0, 0, -0, 0, 0, 0, 0, 0.351740039, -0.1184354, -0.149184717, 0.056101689, 0.464239396, -0.883799013, 0.386962891, -0.826049805, -0.409301758, -0.920319964, -0.319066375, -0.22606686, 0, 2, 5, 1, 
333.54962, 40, 0.1, 0.1, 0.00138166354, 0.377440719, -0.0349677632, 0.896039186, -0.443974973, 4.50285769e-006, 0.443974973, 0.896039186, 1.05950659e-005, -8.73868102e-006, -7.49443808e-006, 1, 0.896039202, -0.443974941, 1.2436427e-005, 0.443974941, 0.896039202, 1.81098572e-005, -1.91838489e-005, -1.07056801e-005, 1, 0, 0, 0, 0, 0, 0, 0, 0.268196924, -0.171975928, -0.179574951, -0.542055536, 0.552148046, -0.633315464, -0.79296875, -0.0869140625, 0.602905273, 0.277915029, 0.829106126, 0.485172599, 0, 0, -0, 0, 0, 0, 0, 0.351261182, -0.119954785, -0.148521582, 0.0523254796, 0.462098644, -0.885216819, 0.38671875, -0.826660156, -0.408691406, -0.920594117, -0.320887032, -0.221919882, 0, 2, 5, 1, 
333.550384, 40, 0.1, 0.1, 0.00138165965, 0.377440736, -0.0349655703, 0.896039127, -0.443975092, -7.1191472e-006, 0.443975093, 0.896039127, 9.08620453e-006, 2.34498594e-006, -1.13023188e-005, 1, 0.89603913, -0.443975087, -1.76652177e-005, 0.443975087, 0.89603913, 4.26784401e-007, 1.56392447e-005, -8.22533209e-006, 1, 0, 0, 0, 0, 0, 0, 0, 0.268196924, -0.171975928, -0.179574951, -0.542055536, 0.552148046, -0.633315464, -0.79296875, -0.0869140625, 0.602905273, 0.277915029, 0.829106126, 0.485172599, 0, 0, -0, 0, 0, 0, 0, 0.351261182, -0.119954785, -0.148521582, 0.0523254796, 0.462098644, -0.885216819, 0.38671875, -0.826660156, -0.408691406, -0.920594117, -0.320887032, -0.221919882, 0, 2, 5, 1, 
333.551084, 40, 0.1, 0.1, 0.0013816464, 0.377440749, -0.0349641235, 0.896039181, -0.443974983, 3.87867823e-006, 0.443974983, 0.896039181, 6.55359367e-006, -6.38507931e-006, -4.15024061e-006, 1, 0.896039167, -0.443975011, 1.85603032e-005, 0.443975011, 0.896039167, 3.96948813e-006, -1.83931122e-005, 4.68349399e-006, 1, 0, 0, 0, 0, 0, 0, 0, 0.268196924, -0.171975928, -0.179574951, -0.542055536, 0.552148046, -0.633315464, -0.79296875, -0.0869140625, 0.602905273, 0.277915029, 0.829106126, 0.485172599, 0, 0, -0, 0, 0, 0, 0, 0.351261182, -0.119954785, -0.148521582, 0.0523254796, 0.462098644, -0.885216819, 0.38671875, -0.826660156, -0.408691406, -0.920594117, -0.320887032, -0.221919882, 0, 2, 5, 1, 
333.551776, 40, 0.1, 0.1, 0.00138164422, 0.377440767, -0.034964463, 0.896039154, -0.443975038, -7.49246448e-006, 0.443975038, 0.896039154, -1.32112045e-005, 1.25789866e-005, 8.51128929e-006, 1, 0.896039167, -0.443975012, -1.50942464e-005, 0.443975012, 0.896039167, -2.00683847e-005, 2.24348973e-005, 1.12805904e-005, 1, 0, 0, 0, 0, 0, 0, 0, 0.268196924, -0.171975928, -0.179574951, -0.542055536, 0.552148046, -0.633315464, -0.79296875, -0.0869140625, 0.602905273, 0.277915029, 0.829106126, 0.485172599, 0, 0, -0, 0, 0, 0, 0, 0.351261182, -0.119954785, -0.148521582, 0.0523254796, 0.462098644, -0.885216819, 0.38671875, -0.826660156, -0.408691406, -0.920594117, -0.320887032, -0.221919882, 0, 2, 5, 1, 
333.552493, 40, 0.1, 0.1, 0.00138163341, 0.37744078, -0.0349662026, 0.896039095, -0.443975157, 3.24481976e-006, 0.443975157, 0.896039095, -1.02167438e-007, -2.86212556e-006, 1.53216538e-006, 1, 0.896039106, -0.443975135, 1.04644526e-005, 0.443975135, 0.896039106, 7.29585942e-006, -1.26157389e-005, -1.89141858e-006, 1, 0, 0, 0, 0, 0, 0, 0, 0.268196924, -0.171975928, -0.179574951, -0.542055536, 0.552148046, -0.633315464, -0.79296875, -0.0869140625, 0.602905273, 0.277915029, 0.829106126, 0.485172599, 0, 0, -0, 0, 0, 0, 0, 0.351197803, -0.119887793, -0.148058984, 0.0476805026, 0.461248099, -0.88588726, 0.389648437, -0.825195313, -0.408691406, -0.919609411, -0.325640651, -0.219044523, 0, 2, 5, 1, 
333.553184, 40, 0.1, 0.1, 0.0013816314, 0.377440797, -0.0349687515, 0.896039055, -0.443975238, -9.34181034e-006, 0.443975238, 0.896039055, -4.59779901e-006, 1.04119358e-005, -2.77249846e-008, 1, 0.896039065, -0.443975218, -1.66915669e-005, 0.443975218, 0.896039065, -1.10254839e-005, 1.98513376e-005, 2.46862219e-006, 1, 0, 0, 0, 0, 0, 0, 0, 0.268196924, -0.171975928, -0.179574951, -0.542055536, 0.552148046, -0.633315464, -0.79296875, -0.0869140625, 0.602905273, 0.277915029, 0.829106126, 0.485172599, 0, 0, -0, 0, 0, 0, 0, 0.351197803, -0.119887793, -0.148058984, 0.0476805026, 0.461248099, -0.88588726, 0.389648437, -0.825195313, -0.408691406, -0.919609411, -0.325640651, -0.219044523, 0, 2, 5, 1, 
333.553868, 40, 0.1, 0.1, 0.00138162149, 0.377440808, -0.034971499, 0.896038998, -0.443975353, 2.64511701e-006, 0.443975353, 0.896038998, 7.2736033e-006, -5.59942859e-006, -5.34306545e-006, 1, 0.896039014, -0.443975321, 8.10676675e-006, 0.443975321, 0.896039014, 1.33495355e-005, -1.31908436e-005, -8.36250028e-006, 1, 0, 0, 0, 0, 0, 0, 0, 0.268196924, -0.171975928, -0.179574951, -0.542055536, 0.552148046, -0.633315464, -0.79296875, -0.0869140625, 0.602905273, 0.277915029, 0.829106126, 0.485172599, 0, 0, -0, 0, 0, 0, 0, 0.351197803, -0.119887793, -0.148058984, 0.0476805026, 0.461248099, -0.88588726, 0.389648437, -0.825195313, -0.408691406, -0.919609411, -0.325640651, -0.219044523, 0, 2, 5, 1, 
333.554566, 40, 0.1, 0.1, 0.00138161738, 0.377440824, -0.0349736597, 0.89603893, -0.443975491, -5.92750652e-006, 0.443975491, 0.89603893, 2.45035629e-006, 4.22337846e-006, -4.82728224e-006, 1, 0.896038937, -0.443975476, -1.2318453e-005, 0.443975476, 0.896038937, -2.41662064e-006, 1.21107338e-005, -3.30370482e-006, 1, 0, 0, 0, 0, 0, 0, 0, 0.268394263, -0.172128638, -0.178841382, -0.546746805, 0.54906459, -0.632002327, -0.790893555, -0.0908203125, 0.605102539, 0.274826703, 0.830706824, 0.484099475, 0, 0, -0, 0, 0, 0, 0, 0.351197803, -0.119887793, -0.148058984, 0.0476805026, 0.461248099, -0.88588726, 0.389648437, -0.825195313, -0.408691406, -0.919609411, -0.325640651, -0.219044523, 0, 2, 5, 1, 
333.555256, 40, 0.1, 0.1, 0.00138160585, 0.377440837, -0.0349744899, 0.89603894, -0.44397547, 6.14910454e-006, 0.44397547, 0.89603894, 1.98350557e-006, -6.39046493e-006, 9.52753352e-007, 1, 0.896038936, -0.443975478, 1.56380907e-005, 0.443975478, 0.896038936, -6.60673289e-008, -1.39830059e-005, 7.00212772e-006, 1, 0, 0, 0, 0, 0, 0, 0, 0.268394263, -0.172128638, -0.178841382, -0.546746805, 0.54906459, -0.632002327, -0.790893555, -0.0908203125, 0.605102539, 0.274826703, 0.830706824, 0.484099475, 0, 0, -0, 0, 0, 0, 0, 0.351197803, -0.119887793, -0.148058984, 0.0476805026, 0.461248099, -0.88588726, 0.389648437, -0.825195313, -0.408691406, -0.919609411, -0.325640651, -0.219044523, 0, 2, 5, 1, 
333.555943, 40, 0.1, 0.1, 0.00138160351, 0.377440849, -0.0349739548, 0.896038956, -0.443975438, -5.50154116e-006, 0.443975438, 0.896038956, -2.16504968e-007, 5.02571809e-006, -2.24855226e-006, 1, 0.896038954, -0.443975442, -1.58148116e-005, 0.443975442, 0.896038954, 4.1505394e-006, 1.23279497e-005, -1.0740433e-005, 1, 0, 0, 0, 0, 0, 0, 0, 0.268394263, -0.172128638, -0.178841382, -0.546746805, 0.54906459, -0.632002327, -0.790893555, -0.0908203125, 0.605102539, 0.274826703, 0.830706824, 0.484099475, 0, 0, -0, 0, 0, 0, 0, 0.351197803, -0.119887793, -0.148058984, 0.0476805026, 0.461248099, -0.88588726, 0.389648437, -0.825195313, -0.408691406, -0.919609411, -0.325640651, -0.219044523, 0, 2, 5, 1, 
333.55664, 40, 0.1, 0.1, 0.00138159071, 0.377440866, -0.0349722531, 0.896038962, -0.443975425, 8.64799454e-006, 0.443975425, 0.896038962, -5.77043291e-006, -5.18700965e-006, 9.01002977e-006, 1, 0.896038961, -0.443975427, 1.93072232e-005, 0.443975427, 0.896038961, -9.87859111e-006, -1.29141725e-005, 1.74235352e-005, 1, 0, 0, 0, 0, 0, 0, 0, 0.268394263, -0.172128638, -0.178841382, -0.546746805, 0.54906459, -0.632002327, -0.790893555, -0.0908203125, 0.605102539, 0.274826703, 0.830706824, 0.484099475, 0, 0, -0, 0, 0, 0, 0, 0.351197803, -0.119887793, -0.148058984, 0.0476805026, 0.461248099, -0.88588726, 0.389648437, -0.825195313, -0.408691406, -0.919609411, -0.325640651, -0.219044523, 0, 2, 5, 1, 
333.557356, 40, 0.1, 0.1, 0.00138158859, 0.377440878, -0.0349695732, 0.89603897, -0.443975409, -3.36756503e-006, 0.443975409, 0.89603897, 3.03876385e-006, 1.66833308e-006, -4.21796689e-006, 1, 0.896038967, -0.443975414, -1.60138539e-005, 0.443975415, 0.896038967, 6.35750703e-006, 1.15264603e-005, -1.28063315e-005, 1, 0, 0, 0, 0, 0, 0, 0, 0.268674854, -0.172431958, -0.17811062, -0.54988268, 0.54745303, -0.630796653, -0.789306641, -0.09375, 0.606689453, 0.27297513, 0.831456438, 0.483908515, 0, 0, -0, 0, 0, 0, 0, 0.351375732, -0.120142285, -0.14777666, 0.0434507697, 0.461848178, -0.885778251, 0.391601562, -0.823608398, -0.41015625, -0.919072032, -0.329014376, -0.216578212, 0, 2, 5, 1, 
333.558044, 40, 0.1, 0.1, 0.00138157413, 0.377440892, -0.0349672029, 0.896038985, -0.44397538, 1.181906e-005, 0.44397538, 0.896038985, -1.56533743e-006, -9.89536722e-006, 6.649975e-006, 1, 0.896038981, -0.443975386, 2.50534852e-005, 0.443975386, 0.896038982, -5.36471988e-006, -2.00670958e-005, 1.59301289e-005, 1, 0, 0, 0, 0, 0, 0, 0, 0.268674854, -0.172431958, -0.17811062, -0.54988268, 0.54745303, -0.630796653, -0.789306641, -0.09375, 0.606689453, 0.27297513, 0.831456438, 0.483908515, 0, 0, -0, 0, 0, 0, 0, 0.351375732, -0.120142285, -0.14777666, 0.0434507697, 0.461848178, -0.885778251, 0.391601562, -0.823608398, -0.41015625, -0.919072032, -0.329014376, -0.216578212, 0, 2, 5, 1, 
333.558741, 40, 0.1, 0.1, 0.00138157334, 0.377440904, -0.0349656454, 0.896038996, -0.443975357, -7.69164937e-006, 0.443975357, 0.896038996, 7.7343373e-007, 6.54863227e-006, -4.10792956e-006, 1, 0.896038995, -0.443975359, -2.08933662e-005, 0.443975359, 0.896038995, 5.685345e-006, 1.61971177e-005, -1.43704306e-005, 1, 0, 0, 0, 0, 0, 0, 0, 0.268674854, -0.172431958, -0.17811062, -0.54988268, 0.54745303, -0.630796653, -0.789306641, -0.09375, 0.606689453, 0.27297513, 0.831456438, 0.483908515, 0, 0, -0, 0, 0, 0, 0, 0.351375732, -0.120142285, -0.14777666, 0.0434507697, 0.461848178, -0.885778251, 0.391601562, -0.823608398, -0.41015625, -0.919072032, -0.329014376, -0.216578212, 0, 2, 5, 1, 
333.559431, 40, 0.1, 0.1, 0.00138155952, 0.377440919, -0.0349654356, 0.896039, -0.44397535, 1.09083978e-005, 0.44397535, 0.896039, -3.9152881e-006, -8.03605845e-006, 8.35131056e-006, 1, 0.896039, -0.443975349, 2.39542872e-005, 0.443975349, 0.896039, -9.31433288e-006, -1.73286414e-005, 1.89811185e-005, 1, 0, 0, 0, 0, 0, 0, 0, 0.268674854, -0.172431958, -0.17811062, -0.54988268, 0.54745303, -0.630796653, -0.789306641, -0.09375, 0.606689453, 0.27297513, 0.831456438, 0.483908515, 0, 0, -0, 0, 0, 0, 0, 0.351375732, -0.120142285, -0.14777666, 0.0434507697, 0.461848178, -0.885778251, 0.391601562, -0.823608398, -0.41015625, -0.919072032, -0.329014376, -0.216578212, 0, 2, 5, 1, 
333.56012, 40, 0.1, 0.1, 0.00138155898, 0.377440929, -0.0349665477, 0.896038999, -0.443975352, -8.70499641e-006, 0.443975352, 0.896038999, 5.17137764e-006, 5.50405205e-006, -8.49855988e-006, 1, 0.896038998, -0.443975352, -2.11989153e-005, 0.443975352, 0.896038998, 9.59546544e-006, 1.47349047e-005, -1.80097071e-005, 1, 0, 0, 0, 0, 0, 0, 0, 0.268674854, -0.172431958, -0.17811062, -0.54988268, 0.54745303, -0.630796653, -0.789306641, -0.09375, 0.606689453, 0.27297513, 0.831456438, 0.483908515, 0, 0, -0, 0, 0, 0, 0, 0.351375732, -0.120142285, -0.14777666, 0.0434507697, 0.461848178, -0.885778251, 0.391601562, -0.823608398, -0.41015625, -0.919072032, -0.329014376, -0.216578212, 0, 2, 5, 1, 
333.560811, 40, 0.1, 0.1, 0.00138154624, 0.377440944, -0.0349685582, 0.896039002, -0.443975345, 8.5251713e-006, 0.443975345, 0.896039002, -4.17332945e-006, -5.7860306e-006, 7.52443183e-006, 1, 0.896039, -0.443975348, 2.0823155e-005, 0.443975349, 0.896039, -7.55416635e-006, -1.53044954e-005, 1.60137952e-005, 1, 0, 0, 0, 0, 0, 0, 0, 0.268674854, -0.172431958, -0.17811062, -0.54988268, 0.54745303, -0.630796653, -0.789306641, -0.09375, 0.606689453, 0.27297513, 0.831456438, 0.483908515, 0, 0, -0, 0, 0, 0, 0, 0.351375732, -0.120142285, -0.14777666, 0.0434507697, 0.461848178, -0.885778251, 0.391601562, -0.823608398, -0.41015625, -0.919072032, -0.329014376, -0.216578212, 0, 2, 5, 1, 
333.561499, 40, 0.1, 0.1, 0.00138154593, 0.377440955, -0.034970804, 0.89603901, -0.443975328, -1.03078186e-005, 0.443975328, 0.89603901, 1.97103874e-006, 8.36111504e-006, -6.34254476e-006, 1, 0.896039008, -0.443975332, -2.13230878e-005, 0.443975332, 0.896039008, 5.11038668e-006, 1.68374328e-005, -1.40460308e-005, 1, 0, 0, 0, 0, 0, 0, 0, 0.268674854, -0.172431958, -0.17811062, -0.54988268, 0.54745303, -0.630796653, -0.789306641, -0.09375, 0.606689453, 0.27297513, 0.831456438, 0.483908515, 0, 0, -0, 0, 0, 0, 0, 0.351375732, -0.120142285, -0.14777666, 0.0434507697, 0.461848178, -0.885778251, 0.391601562, -0.823608398, -0.41015625, -0.919072032, -0.329014376, -0.216578212, 0, 2, 5, 1, 
333.562213, 40, 0.1, 0.1, 0.0013815341, 0.37744097, -0.0349725201, 0.896039019, -0.443975311, 6.86865803e-006, 0.443975311, 0.896039019, -1.66913014e-006, -5.41353303e-006, 4.54512032e-006, 1, 0.896039017, -0.443975313, 1.73729653e-005, 0.443975314, 0.896039018, -5.13716174e-006, -1.32860817e-005, 1.23162651e-005, 1, 0, 0, 0, 0, 0, 0, 0, 0.269423657, -0.172991113, -0.177419775, -0.552574477, 0.545175353, -0.630327488, -0.788208008, -0.0960693359, 0.607788086, 0.270806038, 0.83268233, 0.482969063, 0, 0, -0, 0, 0, 0, 0, 0.351568555, -0.120411426, -0.147732471, 0.0394765998, 0.462007492, -0.885924806, 0.392822266, -0.822387695, -0.411376953, -0.918630535, -0.331697971, -0.214016018, 0, 2, 5, 1, 
333.5629, 40, 0.1, 0.1, 0.0013815331, 0.37744098, -0.0349731799, 0.896039023, -0.443975302, -8.03969346e-006, 0.443975302, 0.896039023, 2.15261134e-006, 6.24817281e-006, -5.49824909e-006, 1, 0.896039023, -0.443975303, -1.82952673e-005, 0.443975303, 0.896039023, 5.57590808e-006, 1.39177079e-005, -1.31188781e-005, 1, 0, 0, 0, 0, 0, 0, 0, 0.269423657, -0.172991113, -0.177419775, -0.552574477, 0.545175353, -0.630327488, -0.788208008, -0.0960693359, 0.607788086, 0.270806038, 0.83268233, 0.482969063, 0, 0, -0, 0, 0, 0, 0, 0.351568555, -0.120411426, -0.147732471, 0.0394765998, 0.462007492, -0.885924806, 0.392822266, -0.822387695, -0.411376953, -0.918630535, -0.331697971, -0.214016018, 0, 2, 5, 1, 
333.563587, 40, 0.1, 0.1, 0.00138152202, 0.377440994, -0.0349728873, 0.896039025, -0.443975298, 6.22510143e-006, 0.443975298, 0.896039025, -1.62528514e-006, -4.85634737e-006, 4.22011018e-006, 1, 0.896039025, -0.443975298, 1.66803461e-005, 0.443975298, 0.896039025, -5.1036489e-006, -1.2680347e-005, 1.19787302e-005, 1, 0, 0, 0, 0, 0, 0, 0, 0.269423657, -0.172991113, -0.177419775, -0.552574477, 0.545175353, -0.630327488, -0.788208008, -0.0960693359, 0.607788086, 0.270806038, 0.83268233, 0.482969063, 0, 0, -0, 0, 0, 0, 0, 0.351568555, -0.120411426, -0.147732471, 0.0394765998, 0.462007492, -0.885924806, 0.392822266, -0.822387695, -0.411376953, -0.918630535, -0.331697971, -0.214016018, 0, 2, 5, 1, 
333.564276, 40, 0.1, 0.1, 0.00138152123, 0.377441004, -0.0349717304, 0.896039025, -0.443975299, -7.14804713e-006, 0.443975299, 0.896039025, 1.79062723e-006, 5.60993492e-006, -4.77802824e-006, 1, 0.896039025, -0.443975298, -1.83379387e-005, 0.443975299, 0.896039025, 5.50860504e-006, 1.39858242e-005, -1.30775169e-005, 1, 0, 0, 0, 0, 0, 0, 0, 0.269423657, -0.172991113, -0.177419775, -0.552574477, 0.545175353, -0.630327488, -0.788208008, -0.0960693359, 0.607788086, 0.270806038, 0.83268233, 0.482969063, 0, 0, -0, 0, 0, 0, 0, 0.351568555, -0.120411426, -0.147732471, 0.0394765998, 0.462007492, -0.885924806, 0.392822266, -0.822387695, -0.411376953, -0.918630535, -0.331697971, -0.214016018, 0, 2, 5, 1, 
333.564988, 40, 0.1, 0.1, 0.0013815087, 0.377441018, -0.0349698769, 0.896039022, -0.443975305, 8.25020458e-006, 0.443975305, 0.896039022, -2.16065368e-006, -6.43322836e-006, 5.5989171e-006, 1, 0.896039022, -0.443975303, 1.99941074e-005, 0.443975303, 0.896039023, -6.05059938e-006, -1.52291838e-005, 1.42984631e-005, 1, 0, 0, 0, 0, 0, 0, 0, 0.269966553, -0.174635962, -0.176494702, -0.555087297, 0.543500514, -0.629567013, -0.786254883, -0.0959472656, 0.610351563, 0.271327621, 0.833812742, 0.480747552, 0, 0, -0, 0, 0, 0, 0, 0.351742822, -0.121589648, -0.147681201, 0.0354575872, 0.461553602, -0.886307601, 0.392578125, -0.821899414, -0.412353516, -0.918930208, -0.333218589, -0.210373971, 0, 2, 5, 1, 
333.565677, 40, 0.1, 0.1, 0.00138150837, 0.377441028, -0.0349681011, 0.896039017, -0.443975315, -7.22990729e-006, 0.443975315, 0.896039017, 1.72894652e-006, 5.71066944e-006, -4.75910391e-006, 1, 0.896039018, -0.443975313, -1.96437437e-005, 0.443975313, 0.896039018, 5.88047606e-006, 1.49907746e-005, -1.39904733e-005, 1, 0, 0, 0, 0, 0, 0, 0, 0.269966553, -0.174635962, -0.176494702, -0.555087297, 0.543500514, -0.629567013, -0.786254883, -0.0959472656, 0.610351563, 0.271327621, 0.833812742, 0.480747552, 0, 0, -0, 0, 0, 0, 0, 0.351742822, -0.121589648, -0.147681201, 0.0354575872, 0.461553602, -0.886307601, 0.392578125, -0.821899414, -0.412353516, -0.918930208, -0.333218589, -0.210373971, 0, 2, 5, 1, 
333.566374, 40, 0.1, 0.1, 0.0013814956, 0.377441042, -0.0349669284, 0.896039009, -0.44397533, 9.04506266e-006, 0.44397533, 0.896039009, -2.52918714e-006, -6.98183229e-006, 6.28203501e-006, 1, 0.896039011, -0.443975326, 2.18856092e-005, 0.443975327, 0.896039011, -6.77836838e-006, -1.66009313e-005, 1.5790353e-005, 1, 0, 0, 0, 0, 0, 0, 0, 0.269966553, -0.174635962, -0.176494702, -0.555087297, 0.543500514, -0.629567013, -0.786254883, -0.0959472656, 0.610351563, 0.271327621, 0.833812742, 0.480747552, 0, 0, -0, 0, 0, 0, 0, 0.351742822, -0.121589648, -0.147681201, 0.0354575872, 0.461553602, -0.886307601, 0.392578125, -0.821899414, -0.412353516, -0.918930208, -0.333218589, -0.210373971, 0, 2, 5, 1, 
333.567087, 40, 0.1, 0.1, 0.00138149648, 0.377441051, -0.034966378, 0.896039002, -0.443975345, -1.00066646e-005, 0.443975345, 0.896039002, 3.71071626e-006, 7.31889523e-006, -7.76765886e-006, 1, 0.896039003, -0.443975342, -2.32080815e-005, 0.443975343, 0.896039003, 8.11363172e-006, 1.71930938e-005, -1.75739464e-005, 1, 0, 0, 0, 0, 0, 0, 0, 0.269966553, -0.174635962, -0.176494702, -0.555087297, 0.543500514, -0.629567013, -0.786254883, -0.0959472656, 0.610351563, 0.271327621, 0.833812742, 0.480747552, 0, 0, -0, 0, 0, 0, 0, 0.351742822, -0.121589648, -0.147681201, 0.0354575872, 0.461553602, -0.886307601, 0.392578125, -0.821899414, -0.412353516, -0.918930208, -0.333218589, -0.210373971, 0, 2, 5, 1, 
333.567777, 40, 0.1, 0.1, 0.00138148439, 0.377441065, -0.0349668411, 0.896038997, -0.443975354, 8.58112827e-006, 0.443975354, 0.896038997, -3.40693992e-006, -6.17642821e-006, 6.8625605e-006, 1, 0.896038998, -0.443975352, 2.11150047e-005, 0.443975353, 0.896038998, -7.7902631e-006, -1.54611828e-005, 1.63549212e-005, 1, 0, 0, 0, 0, 0, 0, 0, 0.269966553, -0.174635962, -0.176494702, -0.555087297, 0.543500514, -0.629567013, -0.786254883, -0.0959472656, 0.610351563, 0.271327621, 0.833812742, 0.480747552, 0, 0, -0, 0, 0, 0, 0, 0.351742822, -0.121589648, -0.147681201, 0.0354575872, 0.461553602, -0.886307601, 0.392578125, -0.821899414, -0.412353516, -0.918930208, -0.333218589, -0.210373971, 0, 2, 5, 1, 
333.568462, 40, 0.1, 0.1, 0.00138148476, 0.377441074, -0.0349681564, 0.896038994, -0.443975361, -9.26813899e-006, 0.443975361, 0.896038994, 3.14233535e-006, 6.90949446e-006, -6.93048036e-006, 1, 0.896038994, -0.44397536, -2.13655721e-005, 0.44397536, 0.896038994, 7.1965947e-006, 1.5949275e-005, -1.5934217e-005, 1, 0, 0, 0, 0, 0, 0, 0, 0.269966553, -0.174635962, -0.176494702, -0.555087297, 0.543500514, -0.629567013, -0.786254883, -0.0959472656, 0.610351563, 0.271327621, 0.833812742, 0.480747552, 0, 0, -0, 0, 0, 0, 0, 0.351742822, -0.121589648, -0.147681201, 0.0354575872, 0.461553602, -0.886307601, 0.392578125, -0.821899414, -0.412353516, -0.918930208, -0.333218589, -0.210373971, 0, 2, 5, 1, 
333.569152, 40, 0.1, 0.1, 0.00138147299, 0.377441087, -0.0349699172, 0.89603899, -0.443975369, 9.2053581e-006, 0.443975369, 0.89603899, -3.13586788e-006, -6.85611167e-006, 6.89681214e-006, 1, 0.896038991, -0.443975367, 2.06549924e-005, 0.443975367, 0.896038991, -6.69883354e-006, -1.55335614e-005, 1.51727239e-005, 1, 0, 0, 0, 0, 0, 0, 0, 0.269966553, -0.174635962, -0.176494702, -0.555087297, 0.543500514, -0.629567013, -0.786254883, -0.0959472656, 0.610351563, 0.271327621, 0.833812742, 0.480747552, 0, 0, -0, 0, 0, 0, 0, 0.351742822, -0.121589648, -0.147681201, 0.0354575872, 0.461553602, -0.886307601, 0.392578125, -0.821899414, -0.412353516, -0.918930208, -0.333218589, -0.210373971, 0, 2, 5, 1, 
333.569865, 40, 0.1, 0.1, 0.00138147244, 0.377441097, -0.0349714364, 0.896038988, -0.443975374, -6.98933843e-006, 0.443975374, 0.896038988, 2.45503841e-006, 5.17274314e-006, -5.30290428e-006, 1, 0.896038988, -0.443975373, -1.78248717e-005, 0.443975373, 0.896038988, 5.95025788e-006, 1.33300121e-005, -1.32454671e-005, 1, 0, 0, 0, 0, 0, 0, 0, 0.270334302, -0.1762625, -0.175600146, -0.556679761, 0.542187377, -0.629409375, -0.784790039, -0.0950927734, 0.612304688, 0.272197802, 0.834885866, 0.478621522, 0, 0, -0, 0, 0, 0, 0, 0.352356152, -0.122755908, -0.146569629, 0.0345950162, 0.461010393, -0.886639723, 0.392822266, -0.822021484, -0.412109375, -0.918898125, -0.333889397, -0.209549679, 0, 2, 5, 1, 
333.570549, 40, 0.1, 0.1, 0.00138146127, 0.37744111, -0.0349722223, 0.896038987, -0.443975375, 8.276804e-006, 0.443975375, 0.896038987, -2.87367447e-006, -6.14049837e-006, 6.24962152e-006, 1, 0.896038987, -0.443975374, 1.87440916e-005, 0.443975374, 0.896038987, -6.63147747e-006, -1.38512241e-005, 1.42639774e-005, 1, 0, 0, 0, 0, 0, 0, 0, 0.270334302, -0.1762625, -0.175600146, -0.556679761, 0.542187377, -0.629409375, -0.784790039, -0.0950927734, 0.612304688, 0.272197802, 0.834885866, 0.478621522, 0, 0, -0, 0, 0, 0, 0, 0.352356152, -0.122755908, -0.146569629, 0.0345950162, 0.461010393, -0.886639723, 0.392822266, -0.822021484, -0.412109375, -0.918898125, -0.333889397, -0.209549679, 0, 2, 5, 1, 
333.571236, 40, 0.1, 0.1, 0.00138146055, 0.377441119, -0.0349723421, 0.896038985, -0.443975379, -6.65454569e-006, 0.443975379, 0.896038985, 1.7092117e-006, 5.20388446e-006, -4.48597476e-006, 1, 0.896038986, -0.443975377, -1.69924625e-005, 0.443975377, 0.896038986, 5.75517958e-006, 1.26707508e-005, -1.27011002e-005, 1, 0, 0, 0, 0, 0, 0, 0, 0.270334302, -0.1762625, -0.175600146, -0.556679761, 0.542187377, -0.629409375, -0.784790039, -0.0950927734, 0.612304688, 0.272197802, 0.834885866, 0.478621522, 0, 0, -0, 0, 0, 0, 0, 0.352356152, -0.122755908, -0.146569629, 0.0345950162, 0.461010393, -0.886639723, 0.392822266, -0.822021484, -0.412109375, -0.918898125, -0.333889397, -0.209549679, 0, 2, 5, 1, 
333.571923, 40, 0.1, 0.1, 0.00138144967, 0.377441132, -0.034971755, 0.89603898, -0.443975388, 7.03636948e-006, 0.443975388, 0.89603898, -2.67465047e-006, -5.11738235e-006, 5.52056595e-006, 1, 0.896038982, -0.443975386, 1.78674244e-005, 0.443975386, 0.896038982, -6.90525432e-006, -1.29441458e-005, 1.41200737e-005, 1, 0, 0, 0, 0, 0, 0, 0, 0.270334302, -0.1762625, -0.175600146, -0.556679761, 0.542187377, -0.629409375, -0.784790039, -0.0950927734, 0.612304688, 0.272197802, 0.834885866, 0.478621522, 0, 0, -0, 0, 0, 0, 0, 0.352356152, -0.122755908, -0.146569629, 0.0345950162, 0.461010393, -0.886639723, 0.392822266, -0.822021484, -0.412109375, -0.918898125, -0.333889397, -0.209549679, 0, 2, 5, 1, 
333.57261, 40, 0.1, 0.1, 0.00138144961, 0.37744114, -0.034970702, 0.896038973, -0.443975403, -7.39355102e-006, 0.443975403, 0.896038973, 2.91980602e-006, 5.32858781e-006, -5.89881478e-006, 1, 0.896038975, -0.4439754, -1.8491343e-005, 0.4439754, 0.896038975, 7.07560711e-006, 1.34275685e-005, -1.45497211e-005, 1, 0, 0, 0, 0, 0, 0, 0, 0.270334302, -0.1762625, -0.175600146, -0.556679761, 0.542187377, -0.629409375, -0.784790039, -0.0950927734, 0.612304688, 0.272197802, 0.834885866, 0.478621522, 0, 0, -0, 0, 0, 0, 0, 0.352356152, -0.122755908, -0.146569629, 0.0345950162, 0.461010393, -0.886639723, 0.392822266, -0.822021484, -0.412109375, -0.918898125, -0.333889397, -0.209549679, 0, 2, 5, 1, 
333.5733, 40, 0.1, 0.1, 0.00138143866, 0.377441153, -0.0349695066, 0.896038965, -0.443975419, 6.5059922e-006, 0.443975419, 0.896038965, -1.83828209e-006, -5.01347046e-006, 4.53567299e-006, 1, 0.896038967, -0.443975415, 1.83253031e-005, 0.443975415, 0.896038967, -6.34175694e-006, -1.36046015e-005, 1.38184454e-005, 1, 0, 0, 0, 0, 0, 0, 0, 0.270334302, -0.1762625, -0.175600146, -0.556679761, 0.542187377, -0.629409375, -0.784790039, -0.0950927734, 0.612304688, 0.272197802, 0.834885866, 0.478621522, 0, 0, -0, 0, 0, 0, 0, 0.352356152, -0.122755908, -0.146569629, 0.0345950162, 0.461010393, -0.886639723, 0.392822266, -0.822021484, -0.412109375, -0.918898125, -0.333889397, -0.209549679, 0, 2, 5, 1, 
333.573991, 40, 0.1, 0.1, 0.00138143955, 0.377441161, -0.0349684616, 0.896038955, -0.44397544, -9.0238344e-006, 0.44397544, 0.896038955, 2.61444077e-006, 6.92495965e-006, -6.34900162e-006, 1, 0.896038957, -0.443975435, -2.12247946e-005, 0.443975435, 0.896038957, 7.49185319e-006, 1.5692044e-005, -1.61362797e-005, 1, 0, 0, 0, 0, 0, 0, 0, 0.270334302, -0.1762625, -0.175600146, -0.556679761, 0.542187377, -0.629409375, -0.784790039, -0.0950927734, 0.612304688, 0.272197802, 0.834885866, 0.478621522, 0, 0, -0, 0, 0, 0, 0, 0.352356152, -0.122755908, -0.146569629, 0.0345950162, 0.461010393, -0.886639723, 0.392822266, -0.822021484, -0.412109375, -0.918898125, -0.333889397, -0.209549679, 0, 2, 5, 1, 
333.574705, 40, 0.1, 0.1, 0.00138142812, 0.377441174, -0.0349677624, 0.896038941, -0.443975467, 6.14852194e-006, 0.443975467, 0.896038941, -2.68004295e-006, -4.31944177e-006, 5.13121575e-006, 1, 0.896038944, -0.443975461, 1.95254524e-005, 0.443975461, 0.896038944, -7.79397945e-006, -1.40352301e-005, 1.56525308e-005, 1, 0, 0, 0, 0, 0, 0, 0, 0.270667627, -0.177680688, -0.174677881, -0.558863079, 0.540594913, -0.628756363, -0.783447266, -0.0958251953, 0.613891602, 0.271678463, 0.835756047, 0.477282176, 0, 0, -0, 0, 0, 0, 0, 0.352356152, -0.122755908, -0.146569629, 0.0328060751, 0.46124007, -0.88658212, 0.39440918, -0.821044922, -0.412597656, -0.918226951, -0.336074625, -0.208929911, 0, 2, 5, 1, 
333.575391, 40, 0.1, 0.1, 0.0013814295, 0.377441182, -0.0349675451, 0.896038927, -0.443975497, -9.9569376e-006, 0.443975497, 0.896038927, 2.89219994e-006, 7.63773778e-006, -7.01216004e-006, 1, 0.89603893, -0.44397549, -2.2373478e-005, 0.443975491, 0.89603893, 7.68659117e-006, 1.66348492e-005, -1.68207608e-005, 1, 0, 0, 0, 0, 0, 0, 0, 0.270667627, -0.177680688, -0.174677881, -0.558863079, 0.540594913, -0.628756363, -0.783447266, -0.0958251953, 0.613891602, 0.271678463, 0.835756047, 0.477282176, 0, 0, -0, 0, 0, 0, 0, 0.352921631, -0.123679639, -0.145436572, 0.0328060751, 0.46124007, -0.88658212, 0.39440918, -0.821044922, -0.412597656, -0.918226951, -0.336074625, -0.208929911, 0, 2, 5, 1, 
333.576078, 40, 0.1, 0.1, 0.00138141825, 0.377441194, -0.034968048, 0.896038911, -0.443975528, 9.10441512e-006, 0.443975529, 0.896038911, -3.14000502e-006, -6.76382483e-006, 6.85570419e-006, 1, 0.896038914, -0.443975521, 2.08798011e-005, 0.443975522, 0.896038914, -7.78567286e-006, -1.52524661e-005, 1.62463864e-005, 1, 0, 0, 0, 0, 0, 0, 0, 0.270667627, -0.177680688, -0.174677881, -0.558863079, 0.540594913, -0.628756363, -0.783447266, -0.0958251953, 0.613891602, 0.271678463, 0.835756047, 0.477282176, 0, 0, -0, 0, 0, 0, 0, 0.352921631, -0.123679639, -0.145436572, 0.0328060751, 0.46124007, -0.88658212, 0.39440918, -0.821044922, -0.412597656, -0.918226951, -0.336074625, -0.208929911, 0, 2, 5, 1, 
333.576768, 40, 0.1, 0.1, 0.00138141864, 0.377441202, -0.0349690628, 0.896038894, -0.443975563, -7.49074693e-006, 0.443975563, 0.896038894, 3.58145654e-006, 5.12192141e-006, -6.53483295e-006, 1, 0.896038897, -0.443975556, -1.92419554e-005, 0.443975556, 0.896038897, 7.92616976e-006, 1.37225149e-005, -1.56451143e-005, 1, 0, 0, 0, 0, 0, 0, 0, 0.270667627, -0.177680688, -0.174677881, -0.558863079, 0.540594913, -0.628756363, -0.783447266, -0.0958251953, 0.613891602, 0.271678463, 0.835756047, 0.477282176, 0, 0, -0, 0, 0, 0, 0, 0.352921631, -0.123679639, -0.145436572, 0.0328060751, 0.46124007, -0.88658212, 0.39440918, -0.821044922, -0.412597656, -0.918226951, -0.336074625, -0.208929911, 0, 2, 5, 1, 
333.577485, 40, 0.1, 0.1, 0.00138140691, 0.377441214, -0.0349701486, 0.896038879, -0.443975594, 8.84978294e-006, 0.443975594, 0.896038879, -2.8909839e-006, -6.64622329e-006, 6.51952161e-006, 1, 0.896038882, -0.443975587, 2.11211913e-005, 0.443975588, 0.896038882, -7.41869529e-006, -1.5631689e-005, 1.60247327e-005, 1, 0, 0, 0, 0, 0, 0, 0, 0.271196484, -0.178881738, -0.173744141, -0.561541771, 0.538881881, -0.6279064, -0.781982422, -0.09765625, 0.615600586, 0.270372439, 0.836645325, 0.476406003, 0, 0, -0, 0, 0, 0, 0, 0.352921631, -0.123679639, -0.145436572, 0.0307743307, 0.461373865, -0.886562797, 0.396118164, -0.819946289, -0.412963867, -0.917581297, -0.338515417, -0.207945939, 0, 2, 5, 1, 
333.578173, 40, 0.1, 0.1, 0.00138140703, 0.377441222, -0.0349708465, 0.896038864, -0.443975624, -6.94370196e-006, 0.443975624, 0.896038864, 1.83119703e-006, 5.40881997e-006, -4.72365812e-006, 1, 0.896038867, -0.443975618, -1.81642458e-005, 0.443975618, 0.896038867, 5.83769305e-006, 1.36840769e-005, -1.32952821e-005, 1, 0, 0, 0, 0, 0, 0, 0, 0.271196484, -0.178881738, -0.173744141, -0.561541771, 0.538881881, -0.6279064, -0.781982422, -0.09765625, 0.615600586, 0.270372439, 0.836645325, 0.476406003, 0, 0, -0, 0, 0, 0, 0, 0.353470508, -0.12483833, -0.144521631, 0.0307743307, 0.461373865, -0.886562797, 0.396118164, -0.819946289, -0.412963867, -0.917581297, -0.338515417, -0.207945939, 0, 2, 5, 1, 
333.578858, 40, 0.1, 0.1, 0.00138139617, 0.377441234, -0.0349712459, 0.896038847, -0.443975657, 9.10602111e-006, 0.443975657, 0.896038847, -2.33020733e-006, -7.12479333e-006, 6.130808e-006, 1, 0.896038851, -0.44397565, 1.99503174e-005, 0.44397565, 0.896038851, -6.32980769e-006, -1.5065979e-005, 1.45292087e-005, 1, 0, 0, 0, 0, 0, 0, 0, 0.271196484, -0.178881738, -0.173744141, -0.561541771, 0.538881881, -0.6279064, -0.781982422, -0.09765625, 0.615600586, 0.270372439, 0.836645325, 0.476406003, 0, 0, -0, 0, 0, 0, 0, 0.353470508, -0.12483833, -0.144521631, 0.0307743307, 0.461373865, -0.886562797, 0.396118164, -0.819946289, -0.412963867, -0.917581297, -0.338515417, -0.207945939, 0, 2, 5, 1, 
333.579544, 40, 0.1, 0.1, 0.00138139618, 0.377441242, -0.0349712622, 0.896038829, -0.443975694, -6.76498891e-006, 0.443975694, 0.896038829, 1.87884873e-006, 5.22752957e-006, -4.68701206e-006, 1, 0.896038833, -0.443975686, -1.74458311e-005, 0.443975686, 0.896038833, 6.18749172e-006, 1.28850463e-005, -1.32897577e-005, 1, 0, 0, 0, 0, 0, 0, 0, 0.271196484, -0.178881738, -0.173744141, -0.561541771, 0.538881881, -0.6279064, -0.781982422, -0.09765625, 0.615600586, 0.270372439, 0.836645325, 0.476406003, 0, 0, -0, 0, 0, 0, 0, 0.353470508, -0.12483833, -0.144521631, 0.0307743307, 0.461373865, -0.886562797, 0.396118164, -0.819946289, -0.412963867, -0.917581297, -0.338515417, -0.207945939, 0, 2, 5, 1, 
333.580233, 40, 0.1, 0.1, 0.00138138568, 0.377441254, -0.0349709117, 0.896038809, -0.443975734, 7.45851898e-006, 0.443975734, 0.896038809, -3.2240711e-006, -5.25171314e-006, 6.20029427e-006, 1, 0.896038813, -0.443975726, 1.87191087e-005, 0.443975726, 0.896038813, -7.53780179e-006, -1.34264469e-005, 1.50649928e-005, 1, 0, 0, 0, 0, 0, 0, 0, 0.271196484, -0.178881738, -0.173744141, -0.561541771, 0.538881881, -0.6279064, -0.781982422, -0.09765625, 0.615600586, 0.270372439, 0.836645325, 0.476406003, 0, 0, -0, 0, 0, 0, 0, 0.353470508, -0.12483833, -0.144521631, 0.0307743307, 0.461373865, -0.886562797, 0.396118164, -0.819946289, -0.412963867, -0.917581297, -0.338515417, -0.207945939, 0, 2, 5, 1, 
333.580919, 40, 0.1, 0.1, 0.00138138631, 0.377441261, -0.0349703009, 0.896038791, -0.443975771, -7.49076779e-006, 0.443975771, 0.896038791, 3.35064682e-006, 5.22441251e-006, -6.32802893e-006, 1, 0.896038794, -0.443975764, -1.878899e-005, 0.443975764, 0.896038794, 7.38555827e-006, 1.35566551e-005, -1.49596029e-005, 1, 0, 0, 0, 0, 0, 0, 0, 0.271196484, -0.178881738, -0.173744141, -0.561541771, 0.538881881, -0.6279064, -0.781982422, -0.09765625, 0.615600586, 0.270372439, 0.836645325, 0.476406003, 0, 0, -0, 0, 0, 0, 0, 0.353470508, -0.12483833, -0.144521631, 0.0307743307, 0.461373865, -0.886562797, 0.396118164, -0.819946289, -0.412963867, -0.917581297, -0.338515417, -0.207945939, 0, 2, 5, 1, 
333.581609, 40, 0.1, 0.1, 0.00138137578, 0.377441272, -0.0349696138, 0.896038777, -0.443975799, 7.08503934e-006, 0.443975799, 0.896038777, -3.52530476e-006, -4.78331999e-006, 6.30439577e-006, 1, 0.896038779, -0.443975794, 1.90134544e-005, 0.443975794, 0.896038779, -7.47630989e-006, -1.37174918e-005, 1.51405771e-005, 1, 0, 0, 0, 0, 0, 0, 0, 0.271196484, -0.178881738, -0.173744141, -0.561541771, 0.538881881, -0.6279064, -0.781982422, -0.09765625, 0.615600586, 0.270372439, 0.836645325, 0.476406003, 0, 0, -0, 0, 0, 0, 0, 0.353470508, -0.12483833, -0.144521631, 0.0307743307, 0.461373865, -0.886562797, 0.396118164, -0.819946289, -0.412963867, -0.917581297, -0.338515417, -0.207945939, 0, 2, 5, 1, 
