time, trialNum, realDorsalTactorPos, realVentralTactorPos, boxPosX, boxPosY, boxPosZ, boxLocalRot_11, boxLocalRot_12, boxLocalRot_13, boxLocalRot_21, boxLocalRot_22, boxLocalRot_23, boxLocalRot_31, boxLocalRot_32, boxLocalRot_33, boxGlobalRot_11, boxGlobalRot_12, boxGlobalRot_13, boxGlobalRot_21, boxGlobalRot_22, boxGlobalRot_23, boxGlobalRot_31, boxGlobalRot_32, boxGlobalRot_33, indexForceX, indexForceY, indexForceZ, indexForceGlobalX, indexForceGlobalY, indexForceGlobalZ, indexContact, indexPosX, indexPosY, indexPosZ, indexRot_11, indexRot_12, indexRot_13, indexRot_21, indexRot_22, indexRot_23, indexRot_31, indexRot_32, indexRot_33, thumbForceX, thumbForceY, thumbForceZ, thumbForceGlobalX, thumbForceGlobalY, thumbForceGlobalZ, thumbContact, thumbPosX, thumbPosY, thumbPosZ, thumbRot_11, thumbRot_12, thumbRot_13, thumbRot_21, thumbRot_22, thumbRot_23, thumbRot_31, thumbRot_32, thumbRot_33, manipForceTooHigh, cceExpType, mapping, trialSuccess, 
415.989937, 52, 0.1, 0.1, 0.0162536464, 0.369580752, -0.0349706589, 0.81597185, -0.578091636, -1.1127068e-005, 0.578091636, 0.81597185, -1.71330135e-006, 1.00698195e-005, -5.03445929e-006, 1, 0.815971823, -0.578091675, -1.55408186e-005, 0.578091675, 0.815971823, 5.09664858e-006, 9.73453993e-006, -1.31427395e-005, 1, 0, 0, 0, 0, 0, 0, 0, 0.312008521, -0.183626758, -0.183738745, -0.500359043, 0.597106234, -0.627007434, -0.826904297, -0.115112305, 0.550292969, 0.256356329, 0.793806487, 0.551531109, 0, 0, -0, 0, 0, 0, 0, 0.386344678, -0.131718994, -0.151630762, 0.0271778938, 0.430747409, -0.901926863, 0.489257812, -0.792480469, -0.363769531, -0.871685296, -0.431336566, -0.232268168, 0, 2, 1, 1, 
416.035071, 52, 0.1, 0.1, 0.016253623, 0.369580773, -0.0349722223, 0.815972134, -0.578091236, 1.74987167e-005, 0.578091236, 0.815972134, 6.84416564e-006, -1.82350173e-005, 4.53120629e-006, 1, 0.815972093, -0.578091293, 1.09838219e-005, 0.578091293, 0.815972093, 1.47420184e-005, -1.74847247e-005, -5.6794238e-006, 1, 0, 0, 0, 0, 0, 0, 0, 0.307974585, -0.190210254, -0.176454077, -0.536480599, 0.599635906, -0.593696381, -0.799194336, -0.135009766, 0.585571289, 0.270976041, 0.788709333, 0.551940386, 0, 0, -0, 0, 0, 0, 0, 0.383018066, -0.137372217, -0.145880176, -0.0164173068, 0.447357905, -0.89408933, 0.489990234, -0.775878906, -0.397216797, -0.871480371, -0.444565343, -0.206404898, 0, 2, 1, 1, 
416.035766, 52, 0.1, 0.1, 0.0162536247, 0.369580775, -0.0349712897, 0.815972407, -0.578090849, -2.26122341e-005, 0.578090849, 0.815972408, -3.41589256e-006, 2.04256553e-005, -1.02846515e-005, 1, 0.815972346, -0.578090936, -1.7991263e-005, 0.578090936, 0.815972346, -5.71498227e-006, 1.79841526e-005, -5.73731859e-006, 1, 0, 0, 0, 0, 0, 0, 0, 0.307974585, -0.190210254, -0.176454077, -0.536480599, 0.599635906, -0.593696381, -0.799194336, -0.135009766, 0.585571289, 0.270976041, 0.788709333, 0.551940386, 0, 0, -0, 0, 0, 0, 0, 0.383018066, -0.137372217, -0.145880176, -0.0164173068, 0.447357905, -0.89408933, 0.489990234, -0.775878906, -0.397216797, -0.871480371, -0.444565343, -0.206404898, 0, 2, 1, 1, 
416.036457, 52, 0.1, 0.1, 0.0162536242, 0.369580775, -0.0349699922, 0.815972707, -0.578090426, 1.7824467e-005, 0.578090426, 0.815972707, -5.73550104e-007, -1.42127148e-005, 1.0772155e-005, 1, 0.815972652, -0.578090504, 1.65482102e-005, 0.578090504, 0.815972652, -2.11155701e-006, -1.22822159e-005, 1.1289336e-005, 1, 0, 0, 0, 0, 0, 0, 0, 0.307974585, -0.190210254, -0.176454077, -0.536480599, 0.599635906, -0.593696381, -0.799194336, -0.135009766, 0.585571289, 0.270976041, 0.788709333, 0.551940386, 0, 0, -0, 0, 0, 0, 0, 0.383018066, -0.137372217, -0.145880176, -0.0164173068, 0.447357905, -0.89408933, 0.489990234, -0.775878906, -0.397216797, -0.871480371, -0.444565343, -0.206404898, 0, 2, 1, 1, 
416.03718, 52, 0.1, 0.1, 0.0162536252, 0.369580773, -0.0349683157, 0.81597297, -0.578090055, 1.81283762e-006, 0.578090055, 0.81597297, 7.27326806e-006, -5.68383043e-006, -4.88680674e-006, 1, 0.815972922, -0.578090123, -8.11571559e-006, 0.578090123, 0.815972922, 8.48535833e-006, 1.71690232e-006, -1.16154377e-005, 1, 0, 0, 0, 0, 0, 0, 0, 0.307561401, -0.190696777, -0.175433545, -0.540262373, 0.598830126, -0.591139378, -0.796264648, -0.13671875, 0.589233398, 0.272069382, 0.78908414, 0.550917436, 0, 0, -0, 0, 0, 0, 0, 0.382499658, -0.137619629, -0.14512793, -0.0209984847, 0.447721744, -0.893788557, 0.490600586, -0.774291992, -0.399414062, -0.871102673, -0.446859213, -0.20342746, 0, 2, 1, 1, 
416.037874, 52, 0.1, 0.1, 0.0162536249, 0.369580776, -0.0349671868, 0.815973285, -0.578089611, -9.49375357e-006, 0.578089611, 0.815973285, -6.09142734e-008, 7.78186319e-006, -5.43853589e-006, 1, 0.815973215, -0.57808971, -4.80119158e-006, 0.57808971, 0.815973215, -1.11526809e-005, 1.03648938e-005, 6.32476942e-006, 1, 0, 0, 0, 0, 0, 0, 0, 0.307561401, -0.190696777, -0.175433545, -0.540262373, 0.598830126, -0.591139378, -0.796264648, -0.13671875, 0.589233398, 0.272069382, 0.78908414, 0.550917436, 0, 0, -0, 0, 0, 0, 0, 0.382499658, -0.137619629, -0.14512793, -0.0209984847, 0.447721744, -0.893788557, 0.490600586, -0.774291992, -0.399414062, -0.871102673, -0.446859213, -0.20342746, 0, 2, 1, 1, 
416.038568, 52, 0.1, 0.1, 0.0162536252, 0.369580775, -0.0349668863, 0.815973655, -0.578089088, 6.81619486e-006, 0.578089088, 0.815973655, -1.20211785e-005, 1.38747666e-006, 1.37493328e-005, 1, 0.815973583, -0.57808919, 6.25897661e-006, 0.57808919, 0.815973583, -5.39546555e-006, -1.98809927e-006, 8.02080408e-006, 1, 0, 0, 0, 0, 0, 0, 0, 0.307561401, -0.190696777, -0.175433545, -0.540262373, 0.598830126, -0.591139378, -0.796264648, -0.13671875, 0.589233398, 0.272069382, 0.78908414, 0.550917436, 0, 0, -0, 0, 0, 0, 0, 0.382499658, -0.137619629, -0.14512793, -0.0209984847, 0.447721744, -0.893788557, 0.490600586, -0.774291992, -0.399414062, -0.871102673, -0.446859213, -0.20342746, 0, 2, 1, 1, 
416.039262, 52, 0.1, 0.1, 0.016253626, 0.369580775, -0.0349674476, 0.815973985, -0.578088622, -6.49979694e-006, 0.578088623, 0.815973985, 8.87507887e-006, 1.73083098e-007, -1.09992921e-005, 1, 0.815973923, -0.57808871, -8.78556508e-006, 0.57808871, 0.815973923, 7.67958627e-006, 2.72930989e-006, -1.13451781e-005, 1, 0, 0, 0, 0, 0, 0, 0, 0.307561401, -0.190696777, -0.175433545, -0.540262373, 0.598830126, -0.591139378, -0.796264648, -0.13671875, 0.589233398, 0.272069382, 0.78908414, 0.550917436, 0, 0, -0, 0, 0, 0, 0, 0.382499658, -0.137619629, -0.14512793, -0.0209984847, 0.447721744, -0.893788557, 0.490600586, -0.774291992, -0.399414062, -0.871102673, -0.446859213, -0.20342746, 0, 2, 1, 1, 
416.039955, 52, 0.1, 0.1, 0.0162536242, 0.369580776, -0.0349686388, 0.815974338, -0.578088125, -2.04346527e-006, 0.578088125, 0.815974338, -8.26889682e-006, 6.44756628e-006, 5.5659046e-006, 1, 0.81597426, -0.578088234, 4.29485636e-006, 0.578088234, 0.81597426, -1.13721154e-005, 3.06959388e-006, 1.17621594e-005, 1, 0, 0, 0, 0, 0, 0, 0, 0.307561401, -0.190696777, -0.175433545, -0.540262373, 0.598830126, -0.591139378, -0.796264648, -0.13671875, 0.589233398, 0.272069382, 0.78908414, 0.550917436, 0, 0, -0, 0, 0, 0, 0, 0.382499658, -0.137619629, -0.14512793, -0.0209984847, 0.447721744, -0.893788557, 0.490600586, -0.774291992, -0.399414062, -0.871102673, -0.446859213, -0.20342746, 0, 2, 1, 1, 
416.040644, 52, 0.1, 0.1, 0.0162536255, 0.369580775, -0.0349701048, 0.815974756, -0.578087534, -1.71834906e-006, 0.578087534, 0.815974756, -8.20868325e-006, 6.14746692e-006, 5.70472214e-006, 1, 0.815974673, -0.578087651, -1.17838372e-006, 0.578087651, 0.815974673, 5.46530193e-006, -2.19789228e-006, -5.14075703e-006, 1, 0, 0, 0, 0, 0, 0, 0, 0.307561401, -0.190696777, -0.175433545, -0.540262373, 0.598830126, -0.591139378, -0.796264648, -0.13671875, 0.589233398, 0.272069382, 0.78908414, 0.550917436, 0, 0, -0, 0, 0, 0, 0, 0.382499658, -0.137619629, -0.14512793, -0.0209984847, 0.447721744, -0.893788557, 0.490600586, -0.774291992, -0.399414062, -0.871102673, -0.446859213, -0.20342746, 0, 2, 1, 1, 
416.041348, 52, 0.1, 0.1, 0.0162536261, 0.369580776, -0.0349714003, 0.815975115, -0.578087027, -6.49999668e-006, 0.578087027, 0.815975115, 7.73202375e-006, 8.34052921e-007, -1.00667027e-005, 1, 0.815975051, -0.578087118, -7.03533844e-007, 0.578087118, 0.815975051, 5.29312659e-006, -2.48582223e-006, -4.72576309e-006, 1, 0, 0, 0, 0, 0, 0, 0, 0.307561401, -0.190696777, -0.175433545, -0.544025051, 0.598024346, -0.588480903, -0.793334961, -0.138183594, 0.592895508, 0.273283292, 0.789458947, 0.549754824, 0, 0, -0, 0, 0, 0, 0, 0.382499658, -0.137619629, -0.14512793, -0.0209984847, 0.447721744, -0.893788557, 0.490600586, -0.774291992, -0.399414062, -0.871102673, -0.446859213, -0.20342746, 0, 2, 1, 1, 
416.042055, 52, 0.1, 0.1, 0.016253626, 0.369580777, -0.0349718472, 0.815975396, -0.578086631, 6.01254691e-006, 0.578086631, 0.815975396, -8.86660544e-006, 2.19575723e-007, 1.07107049e-005, 1, 0.815975343, -0.578086706, 4.52178366e-006, 0.578086706, 0.815975343, -1.04675572e-005, 2.36149169e-006, 1.11552516e-005, 1, 0, 0, 0, 0, 0, 0, 0, 0.306926318, -0.190960059, -0.174408252, -0.544025051, 0.598024346, -0.588480903, -0.793334961, -0.138183594, 0.592895508, 0.273283292, 0.789458947, 0.549754824, 0, 0, -0, 0, 0, 0, 0, 0.381962939, -0.137837012, -0.144362256, -0.025809706, 0.448411507, -0.893404663, 0.490722656, -0.772827148, -0.402099609, -0.870871897, -0.448750599, -0.200073058, 0, 2, 1, 1, 
416.042747, 52, 0.1, 0.1, 0.0162536267, 0.369580775, -0.034971659, 0.815975582, -0.578086369, -7.68507153e-006, 0.578086369, 0.815975582, -7.72973502e-007, 6.71767615e-006, -3.81190759e-006, 1, 0.815975556, -0.578086405, -8.41875352e-006, 0.578086405, 0.815975556, 5.519033e-006, 3.67901914e-006, -9.37016298e-006, 1, 0, 0, 0, 0, 0, 0, 0, 0.306926318, -0.190960059, -0.174408252, -0.544025051, 0.598024346, -0.588480903, -0.793334961, -0.138183594, 0.592895508, 0.273283292, 0.789458947, 0.549754824, 0, 0, -0, 0, 0, 0, 0, 0.381962939, -0.137837012, -0.144362256, -0.025809706, 0.448411507, -0.893404663, 0.490722656, -0.772827148, -0.402099609, -0.870871897, -0.448750599, -0.200073058, 0, 2, 1, 1, 
416.043434, 52, 0.1, 0.1, 0.0162536261, 0.369580777, -0.0349709878, 0.815975643, -0.578086283, -9.26467097e-006, 0.578086283, 0.815975643, 8.14117316e-007, 7.0891158e-006, -6.0200791e-006, 1, 0.815975635, -0.578086293, 3.62240535e-006, 0.578086293, 0.815975635, -3.2505435e-006, -1.07669986e-006, 4.74642719e-006, 1, 0, 0, 0, 0, 0, 0, 0, 0.306926318, -0.190960059, -0.174408252, -0.544025051, 0.598024346, -0.588480903, -0.793334961, -0.138183594, 0.592895508, 0.273283292, 0.789458947, 0.549754824, 0, 0, -0, 0, 0, 0, 0, 0.381962939, -0.137837012, -0.144362256, -0.025809706, 0.448411507, -0.893404663, 0.490722656, -0.772827148, -0.402099609, -0.870871897, -0.448750599, -0.200073058, 0, 2, 1, 1, 
416.044132, 52, 0.1, 0.1, 0.0162536279, 0.369580777, -0.0349699442, 0.815975713, -0.578086183, 4.9898007e-006, 0.578086183, 0.815975713, -8.70261968e-006, 9.5930801e-007, 9.98566115e-006, 1, 0.815975692, -0.578086214, 4.74408858e-006, 0.578086214, 0.815975692, -2.88819602e-006, -2.20143466e-006, 5.09918995e-006, 1, 0, 0, 0, 0, 0, 0, 0, 0.306926318, -0.190960059, -0.174408252, -0.544025051, 0.598024346, -0.588480903, -0.793334961, -0.138183594, 0.592895508, 0.273283292, 0.789458947, 0.549754824, 0, 0, -0, 0, 0, 0, 0, 0.381962939, -0.137837012, -0.144362256, -0.025809706, 0.448411507, -0.893404663, 0.490722656, -0.772827148, -0.402099609, -0.870871897, -0.448750599, -0.200073058, 0, 2, 1, 1, 
416.044822, 52, 0.1, 0.1, 0.0162536292, 0.369580776, -0.0349689543, 0.815975812, -0.578086044, -7.78310207e-006, 0.578086044, 0.815975812, 1.03039715e-005, 3.94240911e-007, -1.29070942e-005, 1, 0.815975794, -0.578086069, -1.0030209e-005, 0.57808607, 0.815975794, 9.42153804e-006, 2.73794783e-006, -1.34860711e-005, 1, 0, 0, 0, 0, 0, 0, 0, 0.306926318, -0.190960059, -0.174408252, -0.544025051, 0.598024346, -0.588480903, -0.793334961, -0.138183594, 0.592895508, 0.273283292, 0.789458947, 0.549754824, 0, 0, -0, 0, 0, 0, 0, 0.381962939, -0.137837012, -0.144362256, -0.025809706, 0.448411507, -0.893404663, 0.490722656, -0.772827148, -0.402099609, -0.870871897, -0.448750599, -0.200073058, 0, 2, 1, 1, 
416.045515, 52, 0.1, 0.1, 0.016253628, 0.369580777, -0.0349683086, 0.81597596, -0.578085835, -4.17259494e-006, 0.578085835, 0.81597596, -7.4324116e-006, 7.70130903e-006, 3.65255116e-006, 1, 0.815975921, -0.57808589, 2.18263724e-006, 0.57808589, 0.815975921, -1.04811397e-005, 4.27801953e-006, 9.81410939e-006, 1, 0, 0, 0, 0, 0, 0, 0, 0.306926318, -0.190960059, -0.174408252, -0.544025051, 0.598024346, -0.588480903, -0.793334961, -0.138183594, 0.592895508, 0.273283292, 0.789458947, 0.549754824, 0, 0, -0, 0, 0, 0, 0, 0.381962939, -0.137837012, -0.144362256, -0.025809706, 0.448411507, -0.893404663, 0.490722656, -0.772827148, -0.402099609, -0.870871897, -0.448750599, -0.200073058, 0, 2, 1, 1, 
416.046259, 52, 0.1, 0.1, 0.0162536303, 0.369580774, -0.0349676175, 0.815976228, -0.578085457, -3.13520648e-006, 0.578085456, 0.815976228, -9.6212819e-006, 8.1201771e-006, 6.03832005e-006, 1, 0.815976171, -0.578085538, -2.79973797e-006, 0.578085538, 0.815976171, 7.32059826e-006, -1.94741251e-006, -7.59192176e-006, 1, 0, 0, 0, 0, 0, 0, 0, 0.306926318, -0.190960059, -0.174408252, -0.546302727, 0.597561172, -0.586786967, -0.791259766, -0.138671875, 0.595458984, 0.274509184, 0.789655898, 0.548744979, 0, 0, -0, 0, 0, 0, 0, 0.381962939, -0.137837012, -0.144362256, -0.025809706, 0.448411507, -0.893404663, 0.490722656, -0.772827148, -0.402099609, -0.870871897, -0.448750599, -0.200073058, 0, 2, 1, 1, 
416.046969, 52, 0.1, 0.1, 0.016253629, 0.369580775, -0.0349672383, 0.815976455, -0.578085136, 1.0973144e-005, 0.578085135, 0.815976455, 2.02594632e-005, -2.06655217e-005, -1.01878336e-005, 1, 0.815976415, -0.578085193, 8.32945696e-006, 0.578085193, 0.815976415, 1.15804155e-005, -1.34911072e-005, -4.63421017e-006, 1, 0, 0, 0, 0, 0, 0, 0, 0.306367163, -0.191429614, -0.173208545, -0.546302727, 0.597561172, -0.586786967, -0.791259766, -0.138671875, 0.595458984, 0.274509184, 0.789655898, 0.548744979, 0, 0, -0, 0, 0, 0, 0, 0.381118896, -0.13845376, -0.143395557, -0.0283591395, 0.449299598, -0.892854891, 0.490112305, -0.772094727, -0.404174805, -0.871139853, -0.449025486, -0.198296877, 0, 2, 1, 1, 
416.047663, 52, 0.1, 0.1, 0.0162536281, 0.369580776, -0.0349676536, 0.815976684, -0.578084814, -1.12852694e-005, 0.578084813, 0.815976684, -2.13293394e-005, 2.15386839e-005, 1.08804008e-005, 1, 0.815976628, -0.578084893, -2.42284638e-006, 0.578084893, 0.815976628, -1.64441678e-005, 1.1483111e-005, 1.20174457e-005, 1, 0, 0, 0, 0, 0, 0, 0, 0.306367163, -0.191429614, -0.173208545, -0.546302727, 0.597561172, -0.586786967, -0.791259766, -0.138671875, 0.595458984, 0.274509184, 0.789655898, 0.548744979, 0, 0, -0, 0, 0, 0, 0, 0.381118896, -0.13845376, -0.143395557, -0.0283591395, 0.449299598, -0.892854891, 0.490112305, -0.772094727, -0.404174805, -0.871139853, -0.449025486, -0.198296877, 0, 2, 1, 1, 
416.04835, 52, 0.1, 0.1, 0.0162536328, 0.369580776, -0.0349686938, 0.815977033, -0.57808432, 2.28933007e-006, 0.57808432, 0.815977033, 1.07180515e-005, -8.06397829e-006, -7.42225807e-006, 1, 0.815976952, -0.578084435, -7.47057022e-006, 0.578084435, 0.815976952, 1.0693653e-005, -8.60212287e-008, -1.30443947e-005, 1, 0, 0, 0, 0, 0, 0, 0, 0.306367163, -0.191429614, -0.173208545, -0.546302727, 0.597561172, -0.586786967, -0.791259766, -0.138671875, 0.595458984, 0.274509184, 0.789655898, 0.548744979, 0, 0, -0, 0, 0, 0, 0, 0.381118896, -0.13845376, -0.143395557, -0.0283591395, 0.449299598, -0.892854891, 0.490112305, -0.772094727, -0.404174805, -0.871139853, -0.449025486, -0.198296877, 0, 2, 1, 1, 
416.049056, 52, 0.1, 0.1, 0.0162536322, 0.369580776, -0.0349699442, 0.815977505, -0.578083655, -8.01746128e-006, 0.578083655, 0.815977505, 6.08221634e-006, 3.0260382e-006, -9.59771503e-006, 1, 0.815977409, -0.57808379, -3.69671318e-006, 0.57808379, 0.815977409, -4.22562157e-006, 5.45919778e-006, 1.31100177e-006, 1, 0, 0, 0, 0, 0, 0, 0, 0.306367163, -0.191429614, -0.173208545, -0.546302727, 0.597561172, -0.586786967, -0.791259766, -0.138671875, 0.595458984, 0.274509184, 0.789655898, 0.548744979, 0, 0, -0, 0, 0, 0, 0, 0.380103711, -0.138725928, -0.143449854, -0.0332983256, 0.451849031, -0.891365622, 0.48815918, -0.770874023, -0.409057617, -0.87202721, -0.448757529, -0.194949038, 0, 2, 1, 1, 
416.049753, 52, 0.1, 0.1, 0.0162536333, 0.369580775, -0.0349709487, 0.815978007, -0.578082946, -1.37826327e-006, 0.578082946, 0.815978007, -1.10049395e-005, 7.48640036e-006, 8.18303811e-006, 1, 0.815977913, -0.578083079, -2.36034013e-006, 0.578083079, 0.815977913, -5.10268653e-006, 4.87576215e-006, 2.79920682e-006, 1, 0, 0, 0, 0, 0, 0, 0, 0.306367163, -0.191429614, -0.173208545, -0.546302727, 0.597561172, -0.586786967, -0.791259766, -0.138671875, 0.595458984, 0.274509184, 0.789655898, 0.548744979, 0, 0, -0, 0, 0, 0, 0, 0.380103711, -0.138725928, -0.143449854, -0.0332983256, 0.451849031, -0.891365622, 0.48815918, -0.770874023, -0.409057617, -0.87202721, -0.448757529, -0.194949038, 0, 2, 1, 1, 
416.050441, 52, 0.1, 0.1, 0.0162536344, 0.369580774, -0.0349715426, 0.815978401, -0.578082389, -1.11878414e-005, 0.578082389, 0.815978401, 4.92003758e-006, 6.2848499e-006, -1.04821385e-005, 1, 0.815978335, -0.578082482, -5.45694012e-006, 0.578082482, 0.815978335, 1.00902842e-005, -1.3802716e-006, -1.13880148e-005, 1, 0, 0, 0, 0, 0, 0, 0, 0.306367163, -0.191429614, -0.173208545, -0.546302727, 0.597561172, -0.586786967, -0.791259766, -0.138671875, 0.595458984, 0.274509184, 0.789655898, 0.548744979, 0, 0, -0, 0, 0, 0, 0, 0.380103711, -0.138725928, -0.143449854, -0.0332983256, 0.451849031, -0.891365622, 0.48815918, -0.770874023, -0.409057617, -0.87202721, -0.448757529, -0.194949038, 0, 2, 1, 1, 
416.051137, 52, 0.1, 0.1, 0.0162536339, 0.369580776, -0.0349715574, 0.815978646, -0.578082044, 4.57338684e-006, 0.578082044, 0.815978646, -4.03022278e-006, -1.40198658e-006, 5.93236854e-006, 1, 0.815978606, -0.5780821, 9.8033878e-006, 0.5780821, 0.815978606, -6.94446422e-006, -3.98488426e-006, 1.13336972e-005, 1, 0, 0, 0, 0, 0, 0, 0, 0.306367163, -0.191429614, -0.173208545, -0.546302727, 0.597561172, -0.586786967, -0.791259766, -0.138671875, 0.595458984, 0.274509184, 0.789655898, 0.548744979, 0, 0, -0, 0, 0, 0, 0, 0.380103711, -0.138725928, -0.143449854, -0.0332983256, 0.451849031, -0.891365622, 0.48815918, -0.770874023, -0.409057617, -0.87202721, -0.448757529, -0.194949038, 0, 2, 1, 1, 
416.051847, 52, 0.1, 0.1, 0.0162536359, 0.369580775, -0.0349708555, 0.815978847, -0.578081759, 7.47357602e-006, 0.578081759, 0.815978847, -2.727749e-006, -4.521418e-006, 6.54612346e-006, 1, 0.815978803, -0.578081822, -6.91942256e-007, 0.578081822, 0.815978803, 4.53057413e-006, -2.05443233e-006, -4.09685169e-006, 1, 0, 0, 0, 0, 0, 0, 0, 0.30532063, -0.191584253, -0.172978076, -0.549499638, 0.598975781, -0.582293772, -0.787841797, -0.139892578, 0.599609375, 0.277734547, 0.788443111, 0.549022062, 0, 0, -0, 0, 0, 0, 0, 0.380103711, -0.138725928, -0.143449854, -0.0332983256, 0.451849031, -0.891365622, 0.48815918, -0.770874023, -0.409057617, -0.87202721, -0.448757529, -0.194949038, 0, 2, 1, 1, 
416.052543, 52, 0.1, 0.1, 0.0162536364, 0.369580776, -0.034969875, 0.815979123, -0.578081371, -2.96750134e-006, 0.578081371, 0.815979123, 1.13302178e-005, -4.12836869e-006, -1.09606784e-005, 1, 0.815979058, -0.578081462, -7.06159523e-006, 0.578081462, 0.815979058, 2.10120796e-006, 4.54744445e-006, -5.79671899e-006, 1, 0, 0, 0, 0, 0, 0, 0, 0.30532063, -0.191584253, -0.172978076, -0.549499638, 0.598975781, -0.582293772, -0.787841797, -0.139892578, 0.599609375, 0.277734547, 0.788443111, 0.549022062, 0, 0, -0, 0, 0, 0, 0, 0.380103711, -0.138725928, -0.143449854, -0.0332983256, 0.451849031, -0.891365622, 0.48815918, -0.770874023, -0.409057617, -0.87202721, -0.448757529, -0.194949038, 0, 2, 1, 1, 
416.053231, 52, 0.1, 0.1, 0.0162536359, 0.369580777, -0.0349689273, 0.815979433, -0.578080933, 4.57367372e-006, 0.578080933, 0.815979433, -1.11890629e-005, 2.73616023e-006, 1.17739988e-005, 1, 0.815979375, -0.578081014, 2.38400263e-006, 0.578081014, 0.815979375, -1.34382398e-005, 5.82309431e-006, 1.23434732e-005, 1, 0, 0, 0, 0, 0, 0, 0, 0.30532063, -0.191584253, -0.172978076, -0.549499638, 0.598975781, -0.582293772, -0.787841797, -0.139892578, 0.599609375, 0.277734547, 0.788443111, 0.549022062, 0, 0, -0, 0, 0, 0, 0, 0.380103711, -0.138725928, -0.143449854, -0.0332983256, 0.451849031, -0.891365622, 0.48815918, -0.770874023, -0.409057617, -0.87202721, -0.448757529, -0.194949038, 0, 2, 1, 1, 
416.053958, 52, 0.1, 0.1, 0.016253637, 0.369580776, -0.0349680924, 0.815979644, -0.578080636, -8.87948046e-006, 0.578080636, 0.815979644, -9.88148632e-007, 7.81670489e-006, -4.32674654e-006, 1, 0.815979614, -0.578080677, -1.04161047e-005, 0.578080677, 0.815979614, 6.36827177e-006, 4.81795421e-006, -1.12177288e-005, 1, 0, 0, 0, 0, 0, 0, 0, 0.304528589, -0.192015112, -0.172627271, -0.552049528, 0.599299291, -0.579736769, -0.78527832, -0.139892578, 0.603149414, 0.280363065, 0.788144688, 0.547999113, 0, 0, -0, 0, 0, 0, 0, 0.380103711, -0.138725928, -0.143449854, -0.0367934523, 0.453305851, -0.890540964, 0.486816406, -0.770141602, -0.412109375, -0.872640048, -0.448604411, -0.192284766, 0, 2, 1, 1, 
416.054655, 52, 0.1, 0.1, 0.0162536357, 0.369580777, -0.0349675478, 0.815979704, -0.57808055, -8.12847864e-006, 0.57808055, 0.815979704, 2.66513177e-006, 5.09201276e-006, -6.87360884e-006, 1, 0.815979698, -0.578080559, 6.02996402e-006, 0.578080559, 0.815979698, -2.26671149e-006, -3.60998637e-006, 5.33539552e-006, 1, 0, 0, 0, 0, 0, 0, 0, 0.304528589, -0.192015112, -0.172627271, -0.552049528, 0.599299291, -0.579736769, -0.78527832, -0.139892578, 0.603149414, 0.280363065, 0.788144688, 0.547999113, 0, 0, -0, 0, 0, 0, 0, 0.378966602, -0.139072803, -0.143339258, -0.0367934523, 0.453305851, -0.890540964, 0.486816406, -0.770141602, -0.412109375, -0.872640048, -0.448604411, -0.192284766, 0, 2, 1, 1, 
416.055344, 52, 0.1, 0.1, 0.0162536366, 0.369580776, -0.0349676827, 0.815979771, -0.578080456, 8.46868974e-006, 0.578080456, 0.815979771, -7.28682238e-006, -2.69790991e-006, 1.08414837e-005, 1, 0.815979749, -0.578080487, 7.95502243e-006, 0.578080487, 0.815979749, -8.11032415e-007, -6.02229519e-006, 5.26042927e-006, 1, 0, 0, 0, 0, 0, 0, 0, 0.304528589, -0.192015112, -0.172627271, -0.552049528, 0.599299291, -0.579736769, -0.78527832, -0.139892578, 0.603149414, 0.280363065, 0.788144688, 0.547999113, 0, 0, -0, 0, 0, 0, 0, 0.378966602, -0.139072803, -0.143339258, -0.0367934523, 0.453305851, -0.890540964, 0.486816406, -0.770141602, -0.412109375, -0.872640048, -0.448604411, -0.192284766, 0, 2, 1, 1, 
416.056037, 52, 0.1, 0.1, 0.0162536382, 0.369580776, -0.0349684365, 0.815979948, -0.578080206, -2.66504813e-006, 0.578080206, 0.815979948, 1.29165839e-005, -5.29219563e-006, -1.2080285e-005, 1, 0.815979906, -0.578080265, -5.20964395e-006, 0.578080265, 0.815979906, 1.19162992e-005, -2.63761259e-006, -1.2735053e-005, 1, 0, 0, 0, 0, 0, 0, 0, 0.304528589, -0.192015112, -0.172627271, -0.552049528, 0.599299291, -0.579736769, -0.78527832, -0.139892578, 0.603149414, 0.280363065, 0.788144688, 0.547999113, 0, 0, -0, 0, 0, 0, 0, 0.378966602, -0.139072803, -0.143339258, -0.0367934523, 0.453305851, -0.890540964, 0.486816406, -0.770141602, -0.412109375, -0.872640048, -0.448604411, -0.192284766, 0, 2, 1, 1, 
416.056732, 52, 0.1, 0.1, 0.016253638, 0.369580778, -0.0349695193, 0.815980155, -0.578079914, 5.40556431e-006, 0.578079914, 0.815980155, -3.19524825e-006, -2.56372437e-006, 5.73210731e-006, 1, 0.815980118, -0.578079966, 2.18714318e-006, 0.578079966, 0.815980118, -1.25210459e-005, 5.45350045e-006, 1.14812682e-005, 1, 0, 0, 0, 0, 0, 0, 0, 0.304528589, -0.192015112, -0.172627271, -0.552049528, 0.599299291, -0.579736769, -0.78527832, -0.139892578, 0.603149414, 0.280363065, 0.788144688, 0.547999113, 0, 0, -0, 0, 0, 0, 0, 0.378966602, -0.139072803, -0.143339258, -0.0367934523, 0.453305851, -0.890540964, 0.486816406, -0.770141602, -0.412109375, -0.872640048, -0.448604411, -0.192284766, 0, 2, 1, 1, 
416.057421, 52, 0.1, 0.1, 0.0162536397, 0.369580777, -0.0349705911, 0.815980245, -0.578079786, -3.58894853e-007, 0.578079786, 0.815980245, -8.21451702e-006, 5.04149735e-006, 6.49541375e-006, 1, 0.815980237, -0.578079798, -8.9102103e-006, 0.578079798, 0.815980237, -1.32420677e-006, 8.0360527e-006, -4.07028602e-006, 1, 0, 0, 0, 0, 0, 0, 0, 0.304528589, -0.192015112, -0.172627271, -0.552049528, 0.599299291, -0.579736769, -0.78527832, -0.139892578, 0.603149414, 0.280363065, 0.788144688, 0.547999113, 0, 0, -0, 0, 0, 0, 0, 0.378966602, -0.139072803, -0.143339258, -0.0367934523, 0.453305851, -0.890540964, 0.486816406, -0.770141602, -0.412109375, -0.872640048, -0.448604411, -0.192284766, 0, 2, 1, 1, 
416.058114, 52, 0.1, 0.1, 0.0162536391, 0.369580778, -0.0349713661, 0.815980234, -0.578079803, -1.06381802e-005, 0.578079803, 0.815980234, 4.47434588e-006, 6.09401581e-006, -9.80069492e-006, 1, 0.815980237, -0.578079798, -5.8835422e-006, 0.578079798, 0.815980237, 1.59343375e-006, 3.8797223e-006, -4.70136734e-006, 1, 0, 0, 0, 0, 0, 0, 0, 0.304528589, -0.192015112, -0.172627271, -0.552049528, 0.599299291, -0.579736769, -0.78527832, -0.139892578, 0.603149414, 0.280363065, 0.788144688, 0.547999113, 0, 0, -0, 0, 0, 0, 0, 0.378966602, -0.139072803, -0.143339258, -0.0367934523, 0.453305851, -0.890540964, 0.486816406, -0.770141602, -0.412109375, -0.872640048, -0.448604411, -0.192284766, 0, 2, 1, 1, 
416.058829, 52, 0.1, 0.1, 0.0162536383, 0.369580779, -0.0349715504, 0.815980268, -0.578079755, 2.24369473e-006, 0.578079755, 0.815980268, -1.1396287e-005, 4.75715218e-006, 1.05961798e-005, 1, 0.815980251, -0.578079778, 9.5711409e-006, 0.578079779, 0.815980251, -7.12091711e-006, -3.69340377e-006, 1.13434107e-005, 1, 0, 0, 0, 0, 0, 0, 0, 0.304528589, -0.192015112, -0.172627271, -0.555526887, 0.598918493, -0.576804959, -0.782470703, -0.142089844, 0.606079102, 0.281037416, 0.788081408, 0.547781944, 0, 0, -0, 0, 0, 0, 0, 0.378966602, -0.139072803, -0.143339258, -0.0367934523, 0.453305851, -0.890540964, 0.486816406, -0.770141602, -0.412109375, -0.872640048, -0.448604411, -0.192284766, 0, 2, 1, 1, 
416.059536, 52, 0.1, 0.1, 0.0162536397, 0.369580777, -0.0349708466, 0.815980408, -0.578079557, -6.23054115e-007, 0.578079557, 0.815980408, 5.49792682e-006, -2.66983915e-006, -4.84637541e-006, 1, 0.815980375, -0.578079603, -1.78285157e-006, 0.578079603, 0.815980375, 1.1945087e-005, -5.45043925e-006, -1.07775867e-005, 1, 0, 0, 0, 0, 0, 0, 0, 0.303906445, -0.191811523, -0.172254858, -0.555526887, 0.598918493, -0.576804959, -0.782470703, -0.142089844, 0.606079102, 0.281037416, 0.788081408, 0.547781944, 0, 0, -0, 0, 0, 0, 0, 0.378406689, -0.138574072, -0.143430176, -0.0419816382, 0.454749543, -0.889511782, 0.487060547, -0.768066406, -0.415649414, -0.87232615, -0.450662042, -0.189230769, 0, 2, 1, 1, 
416.060226, 52, 0.1, 0.1, 0.0162536393, 0.369580779, -0.0349698909, 0.815980546, -0.578079361, 9.40688787e-007, 0.578079361, 0.815980546, 7.91697473e-006, -5.34422344e-006, -5.91630459e-006, 1, 0.815980528, -0.578079387, 5.37362738e-006, 0.578079387, 0.815980528, -2.3328365e-006, -3.03621061e-006, 5.00993238e-006, 1, 0, 0, 0, 0, 0, 0, 0, 0.303906445, -0.191811523, -0.172254858, -0.555526887, 0.598918493, -0.576804959, -0.782470703, -0.142089844, 0.606079102, 0.281037416, 0.788081408, 0.547781944, 0, 0, -0, 0, 0, 0, 0, 0.378406689, -0.138574072, -0.143430176, -0.0419816382, 0.454749543, -0.889511782, 0.487060547, -0.768066406, -0.415649414, -0.87232615, -0.450662042, -0.189230769, 0, 2, 1, 1, 
416.060933, 52, 0.1, 0.1, 0.0162536405, 0.369580779, -0.0349688557, 0.815980563, -0.578079338, 1.00911377e-005, 0.578079338, 0.815980563, -8.25420671e-006, -3.46258584e-006, 1.25687504e-005, 1, 0.815980572, -0.578079325, 8.61525875e-008, 0.578079325, 0.815980572, -9.00409255e-006, 5.13478091e-006, 7.39696762e-006, 1, 0, 0, 0, 0, 0, 0, 0, 0.303906445, -0.191811523, -0.172254858, -0.555526887, 0.598918493, -0.576804959, -0.782470703, -0.142089844, 0.606079102, 0.281037416, 0.788081408, 0.547781944, 0, 0, -0, 0, 0, 0, 0, 0.378406689, -0.138574072, -0.143430176, -0.0419816382, 0.454749543, -0.889511782, 0.487060547, -0.768066406, -0.415649414, -0.87232615, -0.450662042, -0.189230769, 0, 2, 1, 1, 
416.061638, 52, 0.1, 0.1, 0.0162536416, 0.369580779, -0.0349680419, 0.815980502, -0.578079423, -1.03521499e-005, 0.578079424, 0.815980502, 7.55617216e-006, 4.07908483e-006, -1.2150054e-005, 1, 0.815980512, -0.578079409, -1.32490125e-005, 0.578079409, 0.815980512, 6.00389533e-006, 7.34020778e-006, -1.25580429e-005, 1, 0, 0, 0, 0, 0, 0, 0, 0.304052417, -0.192070044, -0.171098608, -0.557030984, 0.598214184, -0.575999179, -0.781494141, -0.143066406, 0.607177734, 0.280904866, 0.788316552, 0.547407137, 0, 0, -0, 0, 0, 0, 0, 0.378406689, -0.138574072, -0.143430176, -0.0419816382, 0.454749543, -0.889511782, 0.487060547, -0.768066406, -0.415649414, -0.87232615, -0.450662042, -0.189230769, 0, 2, 1, 1, 
416.06234, 52, 0.1, 0.1, 0.0162536402, 0.36958078, -0.0349675281, 0.815980521, -0.578079397, -3.03579159e-006, 0.578079397, 0.815980521, -7.79498502e-006, 6.98326704e-006, 4.60562737e-006, 1, 0.815980507, -0.578079417, 3.05168842e-006, 0.578079417, 0.815980507, -1.14458697e-005, 4.12650345e-006, 1.11037249e-005, 1, 0, 0, 0, 0, 0, 0, 0, 0.304052417, -0.192070044, -0.171098608, -0.557030984, 0.598214184, -0.575999179, -0.781494141, -0.143066406, 0.607177734, 0.280904866, 0.788316552, 0.547407137, 0, 0, -0, 0, 0, 0, 0, 0.378260937, -0.138521582, -0.142693799, -0.0443775874, 0.456008036, -0.88872577, 0.487915039, -0.766357422, -0.417602539, -0.871718775, -0.452125424, -0.188534443, 0, 2, 1, 1, 
416.063031, 52, 0.1, 0.1, 0.0162536412, 0.369580778, -0.0349677279, 0.815980654, -0.57807921, -5.6888218e-008, 0.57807921, 0.815980654, -6.84338995e-006, 4.00244114e-006, 5.55118791e-006, 1, 0.815980624, -0.578079251, 6.97920532e-008, 0.578079251, 0.815980624, 7.64402063e-006, -4.47579869e-006, -6.19702738e-006, 1, 0, 0, 0, 0, 0, 0, 0, 0.304052417, -0.192070044, -0.171098608, -0.557030984, 0.598214184, -0.575999179, -0.781494141, -0.143066406, 0.607177734, 0.280904866, 0.788316552, 0.547407137, 0, 0, -0, 0, 0, 0, 0, 0.378260937, -0.138521582, -0.142693799, -0.0443775874, 0.456008036, -0.88872577, 0.487915039, -0.766357422, -0.417602539, -0.871718775, -0.452125424, -0.188534443, 0, 2, 1, 1, 
416.063725, 52, 0.1, 0.1, 0.0162536408, 0.369580778, -0.0349685709, 0.815980755, -0.578079067, -4.13291965e-006, 0.578079067, 0.815980755, 1.17359344e-005, -3.41191509e-006, -1.19654509e-005, 1, 0.815980745, -0.57807908, 1.6945109e-006, 0.57807908, 0.815980745, 9.25032699e-006, -6.73010878e-006, -6.56852741e-006, 1, 0, 0, 0, 0, 0, 0, 0, 0.304052417, -0.192070044, -0.171098608, -0.557030984, 0.598214184, -0.575999179, -0.781494141, -0.143066406, 0.607177734, 0.280904866, 0.788316552, 0.547407137, 0, 0, -0, 0, 0, 0, 0, 0.378260937, -0.138521582, -0.142693799, -0.0443775874, 0.456008036, -0.88872577, 0.487915039, -0.766357422, -0.417602539, -0.871718775, -0.452125424, -0.188534443, 0, 2, 1, 1, 
416.064414, 52, 0.1, 0.1, 0.0162536411, 0.369580779, -0.0349696869, 0.815980729, -0.578079104, 1.03483437e-005, 0.578079104, 0.815980729, -5.54733992e-006, -5.23724774e-006, 1.05086837e-005, 1, 0.815980742, -0.578079085, 8.60368434e-006, 0.578079085, 0.815980742, -7.3272436e-006, -2.78471446e-006, 1.09524996e-005, 1, 0, 0, 0, 0, 0, 0, 0, 0.304052417, -0.192070044, -0.171098608, -0.557030984, 0.598214184, -0.575999179, -0.781494141, -0.143066406, 0.607177734, 0.280904866, 0.788316552, 0.547407137, 0, 0, -0, 0, 0, 0, 0, 0.378260937, -0.138521582, -0.142693799, -0.0443775874, 0.456008036, -0.88872577, 0.487915039, -0.766357422, -0.417602539, -0.871718775, -0.452125424, -0.188534443, 0, 2, 1, 1, 
416.065108, 52, 0.1, 0.1, 0.0162536433, 0.369580778, -0.0349707584, 0.815980658, -0.578079204, -1.54138643e-006, 0.578079204, 0.815980657, 5.83176271e-006, -2.11347923e-006, -5.64964902e-006, 1, 0.815980669, -0.578079188, -1.11004615e-005, 0.578079188, 0.815980669, 6.1015641e-006, 5.53057477e-006, -1.13957041e-005, 1, 0, 0, 0, 0, 0, 0, 0, 0.304052417, -0.192070044, -0.171098608, -0.557030984, 0.598214184, -0.575999179, -0.781494141, -0.143066406, 0.607177734, 0.280904866, 0.788316552, 0.547407137, 0, 0, -0, 0, 0, 0, 0, 0.378260937, -0.138521582, -0.142693799, -0.0443775874, 0.456008036, -0.88872577, 0.487915039, -0.766357422, -0.417602539, -0.871718775, -0.452125424, -0.188534443, 0, 2, 1, 1, 
416.065801, 52, 0.1, 0.1, 0.0162536434, 0.36958078, -0.0349714764, 0.815980681, -0.578079171, -8.12814043e-006, 0.578079171, 0.815980681, 1.53492931e-006, 5.7450949e-006, -5.95118135e-006, 1, 0.815980668, -0.578079189, -4.65573128e-006, 0.578079189, 0.815980668, -8.40122842e-006, 8.65556203e-006, 4.16385862e-006, 1, 0, 0, 0, 0, 0, 0, 0, 0.304052417, -0.192070044, -0.171098608, -0.557030984, 0.598214184, -0.575999179, -0.781494141, -0.143066406, 0.607177734, 0.280904866, 0.788316552, 0.547407137, 0, 0, -0, 0, 0, 0, 0, 0.378260937, -0.138521582, -0.142693799, -0.0443775874, 0.456008036, -0.88872577, 0.487915039, -0.766357422, -0.417602539, -0.871718775, -0.452125424, -0.188534443, 0, 2, 1, 1, 
416.066493, 52, 0.1, 0.1, 0.016253644, 0.36958078, -0.0349716877, 0.815980789, -0.578079019, 3.94465021e-007, 0.578079019, 0.815980789, -1.32434677e-005, 7.33389496e-006, 1.10344472e-005, 1, 0.815980768, -0.578079049, -7.50257746e-007, 0.578079049, 0.815980768, -7.84854254e-006, 5.1492739e-006, 5.97055148e-006, 1, 0, 0, 0, 0, 0, 0, 0, 0.304052417, -0.192070044, -0.171098608, -0.557030984, 0.598214184, -0.575999179, -0.781494141, -0.143066406, 0.607177734, 0.280904866, 0.788316552, 0.547407137, 0, 0, -0, 0, 0, 0, 0, 0.378260937, -0.138521582, -0.142693799, -0.0443775874, 0.456008036, -0.88872577, 0.487915039, -0.766357422, -0.417602539, -0.871718775, -0.452125424, -0.188534443, 0, 2, 1, 1, 
416.06721, 52, 0.1, 0.1, 0.0162536443, 0.369580779, -0.0349710261, 0.815980844, -0.578078941, -9.50013337e-006, 0.578078941, 0.815980844, 5.67916546e-006, 4.46892089e-006, -1.01259173e-005, 1, 0.815980843, -0.578078942, -3.72504653e-006, 0.578078942, 0.815980843, 1.06783319e-005, -3.13335218e-006, -1.08666852e-005, 1, 0, 0, 0, 0, 0, 0, 0, 0.30355564, -0.192509082, -0.170156079, -0.55808389, 0.598353848, -0.574990456, -0.780395508, -0.142822266, 0.608764648, 0.282060366, 0.788418023, 0.546753003, 0, 0, -0, 0, 0, 0, 0, 0.377914893, -0.138906787, -0.141960596, -0.0462113712, 0.457017528, -0.888099439, 0.487548828, -0.765625, -0.419433594, -0.871788771, -0.452387551, -0.187486671, 0, 2, 1, 1, 
416.067903, 52, 0.1, 0.1, 0.0162536429, 0.369580781, -0.0349700088, 0.815980781, -0.57807903, 6.65348054e-006, 0.57807903, 0.815980781, -1.66847731e-006, -4.4646005e-006, 5.207683e-006, 1, 0.815980799, -0.578079004, 1.23597742e-005, 0.578079004, 0.815980799, -5.01769236e-006, -7.18471587e-006, 1.12392666e-005, 1, 0, 0, 0, 0, 0, 0, 0, 0.30355564, -0.192509082, -0.170156079, -0.55808389, 0.598353848, -0.574990456, -0.780395508, -0.142822266, 0.608764648, 0.282060366, 0.788418023, 0.546753003, 0, 0, -0, 0, 0, 0, 0, 0.377914893, -0.138906787, -0.141960596, -0.0462113712, 0.457017528, -0.888099439, 0.487548828, -0.765625, -0.419433594, -0.871788771, -0.452387551, -0.187486671, 0, 2, 1, 1, 
416.068602, 52, 0.1, 0.1, 0.0162536441, 0.369580779, -0.0349689449, 0.815980707, -0.578079135, 9.979405e-006, 0.578079135, 0.815980707, -9.60782731e-007, -7.5875935e-006, 6.55286598e-006, 1, 0.815980713, -0.578079126, 1.31875506e-006, 0.578079126, 0.815980713, 7.13193445e-006, -5.19890113e-006, -5.05717619e-006, 1, 0, 0, 0, 0, 0, 0, 0, 0.30355564, -0.192509082, -0.170156079, -0.55808389, 0.598353848, -0.574990456, -0.780395508, -0.142822266, 0.608764648, 0.282060366, 0.788418023, 0.546753003, 0, 0, -0, 0, 0, 0, 0, 0.377914893, -0.138906787, -0.141960596, -0.0462113712, 0.457017528, -0.888099439, 0.487548828, -0.765625, -0.419433594, -0.871788771, -0.452387551, -0.187486671, 0, 2, 1, 1, 
416.069291, 52, 0.1, 0.1, 0.0162536442, 0.36958078, -0.0349681854, 0.815980752, -0.578079071, -3.3849792e-006, 0.578079071, 0.815980752, 1.2142283e-005, -4.2571218e-006, -1.18646549e-005, 1, 0.815980732, -0.578079099, -7.09795347e-006, 0.578079099, 0.815980732, 3.01450786e-006, 4.04916927e-006, -6.56295888e-006, 1, 0, 0, 0, 0, 0, 0, 0, 0.30355564, -0.192509082, -0.170156079, -0.55808389, 0.598353848, -0.574990456, -0.780395508, -0.142822266, 0.608764648, 0.282060366, 0.788418023, 0.546753003, 0, 0, -0, 0, 0, 0, 0, 0.377914893, -0.138906787, -0.141960596, -0.0462113712, 0.457017528, -0.888099439, 0.487548828, -0.765625, -0.419433594, -0.871788771, -0.452387551, -0.187486671, 0, 2, 1, 1, 
416.069987, 52, 0.1, 0.1, 0.016253644, 0.369580781, -0.0349679187, 0.815980866, -0.57807891, 3.2762769e-006, 0.57807891, 0.815980866, -1.28480845e-005, 4.75382745e-006, 1.23777377e-005, 1, 0.815980846, -0.578078939, 1.16939775e-006, 0.578078939, 0.815980846, -1.49114991e-005, 7.6658174e-006, 1.28435018e-005, 1, 0, 0, 0, 0, 0, 0, 0, 0.30355564, -0.192509082, -0.170156079, -0.55808389, 0.598353848, -0.574990456, -0.780395508, -0.142822266, 0.608764648, 0.282060366, 0.788418023, 0.546753003, 0, 0, -0, 0, 0, 0, 0, 0.377914893, -0.138906787, -0.141960596, -0.0462113712, 0.457017528, -0.888099439, 0.487548828, -0.765625, -0.419433594, -0.871788771, -0.452387551, -0.187486671, 0, 2, 1, 1, 
416.070683, 52, 0.1, 0.1, 0.0162536453, 0.36958078, -0.0349681834, 0.815980895, -0.578078869, -1.00756333e-005, 0.578078869, 0.815980895, -1.16795588e-006, 8.89669492e-006, -4.87148104e-006, 1, 0.8159809, -0.578078862, -1.13118749e-005, 0.578078862, 0.8159809, 5.44013382e-006, 6.08544749e-006, -1.0978201e-005, 1, 0, 0, 0, 0, 0, 0, 0, 0.30355564, -0.192509082, -0.170156079, -0.55808389, 0.598353848, -0.574990456, -0.780395508, -0.142822266, 0.608764648, 0.282060366, 0.788418023, 0.546753003, 0, 0, -0, 0, 0, 0, 0, 0.377914893, -0.138906787, -0.141960596, -0.0462113712, 0.457017528, -0.888099439, 0.487548828, -0.765625, -0.419433594, -0.871788771, -0.452387551, -0.187486671, 0, 2, 1, 1, 
416.071371, 52, 0.1, 0.1, 0.0162536444, 0.369580781, -0.0349688935, 0.815980809, -0.57807899, -8.64374862e-006, 0.57807899, 0.815980809, 2.04015527e-006, 5.87376209e-006, -6.66149702e-006, 1, 0.81598083, -0.578078961, 4.66330664e-006, 0.578078961, 0.81598083, -2.62916239e-006, -2.28530537e-006, 4.84110556e-006, 1, 0, 0, 0, 0, 0, 0, 0, 0.30355564, -0.192509082, -0.170156079, -0.55808389, 0.598353848, -0.574990456, -0.780395508, -0.142822266, 0.608764648, 0.282060366, 0.788418023, 0.546753003, 0, 0, -0, 0, 0, 0, 0, 0.377914893, -0.138906787, -0.141960596, -0.0462113712, 0.457017528, -0.888099439, 0.487548828, -0.765625, -0.419433594, -0.871788771, -0.452387551, -0.187486671, 0, 2, 1, 1, 
416.072093, 52, 0.1, 0.1, 0.0162536457, 0.36958078, -0.0349695651, 0.815980745, -0.578079081, 7.34256785e-006, 0.578079081, 0.815980745, -6.8996484e-006, -2.00285157e-006, 9.87456512e-006, 1, 0.815980747, -0.578079078, 6.82973582e-006, 0.578079078, 0.815980747, -7.82472912e-007, -5.12060171e-006, 4.58661022e-006, 1, 0, 0, 0, 0, 0, 0, 0, 0.303183838, -0.192986084, -0.16959021, -0.561040788, 0.597751011, -0.572617299, -0.777954102, -0.144287109, 0.611450195, 0.282899468, 0.788513503, 0.546129948, 0, 0, -0, 0, 0, 0, 0, 0.377932568, -0.139100732, -0.141440381, -0.0494443716, 0.457899055, -0.887549667, 0.487915039, -0.764282227, -0.421508789, -0.871392117, -0.453767811, -0.18571049, 0, 2, 1, 1, 
