time, trialNum, realDorsalTactorPos, realVentralTactorPos, boxPosX, boxPosY, boxPosZ, boxLocalRot_11, boxLocalRot_12, boxLocalRot_13, boxLocalRot_21, boxLocalRot_22, boxLocalRot_23, boxLocalRot_31, boxLocalRot_32, boxLocalRot_33, boxGlobalRot_11, boxGlobalRot_12, boxGlobalRot_13, boxGlobalRot_21, boxGlobalRot_22, boxGlobalRot_23, boxGlobalRot_31, boxGlobalRot_32, boxGlobalRot_33, indexForceX, indexForceY, indexForceZ, indexForceGlobalX, indexForceGlobalY, indexForceGlobalZ, indexContact, indexPosX, indexPosY, indexPosZ, indexRot_11, indexRot_12, indexRot_13, indexRot_21, indexRot_22, indexRot_23, indexRot_31, indexRot_32, indexRot_33, thumbForceX, thumbForceY, thumbForceZ, thumbForceGlobalX, thumbForceGlobalY, thumbForceGlobalZ, thumbContact, thumbPosX, thumbPosY, thumbPosZ, thumbRot_11, thumbRot_12, thumbRot_13, thumbRot_21, thumbRot_22, thumbRot_23, thumbRot_31, thumbRot_32, thumbRot_33, manipForceTooHigh, cceExpType, mapping, trialSuccess, 
486.048112, 62, 0.1, 0.1, 0.0184326371, 0.361182652, -0.0349670886, 0.944293931, -0.329103286, 7.28845033e-006, 0.329103286, 0.944293931, 1.98703892e-006, -7.53638045e-006, 5.22304157e-007, 1, 0.944293794, -0.329103678, 5.63195725e-006, 0.329103678, 0.944293794, 7.77920277e-006, -7.87838652e-006, -5.49235505e-006, 1, 0, 0, 0, 0, 0, 0, 0, 0.255020361, -0.13639895, -0.198669141, -0.291233455, 0.677689864, -0.675156898, -0.872436523, 0.101196289, 0.477905273, 0.392184264, 0.728269538, 0.56199985, 0, 0, -0, 0, 0, 0, 0, 0.335106543, -0.0966969238, -0.16692168, 0.155147868, 0.385005802, -0.909655389, 0.303344727, -0.894897461, -0.327026367, -0.940104498, -0.225026741, -0.255665128, 0, 2, 3, 1, 
486.07176, 62, 0.1, 0.1, 0.0184326542, 0.361182639, -0.0349664498, 0.944298866, -0.329089124, 1.25583268e-005, 0.329089124, 0.944298866, -1.78675336e-005, -5.97880281e-006, 2.10051005e-005, 1, 0.944298872, -0.329089108, 3.32818126e-006, 0.329089108, 0.944298871, -1.86358727e-005, 2.99006493e-006, 1.86931018e-005, 1, 0, 0, 0, 0, 0, 0, 0, 0.261043701, -0.150304248, -0.189862378, -0.32087805, 0.662321253, -0.676938818, -0.869628906, 0.0769042969, 0.487548828, 0.375127326, 0.745163943, 0.55152958, 0, 0, -0, 0, 0, 0, 0, 0.340101221, -0.10816416, -0.158102832, 0.133718854, 0.382565341, -0.914145782, 0.335571289, -0.885375977, -0.321533203, -0.932414618, -0.263701712, -0.246808641, 0, 2, 3, 1, 
486.072451, 62, 0.1, 0.1, 0.018432654, 0.361182637, -0.0349649362, 0.944298819, -0.329089258, -9.59637796e-006, 0.329089259, 0.944298819, 1.8341924e-005, 3.02571821e-006, -2.04783221e-005, 1, 0.944298827, -0.329089237, -1.19134681e-005, 0.329089237, 0.944298827, 1.51457357e-005, 6.26557533e-006, -1.82226946e-005, 1, 0, 0, 0, 0, 0, 0, 0, 0.261043701, -0.150304248, -0.189862378, -0.32087805, 0.662321253, -0.676938818, -0.869628906, 0.0769042969, 0.487548828, 0.375127326, 0.745163943, 0.55152958, 0, 0, -0, 0, 0, 0, 0, 0.340101221, -0.10816416, -0.158102832, 0.133718854, 0.382565341, -0.914145782, 0.335571289, -0.885375977, -0.321533203, -0.932414618, -0.263701712, -0.246808641, 0, 2, 3, 1, 
486.073172, 62, 0.1, 0.1, 0.018432652, 0.361182639, -0.0349647351, 0.944298835, -0.329089213, -3.83905351e-007, 0.329089212, 0.944298835, -2.58032314e-005, 8.85408649e-006, 2.42396223e-005, 1, 0.944298826, -0.32908924, 2.04148771e-006, 0.32908924, 0.944298825, -2.26461956e-005, 5.52484485e-006, 2.20566075e-005, 1, 0, 0, 0, 0, 0, 0, 0, 0.261417896, -0.151872437, -0.189507544, -0.326634208, 0.662175598, -0.674324527, -0.867675781, 0.0727539062, 0.491699219, 0.374679501, 0.745804972, 0.550868333, 0, 0, -0, 0, 0, 0, 0, 0.340356396, -0.109290869, -0.158038135, 0.127278373, 0.384110746, -0.914445454, 0.339477539, -0.883056641, -0.323730469, -0.931864113, -0.269062705, -0.242789628, 0, 2, 3, 1, 
486.07387, 62, 0.1, 0.1, 0.0184326521, 0.361182638, -0.0349659117, 0.944298855, -0.329089155, -1.4654515e-005, 0.329089155, 0.944298855, 1.64477667e-005, 8.42546008e-006, -2.03542492e-005, 1, 0.94429886, -0.329089142, -4.44593819e-006, 0.329089142, 0.94429886, 1.67338037e-005, -1.30861875e-006, -1.72648218e-005, 1, 0, 0, 0, 0, 0, 0, 0, 0.261417896, -0.151872437, -0.189507544, -0.326634208, 0.662175598, -0.674324527, -0.867675781, 0.0727539062, 0.491699219, 0.374679501, 0.745804972, 0.550868333, 0, 0, -0, 0, 0, 0, 0, 0.340356396, -0.109290869, -0.158038135, 0.127278373, 0.384110746, -0.914445454, 0.339477539, -0.883056641, -0.323730469, -0.931864113, -0.269062705, -0.242789628, 0, 2, 3, 1, 
486.07456, 62, 0.1, 0.1, 0.0184326503, 0.361182638, -0.0349680925, 0.944298795, -0.329089326, 2.57366211e-005, 0.329089327, 0.944298795, -9.45034873e-006, -2.11930514e-005, 1.73936002e-005, 1, 0.944298814, -0.329089274, 1.76942772e-005, 0.329089274, 0.944298814, -9.99292082e-006, -1.34201219e-005, 1.52593001e-005, 1, 0, 0, 0, 0, 0, 0, 0, 0.261417896, -0.151872437, -0.189507544, -0.326634208, 0.662175598, -0.674324527, -0.867675781, 0.0727539062, 0.491699219, 0.374679501, 0.745804972, 0.550868333, 0, 0, -0, 0, 0, 0, 0, 0.340356396, -0.109290869, -0.158038135, 0.127278373, 0.384110746, -0.914445454, 0.339477539, -0.883056641, -0.323730469, -0.931864113, -0.269062705, -0.242789628, 0, 2, 3, 1, 
486.075249, 62, 0.1, 0.1, 0.0184326483, 0.361182636, -0.0349706456, 0.944298679, -0.329089659, -2.04327667e-005, 0.32908966, 0.944298679, 1.11631687e-005, 1.56209512e-005, -1.72655777e-005, 1, 0.944298708, -0.329089577, -1.113435e-005, 0.329089577, 0.944298708, 1.23759683e-005, 6.44135011e-006, -1.53508094e-005, 1, 0, 0, 0, 0, 0, 0, 0, 0.261417896, -0.151872437, -0.189507544, -0.326634208, 0.662175598, -0.674324527, -0.867675781, 0.0727539062, 0.491699219, 0.374679501, 0.745804972, 0.550868333, 0, 0, -0, 0, 0, 0, 0, 0.340356396, -0.109290869, -0.158038135, 0.127278373, 0.384110746, -0.914445454, 0.339477539, -0.883056641, -0.323730469, -0.931864113, -0.269062705, -0.242789628, 0, 2, 3, 1, 
486.075958, 62, 0.1, 0.1, 0.0184326497, 0.361182638, -0.0349727737, 0.9442985, -0.329090173, 1.3531537e-005, 0.329090173, 0.9442985, -1.38422743e-005, -8.22245367e-006, 1.75243348e-005, 1, 0.94429854, -0.32909006, 6.7502078e-006, 0.32909006, 0.94429854, -1.40315653e-005, -1.75656269e-006, 1.5471413e-005, 1, 0, 0, 0, 0, 0, 0, 0, 0.261417896, -0.151872437, -0.189507544, -0.326634208, 0.662175598, -0.674324527, -0.867675781, 0.0727539062, 0.491699219, 0.374679501, 0.745804972, 0.550868333, 0, 0, -0, 0, 0, 0, 0, 0.340453271, -0.110267822, -0.157548926, 0.121636663, 0.384921178, -0.91476445, 0.344482422, -0.880737305, -0.324829102, -0.930738683, -0.275605632, -0.239754589, 0, 2, 3, 1, 
486.076648, 62, 0.1, 0.1, 0.0184326488, 0.361182636, -0.0349737527, 0.944298305, -0.329090733, -7.2101777e-006, 0.329090733, 0.944298305, 1.2777698e-005, 2.60353657e-006, -1.44387612e-005, 1, 0.944298341, -0.32909063, -8.05416016e-006, 0.32909063, 0.944298341, 1.0449286e-005, 4.16676797e-006, -1.25177921e-005, 1, 0, 0, 0, 0, 0, 0, 0, 0.261417896, -0.151872437, -0.189507544, -0.326634208, 0.662175598, -0.674324527, -0.867675781, 0.0727539062, 0.491699219, 0.374679501, 0.745804972, 0.550868333, 0, 0, -0, 0, 0, 0, 0, 0.340453271, -0.110267822, -0.157548926, 0.121636663, 0.384921178, -0.91476445, 0.344482422, -0.880737305, -0.324829102, -0.930738683, -0.275605632, -0.239754589, 0, 2, 3, 1, 
486.07734, 62, 0.1, 0.1, 0.0184326481, 0.361182638, -0.0349735356, 0.94429817, -0.329091121, -3.89748648e-006, 0.329091121, 0.94429817, -1.85379256e-005, 9.78105607e-006, 1.6222701e-005, 1, 0.944298191, -0.329091062, -1.49842294e-006, 0.329091062, 0.94429819, -1.61826698e-005, 6.74053007e-006, 1.47881482e-005, 1, 0, 0, 0, 0, 0, 0, 0, 0.261417896, -0.151872437, -0.189507544, -0.326634208, 0.662175598, -0.674324527, -0.867675781, 0.0727539062, 0.491699219, 0.374679501, 0.745804972, 0.550868333, 0, 0, -0, 0, 0, 0, 0, 0.340453271, -0.110267822, -0.157548926, 0.121636663, 0.384921178, -0.91476445, 0.344482422, -0.880737305, -0.324829102, -0.930738683, -0.275605632, -0.239754589, 0, 2, 3, 1, 
486.078034, 62, 0.1, 0.1, 0.0184326463, 0.361182635, -0.0349722341, 0.944298079, -0.329091381, 8.0144021e-006, 0.329091381, 0.944298079, 2.27696849e-005, -1.50612916e-005, -1.88638991e-005, 1, 0.944298097, -0.329091331, 8.3442034e-006, 0.329091331, 0.944298097, 2.06537491e-005, -1.46763852e-005, -1.6757291e-005, 1, 0, 0, 0, 0, 0, 0, 0, 0.261417896, -0.151872437, -0.189507544, -0.332518046, 0.661160884, -0.672414544, -0.866333008, 0.0675048828, 0.494873047, 0.372645203, 0.747201607, 0.550442229, 0, 0, -0, 0, 0, 0, 0, 0.340453271, -0.110267822, -0.157548926, 0.121636663, 0.384921178, -0.91476445, 0.344482422, -0.880737305, -0.324829102, -0.930738683, -0.275605632, -0.239754589, 0, 2, 3, 1, 
486.078736, 62, 0.1, 0.1, 0.0184326483, 0.361182636, -0.0349701379, 0.944297993, -0.329091628, -1.64203082e-005, 0.329091627, 0.944297993, -2.35944764e-005, 2.32704087e-005, 1.68764307e-005, 1, 0.944298009, -0.329091582, -1.52550818e-005, 0.329091582, 0.944298009, -2.07070997e-005, 2.12198756e-005, 1.4533354e-005, 1, 0, 0, 0, 0, 0, 0, 0, 0.261780737, -0.153036255, -0.188741504, -0.332518046, 0.661160884, -0.672414544, -0.866333008, 0.0675048828, 0.494873047, 0.372645203, 0.747201607, 0.550442229, 0, 0, -0, 0, 0, 0, 0, 0.340453271, -0.110267822, -0.157548926, 0.121636663, 0.384921178, -0.91476445, 0.344482422, -0.880737305, -0.324829102, -0.930738683, -0.275605632, -0.239754589, 0, 2, 3, 1, 
486.079431, 62, 0.1, 0.1, 0.0184326478, 0.361182635, -0.0349681047, 0.944297915, -0.329091852, 1.0329133e-005, 0.329091852, 0.944297915, 2.0400948e-005, -1.64675646e-005, -1.58653392e-005, 1, 0.94429793, -0.329091811, 7.95271046e-006, 0.329091811, 0.944297929, 1.85041275e-005, -1.35992849e-005, -1.48562374e-005, 1, 0, 0, 0, 0, 0, 0, 0, 0.261780737, -0.153036255, -0.188741504, -0.332518046, 0.661160884, -0.672414544, -0.866333008, 0.0675048828, 0.494873047, 0.372645203, 0.747201607, 0.550442229, 0, 0, -0, 0, 0, 0, 0, 0.340453271, -0.110267822, -0.157548926, 0.121636663, 0.384921178, -0.91476445, 0.344482422, -0.880737305, -0.324829102, -0.930738683, -0.275605632, -0.239754589, 0, 2, 3, 1, 
486.080124, 62, 0.1, 0.1, 0.0184326482, 0.361182638, -0.0349666719, 0.944297853, -0.329092031, -1.18867913e-005, 0.32909203, 0.944297853, -3.12250931e-005, 2.15006008e-005, 2.55739401e-005, 0.999999999, 0.944297865, -0.329091998, -1.04269366e-005, 0.329091997, 0.944297864, -2.84475282e-005, 1.92079878e-005, 2.34315188e-005, 1, 0, 0, 0, 0, 0, 0, 0, 0.261780737, -0.153036255, -0.188741504, -0.332518046, 0.661160884, -0.672414544, -0.866333008, 0.0675048828, 0.494873047, 0.372645203, 0.747201607, 0.550442229, 0, 0, -0, 0, 0, 0, 0, 0.340453271, -0.110267822, -0.157548926, 0.121636663, 0.384921178, -0.91476445, 0.344482422, -0.880737305, -0.324829102, -0.930738683, -0.275605632, -0.239754589, 0, 2, 3, 1, 
486.080828, 62, 0.1, 0.1, 0.018432647, 0.361182637, -0.0349661862, 0.944297801, -0.32909218, 1.0054322e-005, 0.32909218, 0.944297801, 2.41000934e-005, -1.74254264e-005, -1.94488665e-005, 1, 0.944297811, -0.329092151, 9.08498108e-006, 0.329092151, 0.944297811, 2.0392514e-005, -1.5289944e-005, -1.62668103e-005, 1, 0, 0, 0, 0, 0, 0, 0, 0.262189111, -0.154195312, -0.187991821, -0.337450449, 0.660247641, -0.670872255, -0.865722656, 0.0621337891, 0.496582031, 0.369595069, 0.748458577, 0.550815914, 0, 0, -0, 0, 0, 0, 0, 0.340453271, -0.110267822, -0.157548926, 0.121636663, 0.384921178, -0.91476445, 0.344482422, -0.880737305, -0.324829102, -0.930738683, -0.275605632, -0.239754589, 0, 2, 3, 1, 
486.081535, 62, 0.1, 0.1, 0.0184326481, 0.361182639, -0.0349664827, 0.944297752, -0.329092321, -1.39706579e-005, 0.32909232, 0.944297752, -2.63592321e-005, 2.18670818e-005, 2.02933274e-005, 1, 0.944297761, -0.329092294, -1.31232963e-005, 0.329092294, 0.944297761, -2.33360128e-005, 2.00720013e-005, 1.77173689e-005, 1, 0, 0, 0, 0, 0, 0, 0, 0.262189111, -0.154195312, -0.187991821, -0.337450449, 0.660247641, -0.670872255, -0.865722656, 0.0621337891, 0.496582031, 0.369595069, 0.748458577, 0.550815914, 0, 0, -0, 0, 0, 0, 0, 0.340805127, -0.11075874, -0.157065088, 0.116308119, 0.386536578, -0.914859965, 0.350708008, -0.877685547, -0.326171875, -0.929089366, -0.282800409, -0.237678002, 0, 2, 3, 1, 
486.082235, 62, 0.1, 0.1, 0.0184326461, 0.361182637, -0.0349676381, 0.944297704, -0.329092459, 1.5267492e-005, 0.329092459, 0.944297703, 2.44351447e-005, -2.24584795e-005, -1.80496346e-005, 1, 0.944297712, -0.329092434, 1.3288748e-005, 0.329092434, 0.944297712, 2.1192769e-005, -1.95229143e-005, -1.56390569e-005, 1, 0, 0, 0, 0, 0, 0, 0, 0.262189111, -0.154195312, -0.187991821, -0.337450449, 0.660247641, -0.670872255, -0.865722656, 0.0621337891, 0.496582031, 0.369595069, 0.748458577, 0.550815914, 0, 0, -0, 0, 0, 0, 0, 0.340805127, -0.11075874, -0.157065088, 0.116308119, 0.386536578, -0.914859965, 0.350708008, -0.877685547, -0.326171875, -0.929089366, -0.282800409, -0.237678002, 0, 2, 3, 1, 
486.082927, 62, 0.1, 0.1, 0.0184326453, 0.361182638, -0.034969327, 0.944297661, -0.329092581, -9.3545453e-006, 0.32909258, 0.944297661, -2.11761141e-005, 1.58023773e-005, 1.69180436e-005, 1, 0.944297669, -0.329092559, -7.19217919e-006, 0.329092559, 0.944297669, -1.86268001e-005, 1.29214993e-005, 1.52223513e-005, 1, 0, 0, 0, 0, 0, 0, 0, 0.262189111, -0.154195312, -0.187991821, -0.337450449, 0.660247641, -0.670872255, -0.865722656, 0.0621337891, 0.496582031, 0.369595069, 0.748458577, 0.550815914, 0, 0, -0, 0, 0, 0, 0, 0.340805127, -0.11075874, -0.157065088, 0.116308119, 0.386536578, -0.914859965, 0.350708008, -0.877685547, -0.326171875, -0.929089366, -0.282800409, -0.237678002, 0, 2, 3, 1, 
486.08362, 62, 0.1, 0.1, 0.0184326441, 0.361182635, -0.0349710182, 0.94429763, -0.32909267, 9.45578768e-006, 0.32909267, 0.94429763, 2.51110841e-005, -1.71929516e-005, -2.06005068e-005, 1, 0.944297636, -0.329092653, 8.21439127e-006, 0.329092653, 0.944297636, 2.2231247e-005, -1.50729703e-005, -1.82896182e-005, 1, 0, 0, 0, 0, 0, 0, 0, 0.262189111, -0.154195312, -0.187991821, -0.337450449, 0.660247641, -0.670872255, -0.865722656, 0.0621337891, 0.496582031, 0.369595069, 0.748458577, 0.550815914, 0, 0, -0, 0, 0, 0, 0, 0.340805127, -0.11075874, -0.157065088, 0.116308119, 0.386536578, -0.914859965, 0.350708008, -0.877685547, -0.326171875, -0.929089366, -0.282800409, -0.237678002, 0, 2, 3, 1, 
486.084316, 62, 0.1, 0.1, 0.0184326442, 0.361182635, -0.0349722093, 0.944297604, -0.329092745, -8.65865769e-006, 0.329092745, 0.944297604, -1.91834654e-005, 1.4489489e-005, 1.5265399e-005, 1, 0.944297609, -0.32909273, -8.11839936e-006, 0.32909273, 0.944297609, -1.60128805e-005, 1.29359077e-005, 1.24492186e-005, 1, 0, 0, 0, 0, 0, 0, 0, 0.262189111, -0.154195312, -0.187991821, -0.337450449, 0.660247641, -0.670872255, -0.865722656, 0.0621337891, 0.496582031, 0.369595069, 0.748458577, 0.550815914, 0, 0, -0, 0, 0, 0, 0, 0.340805127, -0.11075874, -0.157065088, 0.116308119, 0.386536578, -0.914859965, 0.350708008, -0.877685547, -0.326171875, -0.929089366, -0.282800409, -0.237678002, 0, 2, 3, 1, 
486.085011, 62, 0.1, 0.1, 0.0184326422, 0.361182633, -0.0349725837, 0.944297577, -0.329092822, 1.18655535e-005, 0.329092822, 0.944297577, 2.10190629e-005, -1.81218362e-005, -1.59433817e-005, 1, 0.944297582, -0.329092807, 1.09766487e-005, 0.329092807, 0.944297582, 1.86556752e-005, -1.65046714e-005, -1.40041729e-005, 1, 0, 0, 0, 0, 0, 0, 0, 0.262189111, -0.154195312, -0.187991821, -0.337450449, 0.660247641, -0.670872255, -0.865722656, 0.0621337891, 0.496582031, 0.369595069, 0.748458577, 0.550815914, 0, 0, -0, 0, 0, 0, 0, 0.340805127, -0.11075874, -0.157065088, 0.116308119, 0.386536578, -0.914859965, 0.350708008, -0.877685547, -0.326171875, -0.929089366, -0.282800409, -0.237678002, 0, 2, 3, 1, 
486.085703, 62, 0.1, 0.1, 0.0184326425, 0.361182634, -0.0349720882, 0.94429755, -0.3290929, -1.15163381e-005, 0.329092899, 0.94429755, -2.03509278e-005, 1.75721956e-005, 1.54273862e-005, 1, 0.944297555, -0.329092885, -9.93730276e-006, 0.329092885, 0.944297555, -1.78832635e-005, 1.52690255e-005, 1.36168263e-005, 1, 0, 0, 0, 0, 0, 0, 0, 0.262189111, -0.154195312, -0.187991821, -0.337450449, 0.660247641, -0.670872255, -0.865722656, 0.0621337891, 0.496582031, 0.369595069, 0.748458577, 0.550815914, 0, 0, -0, 0, 0, 0, 0, 0.340805127, -0.11075874, -0.157065088, 0.116308119, 0.386536578, -0.914859965, 0.350708008, -0.877685547, -0.326171875, -0.929089366, -0.282800409, -0.237678002, 0, 2, 3, 1, 
486.086423, 62, 0.1, 0.1, 0.0184326412, 0.361182631, -0.0349705965, 0.944297526, -0.329092969, 1.14223614e-005, 0.329092969, 0.944297526, 2.32785641e-005, -1.84469194e-005, -1.82228717e-005, 1, 0.94429753, -0.329092957, 9.77324632e-006, 0.329092957, 0.94429753, 2.150907e-005, -1.63073358e-005, -1.70946551e-005, 1, 0, 0, 0, 0, 0, 0, 0, 0.26306106, -0.155413452, -0.186641504, -0.341970976, 0.658122733, -0.670650216, -0.865722656, 0.056640625, 0.497192383, 0.36524378, 0.750649009, 0.550657155, 0, 0, -0, 0, 0, 0, 0, 0.341739697, -0.111542725, -0.155728809, 0.112896481, 0.387206286, -0.915019646, 0.357543945, -0.875, -0.326171875, -0.92699309, -0.290340068, -0.237326557, 0, 2, 3, 1, 
486.087115, 62, 0.1, 0.1, 0.0184326415, 0.361182633, -0.0349689561, 0.944297508, -0.329093019, -1.17796385e-005, 0.329093019, 0.944297508, -2.44800048e-005, 1.9179682e-005, 1.92398107e-005, 1, 0.944297512, -0.32909301, -9.9934502e-006, 0.32909301, 0.944297512, -2.18059754e-005, 1.66129842e-005, 1.73025537e-005, 1, 0, 0, 0, 0, 0, 0, 0, 0.26306106, -0.155413452, -0.186641504, -0.341970976, 0.658122733, -0.670650216, -0.865722656, 0.056640625, 0.497192383, 0.36524378, 0.750649009, 0.550657155, 0, 0, -0, 0, 0, 0, 0, 0.341739697, -0.111542725, -0.155728809, 0.112896481, 0.387206286, -0.915019646, 0.357543945, -0.875, -0.326171875, -0.92699309, -0.290340068, -0.237326557, 0, 2, 3, 1, 
486.087809, 62, 0.1, 0.1, 0.0184326405, 0.361182631, -0.0349676516, 0.944297497, -0.329093053, 9.94011684e-006, 0.329093052, 0.944297497, 2.38089477e-005, -1.72217867e-005, -1.92115064e-005, 1, 0.944297499, -0.329093047, 8.48723306e-006, 0.329093046, 0.944297499, 2.12029357e-005, -1.49922117e-005, -1.72287898e-005, 1, 0, 0, 0, 0, 0, 0, 0, 0.26306106, -0.155413452, -0.186641504, -0.341970976, 0.658122733, -0.670650216, -0.865722656, 0.056640625, 0.497192383, 0.36524378, 0.750649009, 0.550657155, 0, 0, -0, 0, 0, 0, 0, 0.341739697, -0.111542725, -0.155728809, 0.112896481, 0.387206286, -0.915019646, 0.357543945, -0.875, -0.326171875, -0.92699309, -0.290340068, -0.237326557, 0, 2, 3, 1, 
486.088511, 62, 0.1, 0.1, 0.0184326413, 0.361182633, -0.03496697, 0.94429749, -0.329093073, -1.23521782e-005, 0.329093072, 0.94429749, -2.86270838e-005, 2.10851058e-005, 2.29674671e-005, 1, 0.944297491, -0.329093069, -1.10813566e-005, 0.329093069, 0.944297491, -2.56121471e-005, 1.88928774e-005, 2.05386886e-005, 1, 0, 0, 0, 0, 0, 0, 0, 0.263972925, -0.15711543, -0.185134229, -0.345754993, 0.655230236, -0.671640964, -0.865722656, 0.0529785156, 0.497436523, 0.361640984, 0.753455382, 0.549083787, 0, 0, -0, 0, 0, 0, 0, 0.341739697, -0.111542725, -0.155728809, 0.112896481, 0.387206286, -0.915019646, 0.357543945, -0.875, -0.326171875, -0.92699309, -0.290340068, -0.237326557, 0, 2, 3, 1, 
486.089219, 62, 0.1, 0.1, 0.0184326402, 0.361182632, -0.0349668822, 0.944297485, -0.329093085, 1.06376122e-005, 0.329093085, 0.944297485, 2.38765488e-005, -1.79026775e-005, -1.90458003e-005, 1, 0.944297486, -0.329093083, 9.27914798e-006, 0.329093083, 0.944297486, 2.06229497e-005, -1.55491462e-005, -1.64204961e-005, 1, 0, 0, 0, 0, 0, 0, 0, 0.263972925, -0.15711543, -0.185134229, -0.345754993, 0.655230236, -0.671640964, -0.865722656, 0.0529785156, 0.497436523, 0.361640984, 0.753455382, 0.549083787, 0, 0, -0, 0, 0, 0, 0, 0.342257324, -0.112810303, -0.154627002, 0.11018117, 0.386502663, -0.915645611, 0.361694336, -0.873657227, -0.325195312, -0.925682825, -0.29532373, -0.236042178, 0, 2, 3, 1, 
486.089912, 62, 0.1, 0.1, 0.0184326408, 0.361182634, -0.0349676174, 0.944297483, -0.329093093, -1.2055962e-005, 0.329093092, 0.944297483, -2.59896315e-005, 1.99374228e-005, 2.05744098e-005, 1, 0.944297483, -0.329093092, -1.06066038e-005, 0.329093091, 0.944297483, -2.30827644e-005, 1.76121676e-005, 1.83064363e-005, 1, 0, 0, 0, 0, 0, 0, 0, 0.263972925, -0.15711543, -0.185134229, -0.345754993, 0.655230236, -0.671640964, -0.865722656, 0.0529785156, 0.497436523, 0.361640984, 0.753455382, 0.549083787, 0, 0, -0, 0, 0, 0, 0, 0.342257324, -0.112810303, -0.154627002, 0.11018117, 0.386502663, -0.915645611, 0.361694336, -0.873657227, -0.325195312, -0.925682825, -0.29532373, -0.236042178, 0, 2, 3, 1, 
486.090604, 62, 0.1, 0.1, 0.0184326399, 0.361182632, -0.0349689329, 0.944297483, -0.329093092, 9.80927348e-006, 0.329093091, 0.944297483, 2.36193583e-005, -1.70358399e-005, -1.90755365e-005, 1, 0.944297483, -0.329093092, 8.25641657e-006, 0.329093092, 0.944297483, 2.03281398e-005, -1.44863638e-005, -1.64786816e-005, 1, 0, 0, 0, 0, 0, 0, 0, 0.263972925, -0.15711543, -0.185134229, -0.345754993, 0.655230236, -0.671640964, -0.865722656, 0.0529785156, 0.497436523, 0.361640984, 0.753455382, 0.549083787, 0, 0, -0, 0, 0, 0, 0, 0.342257324, -0.112810303, -0.154627002, 0.11018117, 0.386502663, -0.915645611, 0.361694336, -0.873657227, -0.325195312, -0.925682825, -0.29532373, -0.236042178, 0, 2, 3, 1, 
486.091297, 62, 0.1, 0.1, 0.0184326401, 0.361182633, -0.0349703813, 0.944297486, -0.329093085, -9.87206378e-006, 0.329093084, 0.944297486, -2.20641508e-005, 1.65833244e-005, 1.75862942e-005, 1, 0.944297485, -0.329093086, -8.74366484e-006, 0.329093086, 0.944297485, -1.92854601e-005, 1.46033323e-005, 1.53337318e-005, 1, 0, 0, 0, 0, 0, 0, 0, 0.263972925, -0.15711543, -0.185134229, -0.345754993, 0.655230236, -0.671640964, -0.865722656, 0.0529785156, 0.497436523, 0.361640984, 0.753455382, 0.549083787, 0, 0, -0, 0, 0, 0, 0, 0.342257324, -0.112810303, -0.154627002, 0.11018117, 0.386502663, -0.915645611, 0.361694336, -0.873657227, -0.325195312, -0.925682825, -0.29532373, -0.236042178, 0, 2, 3, 1, 
486.091988, 62, 0.1, 0.1, 0.0184326387, 0.361182631, -0.0349715568, 0.944297489, -0.329093075, 1.04368889e-005, 0.329093075, 0.944297489, 2.26275194e-005, -1.73020879e-005, -1.79324019e-005, 1, 0.944297488, -0.329093077, 9.08314029e-006, 0.329093077, 0.944297488, 1.98520221e-005, -1.51103496e-005, -1.5757016e-005, 1, 0, 0, 0, 0, 0, 0, 0, 0.263972925, -0.15711543, -0.185134229, -0.345754993, 0.655230236, -0.671640964, -0.865722656, 0.0529785156, 0.497436523, 0.361640984, 0.753455382, 0.549083787, 0, 0, -0, 0, 0, 0, 0, 0.342257324, -0.112810303, -0.154627002, 0.11018117, 0.386502663, -0.915645611, 0.361694336, -0.873657227, -0.325195312, -0.925682825, -0.29532373, -0.236042178, 0, 2, 3, 1, 
486.092681, 62, 0.1, 0.1, 0.0184326386, 0.361182632, -0.0349721387, 0.944297494, -0.329093061, -8.49051908e-006, 0.329093061, 0.944297494, -2.01571612e-005, 1.46511578e-005, 1.62401859e-005, 1, 0.944297493, -0.329093064, -7.294162e-006, 0.329093064, 0.944297493, -1.76448111e-005, 1.26946438e-005, 1.42614927e-005, 1, 0, 0, 0, 0, 0, 0, 0, 0.263972925, -0.15711543, -0.185134229, -0.345754993, 0.655230236, -0.671640964, -0.865722656, 0.0529785156, 0.497436523, 0.361640984, 0.753455382, 0.549083787, 0, 0, -0, 0, 0, 0, 0, 0.342257324, -0.112810303, -0.154627002, 0.11018117, 0.386502663, -0.915645611, 0.361694336, -0.873657227, -0.325195312, -0.925682825, -0.29532373, -0.236042178, 0, 2, 3, 1, 
486.093448, 62, 0.1, 0.1, 0.0184326367, 0.361182629, -0.0349710041, 0.944297501, -0.32909304, 1.17579072e-005, 0.32909304, 0.944297501, 2.51428192e-005, -1.93772892e-005, -1.98728559e-005, 1, 0.9442975, -0.329093044, 1.06714447e-005, 0.329093044, 0.9442975, 2.30715383e-005, -1.76697013e-005, -1.82744977e-005, 1, 0, 0, 0, 0, 0, 0, 0, 0.263972925, -0.15711543, -0.185134229, -0.345754993, 0.655230236, -0.671640964, -0.865722656, 0.0529785156, 0.497436523, 0.361640984, 0.753455382, 0.549083787, 0, 0, -0, 0, 0, 0, 0, 0.342257324, -0.112810303, -0.154627002, 0.11018117, 0.386502663, -0.915645611, 0.361694336, -0.873657227, -0.325195312, -0.925682825, -0.29532373, -0.236042178, 0, 2, 3, 1, 
486.094181, 62, 0.1, 0.1, 0.0184326373, 0.361182631, -0.0349691327, 0.944297509, -0.329093017, -1.26672499e-005, 0.329093016, 0.944297509, -2.5440486e-005, 2.03339388e-005, 1.98546841e-005, 1, 0.944297508, -0.329093021, -1.09738565e-005, 0.329093021, 0.944297508, -2.29710194e-005, 1.79221876e-005, 1.80800568e-005, 1, 0, 0, 0, 0, 0, 0, 0, 0.264640552, -0.158375684, -0.183836646, -0.349938904, 0.652236268, -0.672371482, -0.865722656, 0.0489501953, 0.498046875, 0.357854341, 0.756401419, 0.547592794, 0, 0, -0, 0, 0, 0, 0, 0.342526807, -0.114087891, -0.153298535, 0.107101654, 0.385690398, -0.916297095, 0.365844727, -0.872192383, -0.32434082, -0.92441084, -0.300441554, -0.234514997, 0, 2, 3, 1, 
486.09487, 62, 0.1, 0.1, 0.0184326361, 0.361182629, -0.0349675786, 0.944297517, -0.329092995, 1.10108074e-005, 0.329092995, 0.944297517, 2.23924043e-005, -1.77666615e-005, -1.75215122e-005, 1, 0.944297516, -0.329092999, 9.73084083e-006, 0.329092999, 0.944297515, 1.9524344e-005, -1.56141338e-005, -1.5234438e-005, 1, 0, 0, 0, 0, 0, 0, 0, 0.264640552, -0.158375684, -0.183836646, -0.349938904, 0.652236268, -0.672371482, -0.865722656, 0.0489501953, 0.498046875, 0.357854341, 0.756401419, 0.547592794, 0, 0, -0, 0, 0, 0, 0, 0.342526807, -0.114087891, -0.153298535, 0.107101654, 0.385690398, -0.916297095, 0.365844727, -0.872192383, -0.32434082, -0.92441084, -0.300441554, -0.234514997, 0, 2, 3, 1, 
486.095561, 62, 0.1, 0.1, 0.0184326371, 0.361182631, -0.0349667784, 0.944297522, -0.329092982, -1.30356676e-005, 0.329092981, 0.944297521, -2.741606e-005, 2.13319816e-005, 2.15989708e-005, 1, 0.944297521, -0.329092984, -1.2073522e-005, 0.329092983, 0.944297521, -2.43610315e-005, 1.94180415e-005, 1.90307503e-005, 1, 0, 0, 0, 0, 0, 0, 0, 0.264640552, -0.158375684, -0.183836646, -0.349938904, 0.652236268, -0.672371482, -0.865722656, 0.0489501953, 0.498046875, 0.357854341, 0.756401419, 0.547592794, 0, 0, -0, 0, 0, 0, 0, 0.342526807, -0.114087891, -0.153298535, 0.107101654, 0.385690398, -0.916297095, 0.365844727, -0.872192383, -0.32434082, -0.92441084, -0.300441554, -0.234514997, 0, 2, 3, 1, 
486.096251, 62, 0.1, 0.1, 0.018432636, 0.361182629, -0.0349669002, 0.944297525, -0.329092971, 1.13105801e-005, 0.329092971, 0.944297525, 2.44029327e-005, -1.87113864e-005, -1.93213965e-005, 1, 0.944297524, -0.329092973, 9.64275514e-006, 0.329092973, 0.944297524, 2.11651887e-005, -1.60709447e-005, -1.68128723e-005, 1, 0, 0, 0, 0, 0, 0, 0, 0.264640552, -0.158375684, -0.183836646, -0.349938904, 0.652236268, -0.672371482, -0.865722656, 0.0489501953, 0.498046875, 0.357854341, 0.756401419, 0.547592794, 0, 0, -0, 0, 0, 0, 0, 0.342526807, -0.114087891, -0.153298535, 0.107101654, 0.385690398, -0.916297095, 0.365844727, -0.872192383, -0.32434082, -0.92441084, -0.300441554, -0.234514997, 0, 2, 3, 1, 
486.096949, 62, 0.1, 0.1, 0.0184326362, 0.361182631, -0.0349678596, 0.944297531, -0.329092954, -1.05499061e-005, 0.329092954, 0.944297531, -2.53473196e-005, 1.83038745e-005, 2.04635115e-005, 1, 0.94429753, -0.329092957, -9.15312226e-006, 0.329092957, 0.94429753, -2.24326656e-005, 1.6025703e-005, 1.81708827e-005, 1, 0, 0, 0, 0, 0, 0, 0, 0.264640552, -0.158375684, -0.183836646, -0.349938904, 0.652236268, -0.672371482, -0.865722656, 0.0489501953, 0.498046875, 0.357854341, 0.756401419, 0.547592794, 0, 0, -0, 0, 0, 0, 0, 0.342526807, -0.114087891, -0.153298535, 0.107101654, 0.385690398, -0.916297095, 0.365844727, -0.872192383, -0.32434082, -0.92441084, -0.300441554, -0.234514997, 0, 2, 3, 1, 
486.097641, 62, 0.1, 0.1, 0.0184326349, 0.361182629, -0.0349692399, 0.944297539, -0.329092932, 1.06603745e-005, 0.329092932, 0.944297539, 2.40324767e-005, -1.79754837e-005, -1.91855547e-005, 1, 0.944297537, -0.329092936, 9.32138694e-006, 0.329092936, 0.944297537, 2.07596365e-005, -1.56340125e-005, -1.6535671e-005, 1, 0, 0, 0, 0, 0, 0, 0, 0.264640552, -0.158375684, -0.183836646, -0.349938904, 0.652236268, -0.672371482, -0.865722656, 0.0489501953, 0.498046875, 0.357854341, 0.756401419, 0.547592794, 0, 0, -0, 0, 0, 0, 0, 0.342526807, -0.114087891, -0.153298535, 0.107101654, 0.385690398, -0.916297095, 0.365844727, -0.872192383, -0.32434082, -0.92441084, -0.300441554, -0.234514997, 0, 2, 3, 1, 
486.098332, 62, 0.1, 0.1, 0.018432635, 0.36118263, -0.034970682, 0.944297546, -0.32909291, -9.46749258e-006, 0.32909291, 0.944297546, -2.09254355e-005, 1.58265425e-005, 1.66441527e-005, 1, 0.944297545, -0.329092914, -8.22082693e-006, 0.329092914, 0.944297545, -1.81352772e-005, 1.37310979e-005, 1.44196818e-005, 1, 0, 0, 0, 0, 0, 0, 0, 0.264640552, -0.158375684, -0.183836646, -0.349938904, 0.652236268, -0.672371482, -0.865722656, 0.0489501953, 0.498046875, 0.357854341, 0.756401419, 0.547592794, 0, 0, -0, 0, 0, 0, 0, 0.342526807, -0.114087891, -0.153298535, 0.107101654, 0.385690398, -0.916297095, 0.365844727, -0.872192383, -0.32434082, -0.92441084, -0.300441554, -0.234514997, 0, 2, 3, 1, 
486.099052, 62, 0.1, 0.1, 0.0184326332, 0.361182627, -0.0349716132, 0.944297555, -0.329092886, 1.17747991e-005, 0.329092885, 0.944297555, 2.51295417e-005, -1.93888674e-005, -1.98547621e-005, 1, 0.944297553, -0.32909289, 1.03976607e-005, 0.32909289, 0.944297553, 2.27089734e-005, -1.72918473e-005, -1.80222318e-005, 1, 0, 0, 0, 0, 0, 0, 0, 0.265356885, -0.160030786, -0.182735937, -0.353227547, 0.650314303, -0.672625722, -0.865478516, 0.0457763672, 0.498657227, 0.355038228, 0.758312523, 0.546767918, 0, 0, -0, 0, 0, 0, 0, 0.343032715, -0.115297119, -0.152405078, 0.104290461, 0.385651385, -0.916667496, 0.369384766, -0.870727539, -0.32421875, -0.923356139, -0.304741649, -0.2333265, 0, 2, 3, 1, 
486.09974, 62, 0.1, 0.1, 0.018432633, 0.361182627, -0.0349717757, 0.944297565, -0.329092858, -8.77506927e-006, 0.329092858, 0.944297565, -1.85842977e-005, 1.44022362e-005, 1.46612944e-005, 1, 0.944297563, -0.329092864, -7.18951072e-006, 0.329092864, 0.944297563, -1.58653422e-005, 1.20102083e-005, 1.26155873e-005, 1, 0, 0, 0, 0, 0, 0, 0, 0.265356885, -0.160030786, -0.182735937, -0.353227547, 0.650314303, -0.672625722, -0.865478516, 0.0457763672, 0.498657227, 0.355038228, 0.758312523, 0.546767918, 0, 0, -0, 0, 0, 0, 0, 0.343032715, -0.115297119, -0.152405078, 0.104290461, 0.385651385, -0.916667496, 0.369384766, -0.870727539, -0.32421875, -0.923356139, -0.304741649, -0.2333265, 0, 2, 3, 1, 
486.100432, 62, 0.1, 0.1, 0.0184326315, 0.361182625, -0.0349713529, 0.944297576, -0.329092827, 1.05386469e-005, 0.329092827, 0.944297575, 2.29025416e-005, -1.74886809e-005, -1.81586214e-005, 1, 0.944297573, -0.329092833, 9.26149941e-006, 0.329092833, 0.944297573, 2.09009426e-005, -1.56239618e-005, -1.66888163e-005, 1, 0, 0, 0, 0, 0, 0, 0, 0.265356885, -0.160030786, -0.182735937, -0.353227547, 0.650314303, -0.672625722, -0.865478516, 0.0457763672, 0.498657227, 0.355038228, 0.758312523, 0.546767918, 0, 0, -0, 0, 0, 0, 0, 0.343032715, -0.115297119, -0.152405078, 0.104290461, 0.385651385, -0.916667496, 0.369384766, -0.870727539, -0.32421875, -0.923356139, -0.304741649, -0.2333265, 0, 2, 3, 1, 
486.101137, 62, 0.1, 0.1, 0.018432632, 0.361182627, -0.0349704405, 0.944297588, -0.329092791, -1.10423518e-005, 0.32909279, 0.944297588, -2.37115741e-005, 1.82305742e-005, 1.87568239e-005, 1, 0.944297586, -0.329092798, -9.31976962e-006, 0.329092798, 0.944297585, -2.07630548e-005, 1.56336078e-005, 1.65394335e-005, 1, 0, 0, 0, 0, 0, 0, 0, 0.265356885, -0.160030786, -0.182735937, -0.356332343, 0.647929163, -0.673140192, -0.865478516, 0.0423583984, 0.499023438, 0.351822222, 0.760420579, 0.545860667, 0, 0, -0, 0, 0, 0, 0, 0.343032715, -0.115297119, -0.152405078, 0.104290461, 0.385651385, -0.916667496, 0.369384766, -0.870727539, -0.32421875, -0.923356139, -0.304741649, -0.2333265, 0, 2, 3, 1, 
486.10184, 62, 0.1, 0.1, 0.0184326309, 0.361182624, -0.0349691419, 0.944297602, -0.329092751, 1.03859264e-005, 0.32909275, 0.944297602, 2.2324194e-005, -1.71541358e-005, -1.76627498e-005, 1, 0.944297599, -0.329092759, 9.00268673e-006, 0.329092758, 0.944297599, 2.00821713e-005, -1.51101126e-005, -1.60008272e-005, 1, 0, 0, 0, 0, 0, 0, 0, 0.266304639, -0.161485718, -0.181648779, -0.356332343, 0.647929163, -0.673140192, -0.865478516, 0.0423583984, 0.499023438, 0.351822222, 0.760420579, 0.545860667, 0, 0, -0, 0, 0, 0, 0, 0.343807031, -0.116313623, -0.1510771, 0.101875555, 0.385656849, -0.916948579, 0.374755859, -0.868652344, -0.323730469, -0.921400587, -0.310632725, -0.232987815, 0, 2, 3, 1, 
486.102531, 62, 0.1, 0.1, 0.0184326316, 0.361182627, -0.0349681088, 0.944297617, -0.329092708, -1.24513352e-005, 0.329092708, 0.944297617, -2.67435427e-005, 2.0558871e-005, 2.115622e-005, 1, 0.944297614, -0.329092717, -1.07675093e-005, 0.329092716, 0.944297614, -2.39765986e-005, 1.80582573e-005, 1.90975359e-005, 1, 0, 0, 0, 0, 0, 0, 0, 0.266304639, -0.161485718, -0.181648779, -0.356332343, 0.647929163, -0.673140192, -0.865478516, 0.0423583984, 0.499023438, 0.351822222, 0.760420579, 0.545860667, 0, 0, -0, 0, 0, 0, 0, 0.343807031, -0.116313623, -0.1510771, 0.101875555, 0.385656849, -0.916948579, 0.374755859, -0.868652344, -0.323730469, -0.921400587, -0.310632725, -0.232987815, 0, 2, 3, 1, 
486.103222, 62, 0.1, 0.1, 0.0184326308, 0.361182625, -0.034967618, 0.944297633, -0.329092662, 1.03541942e-005, 0.329092661, 0.944297633, 2.27446632e-005, -1.72625428e-005, -1.80702423e-005, 1, 0.94429763, -0.329092671, 8.73434935e-006, 0.329092671, 0.94429763, 1.99219947e-005, -1.48040078e-005, -1.59378821e-005, 1, 0, 0, 0, 0, 0, 0, 0, 0.266304639, -0.161485718, -0.181648779, -0.356332343, 0.647929163, -0.673140192, -0.865478516, 0.0423583984, 0.499023438, 0.351822222, 0.760420579, 0.545860667, 0, 0, -0, 0, 0, 0, 0, 0.343807031, -0.116313623, -0.1510771, 0.101875555, 0.385656849, -0.916948579, 0.374755859, -0.868652344, -0.323730469, -0.921400587, -0.310632725, -0.232987815, 0, 2, 3, 1, 
486.103916, 62, 0.1, 0.1, 0.0184326313, 0.361182628, -0.0349677902, 0.944297651, -0.329092611, -1.11893233e-005, 0.32909261, 0.944297651, -2.72483156e-005, 1.9533271e-005, 2.20481968e-005, 1, 0.944297648, -0.32909262, -9.85478592e-006, 0.32909262, 0.944297647, -2.43896789e-005, 1.73323145e-005, 1.97879791e-005, 1, 0, 0, 0, 0, 0, 0, 0, 0.266304639, -0.161485718, -0.181648779, -0.356332343, 0.647929163, -0.673140192, -0.865478516, 0.0423583984, 0.499023438, 0.351822222, 0.760420579, 0.545860667, 0, 0, -0, 0, 0, 0, 0, 0.343807031, -0.116313623, -0.1510771, 0.101875555, 0.385656849, -0.916948579, 0.374755859, -0.868652344, -0.323730469, -0.921400587, -0.310632725, -0.232987815, 0, 2, 3, 1, 
486.104602, 62, 0.1, 0.1, 0.0184326303, 0.361182626, -0.0349685564, 0.944297669, -0.32909256, 9.76065698e-006, 0.32909256, 0.944297668, 2.30354066e-005, -1.67977465e-005, -1.85401211e-005, 1, 0.944297665, -0.329092569, 8.66295969e-006, 0.329092569, 0.944297665, 1.95970901e-005, -1.46296693e-005, -1.56545707e-005, 1, 0, 0, 0, 0, 0, 0, 0, 0.266304639, -0.161485718, -0.181648779, -0.356332343, 0.647929163, -0.673140192, -0.865478516, 0.0423583984, 0.499023438, 0.351822222, 0.760420579, 0.545860667, 0, 0, -0, 0, 0, 0, 0, 0.343807031, -0.116313623, -0.1510771, 0.101875555, 0.385656849, -0.916948579, 0.374755859, -0.868652344, -0.323730469, -0.921400587, -0.310632725, -0.232987815, 0, 2, 3, 1, 
486.105292, 62, 0.1, 0.1, 0.018432631, 0.361182628, -0.0349696648, 0.944297683, -0.32909252, -1.10412463e-005, 0.32909252, 0.944297682, -2.24777146e-005, 1.7823471e-005, 1.75920623e-005, 1, 0.94429768, -0.329092527, -1.02805026e-005, 0.329092526, 0.94429768, -1.95159575e-005, 1.61304105e-005, 1.50456368e-005, 1, 0, 0, 0, 0, 0, 0, 0, 0.266304639, -0.161485718, -0.181648779, -0.356332343, 0.647929163, -0.673140192, -0.865478516, 0.0423583984, 0.499023438, 0.351822222, 0.760420579, 0.545860667, 0, 0, -0, 0, 0, 0, 0, 0.343807031, -0.116313623, -0.1510771, 0.101875555, 0.385656849, -0.916948579, 0.374755859, -0.868652344, -0.323730469, -0.921400587, -0.310632725, -0.232987815, 0, 2, 3, 1, 
486.105982, 62, 0.1, 0.1, 0.0184326292, 0.361182626, -0.0349707709, 0.94429769, -0.329092498, 1.29403073e-005, 0.329092497, 0.94429769, 2.22528756e-005, -1.95427567e-005, -1.67547809e-005, 1, 0.944297689, -0.329092502, 1.15687186e-005, 0.329092501, 0.944297689, 1.93183964e-005, -1.72818536e-005, -1.44351385e-005, 1, 0, 0, 0, 0, 0, 0, 0, 0.266304639, -0.161485718, -0.181648779, -0.356332343, 0.647929163, -0.673140192, -0.865478516, 0.0423583984, 0.499023438, 0.351822222, 0.760420579, 0.545860667, 0, 0, -0, 0, 0, 0, 0, 0.343807031, -0.116313623, -0.1510771, 0.101875555, 0.385656849, -0.916948579, 0.374755859, -0.868652344, -0.323730469, -0.921400587, -0.310632725, -0.232987815, 0, 2, 3, 1, 
486.106698, 62, 0.1, 0.1, 0.0184326293, 0.361182627, -0.0349712655, 0.944297695, -0.329092485, -1.10320214e-005, 0.329092484, 0.944297695, -2.03044733e-005, 1.70995619e-005, 1.5542912e-005, 1, 0.944297694, -0.329092488, -9.38470667e-006, 0.329092487, 0.944297694, -1.8044399e-005, 1.4800233e-005, 1.39508479e-005, 1, 0, 0, 0, 0, 0, 0, 0, 0.267493213, -0.16338103, -0.180353271, -0.35911962, 0.645664592, -0.673933989, -0.865478516, 0.0396728516, 0.499145508, 0.349050293, 0.762509539, 0.544750473, 0, 0, -0, 0, 0, 0, 0, 0.344551318, -0.117576318, -0.149748877, 0.0991347242, 0.385100147, -0.917414862, 0.379272461, -0.86706543, -0.322875977, -0.919847519, -0.31584643, -0.232054882, 0, 2, 3, 1, 
486.107389, 62, 0.1, 0.1, 0.0184326281, 0.361182624, -0.0349712604, 0.9442977, -0.329092469, 1.09050106e-005, 0.329092469, 0.9442977, 2.30471927e-005, -1.78822339e-005, -1.81746542e-005, 1, 0.944297699, -0.329092473, 9.11637756e-006, 0.329092472, 0.944297699, 2.06521971e-005, -1.5405057e-005, -1.65016909e-005, 1, 0, 0, 0, 0, 0, 0, 0, 0.267493213, -0.16338103, -0.180353271, -0.35911962, 0.645664592, -0.673933989, -0.865478516, 0.0396728516, 0.499145508, 0.349050293, 0.762509539, 0.544750473, 0, 0, -0, 0, 0, 0, 0, 0.344551318, -0.117576318, -0.149748877, 0.0991347242, 0.385100147, -0.917414862, 0.379272461, -0.86706543, -0.322875977, -0.919847519, -0.31584643, -0.232054882, 0, 2, 3, 1, 
486.10809, 62, 0.1, 0.1, 0.0184326281, 0.361182626, -0.0349707489, 0.94429771, -0.329092442, -8.94539634e-006, 0.329092442, 0.944297709, -2.26228568e-005, 1.58921285e-005, 1.84188495e-005, 1, 0.944297708, -0.329092448, -7.68404097e-006, 0.329092447, 0.944297708, -2.01603419e-005, 1.38906385e-005, 1.65086048e-005, 1, 0, 0, 0, 0, 0, 0, 0, 0.267493213, -0.16338103, -0.180353271, -0.35911962, 0.645664592, -0.673933989, -0.865478516, 0.0396728516, 0.499145508, 0.349050293, 0.762509539, 0.544750473, 0, 0, -0, 0, 0, 0, 0, 0.344551318, -0.117576318, -0.149748877, 0.0991347242, 0.385100147, -0.917414862, 0.379272461, -0.86706543, -0.322875977, -0.919847519, -0.31584643, -0.232054882, 0, 2, 3, 1, 
486.108781, 62, 0.1, 0.1, 0.0184326267, 0.361182623, -0.0349699531, 0.94429772, -0.329092413, 1.01767796e-005, 0.329092413, 0.94429772, 2.3596468e-005, -1.73753283e-005, -1.893299e-005, 1, 0.944297718, -0.329092418, 9.30975407e-006, 0.329092418, 0.944297718, 2.07248456e-005, -1.56115691e-005, -1.6506655e-005, 1, 0, 0, 0, 0, 0, 0, 0, 0.267493213, -0.16338103, -0.180353271, -0.35911962, 0.645664592, -0.673933989, -0.865478516, 0.0396728516, 0.499145508, 0.349050293, 0.762509539, 0.544750473, 0, 0, -0, 0, 0, 0, 0, 0.344551318, -0.117576318, -0.149748877, 0.0991347242, 0.385100147, -0.917414862, 0.379272461, -0.86706543, -0.322875977, -0.919847519, -0.31584643, -0.232054882, 0, 2, 3, 1, 
486.10947, 62, 0.1, 0.1, 0.0184326274, 0.361182625, -0.0349691746, 0.944297728, -0.32909239, -1.09600505e-005, 0.32909239, 0.944297728, -2.31798877e-005, 1.79778754e-005, 1.82818461e-005, 1, 0.944297726, -0.329092394, -1.02487112e-005, 0.329092394, 0.944297726, -2.02284182e-005, 1.63348533e-005, 1.57288765e-005, 1, 0, 0, 0, 0, 0, 0, 0, 0.267493213, -0.16338103, -0.180353271, -0.35911962, 0.645664592, -0.673933989, -0.865478516, 0.0396728516, 0.499145508, 0.349050293, 0.762509539, 0.544750473, 0, 0, -0, 0, 0, 0, 0, 0.344551318, -0.117576318, -0.149748877, 0.0991347242, 0.385100147, -0.917414862, 0.379272461, -0.86706543, -0.322875977, -0.919847519, -0.31584643, -0.232054882, 0, 2, 3, 1, 
