time, trialNum, realDorsalTactorPos, realVentralTactorPos, boxPosX, boxPosY, boxPosZ, boxLocalRot_11, boxLocalRot_12, boxLocalRot_13, boxLocalRot_21, boxLocalRot_22, boxLocalRot_23, boxLocalRot_31, boxLocalRot_32, boxLocalRot_33, boxGlobalRot_11, boxGlobalRot_12, boxGlobalRot_13, boxGlobalRot_21, boxGlobalRot_22, boxGlobalRot_23, boxGlobalRot_31, boxGlobalRot_32, boxGlobalRot_33, indexForceX, indexForceY, indexForceZ, indexForceGlobalX, indexForceGlobalY, indexForceGlobalZ, indexContact, indexPosX, indexPosY, indexPosZ, indexRot_11, indexRot_12, indexRot_13, indexRot_21, indexRot_22, indexRot_23, indexRot_31, indexRot_32, indexRot_33, thumbForceX, thumbForceY, thumbForceZ, thumbForceGlobalX, thumbForceGlobalY, thumbForceGlobalZ, thumbContact, thumbPosX, thumbPosY, thumbPosZ, thumbRot_11, thumbRot_12, thumbRot_13, thumbRot_21, thumbRot_22, thumbRot_23, thumbRot_31, thumbRot_32, thumbRot_33, manipForceTooHigh, cceExpType, mapping, trialSuccess, 
506.745854, 67, 0.1, 0.1, -0.000242900851, 0.371902811, -0.0349816053, 0.927126102, -2.48892631e-005, 0.374749504, 0.374749505, 2.22397906e-005, -0.927126102, 1.4741135e-005, 0.999999999, 2.99463294e-005, 0.927126239, -7.49545106e-006, 0.374749166, 0.374749166, 2.16905583e-005, -0.927126239, -1.17928929e-006, 1, 2.29187998e-005, 0, 0, 0, 0, 0, 0, 0, 0.308993604, -0.185915796, -0.190249072, -0.401829886, 0.531777021, -0.745380297, -0.913085937, -0.171875, 0.369628906, 0.068463687, 0.829242781, 0.554830537, 0, 0, -0, 0, 0, 0, 0, 0.35647373, -0.123386426, -0.159666797, 0.0604172508, 0.25734384, -0.964368462, 0.669067383, -0.727294922, -0.152099609, -0.740662024, -0.636008191, -0.216246386, 0, 2, 3, 1, 
506.790775, 67, 0.1, 0.1, -0.000242895413, 0.371902795, -0.0349715646, 0.927120464, -2.66296282e-005, 0.374763451, 0.374763452, 3.79372853e-006, -0.927120464, 2.32671225e-005, 1, 1.34970547e-005, 0.927120425, -3.93053773e-005, 0.374763548, 0.374763549, 9.01393339e-006, -0.927120425, 3.30627244e-005, 0.999999999, 2.30872244e-005, 0, 0, 0, 0, 0, 0, 0, 0.313026245, -0.194240723, -0.181357349, -0.442355506, 0.527427237, -0.725328295, -0.895019531, -0.208374023, 0.394287109, 0.0568378923, 0.82362853, 0.564384581, 0, 0, -0, 0, 0, 0, 0, 0.358037256, -0.130767578, -0.150051709, 0.0151137003, 0.268085481, -0.963234636, 0.698974609, -0.691650391, -0.181518555, -0.714860684, -0.670474585, -0.197838552, 0, 2, 3, 1, 
506.791463, 67, 0.1, 0.1, -0.000242902729, 0.371902795, -0.0349712041, 0.92712059, 3.27130323e-005, 0.37476314, 0.374763139, 7.72292366e-006, -0.92712059, -3.3223193e-005, 0.999999999, -5.09955716e-006, 0.927120574, 3.38736264e-005, 0.37476318, 0.37476318, 1.28935403e-006, -0.927120574, -3.18881383e-005, 0.999999999, -1.14992013e-005, 0, 0, 0, 0, 0, 0, 0, 0.313026245, -0.194240723, -0.181357349, -0.442355506, 0.527427237, -0.725328295, -0.895019531, -0.208374023, 0.394287109, 0.0568378923, 0.82362853, 0.564384581, 0, 0, -0, 0, 0, 0, 0, 0.358037256, -0.130767578, -0.150051709, 0.0151137003, 0.268085481, -0.963234636, 0.698974609, -0.691650391, -0.181518555, -0.714860684, -0.670474585, -0.197838552, 0, 2, 3, 1, 
506.792228, 67, 0.1, 0.1, -0.000242901658, 0.371902792, -0.034969669, 0.927120595, -3.03032601e-005, 0.374763127, 0.374763127, -1.44713493e-005, -0.927120596, 3.35181047e-005, 0.999999999, -2.06014143e-006, 0.927120609, -2.227708e-005, 0.374763093, 0.374763093, 1.87556824e-007, -0.927120609, 2.05832506e-005, 1, 8.52251521e-006, 0, 0, 0, 0, 0, 0, 0, 0.313026245, -0.194240723, -0.181357349, -0.442355506, 0.527427237, -0.725328295, -0.895019531, -0.208374023, 0.394287109, 0.0568378923, 0.82362853, 0.564384581, 0, 0, -0, 0, 0, 0, 0, 0.358037256, -0.130767578, -0.150051709, 0.0151137003, 0.268085481, -0.963234636, 0.698974609, -0.691650391, -0.181518555, -0.714860684, -0.670474585, -0.197838552, 0, 2, 3, 1, 
506.79296, 67, 0.1, 0.1, -0.000242892174, 0.371902796, -0.0349677409, 0.927120538, -9.13308478e-006, 0.37476327, 0.37476327, 1.22438187e-005, -0.927120538, 3.87893692e-006, 1, 1.47742405e-005, 0.927120541, -2.36122074e-005, 0.37476326, 0.37476326, 1.2746579e-006, -0.927120542, 2.14136676e-005, 1, 1.00307493e-005, 0, 0, 0, 0, 0, 0, 0, 0.313026245, -0.194240723, -0.181357349, -0.442355506, 0.527427237, -0.725328295, -0.895019531, -0.208374023, 0.394287109, 0.0568378923, 0.82362853, 0.564384581, 0, 0, -0, 0, 0, 0, 0, 0.358037256, -0.130767578, -0.150051709, 0.0151137003, 0.268085481, -0.963234636, 0.698974609, -0.691650391, -0.181518555, -0.714860684, -0.670474585, -0.197838552, 0, 2, 3, 1, 
506.793687, 67, 0.1, 0.1, -0.000242905096, 0.371902792, -0.0349664239, 0.92712062, 4.06197674e-005, 0.374763065, 0.374763065, 2.28524024e-006, -0.927120621, -3.85158476e-005, 0.999999999, -1.31040952e-005, 0.927120595, 4.59410526e-005, 0.374763125, 0.374763125, 4.63956132e-006, -0.927120596, -4.43316326e-005, 0.999999999, -1.29155796e-005, 0, 0, 0, 0, 0, 0, 0, 0.313786646, -0.194459082, -0.180594971, -0.444781081, 0.527597979, -0.723639229, -0.893920898, -0.212890625, 0.394287109, 0.0540086754, 0.822365568, 0.566465306, 0, 0, -0, 0, 0, 0, 0, 0.358037256, -0.130767578, -0.150051709, 0.0129543578, 0.269516414, -0.962857671, 0.700927734, -0.689086914, -0.18347168, -0.713001014, -0.672410814, -0.197921675, 0, 2, 3, 1, 
506.794374, 67, 0.1, 0.1, -0.000242902232, 0.371902792, -0.034965993, 0.927120696, -3.54265685e-005, 0.374762876, 0.374762876, -1.36924092e-005, -0.927120697, 3.79761115e-005, 0.999999999, 5.82046764e-007, 0.927120694, -3.00396378e-005, 0.374762883, 0.374762883, -4.21563417e-006, -0.927120694, 2.94302331e-005, 1, 7.34933961e-006, 0, 0, 0, 0, 0, 0, 0, 0.313786646, -0.194459082, -0.180594971, -0.444781081, 0.527597979, -0.723639229, -0.893920898, -0.212890625, 0.394287109, 0.0540086754, 0.822365568, 0.566465306, 0, 0, -0, 0, 0, 0, 0, 0.358603223, -0.13138335, -0.149135547, 0.0129543578, 0.269516414, -0.962857671, 0.700927734, -0.689086914, -0.18347168, -0.713001014, -0.672410814, -0.197921675, 0, 2, 3, 1, 
506.795071, 67, 0.1, 0.1, -0.000242898463, 0.371902798, -0.0349667204, 0.927120645, 1.52279263e-005, 0.374763005, 0.374763005, 5.86621897e-006, -0.927120645, -1.63165667e-005, 1, -2.68170706e-007, 0.927120662, -9.36756375e-007, 0.374762961, 0.374762961, -1.34428422e-005, -0.927120662, 5.90636554e-006, 1, -1.21120752e-005, 0, 0, 0, 0, 0, 0, 0, 0.313786646, -0.194459082, -0.180594971, -0.444781081, 0.527597979, -0.723639229, -0.893920898, -0.212890625, 0.394287109, 0.0540086754, 0.822365568, 0.566465306, 0, 0, -0, 0, 0, 0, 0, 0.358603223, -0.13138335, -0.149135547, 0.0129543578, 0.269516414, -0.962857671, 0.700927734, -0.689086914, -0.18347168, -0.713001014, -0.672410814, -0.197921675, 0, 2, 3, 1, 
506.795761, 67, 0.1, 0.1, -0.000242906567, 0.371902785, -0.0349683491, 0.927120494, 1.42639217e-005, 0.374763379, 0.374763378, 3.23439326e-005, -0.927120493, -2.53456956e-005, 0.999999999, 2.46411273e-005, 0.927120525, 2.21065601e-005, 0.374763302, 0.374763301, 4.24182929e-005, -0.927120524, -3.63922651e-005, 0.999999999, 3.10421425e-005, 0, 0, 0, 0, 0, 0, 0, 0.313786646, -0.194459082, -0.180594971, -0.444781081, 0.527597979, -0.723639229, -0.893920898, -0.212890625, 0.394287109, 0.0540086754, 0.822365568, 0.566465306, 0, 0, -0, 0, 0, 0, 0, 0.358603223, -0.13138335, -0.149135547, 0.0129543578, 0.269516414, -0.962857671, 0.700927734, -0.689086914, -0.18347168, -0.713001014, -0.672410814, -0.197921675, 0, 2, 3, 1, 
506.79645, 67, 0.1, 0.1, -0.000242901229, 0.371902791, -0.034970299, 0.92712034, -2.84101658e-005, 0.374763759, 0.374763758, -3.42421171e-005, -0.92712034, 3.91723471e-005, 0.999999999, -2.10994628e-005, 0.927120367, -2.6312691e-005, 0.374763691, 0.37476369, -3.30346467e-005, -0.927120367, 3.67752178e-005, 0.999999999, -2.07660526e-005, 0, 0, 0, 0, 0, 0, 0, 0.313786646, -0.194459082, -0.180594971, -0.444781081, 0.527597979, -0.723639229, -0.893920898, -0.212890625, 0.394287109, 0.0540086754, 0.822365568, 0.566465306, 0, 0, -0, 0, 0, 0, 0, 0.358603223, -0.13138335, -0.149135547, 0.0129543578, 0.269516414, -0.962857671, 0.700927734, -0.689086914, -0.18347168, -0.713001014, -0.672410814, -0.197921675, 0, 2, 3, 1, 
506.79715, 67, 0.1, 0.1, -0.000242898087, 0.371902792, -0.0349719573, 0.927120235, 1.21559393e-005, 0.374764019, 0.374764019, 2.47798708e-005, -0.927120235, -2.05566212e-005, 1, 1.84183109e-005, 0.927120245, 8.71344879e-007, 0.374763993, 0.374763993, 1.70799948e-005, -0.927120245, -7.20880853e-006, 1, 1.55086603e-005, 0, 0, 0, 0, 0, 0, 0, 0.313786646, -0.194459082, -0.180594971, -0.444781081, 0.527597979, -0.723639229, -0.893920898, -0.212890625, 0.394287109, 0.0540086754, 0.822365568, 0.566465306, 0, 0, -0, 0, 0, 0, 0, 0.358603223, -0.13138335, -0.149135547, 0.0129543578, 0.269516414, -0.962857671, 0.700927734, -0.689086914, -0.18347168, -0.713001014, -0.672410814, -0.197921675, 0, 2, 3, 1, 
506.797845, 67, 0.1, 0.1, -0.000242904975, 0.371902788, -0.0349728701, 0.927120237, 6.74829961e-006, 0.374764013, 0.374764013, -6.01083657e-006, -0.927120237, -4.0038399e-006, 1, -8.10178807e-006, 0.927120228, 1.87874708e-005, 0.374764036, 0.374764036, -2.3376014e-007, -0.927120228, -1.73306393e-005, 1, -7.25759213e-006, 0, 0, 0, 0, 0, 0, 0, 0.313786646, -0.194459082, -0.180594971, -0.444781081, 0.527597979, -0.723639229, -0.893920898, -0.212890625, 0.394287109, 0.0540086754, 0.822365568, 0.566465306, 0, 0, -0, 0, 0, 0, 0, 0.358603223, -0.13138335, -0.149135547, 0.0129543578, 0.269516414, -0.962857671, 0.700927734, -0.689086914, -0.18347168, -0.713001014, -0.672410814, -0.197921675, 0, 2, 3, 1, 
506.798554, 67, 0.1, 0.1, -0.000242896317, 0.371902791, -0.0349727953, 0.927120333, -2.52033403e-005, 0.374763776, 0.374763776, -9.23587317e-006, -0.927120333, 2.68277999e-005, 1, 8.82533156e-007, 0.927120312, -3.26844497e-005, 0.374763828, 0.374763828, -5.39031256e-006, -0.927120312, 3.23225114e-005, 0.999999999, 7.25148122e-006, 0, 0, 0, 0, 0, 0, 0, 0.313786646, -0.194459082, -0.180594971, -0.444538825, 0.52866399, -0.723118767, -0.893920898, -0.21105957, 0.395263672, 0.0563185524, 0.822073136, 0.566630057, 0, 0, -0, 0, 0, 0, 0, 0.358603223, -0.13138335, -0.149135547, 0.0129543578, 0.269516414, -0.962857671, 0.700927734, -0.689086914, -0.18347168, -0.713001014, -0.672410814, -0.197921675, 0, 2, 3, 1, 
506.799256, 67, 0.1, 0.1, -0.00024290208, 0.371902792, -0.034971561, 0.927120355, 3.3469648e-005, 0.37476372, 0.37476372, 1.46446357e-005, -0.927120356, -3.65186701e-005, 0.999999999, 1.03413006e-006, 0.927120364, 3.12221638e-005, 0.374763698, 0.374763698, 3.10345747e-006, -0.927120365, -3.01097671e-005, 1, -8.82365495e-006, 0, 0, 0, 0, 0, 0, 0, 0.313806055, -0.196191431, -0.17945166, -0.444538825, 0.52866399, -0.723118767, -0.893920898, -0.21105957, 0.395263672, 0.0563185524, 0.822073136, 0.566630057, 0, 0, -0, 0, 0, 0, 0, 0.358534863, -0.133102637, -0.148222559, 0.0121811055, 0.270302427, -0.962640387, 0.700073242, -0.689575195, -0.184692383, -0.713818742, -0.671714487, -0.197653352, 0, 2, 3, 1, 
506.799947, 67, 0.1, 0.1, -0.000242907919, 0.371902791, -0.0349699849, 0.927120299, -8.32446349e-006, 0.374763861, 0.374763861, -1.83746416e-005, -0.927120299, 1.46039307e-005, 1, -1.39157951e-005, 0.927120305, 8.74981041e-006, 0.374763846, 0.374763846, -6.98135108e-006, -0.927120305, -5.49576891e-006, 1, -9.75166495e-006, 0, 0, 0, 0, 0, 0, 0, 0.313806055, -0.196191431, -0.17945166, -0.444538825, 0.52866399, -0.723118767, -0.893920898, -0.21105957, 0.395263672, 0.0563185524, 0.822073136, 0.566630057, 0, 0, -0, 0, 0, 0, 0, 0.358534863, -0.133102637, -0.148222559, 0.0121811055, 0.270302427, -0.962640387, 0.700073242, -0.689575195, -0.184692383, -0.713818742, -0.671714487, -0.197653352, 0, 2, 3, 1, 
506.800641, 67, 0.1, 0.1, -0.00024289831, 0.371902795, -0.0349685266, 0.927120341, -2.23595263e-005, 0.374763756, 0.374763756, 1.46979812e-006, -0.927120341, 2.01791446e-005, 1, 9.74221981e-006, 0.927120324, -3.29092413e-005, 0.374763797, 0.374763797, -2.57950601e-006, -0.927120325, 3.14775319e-005, 0.999999999, 9.94167978e-006, 0, 0, 0, 0, 0, 0, 0, 0.313806055, -0.196191431, -0.17945166, -0.444538825, 0.52866399, -0.723118767, -0.893920898, -0.21105957, 0.395263672, 0.0563185524, 0.822073136, 0.566630057, 0, 0, -0, 0, 0, 0, 0, 0.358534863, -0.133102637, -0.148222559, 0.0121811055, 0.270302427, -0.962640387, 0.700073242, -0.689575195, -0.184692383, -0.713818742, -0.671714487, -0.197653352, 0, 2, 3, 1, 
506.801352, 67, 0.1, 0.1, -0.000242908389, 0.371902793, -0.0349674282, 0.927120433, 4.16586552e-005, 0.374763527, 0.374763527, 9.83222411e-006, -0.927120434, -4.23073495e-005, 0.999999999, -6.49648866e-006, 0.927120419, 4.31083295e-005, 0.37476356, 0.37476356, 3.72402498e-006, -0.92712042, -4.13622414e-005, 0.999999999, -1.27028114e-005, 0, 0, 0, 0, 0, 0, 0, 0.313296948, -0.197948193, -0.178488867, -0.445902136, 0.529247731, -0.721754334, -0.893066406, -0.210327148, 0.397460938, 0.0586355427, 0.821857089, 0.566661136, 0, 0, -0, 0, 0, 0, 0, 0.358534863, -0.133102637, -0.148222559, 0.00956130966, 0.270992557, -0.9624293, 0.69934082, -0.689697266, -0.187255859, -0.714585065, -0.671273724, -0.196158253, 0, 2, 3, 1, 
506.802044, 67, 0.1, 0.1, -0.000242909763, 0.371902792, -0.0349670035, 0.92712042, -2.45212907e-005, 0.37476356, 0.37476356, -2.13072392e-005, -0.92712042, 3.07193662e-005, 0.999999999, -1.05646904e-005, 0.927120438, -1.4653264e-005, 0.374763516, 0.374763516, -3.96021325e-006, -0.927120438, 1.5069484e-005, 1, 1.8199141e-006, 0, 0, 0, 0, 0, 0, 0, 0.313296948, -0.197948193, -0.178488867, -0.445902136, 0.529247731, -0.721754334, -0.893066406, -0.210327148, 0.397460938, 0.0586355427, 0.821857089, 0.566661136, 0, 0, -0, 0, 0, 0, 0, 0.35834541, -0.1346104, -0.147730664, 0.00956130966, 0.270992557, -0.9624293, 0.69934082, -0.689697266, -0.187255859, -0.714585065, -0.671273724, -0.196158253, 0, 2, 3, 1, 
506.802736, 67, 0.1, 0.1, -0.000242901332, 0.371902798, -0.034967471, 0.927120342, -1.27752861e-005, 0.374763754, 0.374763754, 9.97260922e-006, -0.927120342, 8.10685514e-006, 1, 1.4033523e-005, 0.927120357, -2.24310983e-005, 0.374763717, 0.374763716, -1.05965034e-005, -0.927120357, 2.47675129e-005, 1, -1.41787222e-006, 0, 0, 0, 0, 0, 0, 0, 0.313296948, -0.197948193, -0.178488867, -0.445902136, 0.529247731, -0.721754334, -0.893066406, -0.210327148, 0.397460938, 0.0586355427, 0.821857089, 0.566661136, 0, 0, -0, 0, 0, 0, 0, 0.35834541, -0.1346104, -0.147730664, 0.00956130966, 0.270992557, -0.9624293, 0.69934082, -0.689697266, -0.187255859, -0.714585065, -0.671273724, -0.196158253, 0, 2, 3, 1, 
506.803423, 67, 0.1, 0.1, -0.000242909138, 0.371902789, -0.03496865, 0.927120365, 3.13682464e-005, 0.374763696, 0.374763696, 1.45433524e-005, -0.927120365, -3.45324606e-005, 0.999999999, 1.72775827e-006, 0.927120353, 3.07764641e-005, 0.374763725, 0.374763724, 2.83574113e-005, -0.927120354, -3.91608154e-005, 0.999999999, 1.47568309e-005, 0, 0, 0, 0, 0, 0, 0, 0.313296948, -0.197948193, -0.178488867, -0.445902136, 0.529247731, -0.721754334, -0.893066406, -0.210327148, 0.397460938, 0.0586355427, 0.821857089, 0.566661136, 0, 0, -0, 0, 0, 0, 0, 0.35834541, -0.1346104, -0.147730664, 0.00956130966, 0.270992557, -0.9624293, 0.69934082, -0.689697266, -0.187255859, -0.714585065, -0.671273724, -0.196158253, 0, 2, 3, 1, 
506.804115, 67, 0.1, 0.1, -0.000242910244, 0.371902799, -0.0349701266, 0.927120513, -2.29460854e-005, 0.37476333, 0.374763329, -3.7499642e-005, -0.927120513, 3.53272772e-005, 0.999999999, -2.6167336e-005, 0.927120472, -1.25471178e-005, 0.374763432, 0.374763431, -4.04565696e-005, -0.927120472, 2.67943326e-005, 0.999999999, -3.2805913e-005, 0, 0, 0, 0, 0, 0, 0, 0.313296948, -0.197948193, -0.178488867, -0.445902136, 0.529247731, -0.721754334, -0.893066406, -0.210327148, 0.397460938, 0.0586355427, 0.821857089, 0.566661136, 0, 0, -0, 0, 0, 0, 0, 0.35834541, -0.1346104, -0.147730664, 0.00956130966, 0.270992557, -0.9624293, 0.69934082, -0.689697266, -0.187255859, -0.714585065, -0.671273724, -0.196158253, 0, 2, 3, 1, 
506.804808, 67, 0.1, 0.1, -0.000242903457, 0.371902799, -0.0349714777, 0.927120791, 1.68235289e-006, 0.374762644, 0.374762644, 1.80201492e-005, -0.927120791, -8.3130231e-006, 1, 1.60763719e-005, 0.927120725, -1.57529437e-005, 0.374762806, 0.374762806, 1.17565426e-005, -0.927120725, 1.01989657e-005, 1, 1.68033517e-005, 0, 0, 0, 0, 0, 0, 0, 0.313296948, -0.197948193, -0.178488867, -0.445902136, 0.529247731, -0.721754334, -0.893066406, -0.210327148, 0.397460938, 0.0586355427, 0.821857089, 0.566661136, 0, 0, -0, 0, 0, 0, 0, 0.35834541, -0.1346104, -0.147730664, 0.00956130966, 0.270992557, -0.9624293, 0.69934082, -0.689697266, -0.187255859, -0.714585065, -0.671273724, -0.196158253, 0, 2, 3, 1, 
506.805496, 67, 0.1, 0.1, -0.000242911438, 0.371902796, -0.0349723259, 0.927121159, 1.54684425e-005, 0.374761732, 0.374761732, 4.97407692e-006, -0.927121159, -1.6205214e-005, 1, -1.18540834e-006, 0.927121084, 2.57246226e-005, 0.374761917, 0.374761917, 4.35320798e-006, -0.927121085, -2.54812566e-005, 1, -5.60465797e-006, 0, 0, 0, 0, 0, 0, 0, 0.313296948, -0.197948193, -0.178488867, -0.445902136, 0.529247731, -0.721754334, -0.893066406, -0.210327148, 0.397460938, 0.0586355427, 0.821857089, 0.566661136, 0, 0, -0, 0, 0, 0, 0, 0.35834541, -0.1346104, -0.147730664, 0.00956130966, 0.270992557, -0.9624293, 0.69934082, -0.689697266, -0.187255859, -0.714585065, -0.671273724, -0.196158253, 0, 2, 3, 1, 
506.806215, 67, 0.1, 0.1, -0.000242903077, 0.371902797, -0.0349722358, 0.927121465, -3.16581172e-005, 0.374760974, 0.374760974, -1.9452783e-005, -0.927121466, 3.66410639e-005, 0.999999999, -6.1708659e-006, 0.927121419, -3.5149432e-005, 0.374761088, 0.374761088, -9.87607144e-006, -0.92712142, 3.62889586e-005, 0.999999999, 4.01632202e-006, 0, 0, 0, 0, 0, 0, 0, 0.312785889, -0.199275439, -0.177545728, -0.447259457, 0.529488866, -0.720770698, -0.892333984, -0.209960938, 0.399414063, 0.0602100324, 0.821818897, 0.566628935, 0, 0, -0, 0, 0, 0, 0, 0.358222852, -0.135928613, -0.147032373, 0.00754232515, 0.271567482, -0.962275816, 0.699951172, -0.688720703, -0.188842773, -0.714060812, -0.672072496, -0.195282922, 0, 2, 3, 1, 
506.806907, 67, 0.1, 0.1, -0.00024290282, 0.371902799, -0.0349713291, 0.927121632, 2.27508254e-005, 0.374760563, 0.374760563, 1.79765206e-005, -0.927121632, -2.78296734e-005, 1, 8.140309e-006, 0.927121602, 1.19240534e-005, 0.374760636, 0.374760636, 8.58998087e-006, -0.927121603, -1.42742342e-005, 1, 3.49529099e-006, 0, 0, 0, 0, 0, 0, 0, 0.312785889, -0.199275439, -0.177545728, -0.447259457, 0.529488866, -0.720770698, -0.892333984, -0.209960938, 0.399414063, 0.0602100324, 0.821818897, 0.566628935, 0, 0, -0, 0, 0, 0, 0, 0.358222852, -0.135928613, -0.147032373, 0.00754232515, 0.271567482, -0.962275816, 0.699951172, -0.688720703, -0.188842773, -0.714060812, -0.672072496, -0.195282922, 0, 2, 3, 1, 
506.807612, 67, 0.1, 0.1, -0.000242912095, 0.371902797, -0.034970053, 0.927121818, 9.07082045e-006, 0.374760104, 0.374760104, -7.68579635e-006, -0.927121818, -5.52942571e-006, 1, -1.05250511e-005, 0.927121769, 2.52733746e-005, 0.374760224, 0.374760224, -2.31243976e-006, -0.927121769, -2.25648853e-005, 1, -1.16153688e-005, 0, 0, 0, 0, 0, 0, 0, 0.312785889, -0.199275439, -0.177545728, -0.447259457, 0.529488866, -0.720770698, -0.892333984, -0.209960938, 0.399414063, 0.0602100324, 0.821818897, 0.566628935, 0, 0, -0, 0, 0, 0, 0, 0.358222852, -0.135928613, -0.147032373, 0.00754232515, 0.271567482, -0.962275816, 0.699951172, -0.688720703, -0.188842773, -0.714060812, -0.672072496, -0.195282922, 0, 2, 3, 1, 
506.808299, 67, 0.1, 0.1, -0.000242902256, 0.371902798, -0.0349687346, 0.927122076, -3.09051124e-005, 0.374759463, 0.374759463, -3.42181146e-006, -0.927122076, 2.99351682e-005, 1, 8.40954639e-006, 0.927122025, -3.79430254e-005, 0.374759589, 0.37475959, -8.68041953e-007, -0.927122025, 3.55031216e-005, 0.999999999, 1.34147318e-005, 0, 0, 0, 0, 0, 0, 0, 0.312785889, -0.199275439, -0.177545728, -0.447259457, 0.529488866, -0.720770698, -0.892333984, -0.209960938, 0.399414063, 0.0602100324, 0.821818897, 0.566628935, 0, 0, -0, 0, 0, 0, 0, 0.358222852, -0.135928613, -0.147032373, 0.00754232515, 0.271567482, -0.962275816, 0.699951172, -0.688720703, -0.188842773, -0.714060812, -0.672072496, -0.195282922, 0, 2, 3, 1, 
506.809001, 67, 0.1, 0.1, -0.000242908021, 0.371902796, -0.034967766, 0.927122255, 3.92084001e-005, 0.37475902, 0.37475902, 1.95135808e-005, -0.927122256, -4.36638708e-005, 0.999999999, 3.39777342e-006, 0.927122229, 3.25101896e-005, 0.374759084, 0.374759084, 1.53441293e-005, -0.92712223, -3.58912713e-005, 0.999999999, 2.04239447e-006, 0, 0, 0, 0, 0, 0, 0, 0.312785889, -0.199275439, -0.177545728, -0.447259457, 0.529488866, -0.720770698, -0.892333984, -0.209960938, 0.399414063, 0.0602100324, 0.821818897, 0.566628935, 0, 0, -0, 0, 0, 0, 0, 0.358222852, -0.135928613, -0.147032373, 0.00754232515, 0.271567482, -0.962275816, 0.699951172, -0.688720703, -0.188842773, -0.714060812, -0.672072496, -0.195282922, 0, 2, 3, 1, 
506.809692, 67, 0.1, 0.1, -0.000242915207, 0.371902793, -0.0349675536, 0.927122399, -1.35023708e-005, 0.374758665, 0.374758665, 8.9281883e-007, -0.927122399, 1.21837588e-005, 1, 5.88788277e-006, 0.927122365, 9.79576564e-006, 0.374758749, 0.374758749, 2.41903729e-006, -0.927122365, -9.98842879e-006, 1, -1.4283053e-006, 0, 0, 0, 0, 0, 0, 0, 0.312785889, -0.199275439, -0.177545728, -0.447259457, 0.529488866, -0.720770698, -0.892333984, -0.209960938, 0.399414063, 0.0602100324, 0.821818897, 0.566628935, 0, 0, -0, 0, 0, 0, 0, 0.358222852, -0.135928613, -0.147032373, 0.00754232515, 0.271567482, -0.962275816, 0.699951172, -0.688720703, -0.188842773, -0.714060812, -0.672072496, -0.195282922, 0, 2, 3, 1, 
506.810381, 67, 0.1, 0.1, -0.000242905298, 0.371902798, -0.0349680652, 0.927122495, -2.0092973e-005, 0.374758427, 0.374758427, -1.50052775e-005, -0.927122495, 2.42520015e-005, 1, -6.38171939e-006, 0.927122483, -2.87658295e-005, 0.374758456, 0.374758455, -2.09265711e-005, -0.927122484, 3.45118568e-005, 0.999999999, -8.62125672e-006, 0, 0, 0, 0, 0, 0, 0, 0.312785889, -0.199275439, -0.177545728, -0.447259457, 0.529488866, -0.720770698, -0.892333984, -0.209960938, 0.399414063, 0.0602100324, 0.821818897, 0.566628935, 0, 0, -0, 0, 0, 0, 0, 0.358222852, -0.135928613, -0.147032373, 0.00754232515, 0.271567482, -0.962275816, 0.699951172, -0.688720703, -0.188842773, -0.714060812, -0.672072496, -0.195282922, 0, 2, 3, 1, 
506.811101, 67, 0.1, 0.1, -0.000242913517, 0.371902796, -0.0349689117, 0.927122604, 4.05883976e-005, 0.374758155, 0.374758156, 3.09979967e-006, -0.927122605, -3.87920961e-005, 0.999999999, -1.23369387e-005, 0.927122576, 3.84066662e-005, 0.374758226, 0.374758227, 5.4959636e-006, -0.927122576, -3.76673449e-005, 0.999999999, -9.2977822e-006, 0, 0, 0, 0, 0, 0, 0, 0.313428613, -0.197994824, -0.176984253, -0.45183128, 0.528415742, -0.718662642, -0.890380859, -0.217651367, 0.399658203, 0.0547545413, 0.82050576, 0.569014074, 0, 0, -0, 0, 0, 0, 0, 0.358813232, -0.134971191, -0.146346533, 0.00483394367, 0.2740203, -0.961662611, 0.704711914, -0.683105469, -0.191040039, -0.709313023, -0.676724402, -0.196445899, 0, 2, 3, 1, 
506.811796, 67, 0.1, 0.1, -0.000242914123, 0.371902794, -0.0349698554, 0.927122728, -3.34456151e-005, 0.37475785, 0.37475785, 4.69378306e-006, -0.927122728, 2.92491579e-005, 0.999999999, 1.68857198e-005, 0.927122715, -1.97834463e-005, 0.374757884, 0.374757884, 9.69558575e-006, -0.927122715, 1.47081852e-005, 1, 1.64030003e-005, 0, 0, 0, 0, 0, 0, 0, 0.313428613, -0.197994824, -0.176984253, -0.45183128, 0.528415742, -0.718662642, -0.890380859, -0.217651367, 0.399658203, 0.0547545413, 0.82050576, 0.569014074, 0, 0, -0, 0, 0, 0, 0, 0.358813232, -0.134971191, -0.146346533, 0.00483394367, 0.2740203, -0.961662611, 0.704711914, -0.683105469, -0.191040039, -0.709313023, -0.676724402, -0.196445899, 0, 2, 3, 1, 
506.812484, 67, 0.1, 0.1, -0.000242905914, 0.3719028, -0.0349707943, 0.927122725, -1.63569604e-006, 0.374757858, 0.374757858, -2.41948958e-005, -0.927122725, 1.05837183e-005, 1, -2.18186478e-005, 0.927122737, -1.64243489e-005, 0.374757829, 0.374757828, -2.71281103e-005, -0.927122737, 2.5393859e-005, 0.999999999, -1.89959345e-005, 0, 0, 0, 0, 0, 0, 0, 0.313428613, -0.197994824, -0.176984253, -0.45183128, 0.528415742, -0.718662642, -0.890380859, -0.217651367, 0.399658203, 0.0547545413, 0.82050576, 0.569014074, 0, 0, -0, 0, 0, 0, 0, 0.358813232, -0.134971191, -0.146346533, 0.00483394367, 0.2740203, -0.961662611, 0.704711914, -0.683105469, -0.191040039, -0.709313023, -0.676724402, -0.196445899, 0, 2, 3, 1, 
506.813176, 67, 0.1, 0.1, -0.000242914211, 0.371902797, -0.0349714122, 0.927122581, 2.15988433e-005, 0.374758214, 0.374758213, 2.08903203e-005, -0.927122582, -2.78535945e-005, 1, 1.12735438e-005, 0.927122616, 2.61568502e-005, 0.374758129, 0.374758128, 2.04560439e-005, -0.927122616, -3.19166761e-005, 0.999999999, 9.16276865e-006, 0, 0, 0, 0, 0, 0, 0, 0.313428613, -0.197994824, -0.176984253, -0.45183128, 0.528415742, -0.718662642, -0.890380859, -0.217651367, 0.399658203, 0.0547545413, 0.82050576, 0.569014074, 0, 0, -0, 0, 0, 0, 0, 0.358813232, -0.134971191, -0.146346533, 0.00483394367, 0.2740203, -0.961662611, 0.704711914, -0.683105469, -0.191040039, -0.709313023, -0.676724402, -0.196445899, 0, 2, 3, 1, 
506.813885, 67, 0.1, 0.1, -0.000242911553, 0.371902802, -0.034971415, 0.927122392, -2.58623649e-005, 0.374758683, 0.374758682, -3.46075969e-005, -0.927122392, 3.6947075e-005, 0.999999999, -2.23933322e-005, 0.927122425, -2.04972549e-005, 0.3747586, 0.374758599, -3.04179205e-005, -0.927122425, 3.0402842e-005, 0.999999999, -2.05196137e-005, 0, 0, 0, 0, 0, 0, 0, 0.313428613, -0.197994824, -0.176984253, -0.45183128, 0.528415742, -0.718662642, -0.890380859, -0.217651367, 0.399658203, 0.0547545413, 0.82050576, 0.569014074, 0, 0, -0, 0, 0, 0, 0, 0.359099072, -0.133803955, -0.145863672, 0.000898786375, 0.276389997, -0.961017324, 0.709594727, -0.677246094, -0.194091797, -0.704571431, -0.681753274, -0.196746305, 0, 2, 3, 1, 
506.814579, 67, 0.1, 0.1, -0.000242906904, 0.371902805, -0.0349708885, 0.927122271, 1.0438579e-005, 0.374758983, 0.374758983, 1.40389568e-005, -0.927122271, -1.49390642e-005, 1, 9.10387827e-006, 0.927122282, -8.18171509e-006, 0.374758955, 0.374758955, 5.1067986e-006, -0.927122282, 5.67163186e-006, 1, 7.80079776e-006, 0, 0, 0, 0, 0, 0, 0, 0.313428613, -0.197994824, -0.176984253, -0.45183128, 0.528415742, -0.718662642, -0.890380859, -0.217651367, 0.399658203, 0.0547545413, 0.82050576, 0.569014074, 0, 0, -0, 0, 0, 0, 0, 0.359099072, -0.133803955, -0.145863672, 0.000898786375, 0.276389997, -0.961017324, 0.709594727, -0.677246094, -0.194091797, -0.704571431, -0.681753274, -0.196746305, 0, 2, 3, 1, 
506.815267, 67, 0.1, 0.1, -0.000242917479, 0.371902801, -0.0349701246, 0.927122278, 2.0680887e-005, 0.374758964, 0.374758964, 1.10121407e-005, -0.927122278, -2.33006096e-005, 1, 2.4592532e-006, 0.927122273, 3.26821832e-005, 0.374758975, 0.374758975, 8.44243737e-006, -0.927122274, -3.34642591e-005, 0.999999999, -4.42076973e-006, 0, 0, 0, 0, 0, 0, 0, 0.313428613, -0.197994824, -0.176984253, -0.45183128, 0.528415742, -0.718662642, -0.890380859, -0.217651367, 0.399658203, 0.0547545413, 0.82050576, 0.569014074, 0, 0, -0, 0, 0, 0, 0, 0.359099072, -0.133803955, -0.145863672, 0.000898786375, 0.276389997, -0.961017324, 0.709594727, -0.677246094, -0.194091797, -0.704571431, -0.681753274, -0.196746305, 0, 2, 3, 1, 
506.815975, 67, 0.1, 0.1, -0.000242910886, 0.371902804, -0.0349692825, 0.927122253, -3.26513552e-005, 0.374759026, 0.374759026, -1.49303879e-005, -0.927122253, 3.58670956e-005, 0.999999999, -1.60590475e-006, 0.927122258, -3.1108056e-005, 0.374759012, 0.374759012, -1.5856026e-005, -0.927122259, 3.47831598e-005, 0.999999999, -3.04245032e-006, 0, 0, 0, 0, 0, 0, 0, 0.314034717, -0.19649231, -0.176400439, -0.457126507, 0.527323522, -0.716135596, -0.887939453, -0.225830078, 0.400390625, 0.0494136262, 0.819072055, 0.571703628, 0, 0, -0, 0, 0, 0, 0, 0.359099072, -0.133803955, -0.145863672, 0.000898786375, 0.276389997, -0.961017324, 0.709594727, -0.677246094, -0.194091797, -0.704571431, -0.681753274, -0.196746305, 0, 2, 3, 1, 
506.816667, 67, 0.1, 0.1, -0.000242910946, 0.371902804, -0.0349686179, 0.927122263, 3.40548344e-005, 0.374759001, 0.374759001, 2.57575767e-007, -0.927122263, -3.1669524e-005, 0.999999999, -1.25235515e-005, 0.927122259, 1.93137321e-005, 0.374759011, 0.374759011, -1.27938902e-006, -0.927122259, -1.74267284e-005, 1, -8.42414517e-006, 0, 0, 0, 0, 0, 0, 0, 0.314034717, -0.19649231, -0.176400439, -0.457126507, 0.527323522, -0.716135596, -0.887939453, -0.225830078, 0.400390625, 0.0494136262, 0.819072055, 0.571703628, 0, 0, -0, 0, 0, 0, 0, 0.359099072, -0.133803955, -0.145863672, 0.000898786375, 0.276389997, -0.961017324, 0.709594727, -0.677246094, -0.194091797, -0.704571431, -0.681753274, -0.196746305, 0, 2, 3, 1, 
506.817355, 67, 0.1, 0.1, -0.00024292005, 0.371902799, -0.034968413, 0.927122231, 2.20484296e-006, 0.374759081, 0.374759081, 1.43045103e-005, -0.927122231, -7.40490404e-006, 1, 1.24357445e-005, 0.927122247, 1.75897462e-005, 0.374759041, 0.374759041, 2.0575096e-005, -0.927122247, -2.40185483e-005, 1, 1.24837128e-005, 0, 0, 0, 0, 0, 0, 0, 0.314034717, -0.19649231, -0.176400439, -0.457126507, 0.527323522, -0.716135596, -0.887939453, -0.225830078, 0.400390625, 0.0494136262, 0.819072055, 0.571703628, 0, 0, -0, 0, 0, 0, 0, 0.359099072, -0.133803955, -0.145863672, 0.000898786375, 0.276389997, -0.961017324, 0.709594727, -0.677246094, -0.194091797, -0.704571431, -0.681753274, -0.196746305, 0, 2, 3, 1, 
506.818048, 67, 0.1, 0.1, -0.000242910798, 0.371902805, -0.0349686747, 0.927122095, -3.05002739e-005, 0.374759416, 0.374759416, -1.6917293e-005, -0.927122095, 3.46173927e-005, 0.999999999, -4.25413133e-006, 0.927122121, -3.28228345e-005, 0.374759351, 0.37475935, -2.37858753e-005, -0.927122122, 3.93447552e-005, 0.999999999, -9.75174708e-006, 0, 0, 0, 0, 0, 0, 0, 0.314034717, -0.19649231, -0.176400439, -0.457126507, 0.527323522, -0.716135596, -0.887939453, -0.225830078, 0.400390625, 0.0494136262, 0.819072055, 0.571703628, 0, 0, -0, 0, 0, 0, 0, 0.359099072, -0.133803955, -0.145863672, 0.000898786375, 0.276389997, -0.961017324, 0.709594727, -0.677246094, -0.194091797, -0.704571431, -0.681753274, -0.196746305, 0, 2, 3, 1, 
506.818767, 67, 0.1, 0.1, -0.000242913833, 0.371902802, -0.034969077, 0.927122045, 3.78320878e-005, 0.374759539, 0.374759539, 7.04162633e-006, -0.927122046, -3.77138793e-005, 0.999999999, -7.64948876e-006, 0.92712204, 2.68940442e-005, 0.374759553, 0.374759553, 1.47142448e-005, -0.92712204, -3.0448365e-005, 1, 3.56310071e-006, 0, 0, 0, 0, 0, 0, 0, 0.315167749, -0.195690161, -0.17589707, -0.460973804, 0.525559194, -0.715056481, -0.886108398, -0.230712891, 0.401611328, 0.0461916282, 0.81885713, 0.572274264, 0, 0, -0, 0, 0, 0, 0, 0.359640625, -0.133138867, -0.145385449, -0.00199516239, 0.27734152, -0.960704158, 0.712524414, -0.673583984, -0.195922852, -0.701561544, -0.684967318, -0.196222419, 0, 2, 3, 1, 
506.819456, 67, 0.1, 0.1, -0.000242920314, 0.371902801, -0.0349696176, 0.927122091, -1.53863705e-005, 0.374759428, 0.374759428, -2.46560782e-007, -0.927122091, 1.4357445e-005, 1, 5.53759546e-006, 0.927122087, 5.56476603e-006, 0.374759437, 0.374759437, 3.61636303e-006, -0.927122087, -6.51448367e-006, 1, 1.26736145e-006, 0, 0, 0, 0, 0, 0, 0, 0.315167749, -0.195690161, -0.17589707, -0.460973804, 0.525559194, -0.715056481, -0.886108398, -0.230712891, 0.401611328, 0.0461916282, 0.81885713, 0.572274264, 0, 0, -0, 0, 0, 0, 0, 0.359640625, -0.133138867, -0.145385449, -0.00199516239, 0.27734152, -0.960704158, 0.712524414, -0.673583984, -0.195922852, -0.701561544, -0.684967318, -0.196222419, 0, 2, 3, 1, 
506.820148, 67, 0.1, 0.1, -0.000242909625, 0.371902805, -0.0349702202, 0.927122064, -2.42180601e-005, 0.374759493, 0.374759493, -8.44837788e-006, -0.927122065, 2.56192077e-005, 1, 1.24327038e-006, 0.927122067, -3.35321395e-005, 0.374759485, 0.374759485, -1.12337259e-005, -0.927122068, 3.52983319e-005, 0.999999999, 2.1514522e-006, 0, 0, 0, 0, 0, 0, 0, 0.315167749, -0.195690161, -0.17589707, -0.460973804, 0.525559194, -0.715056481, -0.886108398, -0.230712891, 0.401611328, 0.0461916282, 0.81885713, 0.572274264, 0, 0, -0, 0, 0, 0, 0, 0.359640625, -0.133138867, -0.145385449, -0.00199516239, 0.27734152, -0.960704158, 0.712524414, -0.673583984, -0.195922852, -0.701561544, -0.684967318, -0.196222419, 0, 2, 3, 1, 
506.820841, 67, 0.1, 0.1, -0.000242914972, 0.371902802, -0.0349707382, 0.927122005, 2.50054749e-005, 0.37475964, 0.37475964, 2.34317484e-005, -0.927122005, -3.19643996e-005, 0.999999999, 1.23530468e-005, 0.927122024, 2.51165888e-005, 0.374759592, 0.374759591, 1.93020869e-005, -0.927122025, -3.05197848e-005, 0.999999999, 8.48270731e-006, 0, 0, 0, 0, 0, 0, 0, 0.315167749, -0.195690161, -0.17589707, -0.460973804, 0.525559194, -0.715056481, -0.886108398, -0.230712891, 0.401611328, 0.0461916282, 0.81885713, 0.572274264, 0, 0, -0, 0, 0, 0, 0, 0.359640625, -0.133138867, -0.145385449, -0.00199516239, 0.27734152, -0.960704158, 0.712524414, -0.673583984, -0.195922852, -0.701561544, -0.684967318, -0.196222419, 0, 2, 3, 1, 
506.82154, 67, 0.1, 0.1, -0.000242915595, 0.371902803, -0.034970941, 0.92712192, -2.31970468e-005, 0.374759851, 0.37475985, -2.18693657e-005, -0.92712192, 2.97022508e-005, 0.999999999, -1.15822465e-005, 0.927121928, -1.08615867e-005, 0.374759831, 0.374759831, -1.67751206e-005, -0.927121928, 1.63566565e-005, 1, -1.14820958e-005, 0, 0, 0, 0, 0, 0, 0, 0.315167749, -0.195690161, -0.17589707, -0.460973804, 0.525559194, -0.715056481, -0.886108398, -0.230712891, 0.401611328, 0.0461916282, 0.81885713, 0.572274264, 0, 0, -0, 0, 0, 0, 0, 0.359640625, -0.133138867, -0.145385449, -0.00199516239, 0.27734152, -0.960704158, 0.712524414, -0.673583984, -0.195922852, -0.701561544, -0.684967318, -0.196222419, 0, 2, 3, 1, 
506.822232, 67, 0.1, 0.1, -0.000242906959, 0.371902806, -0.0349707793, 0.92712194, -5.66375747e-006, 0.374759801, 0.374759801, -2.29385424e-006, -0.92712194, 6.11063818e-006, 1, -4.1339744e-009, 0.927121929, -2.22515048e-005, 0.374759828, 0.374759828, -2.58104759e-006, -0.927121929, 2.1597131e-005, 1, 5.94602428e-006, 0, 0, 0, 0, 0, 0, 0, 0.315167749, -0.195690161, -0.17589707, -0.460973804, 0.525559194, -0.715056481, -0.886108398, -0.230712891, 0.401611328, 0.0461916282, 0.81885713, 0.572274264, 0, 0, -0, 0, 0, 0, 0, 0.359640625, -0.133138867, -0.145385449, -0.00199516239, 0.27734152, -0.960704158, 0.712524414, -0.673583984, -0.195922852, -0.701561544, -0.684967318, -0.196222419, 0, 2, 3, 1, 
506.822924, 67, 0.1, 0.1, -0.000242916785, 0.371902802, -0.0349703876, 0.927121943, 3.21841509e-005, 0.374759793, 0.374759793, 9.88744326e-006, -0.927121943, -3.35440488e-005, 0.999999999, -2.89446015e-006, 0.927121939, 3.60276994e-005, 0.374759802, 0.374759802, 1.19008324e-005, -0.92712194, -3.78620241e-005, 0.999999999, -2.46821065e-006, 0, 0, 0, 0, 0, 0, 0, 0.315167749, -0.195690161, -0.17589707, -0.460973804, 0.525559194, -0.715056481, -0.886108398, -0.230712891, 0.401611328, 0.0461916282, 0.81885713, 0.572274264, 0, 0, -0, 0, 0, 0, 0, 0.359640625, -0.133138867, -0.145385449, -0.00199516239, 0.27734152, -0.960704158, 0.712524414, -0.673583984, -0.195922852, -0.701561544, -0.684967318, -0.196222419, 0, 2, 3, 1, 
506.823659, 67, 0.1, 0.1, -0.000242913879, 0.371902803, -0.0349695791, 0.927121947, -3.29099111e-005, 0.374759781, 0.374759781, -1.41361529e-005, -0.927121948, 3.58091625e-005, 0.999999999, -7.72626492e-007, 0.927121943, -2.38661918e-005, 0.374759793, 0.374759792, -1.57554115e-005, -0.927121943, 2.80313648e-005, 1, -5.66309868e-006, 0, 0, 0, 0, 0, 0, 0, 0.315332642, -0.196175342, -0.174993848, -0.462141286, 0.52477251, -0.714809354, -0.885498047, -0.230712891, 0.403076172, 0.0466237231, 0.819352504, 0.571493572, 0, 0, -0, 0, 0, 0, 0, 0.359261621, -0.133613916, -0.144685205, -0.0044997533, 0.277188035, -0.960748635, 0.713012695, -0.672729492, -0.197509766, -0.701088331, -0.685842649, -0.194631438, 0, 2, 3, 1, 
506.824348, 67, 0.1, 0.1, -0.000242908558, 0.371902803, -0.0349687561, 0.927122018, 1.90523285e-005, 0.374759609, 0.374759609, -1.44065348e-006, -0.927122018, -1.71239345e-005, 1, -8.47570474e-006, 0.927121998, -4.74945452e-006, 0.374759657, 0.374759657, 2.04537153e-006, -0.927121998, 3.63680103e-006, 1, 3.67621289e-006, 0, 0, 0, 0, 0, 0, 0, 0.315332642, -0.196175342, -0.174993848, -0.462141286, 0.52477251, -0.714809354, -0.885498047, -0.230712891, 0.403076172, 0.0466237231, 0.819352504, 0.571493572, 0, 0, -0, 0, 0, 0, 0, 0.359261621, -0.133613916, -0.144685205, -0.0044997533, 0.277188035, -0.960748635, 0.713012695, -0.672729492, -0.197509766, -0.701088331, -0.685842649, -0.194631438, 0, 2, 3, 1, 
506.825039, 67, 0.1, 0.1, -0.000242920874, 0.371902801, -0.034968346, 0.927122076, 1.90364705e-005, 0.374759463, 0.374759463, 2.00571455e-005, -0.927122077, -2.51657371e-005, 1, 1.14613249e-005, 0.927122068, 3.4658485e-005, 0.374759483, 0.374759482, 1.1015604e-005, -0.927122069, -3.62608484e-005, 0.999999999, -2.77578639e-006, 0, 0, 0, 0, 0, 0, 0, 0.315332642, -0.196175342, -0.174993848, -0.462141286, 0.52477251, -0.714809354, -0.885498047, -0.230712891, 0.403076172, 0.0466237231, 0.819352504, 0.571493572, 0, 0, -0, 0, 0, 0, 0, 0.359261621, -0.133613916, -0.144685205, -0.0044997533, 0.277188035, -0.960748635, 0.713012695, -0.672729492, -0.197509766, -0.701088331, -0.685842649, -0.194631438, 0, 2, 3, 1, 
506.825813, 67, 0.1, 0.1, -0.000242910833, 0.371902801, -0.0349679682, 0.927121976, -3.4478607e-005, 0.374759711, 0.37475971, -2.60864789e-005, -0.927121976, 4.17420356e-005, 0.999999999, -1.12641551e-005, 0.927122009, -3.88182527e-005, 0.374759629, 0.374759629, -1.16969859e-005, -0.92712201, 4.03728146e-005, 0.999999999, 3.70298092e-006, 0, 0, 0, 0, 0, 0, 0, 0.315332642, -0.196175342, -0.174993848, -0.462141286, 0.52477251, -0.714809354, -0.885498047, -0.230712891, 0.403076172, 0.0466237231, 0.819352504, 0.571493572, 0, 0, -0, 0, 0, 0, 0, 0.359261621, -0.133613916, -0.144685205, -0.0044997533, 0.277188035, -0.960748635, 0.713012695, -0.672729492, -0.197509766, -0.701088331, -0.685842649, -0.194631438, 0, 2, 3, 1, 
506.826507, 67, 0.1, 0.1, -0.000242910818, 0.371902806, -0.0349676053, 0.927121755, 2.4203325e-005, 0.374760258, 0.374760257, 1.65871971e-005, -0.927121755, -2.86556514e-005, 1, 6.30790702e-006, 0.927121811, 1.5887716e-005, 0.374760119, 0.374760119, -2.58858221e-006, -0.927121811, -1.37597507e-005, 1, -8.35401338e-006, 0, 0, 0, 0, 0, 0, 0, 0.315332642, -0.196175342, -0.174993848, -0.462141286, 0.52477251, -0.714809354, -0.885498047, -0.230712891, 0.403076172, 0.0466237231, 0.819352504, 0.571493572, 0, 0, -0, 0, 0, 0, 0, 0.359261621, -0.133613916, -0.144685205, -0.0044997533, 0.277188035, -0.960748635, 0.713012695, -0.672729492, -0.197509766, -0.701088331, -0.685842649, -0.194631438, 0, 2, 3, 1, 
506.827195, 67, 0.1, 0.1, -0.0002429185, 0.371902799, -0.0349679712, 0.927121487, 7.72313401e-006, 0.374760921, 0.374760921, -3.86166441e-006, -0.927121487, -5.71308258e-006, 1, -6.47456086e-006, 0.92712154, 1.82540958e-005, 0.374760789, 0.374760789, 1.49539059e-005, -0.927121541, -2.25279029e-005, 1, 7.02316894e-006, 0, 0, 0, 0, 0, 0, 0, 0.315332642, -0.196175342, -0.174993848, -0.462141286, 0.52477251, -0.714809354, -0.885498047, -0.230712891, 0.403076172, 0.0466237231, 0.819352504, 0.571493572, 0, 0, -0, 0, 0, 0, 0, 0.359261621, -0.133613916, -0.144685205, -0.0044997533, 0.277188035, -0.960748635, 0.713012695, -0.672729492, -0.197509766, -0.701088331, -0.685842649, -0.194631438, 0, 2, 3, 1, 
