time, trialNum, realDorsalTactorPos, realVentralTactorPos, boxPosX, boxPosY, boxPosZ, boxLocalRot_11, boxLocalRot_12, boxLocalRot_13, boxLocalRot_21, boxLocalRot_22, boxLocalRot_23, boxLocalRot_31, boxLocalRot_32, boxLocalRot_33, boxGlobalRot_11, boxGlobalRot_12, boxGlobalRot_13, boxGlobalRot_21, boxGlobalRot_22, boxGlobalRot_23, boxGlobalRot_31, boxGlobalRot_32, boxGlobalRot_33, indexForceX, indexForceY, indexForceZ, indexForceGlobalX, indexForceGlobalY, indexForceGlobalZ, indexContact, indexPosX, indexPosY, indexPosZ, indexRot_11, indexRot_12, indexRot_13, indexRot_21, indexRot_22, indexRot_23, indexRot_31, indexRot_32, indexRot_33, thumbForceX, thumbForceY, thumbForceZ, thumbForceGlobalX, thumbForceGlobalY, thumbForceGlobalZ, thumbContact, thumbPosX, thumbPosY, thumbPosZ, thumbRot_11, thumbRot_12, thumbRot_13, thumbRot_21, thumbRot_22, thumbRot_23, thumbRot_31, thumbRot_32, thumbRot_33, manipForceTooHigh, cceExpType, mapping, trialSuccess, 
423.74415, 54, 0.1, 0.1, 0.017983492, 0.356318186, -0.0349797055, 0.88582028, -0.464028481, -1.11580144e-006, 0.464028481, 0.88582028, 6.66385028e-006, -2.10381678e-006, -6.42073737e-006, 1, 0.885820313, -0.464028419, -2.68152518e-006, 0.464028419, 0.885820313, -4.22928342e-006, 4.33785717e-006, 2.50208127e-006, 1, 0, 0, 0, 0, 0, 0, 0, 0.256694971, -0.129025732, -0.211513354, -0.381570657, 0.72377622, -0.574895384, -0.830566406, 0.00439453124, 0.556762695, 0.405503535, 0.689948601, 0.599635293, 0, 0, -0, 0, 0, 0, 0, 0.32371499, -0.0942691895, -0.180374268, -0.0364671956, 0.422505628, -0.905567741, 0.411132813, -0.819458008, -0.399047852, -0.91077874, -0.386788009, -0.143907861, 0, 2, 1, 1, 
423.771962, 54, 0.1, 0.1, 0.0179834968, 0.356318166, -0.0349716765, 0.885820691, -0.464027698, -9.31816521e-006, 0.464027698, 0.885820691, -3.7242125e-006, 9.9823613e-006, -1.02490226e-006, 1, 0.885820688, -0.464027703, -7.98338444e-006, 0.464027703, 0.885820688, 5.17759602e-006, 4.66929911e-006, -8.29093321e-006, 1, 0, 0, 0, 0, 0, 0, 0, 0.260530347, -0.139847632, -0.208366504, -0.406023739, 0.70760782, -0.578339038, -0.826782227, -0.0148925781, 0.562255859, 0.389231038, 0.706475312, 0.591158503, 0, 0, -0, 0, 0, 0, 0, 0.328104199, -0.103688379, -0.177247314, -0.0525406799, 0.409555001, -0.910697592, 0.44152832, -0.80847168, -0.389038086, -0.89565238, -0.422394391, -0.138309894, 0, 2, 1, 1, 
423.772656, 54, 0.1, 0.1, 0.0179834944, 0.35631817, -0.0349730449, 0.885820634, -0.464027806, 8.74977229e-006, 0.464027806, 0.885820634, -6.31344222e-007, -7.45776757e-006, 4.61939538e-006, 1, 0.885820653, -0.46402777, 1.35690767e-005, 0.46402777, 0.885820653, -8.3339194e-006, -8.1525983e-006, 1.36787863e-005, 1, 0, 0, 0, 0, 0, 0, 0, 0.260530347, -0.139847632, -0.208366504, -0.406023739, 0.70760782, -0.578339038, -0.826782227, -0.0148925781, 0.562255859, 0.389231038, 0.706475312, 0.591158503, 0, 0, -0, 0, 0, 0, 0, 0.328104199, -0.103688379, -0.177247314, -0.0525406799, 0.409555001, -0.910697592, 0.44152832, -0.80847168, -0.389038086, -0.89565238, -0.422394391, -0.138309894, 0, 2, 1, 1, 
423.77336, 54, 0.1, 0.1, 0.0179834993, 0.356318167, -0.0349732925, 0.885820488, -0.464028084, -1.21741206e-005, 0.464028084, 0.885820488, 4.59242376e-006, 8.65307185e-006, -9.71719692e-006, 1, 0.885820518, -0.464028026, -1.96076097e-005, 0.464028026, 0.885820518, 9.04416671e-006, 1.31720762e-005, -1.71099889e-005, 1, 0, 0, 0, 0, 0, 0, 0, 0.261073608, -0.141071875, -0.207755005, -0.408328747, 0.705362344, -0.57943725, -0.826904297, -0.0170898438, 0.561889648, 0.386382725, 0.70868484, 0.590467299, 0, 0, -0, 0, 0, 0, 0, 0.328104199, -0.103688379, -0.177247314, -0.0525406799, 0.409555001, -0.910697592, 0.44152832, -0.80847168, -0.389038086, -0.89565238, -0.422394391, -0.138309894, 0, 2, 1, 1, 
423.774055, 54, 0.1, 0.1, 0.0179834979, 0.356318168, -0.0349724034, 0.885820351, -0.464028346, -1.84602842e-006, 0.464028346, 0.885820351, -5.38882101e-007, 1.88530611e-006, -3.79256781e-007, 1, 0.885820372, -0.464028305, 2.29265092e-006, 0.464028305, 0.885820372, -7.59423435e-006, 1.4930628e-006, 7.79098242e-006, 1, 0, 0, 0, 0, 0, 0, 0, 0.261073608, -0.141071875, -0.207755005, -0.408328747, 0.705362344, -0.57943725, -0.826904297, -0.0170898438, 0.561889648, 0.386382725, 0.70868484, 0.590467299, 0, 0, -0, 0, 0, 0, 0, 0.328104199, -0.103688379, -0.177247314, -0.0525406799, 0.409555001, -0.910697592, 0.44152832, -0.80847168, -0.389038086, -0.89565238, -0.422394391, -0.138309894, 0, 2, 1, 1, 
423.77475, 54, 0.1, 0.1, 0.0179834975, 0.356318169, -0.0349707845, 0.885820271, -0.464028498, 2.32450407e-006, 0.464028498, 0.885820271, -2.74676802e-006, -7.84514183e-007, 3.51177893e-006, 1, 0.885820287, -0.464028469, -1.22530094e-007, 0.464028469, 0.885820287, -8.30642561e-006, 3.9629576e-006, 7.30114286e-006, 1, 0, 0, 0, 0, 0, 0, 0, 0.261073608, -0.141071875, -0.207755005, -0.408328747, 0.705362344, -0.57943725, -0.826904297, -0.0170898438, 0.561889648, 0.386382725, 0.70868484, 0.590467299, 0, 0, -0, 0, 0, 0, 0, 0.328104199, -0.103688379, -0.177247314, -0.0525406799, 0.409555001, -0.910697592, 0.44152832, -0.80847168, -0.389038086, -0.89565238, -0.422394391, -0.138309894, 0, 2, 1, 1, 
423.775441, 54, 0.1, 0.1, 0.0179834981, 0.356318169, -0.0349689683, 0.885820155, -0.46402872, 1.00232367e-005, 0.46402872, 0.885820155, 8.49450668e-007, -9.27295457e-006, 3.89860916e-006, 1, 0.885820183, -0.464028666, -1.8564622e-008, 0.464028666, 0.885820183, -2.05515817e-006, 9.70097219e-007, 1.81188607e-006, 1, 0, 0, 0, 0, 0, 0, 0, 0.261073608, -0.141071875, -0.207755005, -0.408328747, 0.705362344, -0.57943725, -0.826904297, -0.0170898438, 0.561889648, 0.386382725, 0.70868484, 0.590467299, 0, 0, -0, 0, 0, 0, 0, 0.328104199, -0.103688379, -0.177247314, -0.0525406799, 0.409555001, -0.910697592, 0.44152832, -0.80847168, -0.389038086, -0.89565238, -0.422394391, -0.138309894, 0, 2, 1, 1, 
423.776166, 54, 0.1, 0.1, 0.0179834986, 0.356318167, -0.0349671128, 0.885819953, -0.464029105, -1.37915243e-005, 0.464029105, 0.885819953, -7.76446892e-006, 1.5819747e-005, 4.78252806e-007, 1, 0.88582, -0.464029015, -1.22640947e-005, 0.464029015, 0.88582, 3.04159704e-006, 9.45239113e-006, -8.3852033e-006, 1, 0, 0, 0, 0, 0, 0, 0, 0.262286719, -0.142110229, -0.206965674, -0.410564483, 0.702349281, -0.581417625, -0.827758789, -0.0197753906, 0.560668945, 0.382411113, 0.711510309, 0.589668633, 0, 0, -0, 0, 0, 0, 0, 0.328855957, -0.104543652, -0.176661084, -0.0518695062, 0.40782293, -0.911541206, 0.44519043, -0.807495117, -0.38671875, -0.893863439, -0.425767749, -0.139625989, 0, 2, 1, 1, 
423.776857, 54, 0.1, 0.1, 0.0179834998, 0.356318166, -0.0349662007, 0.885819722, -0.464029547, 2.89987629e-006, 0.464029547, 0.885819722, 9.27666536e-006, -6.87341443e-006, -6.87182485e-006, 1, 0.885819764, -0.464029466, 1.63844267e-006, 0.464029466, 0.885819764, 1.2916363e-005, -7.44493792e-006, -1.06812839e-005, 1, 0, 0, 0, 0, 0, 0, 0, 0.262286719, -0.142110229, -0.206965674, -0.410564483, 0.702349281, -0.581417625, -0.827758789, -0.0197753906, 0.560668945, 0.382411113, 0.711510309, 0.589668633, 0, 0, -0, 0, 0, 0, 0, 0.328855957, -0.104543652, -0.176661084, -0.0518695062, 0.40782293, -0.911541206, 0.44519043, -0.807495117, -0.38671875, -0.893863439, -0.425767749, -0.139625989, 0, 2, 1, 1, 
423.77755, 54, 0.1, 0.1, 0.0179834993, 0.356318166, -0.0349663582, 0.885819512, -0.464029947, -5.91766449e-006, 0.464029947, 0.885819512, 5.27296183e-006, 2.79517047e-006, -7.41686602e-006, 1, 0.885819558, -0.46402986, 1.02923001e-006, 0.46402986, 0.885819558, 6.34594147e-006, -3.85641841e-006, -5.1437656e-006, 1, 0, 0, 0, 0, 0, 0, 0, 0.262286719, -0.142110229, -0.206965674, -0.410564483, 0.702349281, -0.581417625, -0.827758789, -0.0197753906, 0.560668945, 0.382411113, 0.711510309, 0.589668633, 0, 0, -0, 0, 0, 0, 0, 0.328855957, -0.104543652, -0.176661084, -0.0518695062, 0.40782293, -0.911541206, 0.44519043, -0.807495117, -0.38671875, -0.893863439, -0.425767749, -0.139625989, 0, 2, 1, 1, 
423.778244, 54, 0.1, 0.1, 0.0179834994, 0.356318167, -0.0349674771, 0.885819294, -0.464030363, -5.60463296e-006, 0.464030363, 0.885819294, -7.49690973e-007, 5.31257138e-006, -1.93662914e-006, 1, 0.88581933, -0.464030294, -1.43910896e-006, 0.464030294, 0.88581933, -8.0268438e-006, 4.99948922e-006, 6.44254325e-006, 1, 0, 0, 0, 0, 0, 0, 0, 0.262286719, -0.142110229, -0.206965674, -0.410564483, 0.702349281, -0.581417625, -0.827758789, -0.0197753906, 0.560668945, 0.382411113, 0.711510309, 0.589668633, 0, 0, -0, 0, 0, 0, 0, 0.328855957, -0.104543652, -0.176661084, -0.0518695062, 0.40782293, -0.911541206, 0.44519043, -0.807495117, -0.38671875, -0.893863439, -0.425767749, -0.139625989, 0, 2, 1, 1, 
423.778949, 54, 0.1, 0.1, 0.0179834981, 0.356318168, -0.0349691858, 0.885819144, -0.464030651, 2.06425675e-006, 0.464030651, 0.885819144, -6.85143486e-006, 1.35071763e-006, 7.02701056e-006, 1, 0.88581917, -0.4640306, 8.60377851e-006, 0.4640306, 0.88581917, -6.88570606e-006, -4.42621363e-006, 1.00919069e-005, 1, 0, 0, 0, 0, 0, 0, 0, 0.262286719, -0.142110229, -0.206965674, -0.410564483, 0.702349281, -0.581417625, -0.827758789, -0.0197753906, 0.560668945, 0.382411113, 0.711510309, 0.589668633, 0, 0, -0, 0, 0, 0, 0, 0.328855957, -0.104543652, -0.176661084, -0.0518695062, 0.40782293, -0.911541206, 0.44519043, -0.807495117, -0.38671875, -0.893863439, -0.425767749, -0.139625989, 0, 2, 1, 1, 
423.779642, 54, 0.1, 0.1, 0.0179834979, 0.356318169, -0.0349708103, 0.885819057, -0.464030815, 1.39167128e-006, 0.464030815, 0.885819057, -8.78514224e-006, 2.84380777e-006, 8.42782478e-006, 1, 0.885819073, -0.464030786, 6.56975584e-007, 0.464030786, 0.885819073, -6.6837677e-006, 2.51951248e-006, 6.2254658e-006, 1, 0, 0, 0, 0, 0, 0, 0, 0.262286719, -0.142110229, -0.206965674, -0.410564483, 0.702349281, -0.581417625, -0.827758789, -0.0197753906, 0.560668945, 0.382411113, 0.711510309, 0.589668633, 0, 0, -0, 0, 0, 0, 0, 0.328855957, -0.104543652, -0.176661084, -0.0518695062, 0.40782293, -0.911541206, 0.44519043, -0.807495117, -0.38671875, -0.893863439, -0.425767749, -0.139625989, 0, 2, 1, 1, 
423.780756, 54, 0.1, 0.1, 0.0179834987, 0.356318168, -0.0349680962, 0.885818865, -0.464031182, 7.36724206e-006, 0.464031182, 0.885818865, -6.418316e-006, -3.54774324e-006, 9.10409543e-006, 1, 0.885818916, -0.464031084, -8.52516186e-006, 0.464031085, 0.885818916, 2.46812181e-006, 6.40646439e-006, -6.14224909e-006, 1, 0, 0, 0, 0, 0, 0, 0, 0.262917261, -0.144253931, -0.206220898, -0.411256809, 0.699558256, -0.58416671, -0.827880859, -0.0186767578, 0.560424805, 0.381161256, 0.714177019, 0.587137839, 0, 0, -0, 0, 0, 0, 0, 0.328855957, -0.104543652, -0.176661084, -0.0507768918, 0.404800649, -0.912927663, 0.445556641, -0.808837891, -0.383422852, -0.893748601, -0.426208146, -0.13928074, 0, 2, 1, 1, 
423.781856, 54, 0.1, 0.1, 0.0179834992, 0.356318167, -0.0349581402, 0.885818737, -0.464031427, 1.07368379e-006, 0.464031427, 0.885818737, 8.40970863e-006, -4.85345831e-006, -6.95125446e-006, 1, 0.885818745, -0.464031411, -2.16070271e-006, 0.464031411, 0.885818745, 1.55325615e-005, -5.29360548e-006, -1.47616681e-005, 1, 0, 0, 0, 0, 0, 0, 0, 0.262917261, -0.144253931, -0.206220898, -0.411256809, 0.699558256, -0.58416671, -0.827880859, -0.0186767578, 0.560424805, 0.381161256, 0.714177019, 0.587137839, 0, 0, -0, 0, 0, 0, 0, 0.329377148, -0.106762061, -0.175852588, -0.0507768918, 0.404800649, -0.912927663, 0.445556641, -0.808837891, -0.383422852, -0.893748601, -0.426208146, -0.13928074, 0, 2, 1, 1, 
423.782968, 54, 0.1, 0.1, 0.0179834999, 0.356318169, -0.0349463193, 0.885818651, -0.464031591, -1.782869e-005, 0.464031591, 0.885818651, 1.33023021e-005, 9.62029771e-006, -2.00565027e-005, 1, 0.885818691, -0.464031515, -1.44053547e-006, 0.464031515, 0.885818691, 1.46513147e-005, -5.52261849e-006, -1.36468622e-005, 1, 0, 0, 0, 0, 0, 0, 0, 0.262917261, -0.144253931, -0.206220898, -0.411256809, 0.699558256, -0.58416671, -0.827880859, -0.0186767578, 0.560424805, 0.381161256, 0.714177019, 0.587137839, 0, 0, -0, 0, 0, 0, 0, 0.329377148, -0.106762061, -0.175852588, -0.0507768918, 0.404800649, -0.912927663, 0.445556641, -0.808837891, -0.383422852, -0.893748601, -0.426208146, -0.13928074, 0, 2, 1, 1, 
423.784089, 54, 0.1, 0.1, 0.0179834998, 0.356318172, -0.0349381368, 0.885818448, -0.464031978, -1.5150602e-005, 0.464031978, 0.885818448, 9.86533363e-006, 8.84285243e-006, -1.57692583e-005, 1, 0.885818467, -0.464031943, -3.33436885e-006, 0.464031943, 0.885818467, -1.53935127e-005, 1.00967271e-005, 1.20886042e-005, 1, 0, 0, 0, 0, 0, 0, 0, 0.262917261, -0.144253931, -0.206220898, -0.411256809, 0.699558256, -0.58416671, -0.827880859, -0.0186767578, 0.560424805, 0.381161256, 0.714177019, 0.587137839, 0, 0, -0, 0, 0, 0, 0, 0.329377148, -0.106762061, -0.175852588, -0.0507768918, 0.404800649, -0.912927663, 0.445556641, -0.808837891, -0.383422852, -0.893748601, -0.426208146, -0.13928074, 0, 2, 1, 1, 
423.785208, 54, 0.1, 0.1, 0.0179834974, 0.356318173, -0.0349364809, 0.885818492, -0.464031895, 1.54978359e-005, 0.464031895, 0.885818492, -7.39576048e-006, -1.02964009e-005, 1.37427916e-005, 1, 0.885818488, -0.464031903, 4.46762003e-006, 0.464031903, 0.885818487, -2.46441939e-005, 7.47819176e-006, 2.39034008e-005, 1, 0, 0, 0, 0, 0, 0, 0, 0.262917261, -0.144253931, -0.206220898, -0.411256809, 0.699558256, -0.58416671, -0.827880859, -0.0186767578, 0.560424805, 0.381161256, 0.714177019, 0.587137839, 0, 0, -0, 0, 0, 0, 0, 0.329377148, -0.106762061, -0.175852588, -0.0507768918, 0.404800649, -0.912927663, 0.445556641, -0.808837891, -0.383422852, -0.893748601, -0.426208146, -0.13928074, 0, 2, 1, 1, 
423.78636, 54, 0.1, 0.1, 0.0179834986, 0.35631817, -0.0349410734, 0.8858183, -0.464032261, 1.51853537e-005, 0.464032261, 0.8858183, -1.46148999e-005, -6.66967912e-006, 1.99926398e-005, 1, 0.885818341, -0.464032182, 1.10560812e-005, 0.464032182, 0.885818341, -6.63578379e-006, -6.71446232e-006, 1.10084765e-005, 1, 0, 0, 0, 0, 0, 0, 0, 0.263549756, -0.146588281, -0.205672266, -0.411955126, 0.697433347, -0.586395334, -0.827880859, -0.017578125, 0.560668945, 0.380653898, 0.71636745, 0.584771795, 0, 0, -0, 0, 0, 0, 0, 0.329663379, -0.108938721, -0.175249023, -0.0497801594, 0.402200177, -0.914084077, 0.44543457, -0.810302734, -0.380737305, -0.893889325, -0.425990496, -0.138788571, 0, 2, 1, 1, 
423.787193, 54, 0.1, 0.1, 0.0179835007, 0.35631817, -0.0349492149, 0.885818242, -0.464032372, -3.37987396e-006, 0.464032372, 0.885818242, -8.38249459e-006, 6.88370286e-006, 5.85699568e-006, 1, 0.885818241, -0.464032373, -2.29050351e-006, 0.464032373, 0.885818241, 8.08478346e-006, -1.72263147e-006, -8.22451644e-006, 1, 0, 0, 0, 0, 0, 0, 0, 0.263549756, -0.146588281, -0.205672266, -0.411955126, 0.697433347, -0.586395334, -0.827880859, -0.017578125, 0.560668945, 0.380653898, 0.71636745, 0.584771795, 0, 0, -0, 0, 0, 0, 0, 0.329663379, -0.108938721, -0.175249023, -0.0497801594, 0.402200177, -0.914084077, 0.44543457, -0.810302734, -0.380737305, -0.893889325, -0.425990496, -0.138788571, 0, 2, 1, 1, 
423.787926, 54, 0.1, 0.1, 0.0179835014, 0.356318171, -0.0349617579, 0.885818193, -0.464032466, -6.14401725e-006, 0.464032466, 0.885818193, 1.18005115e-006, 4.89490021e-006, -3.89633426e-006, 1, 0.88581821, -0.464032433, -8.18599247e-006, 0.464032433, 0.88581821, 4.61964647e-006, 5.10763541e-006, -7.89073297e-006, 1, 0, 0, 0, 0, 0, 0, 0, 0.264381812, -0.148695972, -0.205085059, -0.41309153, 0.695390814, -0.587906544, -0.827758789, -0.017578125, 0.560791016, 0.37972156, 0.718297651, 0.583033676, 0, 0, -0, 0, 0, 0, 0, 0.329663379, -0.108938721, -0.175249023, -0.0486427023, 0.399791101, -0.915247053, 0.447143555, -0.810546875, -0.377929687, -0.893033317, -0.42759387, -0.139401775, 0, 2, 1, 1, 
423.788614, 54, 0.1, 0.1, 0.0179835008, 0.356318171, -0.0349744107, 0.88581813, -0.464032585, -2.56785357e-006, 0.464032585, 0.88581813, 1.10953391e-005, -2.87394764e-006, -1.10200203e-005, 1, 0.885818137, -0.464032572, -1.67149157e-006, 0.464032572, 0.885818137, -9.85563869e-007, 1.93797129e-006, 9.74038173e-008, 1, 0, 0, 0, 0, 0, 0, 0, 0.264381812, -0.148695972, -0.205085059, -0.41309153, 0.695390814, -0.587906544, -0.827758789, -0.017578125, 0.560791016, 0.37972156, 0.718297651, 0.583033676, 0, 0, -0, 0, 0, 0, 0, 0.330203125, -0.110917773, -0.174445898, -0.0486427023, 0.399791101, -0.915247053, 0.447143555, -0.810546875, -0.377929687, -0.893033317, -0.42759387, -0.139401775, 0, 2, 1, 1, 
423.789311, 54, 0.1, 0.1, 0.017983504, 0.356318167, -0.0349845831, 0.885818061, -0.464032718, -9.49650161e-006, 0.464032718, 0.885818061, 2.79358413e-006, 7.11585821e-006, -6.88129473e-006, 1, 0.88581808, -0.464032681, -1.30608686e-005, 0.464032682, 0.88581808, 9.34592098e-006, 7.23274079e-006, -1.43394557e-005, 1, 0, 0, 0, 0, 0, 0, 0, 0.264381812, -0.148695972, -0.205085059, -0.41309153, 0.695390814, -0.587906544, -0.827758789, -0.017578125, 0.560791016, 0.37972156, 0.718297651, 0.583033676, 0, 0, -0, 0, 0, 0, 0, 0.330203125, -0.110917773, -0.174445898, -0.0486427023, 0.399791101, -0.915247053, 0.447143555, -0.810546875, -0.377929687, -0.893033317, -0.42759387, -0.139401775, 0, 2, 1, 1, 
423.790006, 54, 0.1, 0.1, 0.0179835014, 0.356318171, -0.0349895065, 0.88581794, -0.464032948, 1.03257801e-005, 0.464032948, 0.88581794, -1.28691418e-005, -3.17505544e-006, 1.61912189e-005, 1, 0.885817963, -0.464032905, 1.12387096e-005, 0.464032905, 0.885817962, -1.25552596e-005, -4.1293973e-006, 1.63368055e-005, 1, 0, 0, 0, 0, 0, 0, 0, 0.264381812, -0.148695972, -0.205085059, -0.41309153, 0.695390814, -0.587906544, -0.827758789, -0.017578125, 0.560791016, 0.37972156, 0.718297651, 0.583033676, 0, 0, -0, 0, 0, 0, 0, 0.330203125, -0.110917773, -0.174445898, -0.0486427023, 0.399791101, -0.915247053, 0.447143555, -0.810546875, -0.377929687, -0.893033317, -0.42759387, -0.139401775, 0, 2, 1, 1, 
423.790702, 54, 0.1, 0.1, 0.0179835019, 0.356318172, -0.0349883221, 0.885817855, -0.464033111, -7.82662721e-006, 0.464033112, 0.885817854, 6.48913935e-006, 3.9217906e-006, -9.38000967e-006, 1, 0.885817865, -0.464033092, -7.16058036e-006, 0.464033092, 0.885817865, 5.60783129e-007, 6.08274808e-006, -3.81949796e-006, 1, 0, 0, 0, 0, 0, 0, 0, 0.264381812, -0.148695972, -0.205085059, -0.41309153, 0.695390814, -0.587906544, -0.827758789, -0.017578125, 0.560791016, 0.37972156, 0.718297651, 0.583033676, 0, 0, -0, 0, 0, 0, 0, 0.330203125, -0.110917773, -0.174445898, -0.0486427023, 0.399791101, -0.915247053, 0.447143555, -0.810546875, -0.377929687, -0.893033317, -0.42759387, -0.139401775, 0, 2, 1, 1, 
423.791394, 54, 0.1, 0.1, 0.0179835029, 0.356318171, -0.0349818145, 0.885817828, -0.464033163, -3.86307332e-007, 0.464033163, 0.885817828, -6.71480741e-006, 3.45809125e-006, 5.7688367e-006, 1, 0.885817835, -0.464033149, -4.07853511e-006, 0.464033149, 0.885817835, 1.40295189e-006, 2.96182295e-006, -3.13533529e-006, 1, 0, 0, 0, 0, 0, 0, 0, 0.264381812, -0.148695972, -0.205085059, -0.41309153, 0.695390814, -0.587906544, -0.827758789, -0.017578125, 0.560791016, 0.37972156, 0.718297651, 0.583033676, 0, 0, -0, 0, 0, 0, 0, 0.330203125, -0.110917773, -0.174445898, -0.0486427023, 0.399791101, -0.915247053, 0.447143555, -0.810546875, -0.377929687, -0.893033317, -0.42759387, -0.139401775, 0, 2, 1, 1, 
423.792097, 54, 0.1, 0.1, 0.0179835006, 0.356318172, -0.0349722305, 0.885817743, -0.464033324, -2.95098802e-006, 0.464033324, 0.885817743, 2.32842779e-006, 1.53356946e-006, -3.43191943e-006, 1, 0.885817766, -0.46403328, 5.09569211e-006, 0.46403328, 0.885817766, 3.23015151e-006, -6.01275241e-006, -4.96754871e-007, 1, 0, 0, 0, 0, 0, 0, 0, 0.264381812, -0.148695972, -0.205085059, -0.41309153, 0.695390814, -0.587906544, -0.827758789, -0.017578125, 0.560791016, 0.37972156, 0.718297651, 0.583033676, 0, 0, -0, 0, 0, 0, 0, 0.330203125, -0.110917773, -0.174445898, -0.0486427023, 0.399791101, -0.915247053, 0.447143555, -0.810546875, -0.377929687, -0.893033317, -0.42759387, -0.139401775, 0, 2, 1, 1, 
423.792823, 54, 0.1, 0.1, 0.0179835004, 0.356318173, -0.0349623573, 0.885817617, -0.464033564, -4.57120128e-006, 0.464033564, 0.885817617, 7.60091635e-006, 5.22170321e-007, -8.85421643e-006, 1, 0.885817643, -0.464033515, 3.27694357e-006, 0.464033515, 0.885817643, -1.37807598e-006, -2.26330099e-006, 2.74133567e-006, 1, 0, 0, 0, 0, 0, 0, 0, 0.265153687, -0.1501448, -0.204471484, -0.415320153, 0.693126242, -0.588941476, -0.827636719, -0.0194091797, 0.560913086, 0.377355516, 0.720386611, 0.581961674, 0, 0, -0, 0, 0, 0, 0, 0.331193018, -0.112207813, -0.173851367, -0.0477159656, 0.398154911, -0.915969266, 0.450683594, -0.809692383, -0.375488281, -0.891340258, -0.430711666, -0.14070511, 0, 2, 1, 1, 
423.793513, 54, 0.1, 0.1, 0.0179835022, 0.356318173, -0.0349557554, 0.885817518, -0.464033753, -5.18547277e-006, 0.464033753, 0.885817518, -3.00868505e-006, 5.98951404e-006, 2.58911529e-007, 1, 0.885817537, -0.464033717, -8.1689937e-006, 0.464033717, 0.885817537, -9.79627837e-006, 1.17820413e-005, 4.88702668e-006, 1, 0, 0, 0, 0, 0, 0, 0, 0.265153687, -0.1501448, -0.204471484, -0.415320153, 0.693126242, -0.588941476, -0.827636719, -0.0194091797, 0.560913086, 0.377355516, 0.720386611, 0.581961674, 0, 0, -0, 0, 0, 0, 0, 0.331193018, -0.112207813, -0.173851367, -0.0477159656, 0.398154911, -0.915969266, 0.450683594, -0.809692383, -0.375488281, -0.891340258, -0.430711666, -0.14070511, 0, 2, 1, 1, 
423.794211, 54, 0.1, 0.1, 0.0179835014, 0.35631817, -0.0349536319, 0.885817432, -0.464033919, -1.35404621e-007, 0.464033919, 0.885817432, -6.99725762e-006, 3.36690865e-006, 6.13546044e-006, 1, 0.885817448, -0.464033888, 1.00806968e-007, 0.464033888, 0.885817448, -1.83514441e-006, 7.62272626e-007, 1.67238079e-006, 1, 0, 0, 0, 0, 0, 0, 0, 0.265153687, -0.1501448, -0.204471484, -0.415320153, 0.693126242, -0.588941476, -0.827636719, -0.0194091797, 0.560913086, 0.377355516, 0.720386611, 0.581961674, 0, 0, -0, 0, 0, 0, 0, 0.331193018, -0.112207813, -0.173851367, -0.0477159656, 0.398154911, -0.915969266, 0.450683594, -0.809692383, -0.375488281, -0.891340258, -0.430711666, -0.14070511, 0, 2, 1, 1, 
423.794912, 54, 0.1, 0.1, 0.017983502, 0.356318169, -0.0349563639, 0.885817352, -0.464034072, -5.35855788e-006, 0.464034072, 0.885817352, -8.57563462e-006, 8.7260902e-006, 5.10989251e-006, 1, 0.885817365, -0.464034047, -2.03759681e-006, 0.464034047, 0.885817364, 7.36940568e-006, -1.6147165e-006, -7.47346181e-006, 1, 0, 0, 0, 0, 0, 0, 0, 0.265153687, -0.1501448, -0.204471484, -0.415320153, 0.693126242, -0.588941476, -0.827636719, -0.0194091797, 0.560913086, 0.377355516, 0.720386611, 0.581961674, 0, 0, -0, 0, 0, 0, 0, 0.331193018, -0.112207813, -0.173851367, -0.0477159656, 0.398154911, -0.915969266, 0.450683594, -0.809692383, -0.375488281, -0.891340258, -0.430711666, -0.14070511, 0, 2, 1, 1, 
423.795597, 54, 0.1, 0.1, 0.0179835011, 0.356318169, -0.0349627016, 0.885817283, -0.464034203, 6.74731234e-006, 0.464034203, 0.885817283, 5.33511345e-006, -8.452561e-006, -1.594952e-006, 1, 0.885817295, -0.464034179, 6.94064832e-006, 0.464034179, 0.885817295, 9.67460063e-006, -1.06374917e-005, -5.34923052e-006, 1, 0, 0, 0, 0, 0, 0, 0, 0.265153687, -0.1501448, -0.204471484, -0.415320153, 0.693126242, -0.588941476, -0.827636719, -0.0194091797, 0.560913086, 0.377355516, 0.720386611, 0.581961674, 0, 0, -0, 0, 0, 0, 0, 0.331193018, -0.112207813, -0.173851367, -0.0477159656, 0.398154911, -0.915969266, 0.450683594, -0.809692383, -0.375488281, -0.891340258, -0.430711666, -0.14070511, 0, 2, 1, 1, 
423.796325, 54, 0.1, 0.1, 0.0179834995, 0.356318171, -0.0349704119, 0.885817215, -0.464034332, 4.36878753e-006, 0.464034332, 0.885817215, 1.30029552e-005, -9.90376482e-006, -9.49097415e-006, 1, 0.885817233, -0.464034298, 7.78290987e-006, 0.464034298, 0.885817233, 3.7098335e-007, -7.06638468e-006, 3.28291367e-006, 1, 0, 0, 0, 0, 0, 0, 0, 0.265153687, -0.1501448, -0.204471484, -0.415320153, 0.693126242, -0.588941476, -0.827636719, -0.0194091797, 0.560913086, 0.377355516, 0.720386611, 0.581961674, 0, 0, -0, 0, 0, 0, 0, 0.331193018, -0.112207813, -0.173851367, -0.0477159656, 0.398154911, -0.915969266, 0.450683594, -0.809692383, -0.375488281, -0.891340258, -0.430711666, -0.14070511, 0, 2, 1, 1, 
423.797027, 54, 0.1, 0.1, 0.0179835037, 0.356318169, -0.0349769476, 0.885817062, -0.464034623, -1.54622906e-005, 0.464034623, 0.885817063, -9.17041887e-006, 1.79521527e-005, 9.48275292e-007, 1, 0.885817101, -0.46403455, -1.91370455e-005, 0.46403455, 0.885817101, 8.07871521e-007, 1.65770419e-005, -9.59587669e-006, 1, 0, 0, 0, 0, 0, 0, 0, 0.265153687, -0.1501448, -0.204471484, -0.415320153, 0.693126242, -0.588941476, -0.827636719, -0.0194091797, 0.560913086, 0.377355516, 0.720386611, 0.581961674, 0, 0, -0, 0, 0, 0, 0, 0.331193018, -0.112207813, -0.173851367, -0.0477159656, 0.398154911, -0.915969266, 0.450683594, -0.809692383, -0.375488281, -0.891340258, -0.430711666, -0.14070511, 0, 2, 1, 1, 
423.797752, 54, 0.1, 0.1, 0.0179835028, 0.356318171, -0.0349807237, 0.885816807, -0.464035111, 7.59440465e-006, 0.464035111, 0.885816807, 8.93249611e-006, -1.08722431e-005, -4.38848478e-006, 1, 0.885816865, -0.464035, 9.49234079e-006, 0.464035, 0.885816865, 5.17248739e-007, -8.64849709e-006, 3.9465907e-006, 1, 0, 0, 0, 0, 0, 0, 0, 0.265425366, -0.151098926, -0.204438159, -0.418684058, 0.691851297, -0.588231176, -0.826416016, -0.0218505859, 0.56262207, 0.376405203, 0.72170087, 0.58098403, 0, 0, -0, 0, 0, 0, 0, 0.331307373, -0.11299668, -0.173847705, -0.0498370287, 0.397394052, -0.916179987, 0.453369141, -0.808349609, -0.375366211, -0.889844793, -0.433982946, -0.139868059, 0, 2, 1, 1, 
423.798442, 54, 0.1, 0.1, 0.0179835036, 0.35631817, -0.0349807577, 0.885816507, -0.464035684, -3.51942371e-006, 0.464035684, 0.885816507, -1.07752695e-005, 8.11767317e-006, 7.91177341e-006, 1, 0.885816571, -0.464035561, -7.20401772e-006, 0.464035561, 0.885816571, -2.56865407e-006, 7.5733851e-006, -1.06756407e-006, 1, 0, 0, 0, 0, 0, 0, 0, 0.265425366, -0.151098926, -0.204438159, -0.418684058, 0.691851297, -0.588231176, -0.826416016, -0.0218505859, 0.56262207, 0.376405203, 0.72170087, 0.58098403, 0, 0, -0, 0, 0, 0, 0, 0.331307373, -0.11299668, -0.173847705, -0.0498370287, 0.397394052, -0.916179987, 0.453369141, -0.808349609, -0.375366211, -0.889844793, -0.433982946, -0.139868059, 0, 2, 1, 1, 
423.799155, 54, 0.1, 0.1, 0.017983502, 0.356318172, -0.0349773374, 0.885816149, -0.464036366, -4.43635058e-006, 0.464036366, 0.885816149, 4.06622147e-006, 2.04291636e-006, -5.66055265e-006, 1, 0.88581622, -0.464036231, 5.19841384e-006, 0.464036231, 0.88581622, -2.79304421e-006, -3.3087656e-006, 4.88637623e-006, 1, 0, 0, 0, 0, 0, 0, 0, 0.265425366, -0.151098926, -0.204438159, -0.418684058, 0.691851297, -0.588231176, -0.826416016, -0.0218505859, 0.56262207, 0.376405203, 0.72170087, 0.58098403, 0, 0, -0, 0, 0, 0, 0, 0.331307373, -0.11299668, -0.173847705, -0.0498370287, 0.397394052, -0.916179987, 0.453369141, -0.808349609, -0.375366211, -0.889844793, -0.433982946, -0.139868059, 0, 2, 1, 1, 
423.799858, 54, 0.1, 0.1, 0.0179835029, 0.356318171, -0.0349718332, 0.885815835, -0.464036967, 2.2407401e-006, 0.464036967, 0.885815835, -2.57219605e-006, -7.91289012e-007, 3.31827823e-006, 1, 0.885815893, -0.464036857, 2.23200638e-006, 0.464036857, 0.885815893, 1.03130879e-006, -2.45571202e-006, 1.22183506e-007, 1, 0, 0, 0, 0, 0, 0, 0, 0.265425366, -0.151098926, -0.204438159, -0.418684058, 0.691851297, -0.588231176, -0.826416016, -0.0218505859, 0.56262207, 0.376405203, 0.72170087, 0.58098403, 0, 0, -0, 0, 0, 0, 0, 0.331307373, -0.11299668, -0.173847705, -0.0498370287, 0.397394052, -0.916179987, 0.453369141, -0.808349609, -0.375366211, -0.889844793, -0.433982946, -0.139868059, 0, 2, 1, 1, 
423.800547, 54, 0.1, 0.1, 0.0179835029, 0.35631817, -0.0349661411, 0.885815613, -0.46403739, 1.3460872e-005, 0.46403739, 0.885815613, -5.45961709e-007, -1.16705039e-005, 6.7299693e-006, 1, 0.885815646, -0.464037327, 5.55487115e-006, 0.464037327, 0.885815646, 6.60781349e-006, -7.98686389e-006, -3.27563702e-006, 1, 0, 0, 0, 0, 0, 0, 0, 0.265425366, -0.151098926, -0.204438159, -0.418684058, 0.691851297, -0.588231176, -0.826416016, -0.0218505859, 0.56262207, 0.376405203, 0.72170087, 0.58098403, 0, 0, -0, 0, 0, 0, 0, 0.331307373, -0.11299668, -0.173847705, -0.0498370287, 0.397394052, -0.916179987, 0.453369141, -0.808349609, -0.375366211, -0.889844793, -0.433982946, -0.139868059, 0, 2, 1, 1, 
423.801243, 54, 0.1, 0.1, 0.0179835018, 0.356318171, -0.0349617969, 0.885815503, -0.4640376, -4.14167521e-008, 0.4640376, 0.885815503, 1.85341533e-007, -4.93178391e-008, -1.83397334e-007, 1, 0.885815518, -0.464037571, -3.89136384e-008, 0.464037571, 0.885815518, 5.02012498e-006, -2.2950563e-006, -4.464962e-006, 1, 0, 0, 0, 0, 0, 0, 0, 0.265425366, -0.151098926, -0.204438159, -0.418684058, 0.691851297, -0.588231176, -0.826416016, -0.0218505859, 0.56262207, 0.376405203, 0.72170087, 0.58098403, 0, 0, -0, 0, 0, 0, 0, 0.331307373, -0.11299668, -0.173847705, -0.0498370287, 0.397394052, -0.916179987, 0.453369141, -0.808349609, -0.375366211, -0.889844793, -0.433982946, -0.139868059, 0, 2, 1, 1, 
423.801943, 54, 0.1, 0.1, 0.0179835013, 0.356318173, -0.0349600146, 0.885815431, -0.464037738, 7.32150968e-006, 0.464037738, 0.885815431, 8.61082192e-006, -1.04812526e-005, -4.23014214e-006, 1, 0.885815445, -0.464037712, 5.186707e-006, 0.464037712, 0.885815445, 3.35999103e-006, -6.15362772e-006, -5.69504303e-007, 1, 0, 0, 0, 0, 0, 0, 0, 0.265425366, -0.151098926, -0.204438159, -0.418684058, 0.691851297, -0.588231176, -0.826416016, -0.0218505859, 0.56262207, 0.376405203, 0.72170087, 0.58098403, 0, 0, -0, 0, 0, 0, 0, 0.331307373, -0.11299668, -0.173847705, -0.0498370287, 0.397394052, -0.916179987, 0.453369141, -0.808349609, -0.375366211, -0.889844793, -0.433982946, -0.139868059, 0, 2, 1, 1, 
423.802668, 54, 0.1, 0.1, 0.0179835001, 0.356318175, -0.0349609104, 0.885815366, -0.464037862, 6.50503814e-006, 0.464037862, 0.885815366, 7.02665605e-006, -9.02289719e-006, -3.20573591e-006, 1, 0.885815378, -0.46403784, 2.03229984e-006, 0.46403784, 0.885815378, -8.71842549e-006, 2.24543688e-006, 8.6659794e-006, 1, 0, 0, 0, 0, 0, 0, 0, 0.265670068, -0.152076123, -0.204174878, -0.422499154, 0.690113179, -0.587425396, -0.825439453, -0.025390625, 0.563842773, 0.374166841, 0.72321208, 0.580609223, 0, 0, -0, 0, 0, 0, 0, 0.331648389, -0.113785791, -0.174070703, -0.0519836114, 0.396818394, -0.916365187, 0.456665039, -0.806518555, -0.37512207, -0.888106525, -0.437848474, -0.139273811, 0, 2, 1, 1, 
423.803358, 54, 0.1, 0.1, 0.0179834991, 0.356318175, -0.0349642234, 0.885815309, -0.46403797, -3.94681116e-007, 0.46403797, 0.885815309, -1.88426304e-006, 1.22398417e-006, 1.48596203e-006, 1, 0.88581532, -0.464037951, -1.04976944e-006, 0.464037951, 0.885815319, -7.06417992e-006, 4.20794942e-006, 5.77042593e-006, 1, 0, 0, 0, 0, 0, 0, 0, 0.265670068, -0.152076123, -0.204174878, -0.422499154, 0.690113179, -0.587425396, -0.825439453, -0.025390625, 0.563842773, 0.374166841, 0.72321208, 0.580609223, 0, 0, -0, 0, 0, 0, 0, 0.331648389, -0.113785791, -0.174070703, -0.0519836114, 0.396818394, -0.916365187, 0.456665039, -0.806518555, -0.37512207, -0.888106525, -0.437848474, -0.139273811, 0, 2, 1, 1, 
423.804058, 54, 0.1, 0.1, 0.0179834984, 0.356318173, -0.0349689213, 0.885815255, -0.464038075, 1.95590004e-006, 0.464038075, 0.885815254, -1.12679874e-005, 3.4962091e-006, 1.08889672e-005, 1, 0.885815271, -0.464038043, -1.77694323e-006, 0.464038043, 0.885815271, 1.65894624e-006, 8.04229288e-007, -2.29408917e-006, 1, 0, 0, 0, 0, 0, 0, 0, 0.265670068, -0.152076123, -0.204174878, -0.422499154, 0.690113179, -0.587425396, -0.825439453, -0.025390625, 0.563842773, 0.374166841, 0.72321208, 0.580609223, 0, 0, -0, 0, 0, 0, 0, 0.331648389, -0.113785791, -0.174070703, -0.0519836114, 0.396818394, -0.916365187, 0.456665039, -0.806518555, -0.37512207, -0.888106525, -0.437848474, -0.139273811, 0, 2, 1, 1, 
423.804787, 54, 0.1, 0.1, 0.0179834955, 0.356318176, -0.0349735105, 0.885815117, -0.464038338, -5.3608746e-006, 0.464038338, 0.885815117, 6.18338872e-006, 1.87941434e-006, -7.96499054e-006, 1, 0.88581515, -0.464038275, 7.98001125e-006, 0.464038275, 0.88581515, -2.45637257e-006, -5.92896397e-006, 5.87892269e-006, 1, 0, 0, 0, 0, 0, 0, 0, 0.265922949, -0.152602075, -0.203921118, -0.426130403, 0.688476531, -0.586822559, -0.824829102, -0.029296875, 0.564575195, 0.371528584, 0.724583627, 0.580513743, 0, 0, -0, 0, 0, 0, 0, 0.332066064, -0.113875635, -0.173862842, -0.0532355403, 0.396939062, -0.916250349, 0.461303711, -0.803955078, -0.37512207, -0.885537768, -0.442500014, -0.140366425, 0, 2, 1, 1, 
423.805478, 54, 0.1, 0.1, 0.0179834974, 0.356318172, -0.0349762641, 0.885815009, -0.464038543, 1.58555893e-006, 0.464038543, 0.885815009, 7.78977549e-007, -1.7659875e-006, 4.57304495e-008, 1, 0.885815024, -0.464038516, -8.28967495e-007, 0.464038516, 0.885815023, 1.12663784e-005, -4.49372164e-006, -1.03646001e-005, 1, 0, 0, 0, 0, 0, 0, 0, 0.265922949, -0.152602075, -0.203921118, -0.426130403, 0.688476531, -0.586822559, -0.824829102, -0.029296875, 0.564575195, 0.371528584, 0.724583627, 0.580513743, 0, 0, -0, 0, 0, 0, 0, 0.332066064, -0.113875635, -0.173862842, -0.0532355403, 0.396939062, -0.916250349, 0.461303711, -0.803955078, -0.37512207, -0.885537768, -0.442500014, -0.140366425, 0, 2, 1, 1, 
423.806176, 54, 0.1, 0.1, 0.017983498, 0.356318173, -0.034976912, 0.885814974, -0.464038611, -4.01394039e-007, 0.464038611, 0.885814974, 4.31989105e-006, -1.64903539e-006, -4.01288651e-006, 1, 0.88581498, -0.464038598, -7.40919046e-007, 0.464038598, 0.88581498, 1.51586829e-006, -4.7104209e-008, -1.68659388e-006, 1, 0, 0, 0, 0, 0, 0, 0, 0.265922949, -0.152602075, -0.203921118, -0.426130403, 0.688476531, -0.586822559, -0.824829102, -0.029296875, 0.564575195, 0.371528584, 0.724583627, 0.580513743, 0, 0, -0, 0, 0, 0, 0, 0.332066064, -0.113875635, -0.173862842, -0.0532355403, 0.396939062, -0.916250349, 0.461303711, -0.803955078, -0.37512207, -0.885537768, -0.442500014, -0.140366425, 0, 2, 1, 1, 
423.80687, 54, 0.1, 0.1, 0.017983498, 0.356318174, -0.0349754144, 0.885814939, -0.464038676, -4.22651308e-006, 0.464038676, 0.885814939, 3.24656462e-006, 2.23737688e-006, -4.83712097e-006, 1, 0.885814947, -0.464038662, 1.29385297e-006, 0.464038662, 0.885814947, -1.84680659e-006, -2.89124637e-007, 2.23632668e-006, 1, 0, 0, 0, 0, 0, 0, 0, 0.265922949, -0.152602075, -0.203921118, -0.426130403, 0.688476531, -0.586822559, -0.824829102, -0.029296875, 0.564575195, 0.371528584, 0.724583627, 0.580513743, 0, 0, -0, 0, 0, 0, 0, 0.332066064, -0.113875635, -0.173862842, -0.0532355403, 0.396939062, -0.916250349, 0.461303711, -0.803955078, -0.37512207, -0.885537768, -0.442500014, -0.140366425, 0, 2, 1, 1, 
423.80756, 54, 0.1, 0.1, 0.0179834975, 0.356318173, -0.0349723883, 0.885814938, -0.464038679, -3.8540203e-006, 0.464038679, 0.885814938, -2.86495099e-006, 4.74339682e-006, 7.49401894e-007, 1, 0.885814933, -0.464038688, 4.92627438e-006, 0.464038688, 0.885814933, -1.79462203e-006, -3.53099336e-006, 3.87568489e-006, 1, 0, 0, 0, 0, 0, 0, 0, 0.265922949, -0.152602075, -0.203921118, -0.426130403, 0.688476531, -0.586822559, -0.824829102, -0.029296875, 0.564575195, 0.371528584, 0.724583627, 0.580513743, 0, 0, -0, 0, 0, 0, 0, 0.332066064, -0.113875635, -0.173862842, -0.0532355403, 0.396939062, -0.916250349, 0.461303711, -0.803955078, -0.37512207, -0.885537768, -0.442500014, -0.140366425, 0, 2, 1, 1, 
423.808255, 54, 0.1, 0.1, 0.0179834984, 0.356318173, -0.0349687356, 0.885815012, -0.464038537, 2.39551538e-006, 0.464038537, 0.885815012, -3.26302873e-006, -6.07812408e-007, 4.00205128e-006, 1, 0.885814992, -0.464038575, 4.41618291e-006, 0.464038575, 0.885814992, 6.96317149e-007, -4.23503905e-006, 1.43247105e-006, 1, 0, 0, 0, 0, 0, 0, 0, 0.265922949, -0.152602075, -0.203921118, -0.426130403, 0.688476531, -0.586822559, -0.824829102, -0.029296875, 0.564575195, 0.371528584, 0.724583627, 0.580513743, 0, 0, -0, 0, 0, 0, 0, 0.332066064, -0.113875635, -0.173862842, -0.0532355403, 0.396939062, -0.916250349, 0.461303711, -0.803955078, -0.37512207, -0.885537768, -0.442500014, -0.140366425, 0, 2, 1, 1, 
423.80896, 54, 0.1, 0.1, 0.0179835005, 0.356318172, -0.0349655254, 0.885815161, -0.464038254, 5.11819918e-006, 0.464038254, 0.885815161, -8.29796459e-007, -4.14872113e-006, 3.11008649e-006, 1, 0.885815125, -0.464038322, -1.78188585e-006, 0.464038322, 0.885815125, 6.54631722e-006, -1.45932062e-006, -6.62569012e-006, 1, 0, 0, 0, 0, 0, 0, 0, 0.265922949, -0.152602075, -0.203921118, -0.426130403, 0.688476531, -0.586822559, -0.824829102, -0.029296875, 0.564575195, 0.371528584, 0.724583627, 0.580513743, 0, 0, -0, 0, 0, 0, 0, 0.332066064, -0.113875635, -0.173862842, -0.0532355403, 0.396939062, -0.916250349, 0.461303711, -0.803955078, -0.37512207, -0.885537768, -0.442500014, -0.140366425, 0, 2, 1, 1, 
423.809685, 54, 0.1, 0.1, 0.0179835026, 0.356318173, -0.0349634425, 0.885815389, -0.464037818, -2.49654471e-007, 0.464037818, 0.885815389, 5.54578835e-006, -2.35230775e-006, -5.02839378e-006, 1, 0.885815339, -0.464037914, -1.16485339e-005, 0.464037914, 0.885815339, 4.44560409e-006, 8.25552115e-006, -9.34334566e-006, 1, 0, 0, 0, 0, 0, 0, 0, 0.266366602, -0.153159277, -0.203454248, -0.430358498, 0.686192863, -0.586397577, -0.823974609, -0.0335693359, 0.565429688, 0.368243306, 0.726552019, 0.580075657, 0, 0, -0, 0, 0, 0, 0, 0.332533545, -0.1140104, -0.173461768, -0.0537590596, 0.396478242, -0.916461436, 0.466430664, -0.801391602, -0.374145508, -0.882892453, -0.447458157, -0.141861524, 0, 2, 1, 1, 
423.810377, 54, 0.1, 0.1, 0.017983503, 0.356318174, -0.0349632199, 0.885815678, -0.464037266, -7.70289251e-006, 0.464037266, 0.885815678, 2.81784884e-006, 5.51575608e-006, -6.07052386e-006, 1, 0.885815616, -0.464037385, -1.00806514e-005, 0.464037385, 0.885815616, -1.51474462e-006, 9.63249656e-006, -3.33601467e-006, 1, 0, 0, 0, 0, 0, 0, 0, 0.266366602, -0.153159277, -0.203454248, -0.430358498, 0.686192863, -0.586397577, -0.823974609, -0.0335693359, 0.565429688, 0.368243306, 0.726552019, 0.580075657, 0, 0, -0, 0, 0, 0, 0, 0.332533545, -0.1140104, -0.173461768, -0.0537590596, 0.396478242, -0.916461436, 0.466430664, -0.801391602, -0.374145508, -0.882892453, -0.447458157, -0.141861524, 0, 2, 1, 1, 
423.811077, 54, 0.1, 0.1, 0.0179835017, 0.356318175, -0.0349648949, 0.885816027, -0.4640366, -6.5944931e-006, 0.4640366, 0.885816027, -2.07398618e-006, 6.80391318e-006, -1.22291596e-006, 1, 0.885815953, -0.464036741, 1.20057201e-007, 0.464036741, 0.885815953, -9.14277146e-006, 4.13623329e-006, 8.15452377e-006, 1, 0, 0, 0, 0, 0, 0, 0, 0.266366602, -0.153159277, -0.203454248, -0.430358498, 0.686192863, -0.586397577, -0.823974609, -0.0335693359, 0.565429688, 0.368243306, 0.726552019, 0.580075657, 0, 0, -0, 0, 0, 0, 0, 0.332533545, -0.1140104, -0.173461768, -0.0537590596, 0.396478242, -0.916461436, 0.466430664, -0.801391602, -0.374145508, -0.882892453, -0.447458157, -0.141861524, 0, 2, 1, 1, 
423.811839, 54, 0.1, 0.1, 0.0179835005, 0.356318177, -0.0349678807, 0.885816458, -0.464035778, -3.39846015e-006, 0.464035778, 0.885816458, -8.03079398e-006, 6.73698767e-006, 5.53680238e-006, 1, 0.885816335, -0.464036011, 1.0094269e-005, 0.464036011, 0.885816335, -6.43250364e-006, -5.95675506e-006, 1.03821211e-005, 1, 0, 0, 0, 0, 0, 0, 0, 0.266366602, -0.153159277, -0.203454248, -0.430358498, 0.686192863, -0.586397577, -0.823974609, -0.0335693359, 0.565429688, 0.368243306, 0.726552019, 0.580075657, 0, 0, -0, 0, 0, 0, 0, 0.332533545, -0.1140104, -0.173461768, -0.0537590596, 0.396478242, -0.916461436, 0.466430664, -0.801391602, -0.374145508, -0.882892453, -0.447458157, -0.141861524, 0, 2, 1, 1, 
