time, trialNum, realDorsalTactorPos, realVentralTactorPos, boxPosX, boxPosY, boxPosZ, boxLocalRot_11, boxLocalRot_12, boxLocalRot_13, boxLocalRot_21, boxLocalRot_22, boxLocalRot_23, boxLocalRot_31, boxLocalRot_32, boxLocalRot_33, boxGlobalRot_11, boxGlobalRot_12, boxGlobalRot_13, boxGlobalRot_21, boxGlobalRot_22, boxGlobalRot_23, boxGlobalRot_31, boxGlobalRot_32, boxGlobalRot_33, indexForceX, indexForceY, indexForceZ, indexForceGlobalX, indexForceGlobalY, indexForceGlobalZ, indexContact, indexPosX, indexPosY, indexPosZ, indexRot_11, indexRot_12, indexRot_13, indexRot_21, indexRot_22, indexRot_23, indexRot_31, indexRot_32, indexRot_33, thumbForceX, thumbForceY, thumbForceZ, thumbForceGlobalX, thumbForceGlobalY, thumbForceGlobalZ, thumbContact, thumbPosX, thumbPosY, thumbPosZ, thumbRot_11, thumbRot_12, thumbRot_13, thumbRot_21, thumbRot_22, thumbRot_23, thumbRot_31, thumbRot_32, thumbRot_33, manipForceTooHigh, cceExpType, mapping, trialSuccess, 
481.760287, 61, 0.1, 0.1, 0.00549794064, 0.376572711, -0.0349694282, 0.873490032, -2.13456284e-006, 0.486842033, 0.486842033, -6.59739332e-006, -0.873490032, 5.07640774e-006, 1, -4.72356239e-006, 0.873490032, -1.86333695e-006, 0.486842032, 0.486842032, -3.51994269e-006, -0.873490032, 3.34126231e-006, 1, -2.1674841e-006, 0, 0, 0, 0, 0, 0, 0, 0.303692139, -0.113747974, -0.203043481, -0.296333007, 0.634447334, -0.713855727, -0.954223633, -0.165893555, 0.248535156, 0.0392718376, 0.754893191, 0.654767088, 0, 0, -0, 0, 0, 0, 0, 0.36282627, -0.059989209, -0.147461963, 0.18224495, 0.584867341, -0.790286077, 0.539550781, -0.731445313, -0.416870117, -0.821878332, -0.350329757, -0.448958432, 0, 2, 3, 1, 
481.79498, 61, 0.1, 0.1, 0.0054962731, 0.376575529, -0.0349697717, 0.873484022, 8.45725822e-006, 0.486852814, 0.486852814, 1.97381142e-006, -0.873484022, -8.34823557e-006, 1, -2.39334722e-006, 0.873484051, -8.75878863e-007, 0.486852763, 0.486852763, -9.85081376e-006, -0.873484051, 5.56096211e-006, 1, -8.17810466e-006, 0, 0, 0, 0, 0, 0, 0, 0.309021289, -0.122568726, -0.19774104, -0.333958253, 0.623770756, -0.706605211, -0.942504883, -0.219848633, 0.251342773, 0.00147954636, 0.749910231, 0.661528603, 0, 0, -0, 0, 0, 0, 0, 0.365807764, -0.067440918, -0.141150879, 0.160095922, 0.595218891, -0.787252137, 0.575927734, -0.704101563, -0.415161133, -0.801498887, -0.386923777, -0.455635886, 0, 2, 3, 1, 
481.795674, 61, 0.1, 0.1, 0.00549624646, 0.376575567, -0.0349705417, 0.873483828, -5.28452787e-006, 0.486853163, 0.486853163, -5.68946352e-006, -0.873483828, 7.38588294e-006, 1, -2.39686526e-006, 0.873483868, 1.53136433e-006, 0.486853092, 0.486853091, 1.02022235e-005, -0.873483868, -6.30460611e-006, 1, 8.16592822e-006, 0, 0, 0, 0, 0, 0, 0, 0.309021289, -0.122568726, -0.19774104, -0.333958253, 0.623770756, -0.706605211, -0.942504883, -0.219848633, 0.251342773, 0.00147954636, 0.749910231, 0.661528603, 0, 0, -0, 0, 0, 0, 0, 0.365807764, -0.067440918, -0.141150879, 0.160095922, 0.595218891, -0.787252137, 0.575927734, -0.704101563, -0.415161133, -0.801498887, -0.386923777, -0.455635886, 0, 2, 3, 1, 
481.796381, 61, 0.1, 0.1, 0.00549622406, 0.376575611, -0.0349709716, 0.873483663, 1.06250674e-006, 0.486853459, 0.486853459, 1.48525082e-005, -0.873483663, -8.15907727e-006, 1, 1.24561382e-005, 0.873483685, -8.42980755e-006, 0.486853419, 0.486853419, 4.80569202e-006, -0.873483685, 5.02363178e-006, 1, 8.3017742e-006, 0, 0, 0, 0, 0, 0, 0, 0.309437012, -0.124041235, -0.196968555, -0.334328191, 0.621068098, -0.708858922, -0.942382812, -0.222167969, 0.249755859, -0.00241680322, 0.751574209, 0.659784493, 0, 0, -0, 0, 0, 0, 0, 0.365807764, -0.067440918, -0.141150879, 0.160095922, 0.595218891, -0.787252137, 0.575927734, -0.704101563, -0.415161133, -0.801498887, -0.386923777, -0.455635886, 0, 2, 3, 1, 
481.797076, 61, 0.1, 0.1, 0.00549619632, 0.376575652, -0.0349709102, 0.873483621, -1.58921136e-006, 0.486853535, 0.486853535, -1.38632536e-005, -0.873483621, 8.1375241e-006, 1, -1.13356118e-005, 0.873483618, 1.02150616e-005, 0.48685354, 0.48685354, -7.51443113e-006, -0.873483618, -5.2642616e-006, 1, -1.15369714e-005, 0, 0, 0, 0, 0, 0, 0, 0.309437012, -0.124041235, -0.196968555, -0.334328191, 0.621068098, -0.708858922, -0.942382812, -0.222167969, 0.249755859, -0.00241680322, 0.751574209, 0.659784493, 0, 0, -0, 0, 0, 0, 0, 0.365807764, -0.067440918, -0.141150879, 0.160095922, 0.595218891, -0.787252137, 0.575927734, -0.704101563, -0.415161133, -0.801498887, -0.386923777, -0.455635886, 0, 2, 3, 1, 
481.797766, 61, 0.1, 0.1, 0.00549617556, 0.376575693, -0.0349705575, 0.873483712, 5.53516797e-006, 0.486853371, 0.486853371, 5.92785488e-006, -0.873483712, -7.7208752e-006, 1, 2.4830695e-006, 0.873483686, -9.29218172e-006, 0.486853417, 0.486853417, 4.51774087e-006, -0.873483686, 5.91709156e-006, 1, 8.47010336e-006, 0, 0, 0, 0, 0, 0, 0, 0.309437012, -0.124041235, -0.196968555, -0.334328191, 0.621068098, -0.708858922, -0.942382812, -0.222167969, 0.249755859, -0.00241680322, 0.751574209, 0.659784493, 0, 0, -0, 0, 0, 0, 0, 0.365807764, -0.067440918, -0.141150879, 0.160095922, 0.595218891, -0.787252137, 0.575927734, -0.704101563, -0.415161133, -0.801498887, -0.386923777, -0.455635886, 0, 2, 3, 1, 
481.798457, 61, 0.1, 0.1, 0.00549614772, 0.376575735, -0.0349700019, 0.873483888, -9.736601e-006, 0.486853055, 0.486853055, -2.45658033e-006, -0.873483888, 9.70075774e-006, 1, 2.5945106e-006, 0.873483852, 7.5738441e-006, 0.48685312, 0.48685312, -4.91203481e-006, -0.873483852, -4.22419105e-006, 1, -7.97793272e-006, 0, 0, 0, 0, 0, 0, 0, 0.309437012, -0.124041235, -0.196968555, -0.334328191, 0.621068098, -0.708858922, -0.942382812, -0.222167969, 0.249755859, -0.00241680322, 0.751574209, 0.659784493, 0, 0, -0, 0, 0, 0, 0, 0.365807764, -0.067440918, -0.141150879, 0.160095922, 0.595218891, -0.787252137, 0.575927734, -0.704101563, -0.415161133, -0.801498887, -0.386923777, -0.455635886, 0, 2, 3, 1, 
481.799179, 61, 0.1, 0.1, 0.00549612628, 0.376575779, -0.0349691441, 0.873484041, 1.29044155e-005, 0.486852781, 0.486852781, -8.41362161e-006, -0.873484041, -7.1756059e-006, 1, -1.36317148e-005, 0.873484021, -1.56507282e-006, 0.486852816, 0.486852816, -1.13996238e-005, -0.873484021, 6.91700504e-006, 1, -9.1954291e-006, 0, 0, 0, 0, 0, 0, 0, 0.309847241, -0.125722705, -0.196615454, -0.334843783, 0.618669854, -0.710592171, -0.942138672, -0.224365234, 0.248657227, -0.00567212368, 0.752819197, 0.658205133, 0, 0, -0, 0, 0, 0, 0, 0.366210059, -0.0685847168, -0.14072124, 0.158958832, 0.595608249, -0.787309739, 0.578491211, -0.702392578, -0.414550781, -0.800022745, -0.389460451, -0.456255654, 0, 2, 3, 1, 
481.799875, 61, 0.1, 0.1, 0.00549610061, 0.376575817, -0.0349684514, 0.87348406, -1.49105529e-005, 0.486852746, 0.486852746, 5.10632939e-006, -0.87348406, 1.05380998e-005, 1, 1.1719541e-005, 0.873484069, -2.30002589e-006, 0.48685273, 0.48685273, 1.24523558e-005, -0.873484069, -4.05342744e-006, 1, 1.19967083e-005, 0, 0, 0, 0, 0, 0, 0, 0.309847241, -0.125722705, -0.196615454, -0.334843783, 0.618669854, -0.710592171, -0.942138672, -0.224365234, 0.248657227, -0.00567212368, 0.752819197, 0.658205133, 0, 0, -0, 0, 0, 0, 0, 0.366210059, -0.0685847168, -0.14072124, 0.158958832, 0.595608249, -0.787309739, 0.578491211, -0.702392578, -0.414550781, -0.800022745, -0.389460451, -0.456255654, 0, 2, 3, 1, 
481.800567, 61, 0.1, 0.1, 0.00549607996, 0.376575859, -0.0349681679, 0.873483939, 8.30752382e-006, 0.486852963, 0.486852964, 3.1139181e-007, -0.873483939, -7.40809066e-006, 1, -3.77254685e-006, 0.87348397, -1.46451863e-006, 0.486852907, 0.486852907, -1.23744116e-005, -0.87348397, 7.3037518e-006, 1, -1.0095845e-005, 0, 0, 0, 0, 0, 0, 0, 0.309847241, -0.125722705, -0.196615454, -0.334843783, 0.618669854, -0.710592171, -0.942138672, -0.224365234, 0.248657227, -0.00567212368, 0.752819197, 0.658205133, 0, 0, -0, 0, 0, 0, 0, 0.366210059, -0.0685847168, -0.14072124, 0.158958832, 0.595608249, -0.787309739, 0.578491211, -0.702392578, -0.414550781, -0.800022745, -0.389460451, -0.456255654, 0, 2, 3, 1, 
481.801263, 61, 0.1, 0.1, 0.00549605537, 0.376575895, -0.0349683449, 0.873483727, -6.62134647e-006, 0.486853344, 0.486853344, -7.42692887e-006, -0.873483727, 9.39946355e-006, 1, -3.26367684e-006, 0.87348377, 6.48020678e-007, 0.486853266, 0.486853266, 9.40359104e-006, -0.87348377, -5.14420456e-006, 1, 7.89839318e-006, 0, 0, 0, 0, 0, 0, 0, 0.309847241, -0.125722705, -0.196615454, -0.334843783, 0.618669854, -0.710592171, -0.942138672, -0.224365234, 0.248657227, -0.00567212368, 0.752819197, 0.658205133, 0, 0, -0, 0, 0, 0, 0, 0.366210059, -0.0685847168, -0.14072124, 0.158958832, 0.595608249, -0.787309739, 0.578491211, -0.702392578, -0.414550781, -0.800022745, -0.389460451, -0.456255654, 0, 2, 3, 1, 
481.801958, 61, 0.1, 0.1, 0.00549603568, 0.376575935, -0.0349689237, 0.87348355, 5.29421967e-007, 0.486853662, 0.486853662, 1.48419003e-005, -0.87348355, -7.68827487e-006, 1, 1.27064047e-005, 0.873483575, -9.79954171e-006, 0.486853617, 0.486853617, 3.75961511e-006, -0.873483575, 6.72935651e-006, 1, 8.05490437e-006, 0, 0, 0, 0, 0, 0, 0, 0.309847241, -0.125722705, -0.196615454, -0.334843783, 0.618669854, -0.710592171, -0.942138672, -0.224365234, 0.248657227, -0.00567212368, 0.752819197, 0.658205133, 0, 0, -0, 0, 0, 0, 0, 0.366210059, -0.0685847168, -0.14072124, 0.158958832, 0.595608249, -0.787309739, 0.578491211, -0.702392578, -0.414550781, -0.800022745, -0.389460451, -0.456255654, 0, 2, 3, 1, 
481.802654, 61, 0.1, 0.1, 0.00549600955, 0.376575973, -0.0349696824, 0.873483502, -1.11412823e-006, 0.486853748, 0.486853748, -1.39910927e-005, -0.873483502, 7.78478856e-006, 1, -1.16785712e-005, 0.8734835, 1.10937541e-005, 0.486853752, 0.486853752, -7.47992013e-006, -0.8734835, -6.04858396e-006, 1, -1.19346226e-005, 0, 0, 0, 0, 0, 0, 0, 0.309847241, -0.125722705, -0.196615454, -0.334843783, 0.618669854, -0.710592171, -0.942138672, -0.224365234, 0.248657227, -0.00567212368, 0.752819197, 0.658205133, 0, 0, -0, 0, 0, 0, 0, 0.366210059, -0.0685847168, -0.14072124, 0.158958832, 0.595608249, -0.787309739, 0.578491211, -0.702392578, -0.414550781, -0.800022745, -0.389460451, -0.456255654, 0, 2, 3, 1, 
481.803354, 61, 0.1, 0.1, 0.00549599057, 0.376576011, -0.0349703065, 0.873483596, 5.06134394e-006, 0.48685358, 0.48685358, 7.13024007e-006, -0.873483596, -7.8923838e-006, 1, 3.76401432e-006, 0.87348357, -9.74931009e-006, 0.486853626, 0.486853626, 5.56719786e-006, -0.87348357, 5.80545171e-006, 1, 9.60934283e-006, 0, 0, 0, 0, 0, 0, 0, 0.309847241, -0.125722705, -0.196615454, -0.334843783, 0.618669854, -0.710592171, -0.942138672, -0.224365234, 0.248657227, -0.00567212368, 0.752819197, 0.658205133, 0, 0, -0, 0, 0, 0, 0, 0.366210059, -0.0685847168, -0.14072124, 0.158958832, 0.595608249, -0.787309739, 0.578491211, -0.702392578, -0.414550781, -0.800022745, -0.389460451, -0.456255654, 0, 2, 3, 1, 
481.804072, 61, 0.1, 0.1, 0.00549596294, 0.376576051, -0.0349704569, 0.873483784, -7.78872674e-006, 0.486853241, 0.486853241, -1.62798984e-006, -0.873483784, 7.59591864e-006, 1, 2.36994413e-006, 0.873483747, 9.24300254e-006, 0.486853308, 0.486853308, -4.10541047e-006, -0.873483747, -6.07487983e-006, 1, -8.08599568e-006, 0, 0, 0, 0, 0, 0, 0, 0.310100513, -0.127662817, -0.196334741, -0.334146587, 0.61549803, -0.713658775, -0.942382812, -0.224365234, 0.247802734, -0.00751283566, 0.755422628, 0.655230261, 0, 0, -0, 0, 0, 0, 0, 0.366628955, -0.0695084473, -0.140283301, 0.158064545, 0.595837926, -0.78724594, 0.580688477, -0.700927734, -0.41394043, -0.798521083, -0.39164568, -0.456862662, 0, 2, 3, 1, 
481.804765, 61, 0.1, 0.1, 0.00549594365, 0.376576089, -0.034970367, 0.873483936, 1.28798326e-005, 0.486852968, 0.486852968, -7.01769351e-006, -0.873483936, -7.83374199e-006, 1, -1.24004273e-005, 0.873483915, -1.10873718e-006, 0.486853006, 0.486853006, -9.81545793e-006, -0.873483915, 5.74714929e-006, 1, -8.03385259e-006, 0, 0, 0, 0, 0, 0, 0, 0.310100513, -0.127662817, -0.196334741, -0.334146587, 0.61549803, -0.713658775, -0.942382812, -0.224365234, 0.247802734, -0.00751283566, 0.755422628, 0.655230261, 0, 0, -0, 0, 0, 0, 0, 0.366628955, -0.0695084473, -0.140283301, 0.158064545, 0.595837926, -0.78724594, 0.580688477, -0.700927734, -0.41394043, -0.798521083, -0.39164568, -0.456862662, 0, 2, 3, 1, 
481.805458, 61, 0.1, 0.1, 0.00549591968, 0.376576124, -0.0349701166, 0.873483967, -1.32529675e-005, 0.486852914, 0.486852914, 5.64815939e-006, -0.873483967, 8.82643179e-006, 1, 1.13858225e-005, 0.873483973, -1.3415514e-006, 0.486852903, 0.486852903, 1.2638791e-005, -0.873483973, -4.98140843e-006, 1, 1.16929196e-005, 0, 0, 0, 0, 0, 0, 0, 0.310100513, -0.127662817, -0.196334741, -0.334146587, 0.61549803, -0.713658775, -0.942382812, -0.224365234, 0.247802734, -0.00751283566, 0.755422628, 0.655230261, 0, 0, -0, 0, 0, 0, 0, 0.366628955, -0.0695084473, -0.140283301, 0.158064545, 0.595837926, -0.78724594, 0.580688477, -0.700927734, -0.41394043, -0.798521083, -0.39164568, -0.456862662, 0, 2, 3, 1, 
481.806153, 61, 0.1, 0.1, 0.00549590034, 0.376576163, -0.0349697633, 0.873483862, 8.4335722e-006, 0.486853102, 0.486853102, 6.02883549e-007, -0.873483862, -7.66010494e-006, 1, -3.57930174e-006, 0.87348389, -7.9993889e-007, 0.486853052, 0.486853052, -1.14572224e-005, -0.87348389, 6.27671741e-006, 1, -9.61824645e-006, 0, 0, 0, 0, 0, 0, 0, 0.310100513, -0.127662817, -0.196334741, -0.334146587, 0.61549803, -0.713658775, -0.942382812, -0.224365234, 0.247802734, -0.00751283566, 0.755422628, 0.655230261, 0, 0, -0, 0, 0, 0, 0, 0.366628955, -0.0695084473, -0.140283301, 0.158064545, 0.595837926, -0.78724594, 0.580688477, -0.700927734, -0.41394043, -0.798521083, -0.39164568, -0.456862662, 0, 2, 3, 1, 
481.806859, 61, 0.1, 0.1, 0.00549587739, 0.376576196, -0.0349693658, 0.873483667, -7.20341338e-006, 0.486853452, 0.486853452, -9.02673757e-006, -0.873483667, 1.06867623e-005, 1, -4.37770116e-006, 0.873483707, 9.83822409e-008, 0.486853379, 0.486853379, 7.7248895e-006, -0.873483707, -3.84682384e-006, 1, 6.69966739e-006, 0, 0, 0, 0, 0, 0, 0, 0.310100513, -0.127662817, -0.196334741, -0.334146587, 0.61549803, -0.713658775, -0.942382812, -0.224365234, 0.247802734, -0.00751283566, 0.755422628, 0.655230261, 0, 0, -0, 0, 0, 0, 0, 0.366628955, -0.0695084473, -0.140283301, 0.158064545, 0.595837926, -0.78724594, 0.580688477, -0.700927734, -0.41394043, -0.798521083, -0.39164568, -0.456862662, 0, 2, 3, 1, 
481.807554, 61, 0.1, 0.1, 0.0054958596, 0.376576234, -0.0349689931, 0.873483506, 2.35509169e-007, 0.48685374, 0.48685374, 1.3589875e-005, -0.873483506, -6.82199486e-006, 1, 1.17558732e-005, 0.873483528, -1.01449022e-005, 0.486853702, 0.486853702, 2.34077045e-006, -0.873483528, 7.72179225e-006, 1, 6.98370764e-006, 0, 0, 0, 0, 0, 0, 0, 0.310100513, -0.127662817, -0.196334741, -0.334146587, 0.61549803, -0.713658775, -0.942382812, -0.224365234, 0.247802734, -0.00751283566, 0.755422628, 0.655230261, 0, 0, -0, 0, 0, 0, 0, 0.366628955, -0.0695084473, -0.140283301, 0.158064545, 0.595837926, -0.78724594, 0.580688477, -0.700927734, -0.41394043, -0.798521083, -0.39164568, -0.456862662, 0, 2, 3, 1, 
481.808262, 61, 0.1, 0.1, 0.00549583497, 0.37657627, -0.0349688185, 0.873483475, -2.59948286e-006, 0.486853797, 0.486853797, -1.50215726e-005, -0.873483475, 9.58391497e-006, 1, -1.18555273e-005, 0.873483468, 1.10873501e-005, 0.486853808, 0.486853808, -8.07328965e-006, -0.873483468, -5.75410523e-006, 1, -1.24498037e-005, 0, 0, 0, 0, 0, 0, 0, 0.310100513, -0.127662817, -0.196334741, -0.334751668, 0.612414574, -0.716071245, -0.942138672, -0.227294922, 0.24597168, -0.0121134938, 0.757023326, 0.653264112, 0, 0, -0, 0, 0, 0, 0, 0.366628955, -0.0695084473, -0.140283301, 0.158064545, 0.595837926, -0.78724594, 0.580688477, -0.700927734, -0.41394043, -0.798521083, -0.39164568, -0.456862662, 0, 2, 3, 1, 
481.809168, 61, 0.1, 0.1, 0.00549581199, 0.376576314, -0.0349674221, 0.873483644, 5.524792e-006, 0.486853493, 0.486853493, 4.02566419e-006, -0.873483644, -6.78572412e-006, 1, 8.2658755e-007, 0.873483582, -4.80599321e-006, 0.486853604, 0.486853604, 1.02199308e-005, -0.873483582, -7.77653962e-007, 1, 1.12667568e-005, 0, 0, 0, 0, 0, 0, 0, 0.311171802, -0.129378223, -0.196017529, -0.334751668, 0.612414574, -0.716071245, -0.942138672, -0.227294922, 0.24597168, -0.0121134938, 0.757023326, 0.653264112, 0, 0, -0, 0, 0, 0, 0, 0.36725791, -0.0706456543, -0.139848779, 0.156901934, 0.596361445, -0.787156621, 0.583496094, -0.698974609, -0.413330078, -0.796802138, -0.394290995, -0.457712473, 0, 2, 3, 1, 
481.810295, 61, 0.1, 0.1, 0.00549577747, 0.376576376, -0.0349593215, 0.873484068, 1.89856282e-006, 0.486852732, 0.486852732, 2.42703237e-005, -0.873484068, -1.34744378e-005, 1, 2.02754206e-005, 0.873483976, -2.18766152e-006, 0.486852898, 0.486852898, -8.21252959e-006, -0.873483976, 5.90918111e-006, 1, -6.10844365e-006, 0, 0, 0, 0, 0, 0, 0, 0.311171802, -0.129378223, -0.196017529, -0.334751668, 0.612414574, -0.716071245, -0.942138672, -0.227294922, 0.24597168, -0.0121134938, 0.757023326, 0.653264112, 0, 0, -0, 0, 0, 0, 0, 0.36725791, -0.0706456543, -0.139848779, 0.156901934, 0.596361445, -0.787156621, 0.583496094, -0.698974609, -0.413330078, -0.796802138, -0.394290995, -0.457712473, 0, 2, 3, 1, 
481.811467, 61, 0.1, 0.1, 0.0054957436, 0.37657643, -0.0349473383, 0.873484391, 1.57162879e-005, 0.486852153, 0.486852153, -2.91066124e-005, -0.87348439, 4.42684738e-007, 0.999999999, -3.30756802e-005, 0.873484366, 2.19211705e-008, 0.486852198, 0.486852198, -2.33896249e-005, -0.873484366, 1.13681425e-005, 1, -2.0441144e-005, 0, 0, 0, 0, 0, 0, 0, 0.312224902, -0.130915186, -0.195731445, -0.33564918, 0.608423866, -0.719061466, -0.941772461, -0.231079102, 0.243896484, -0.0177801627, 0.759138496, 0.65077151, 0, 0, -0, 0, 0, 0, 0, 0.367647266, -0.0716331055, -0.139217383, 0.15531132, 0.596149992, -0.787603948, 0.586791992, -0.697021484, -0.411865234, -0.794514464, -0.398118244, -0.458127718, 0, 2, 3, 1, 
481.812595, 61, 0.1, 0.1, 0.00549570999, 0.376576471, -0.0349383239, 0.87348421, -3.02962297e-005, 0.486852476, 0.486852477, 3.07265229e-005, -0.87348421, 1.15039945e-005, 0.999999999, 4.15889271e-005, 0.873484283, -2.48942569e-005, 0.486852345, 0.486852346, 3.75486025e-005, -0.873484283, 3.4641169e-006, 0.999999999, 4.49179415e-005, 0, 0, 0, 0, 0, 0, 0, 0.312224902, -0.130915186, -0.195731445, -0.33564918, 0.608423866, -0.719061466, -0.941772461, -0.231079102, 0.243896484, -0.0177801627, 0.759138496, 0.65077151, 0, 0, -0, 0, 0, 0, 0, 0.367647266, -0.0716331055, -0.139217383, 0.15531132, 0.596149992, -0.787603948, 0.586791992, -0.697021484, -0.411865234, -0.794514464, -0.398118244, -0.458127718, 0, 2, 3, 1, 
481.813721, 61, 0.1, 0.1, 0.005495667, 0.376576529, -0.0349359857, 0.873483841, 2.87315192e-006, 0.48685314, 0.48685314, -1.89164225e-005, -0.873483841, 6.69986791e-006, 1, -1.79219924e-005, 0.873483899, 3.76913551e-005, 0.486853033, 0.486853034, -2.30030043e-005, -0.873483899, -2.17237094e-005, 0.999999999, -3.84429045e-005, 0, 0, 0, 0, 0, 0, 0, 0.312224902, -0.130915186, -0.195731445, -0.33564918, 0.608423866, -0.719061466, -0.941772461, -0.231079102, 0.243896484, -0.0177801627, 0.759138496, 0.65077151, 0, 0, -0, 0, 0, 0, 0, 0.367647266, -0.0716331055, -0.139217383, 0.15531132, 0.596149992, -0.787603948, 0.586791992, -0.697021484, -0.411865234, -0.794514464, -0.398118244, -0.458127718, 0, 2, 3, 1, 
481.814793, 61, 0.1, 0.1, 0.00549563957, 0.376576567, -0.0349405564, 0.873483921, 2.20350197e-005, 0.486852996, 0.486852996, -5.1377094e-006, -0.873483921, -1.67459262e-005, 1, -1.52155219e-005, 0.873483877, 1.55943073e-005, 0.486853074, 0.486853074, 2.50927793e-005, -0.873483877, -2.58378727e-005, 1, 1.43260017e-005, 0, 0, 0, 0, 0, 0, 0, 0.312224902, -0.130915186, -0.195731445, -0.33564918, 0.608423866, -0.719061466, -0.941772461, -0.231079102, 0.243896484, -0.0177801627, 0.759138496, 0.65077151, 0, 0, -0, 0, 0, 0, 0, 0.367647266, -0.0716331055, -0.139217383, 0.15531132, 0.596149992, -0.787603948, 0.586791992, -0.697021484, -0.411865234, -0.794514464, -0.398118244, -0.458127718, 0, 2, 3, 1, 
481.815482, 61, 0.1, 0.1, 0.00549561908, 0.376576601, -0.0349500448, 0.87348416, 4.24572822e-006, 0.486852567, 0.486852567, 1.44076614e-005, -0.87348416, -1.07229833e-005, 1, 1.05178203e-005, 0.873484114, 6.30528514e-006, 0.48685265, 0.48685265, 4.991213e-006, -0.873484114, -7.93755168e-006, 1, 1.29000048e-006, 0, 0, 0, 0, 0, 0, 0, 0.312224902, -0.130915186, -0.195731445, -0.33564918, 0.608423866, -0.719061466, -0.941772461, -0.231079102, 0.243896484, -0.0177801627, 0.759138496, 0.65077151, 0, 0, -0, 0, 0, 0, 0, 0.367647266, -0.0716331055, -0.139217383, 0.15531132, 0.596149992, -0.787603948, 0.586791992, -0.697021484, -0.411865234, -0.794514464, -0.398118244, -0.458127718, 0, 2, 3, 1, 
481.816207, 61, 0.1, 0.1, 0.00549560213, 0.376576635, -0.0349645998, 0.873484317, 4.63060981e-006, 0.486852286, 0.486852286, -1.79089773e-005, -0.873484317, 4.6742615e-006, 1, -1.78976338e-005, 0.873484298, -2.30683401e-006, 0.486852319, 0.486852319, -2.19258805e-005, -0.873484298, 1.2689649e-005, 1, -1.80288248e-005, 0, 0, 0, 0, 0, 0, 0, 0.313576562, -0.132753516, -0.195102393, -0.335036604, 0.602815607, -0.72396279, -0.941772461, -0.234008789, 0.241088867, -0.024056782, 0.762745779, 0.646356943, 0, 0, -0, 0, 0, 0, 0, 0.368328223, -0.0724507813, -0.138176367, 0.154493959, 0.595420849, -0.788326161, 0.591308594, -0.694946289, -0.408935547, -0.791409062, -0.402859103, -0.459431052, 0, 2, 3, 1, 
481.8169, 61, 0.1, 0.1, 0.00549558335, 0.376576657, -0.0349785539, 0.873484309, -6.17639316e-006, 0.4868523, 0.4868523, 3.17072165e-005, -0.873484309, -1.00417488e-005, 0.999999999, 3.07027473e-005, 0.873484324, 1.69079574e-006, 0.486852273, 0.486852273, 2.95860129e-005, -0.873484323, -1.58809012e-005, 1, 2.50197507e-005, 0, 0, 0, 0, 0, 0, 0, 0.313576562, -0.132753516, -0.195102393, -0.335036604, 0.602815607, -0.72396279, -0.941772461, -0.234008789, 0.241088867, -0.024056782, 0.762745779, 0.646356943, 0, 0, -0, 0, 0, 0, 0, 0.368328223, -0.0724507813, -0.138176367, 0.154493959, 0.595420849, -0.788326161, 0.591308594, -0.694946289, -0.408935547, -0.791409062, -0.402859103, -0.459431052, 0, 2, 3, 1, 
481.817591, 61, 0.1, 0.1, 0.00549557587, 0.37657668, -0.0349886382, 0.873484164, -2.7221008e-005, 0.486852559, 0.486852559, -5.32331429e-006, -0.873484164, 2.63687886e-005, 1, 8.60278669e-006, 0.873484203, -2.9204505e-005, 0.486852489, 0.48685249, 3.98368607e-006, -0.873484203, 2.35702063e-005, 1, 1.76979728e-005, 0, 0, 0, 0, 0, 0, 0, 0.313576562, -0.132753516, -0.195102393, -0.335036604, 0.602815607, -0.72396279, -0.941772461, -0.234008789, 0.241088867, -0.024056782, 0.762745779, 0.646356943, 0, 0, -0, 0, 0, 0, 0, 0.368328223, -0.0724507813, -0.138176367, 0.154493959, 0.595420849, -0.788326161, 0.591308594, -0.694946289, -0.408935547, -0.791409062, -0.402859103, -0.459431052, 0, 2, 3, 1, 
481.818291, 61, 0.1, 0.1, 0.00549556351, 0.376576715, -0.0349923969, 0.87348391, 3.42440282e-006, 0.486853016, 0.486853016, -2.76819908e-005, -0.87348391, 1.04858999e-005, 1, -2.58469544e-005, 0.873483967, -3.4276591e-006, 0.486852914, 0.486852914, -2.80396759e-005, -0.873483967, 1.66452032e-005, 1, -2.28234415e-005, 0, 0, 0, 0, 0, 0, 0, 0.313576562, -0.132753516, -0.195102393, -0.335036604, 0.602815607, -0.72396279, -0.941772461, -0.234008789, 0.241088867, -0.024056782, 0.762745779, 0.646356943, 0, 0, -0, 0, 0, 0, 0, 0.368328223, -0.0724507813, -0.138176367, 0.154493959, 0.595420849, -0.788326161, 0.591308594, -0.694946289, -0.408935547, -0.791409062, -0.402859103, -0.459431052, 0, 2, 3, 1, 
481.818981, 61, 0.1, 0.1, 0.00549554185, 0.376576746, -0.0349893227, 0.873483589, 2.08568202e-005, 0.48685359, 0.48685359, -7.91019538e-007, -0.87348359, -1.78329795e-005, 1, -1.08451604e-005, 0.873483659, 2.2221854e-005, 0.486853466, 0.486853467, -8.01659568e-006, -0.873483659, -1.55075189e-005, 1, -1.7821152e-005, 0, 0, 0, 0, 0, 0, 0, 0.313576562, -0.132753516, -0.195102393, -0.335036604, 0.602815607, -0.72396279, -0.941772461, -0.234008789, 0.241088867, -0.024056782, 0.762745779, 0.646356943, 0, 0, -0, 0, 0, 0, 0, 0.368328223, -0.0724507813, -0.138176367, 0.154493959, 0.595420849, -0.788326161, 0.591308594, -0.694946289, -0.408935547, -0.791409062, -0.402859103, -0.459431052, 0, 2, 3, 1, 
481.81967, 61, 0.1, 0.1, 0.00549552715, 0.376576766, -0.0349809143, 0.873483199, -1.96465874e-005, 0.486854291, 0.486854292, 1.20107579e-005, -0.873483199, 1.1313475e-005, 1, 2.00562206e-005, 0.873483284, -9.75152011e-006, 0.486854139, 0.486854139, 1.76417393e-005, -0.873483284, -7.11639947e-008, 1, 2.01573323e-005, 0, 0, 0, 0, 0, 0, 0, 0.313576562, -0.132753516, -0.195102393, -0.335036604, 0.602815607, -0.72396279, -0.941772461, -0.234008789, 0.241088867, -0.024056782, 0.762745779, 0.646356943, 0, 0, -0, 0, 0, 0, 0, 0.368328223, -0.0724507813, -0.138176367, 0.154493959, 0.595420849, -0.788326161, 0.591308594, -0.694946289, -0.408935547, -0.791409062, -0.402859103, -0.459431052, 0, 2, 3, 1, 
481.820364, 61, 0.1, 0.1, 0.00549551638, 0.376576793, -0.0349700822, 0.873482722, 7.5282645e-006, 0.486855146, 0.486855146, -9.80158545e-006, -0.873482722, -1.80385665e-006, 1, -1.22266899e-005, 0.873482824, -3.94721163e-006, 0.486854965, 0.486854965, -1.51194798e-005, -0.873482824, 1.08088154e-005, 1, -1.12848863e-005, 0, 0, 0, 0, 0, 0, 0, 0.313576562, -0.132753516, -0.195102393, -0.335036604, 0.602815607, -0.72396279, -0.941772461, -0.234008789, 0.241088867, -0.024056782, 0.762745779, 0.646356943, 0, 0, -0, 0, 0, 0, 0, 0.368328223, -0.0724507813, -0.138176367, 0.154493959, 0.595420849, -0.788326161, 0.591308594, -0.694946289, -0.408935547, -0.791409062, -0.402859103, -0.459431052, 0, 2, 3, 1, 
481.821089, 61, 0.1, 0.1, 0.00549550227, 0.376576818, -0.0349594913, 0.873482141, -1.21724016e-005, 0.486856189, 0.486856189, -1.1966264e-005, -0.873482141, 1.64582251e-005, 1, -4.52610884e-006, 0.873482258, -1.25798503e-005, 0.48685598, 0.48685598, -5.60288103e-007, -0.873482258, 1.12610557e-005, 1, 5.63517364e-006, 0, 0, 0, 0, 0, 0, 0, 0.314541431, -0.134357739, -0.194052612, -0.333237449, 0.597429387, -0.72936548, -0.942260742, -0.236206055, 0.236938477, -0.0306449287, 0.766194303, 0.641898192, 0, 0, -0, 0, 0, 0, 0, 0.368873828, -0.0734763184, -0.137135596, 0.155037534, 0.594576868, -0.788863174, 0.595092773, -0.693603516, -0.405761719, -0.788406105, -0.406507348, -0.461328635, 0, 2, 3, 1, 
481.821782, 61, 0.1, 0.1, 0.00549548704, 0.376576837, -0.0349532962, 0.873481576, 1.46105607e-005, 0.486857203, 0.486857203, 2.12308409e-005, -0.873481576, -2.30984434e-005, 1, 1.14314916e-005, 0.873481685, 1.2810607e-005, 0.486857008, 0.486857008, 2.4670886e-005, -0.873481685, -2.32010243e-005, 1, 1.53126333e-005, 0, 0, 0, 0, 0, 0, 0, 0.314541431, -0.134357739, -0.194052612, -0.333237449, 0.597429387, -0.72936548, -0.942260742, -0.236206055, 0.236938477, -0.0306449287, 0.766194303, 0.641898192, 0, 0, -0, 0, 0, 0, 0, 0.368873828, -0.0734763184, -0.137135596, 0.155037534, 0.594576868, -0.788863174, 0.595092773, -0.693603516, -0.405761719, -0.788406105, -0.406507348, -0.461328635, 0, 2, 3, 1, 
481.82247, 61, 0.1, 0.1, 0.00549547432, 0.376576859, -0.0349523336, 0.873481146, -2.58785007e-006, 0.486857974, 0.486857974, 3.19907612e-006, -0.873481146, 7.0294253e-007, 1, 4.05424812e-006, 0.873481224, -8.03744256e-006, 0.486857834, 0.486857834, -5.89330356e-006, -0.873481224, 9.88975618e-006, 1, -1.23459813e-006, 0, 0, 0, 0, 0, 0, 0, 0.314541431, -0.134357739, -0.194052612, -0.333237449, 0.597429387, -0.72936548, -0.942260742, -0.236206055, 0.236938477, -0.0306449287, 0.766194303, 0.641898192, 0, 0, -0, 0, 0, 0, 0, 0.368873828, -0.0734763184, -0.137135596, 0.155037534, 0.594576868, -0.788863174, 0.595092773, -0.693603516, -0.405761719, -0.788406105, -0.406507348, -0.461328635, 0, 2, 3, 1, 
481.823165, 61, 0.1, 0.1, 0.00549545531, 0.37657688, -0.0349565555, 0.873480855, -3.48323845e-006, 0.486858497, 0.486858497, 3.25232166e-006, -0.873480855, 1.45912167e-006, 1, 4.53668494e-006, 0.873480905, 1.72753156e-005, 0.486858407, 0.486858407, 3.6503032e-007, -0.873480905, -1.52673763e-005, 1, -8.0917856e-006, 0, 0, 0, 0, 0, 0, 0, 0.314541431, -0.134357739, -0.194052612, -0.333237449, 0.597429387, -0.72936548, -0.942260742, -0.236206055, 0.236938477, -0.0306449287, 0.766194303, 0.641898192, 0, 0, -0, 0, 0, 0, 0, 0.368873828, -0.0734763184, -0.137135596, 0.155037534, 0.594576868, -0.788863174, 0.595092773, -0.693603516, -0.405761719, -0.788406105, -0.406507348, -0.461328635, 0, 2, 3, 1, 
481.823873, 61, 0.1, 0.1, 0.00549544304, 0.376576902, -0.0349642479, 0.873480579, 1.10074943e-005, 0.486858992, 0.486858992, 5.78133568e-006, -0.873480579, -1.24295277e-005, 1, -3.09213109e-007, 0.873480639, 8.1077211e-006, 0.486858885, 0.486858885, -3.49179058e-007, -0.873480639, -6.91193648e-006, 1, -4.2523172e-006, 0, 0, 0, 0, 0, 0, 0, 0.314541431, -0.134357739, -0.194052612, -0.333237449, 0.597429387, -0.72936548, -0.942260742, -0.236206055, 0.236938477, -0.0306449287, 0.766194303, 0.641898192, 0, 0, -0, 0, 0, 0, 0, 0.368730029, -0.074440332, -0.137383496, 0.152443624, 0.594557178, -0.789412579, 0.59765625, -0.69152832, -0.405395508, -0.78708308, -0.40982347, -0.460772667, 0, 2, 3, 1, 
481.824561, 61, 0.1, 0.1, 0.00549543257, 0.376576922, -0.0349725971, 0.873480233, -7.7238331e-006, 0.486859612, 0.486859612, -1.35108462e-005, -0.873480233, 1.33245009e-005, 1, -8.04103474e-006, 0.87348031, -1.26957772e-005, 0.486859474, 0.486859474, -2.96407035e-006, -0.87348031, 1.25325971e-005, 1, 3.59200233e-006, 0, 0, 0, 0, 0, 0, 0, 0.314541431, -0.134357739, -0.194052612, -0.333237449, 0.597429387, -0.72936548, -0.942260742, -0.236206055, 0.236938477, -0.0306449287, 0.766194303, 0.641898192, 0, 0, -0, 0, 0, 0, 0, 0.368730029, -0.074440332, -0.137383496, 0.152443624, 0.594557178, -0.789412579, 0.59765625, -0.69152832, -0.405395508, -0.78708308, -0.40982347, -0.460772667, 0, 2, 3, 1, 
481.82526, 61, 0.1, 0.1, 0.00549541644, 0.376576944, -0.0349794117, 0.873479798, 1.70234339e-005, 0.486860394, 0.486860394, 1.13735938e-005, -0.873479798, -2.04069779e-005, 1, 1.64656865e-006, 0.87347989, 1.91777296e-005, 0.486860228, 0.486860228, 1.61683472e-006, -0.87347989, -1.75385337e-005, 1, -7.92460122e-006, 0, 0, 0, 0, 0, 0, 0, 0.314541431, -0.134357739, -0.194052612, -0.333237449, 0.597429387, -0.72936548, -0.942260742, -0.236206055, 0.236938477, -0.0306449287, 0.766194303, 0.641898192, 0, 0, -0, 0, 0, 0, 0, 0.368730029, -0.074440332, -0.137383496, 0.152443624, 0.594557178, -0.789412579, 0.59765625, -0.69152832, -0.405395508, -0.78708308, -0.40982347, -0.460772667, 0, 2, 3, 1, 
481.825968, 61, 0.1, 0.1, 0.00549540385, 0.376576961, -0.0349828135, 0.873479302, -8.88670426e-006, 0.486861283, 0.486861283, -6.25463081e-006, -0.873479302, 1.08074898e-005, 1, -1.13669832e-006, 0.873479403, -6.13707746e-006, 0.486861102, 0.486861102, 3.14178312e-006, -0.873479403, 3.83099876e-006, 1, 5.73218714e-006, 0, 0, 0, 0, 0, 0, 0, 0.314947144, -0.135713574, -0.194027612, -0.333715971, 0.59256962, -0.73302893, -0.941894531, -0.239379883, 0.235229492, -0.0360071834, 0.769065078, 0.638276299, 0, 0, -0, 0, 0, 0, 0, 0.368730029, -0.074440332, -0.137383496, 0.152443624, 0.594557178, -0.789412579, 0.59765625, -0.69152832, -0.405395508, -0.78708308, -0.40982347, -0.460772667, 0, 2, 3, 1, 
481.82666, 61, 0.1, 0.1, 0.00549539444, 0.376576982, -0.0349820858, 0.87347883, 1.68246137e-006, 0.486862129, 0.486862129, 5.13350631e-006, -0.87347883, -3.9689042e-006, 1, 3.66488236e-006, 0.873478916, -5.47952149e-006, 0.486861975, 0.486861975, -9.37236586e-007, -0.873478916, 5.24255134e-006, 1, 1.84911425e-006, 0, 0, 0, 0, 0, 0, 0, 0.314947144, -0.135713574, -0.194027612, -0.333715971, 0.59256962, -0.73302893, -0.941894531, -0.239379883, 0.235229492, -0.0360071834, 0.769065078, 0.638276299, 0, 0, -0, 0, 0, 0, 0, 0.368730029, -0.074440332, -0.137383496, 0.152443624, 0.594557178, -0.789412579, 0.59765625, -0.69152832, -0.405395508, -0.78708308, -0.40982347, -0.460772667, 0, 2, 3, 1, 
481.827352, 61, 0.1, 0.1, 0.00549538127, 0.376577, -0.0349778219, 0.873478467, -8.1377825e-006, 0.486862782, 0.486862782, 1.88446418e-006, -0.873478467, 6.19070231e-006, 1, 5.60802231e-006, 0.873478531, 3.33573786e-006, 0.486862665, 0.486862665, 9.1089176e-007, -0.873478531, -3.3571746e-006, 1, -8.2840183e-007, 0, 0, 0, 0, 0, 0, 0, 0.314947144, -0.135713574, -0.194027612, -0.333715971, 0.59256962, -0.73302893, -0.941894531, -0.239379883, 0.235229492, -0.0360071834, 0.769065078, 0.638276299, 0, 0, -0, 0, 0, 0, 0, 0.368730029, -0.074440332, -0.137383496, 0.152443624, 0.594557178, -0.789412579, 0.59765625, -0.69152832, -0.405395508, -0.78708308, -0.40982347, -0.460772667, 0, 2, 3, 1, 
481.828076, 61, 0.1, 0.1, 0.00549537087, 0.37657702, -0.034971061, 0.873478119, 5.60155832e-006, 0.486863406, 0.486863406, 4.5329319e-006, -0.873478119, -7.09975728e-006, 1, 1.23222307e-006, 0.873478195, 3.95446078e-006, 0.486863268, 0.486863268, -8.68455239e-007, -0.873478195, -3.03131631e-006, 1, -2.68385842e-006, 0, 0, 0, 0, 0, 0, 0, 0.315392285, -0.13711897, -0.19362583, -0.333363626, 0.58670113, -0.737987543, -0.941772461, -0.242431641, 0.232666016, -0.0423661781, 0.772589986, 0.633500029, 0, 0, -0, 0, 0, 0, 0, 0.368730029, -0.074440332, -0.137383496, 0.151351377, 0.593374512, -0.790358272, 0.600830078, -0.690185547, -0.403076172, -0.784865769, -0.413752797, -0.461117548, 0, 2, 3, 1, 
481.828769, 61, 0.1, 0.1, 0.00549535928, 0.376577039, -0.0349645091, 0.873477795, 3.78424551e-006, 0.486863987, 0.486863987, -7.69074987e-006, -0.873477795, 4.38894718e-007, 1, -8.5601121e-006, 0.873477857, 4.47231486e-006, 0.486863875, 0.486863875, -5.65841825e-006, -0.873477857, -1.15158857e-006, 1, -7.11991159e-006, 0, 0, 0, 0, 0, 0, 0, 0.315392285, -0.13711897, -0.19362583, -0.333363626, 0.58670113, -0.737987543, -0.941772461, -0.242431641, 0.232666016, -0.0423661781, 0.772589986, 0.633500029, 0, 0, -0, 0, 0, 0, 0, 0.368481152, -0.0754941895, -0.137006836, 0.151351377, 0.593374512, -0.790358272, 0.600830078, -0.690185547, -0.403076172, -0.784865769, -0.413752797, -0.461117548, 0, 2, 3, 1, 
481.829453, 61, 0.1, 0.1, 0.00549534967, 0.376577056, -0.0349600266, 0.873477474, -1.09388276e-006, 0.486864563, 0.486864563, -1.8195627e-006, -0.873477474, 1.84136255e-006, 1, -1.05677428e-006, 0.873477541, -1.0917119e-005, 0.486864442, 0.486864442, 4.31049858e-006, -0.873477541, 7.43722981e-006, 1, 9.08028078e-006, 0, 0, 0, 0, 0, 0, 0, 0.315392285, -0.13711897, -0.19362583, -0.333363626, 0.58670113, -0.737987543, -0.941772461, -0.242431641, 0.232666016, -0.0423661781, 0.772589986, 0.633500029, 0, 0, -0, 0, 0, 0, 0, 0.368481152, -0.0754941895, -0.137006836, 0.151351377, 0.593374512, -0.790358272, 0.600830078, -0.690185547, -0.403076172, -0.784865769, -0.413752797, -0.461117548, 0, 2, 3, 1, 
481.830147, 61, 0.1, 0.1, 0.00549533702, 0.376577073, -0.0349586383, 0.873477105, -1.28173921e-005, 0.486865225, 0.486865225, -7.56049057e-006, -0.873477105, 1.48766385e-005, 1, -3.63572937e-007, 0.873477178, 5.23259599e-007, 0.486865094, 0.486865094, 3.26064492e-006, -0.873477178, -2.04454951e-006, 1, 2.59334209e-006, 0, 0, 0, 0, 0, 0, 0, 0.315392285, -0.13711897, -0.19362583, -0.333363626, 0.58670113, -0.737987543, -0.941772461, -0.242431641, 0.232666016, -0.0423661781, 0.772589986, 0.633500029, 0, 0, -0, 0, 0, 0, 0, 0.368481152, -0.0754941895, -0.137006836, 0.151351377, 0.593374512, -0.790358272, 0.600830078, -0.690185547, -0.403076172, -0.784865769, -0.413752797, -0.461117548, 0, 2, 3, 1, 
481.830839, 61, 0.1, 0.1, 0.00549532893, 0.376577095, -0.0349606637, 0.873476757, 1.6244885e-005, 0.486865849, 0.486865849, 1.74916491e-006, -0.873476757, -1.50411381e-005, 1, -6.38122482e-006, 0.873476836, 1.07331311e-006, 0.486865708, 0.486865708, -1.23428981e-005, -0.873476836, 5.0718197e-006, 1, -1.1303795e-005, 0, 0, 0, 0, 0, 0, 0, 0.315392285, -0.13711897, -0.19362583, -0.333363626, 0.58670113, -0.737987543, -0.941772461, -0.242431641, 0.232666016, -0.0423661781, 0.772589986, 0.633500029, 0, 0, -0, 0, 0, 0, 0, 0.368481152, -0.0754941895, -0.137006836, 0.151351377, 0.593374512, -0.790358272, 0.600830078, -0.690185547, -0.403076172, -0.784865769, -0.413752797, -0.461117548, 0, 2, 3, 1, 
481.831528, 61, 0.1, 0.1, 0.00549531227, 0.376577108, -0.0349652466, 0.873476353, 4.49075918e-006, 0.486866574, 0.486866574, -6.01906411e-007, -0.873476353, -3.62952384e-006, 1, -2.71215155e-006, 0.873476424, 1.71454185e-005, 0.486866446, 0.486866446, 8.50542352e-006, -0.873476424, -1.91171241e-005, 1, -9.18242043e-007, 0, 0, 0, 0, 0, 0, 0, 0.315392285, -0.13711897, -0.19362583, -0.333363626, 0.58670113, -0.737987543, -0.941772461, -0.242431641, 0.232666016, -0.0423661781, 0.772589986, 0.633500029, 0, 0, -0, 0, 0, 0, 0, 0.368481152, -0.0754941895, -0.137006836, 0.151351377, 0.593374512, -0.790358272, 0.600830078, -0.690185547, -0.403076172, -0.784865769, -0.413752797, -0.461117548, 0, 2, 3, 1, 
481.832218, 61, 0.1, 0.1, 0.00549531085, 0.376577132, -0.0349709206, 0.873476016, -2.84825684e-005, 0.486867178, 0.486867178, -2.01821907e-005, -0.873476016, 3.47048866e-005, 0.999999999, -3.76143182e-006, 0.873476084, -3.08962268e-005, 0.486867056, 0.486867055, -2.57502939e-005, -0.873476084, 3.9524085e-005, 0.999999999, -7.44991093e-006, 0, 0, 0, 0, 0, 0, 0, 0.315392285, -0.13711897, -0.19362583, -0.333363626, 0.58670113, -0.737987543, -0.941772461, -0.242431641, 0.232666016, -0.0423661781, 0.772589986, 0.633500029, 0, 0, -0, 0, 0, 0, 0, 0.368481152, -0.0754941895, -0.137006836, 0.151351377, 0.593374512, -0.790358272, 0.600830078, -0.690185547, -0.403076172, -0.784865769, -0.413752797, -0.461117548, 0, 2, 3, 1, 
481.832942, 61, 0.1, 0.1, 0.00549529766, 0.376577148, -0.0349760136, 0.873475774, 3.44065008e-005, 0.486867612, 0.486867612, 8.14580049e-006, -0.873475774, -3.40191714e-005, 0.999999999, -9.6362515e-006, 0.873475802, 2.17248252e-005, 0.486867561, 0.486867561, 1.25690625e-005, -0.873475803, -2.5095578e-005, 1, 4.01659293e-007, 0, 0, 0, 0, 0, 0, 0, 0.315834131, -0.138527051, -0.193437158, -0.333024385, 0.580794448, -0.7427683, -0.94152832, -0.246337891, 0.229492188, -0.0495882408, 0.775873759, 0.629066366, 0, 0, -0, 0, 0, 0, 0, 0.368481152, -0.0754941895, -0.137006836, 0.14949244, 0.592511208, -0.791476406, 0.604492187, -0.688232422, -0.401000977, -0.782360811, -0.418385015, -0.460989583, 0, 2, 3, 1, 
481.833632, 61, 0.1, 0.1, 0.00549527805, 0.376577164, -0.0349785726, 0.873475673, 3.18201687e-006, 0.486867794, 0.486867794, 5.46658201e-006, -0.873475673, -5.44091705e-006, 1, 3.22570487e-006, 0.873475688, 2.00119026e-005, 0.486867766, 0.486867766, 3.69653746e-006, -0.873475688, -1.92796353e-005, 1, -6.51431469e-006, 0, 0, 0, 0, 0, 0, 0, 0.315834131, -0.138527051, -0.193437158, -0.333024385, 0.580794448, -0.7427683, -0.94152832, -0.246337891, 0.229492188, -0.0495882408, 0.775873759, 0.629066366, 0, 0, -0, 0, 0, 0, 0, 0.36841084, -0.076318457, -0.137078125, 0.14949244, 0.592511208, -0.791476406, 0.604492187, -0.688232422, -0.401000977, -0.782360811, -0.418385015, -0.460989583, 0, 2, 3, 1, 
481.834325, 61, 0.1, 0.1, 0.0054952772, 0.376577184, -0.0349784279, 0.873475502, -2.78236548e-005, 0.4868681, 0.486868099, -2.04886422e-005, -0.873475503, 3.42785471e-005, 0.999999999, -4.3498771e-006, 0.873475541, -3.32803102e-005, 0.486868029, 0.486868029, -1.3863326e-005, -0.873475542, 3.58191472e-005, 0.999999999, 4.09384285e-006, 0, 0, 0, 0, 0, 0, 0, 0.315834131, -0.138527051, -0.193437158, -0.333024385, 0.580794448, -0.7427683, -0.94152832, -0.246337891, 0.229492188, -0.0495882408, 0.775873759, 0.629066366, 0, 0, -0, 0, 0, 0, 0, 0.36841084, -0.076318457, -0.137078125, 0.14949244, 0.592511208, -0.791476406, 0.604492187, -0.688232422, -0.401000977, -0.782360811, -0.418385015, -0.460989583, 0, 2, 3, 1, 
