time, trialNum, realDorsalTactorPos, realVentralTactorPos, boxPosX, boxPosY, boxPosZ, boxLocalRot_11, boxLocalRot_12, boxLocalRot_13, boxLocalRot_21, boxLocalRot_22, boxLocalRot_23, boxLocalRot_31, boxLocalRot_32, boxLocalRot_33, boxGlobalRot_11, boxGlobalRot_12, boxGlobalRot_13, boxGlobalRot_21, boxGlobalRot_22, boxGlobalRot_23, boxGlobalRot_31, boxGlobalRot_32, boxGlobalRot_33, indexForceX, indexForceY, indexForceZ, indexForceGlobalX, indexForceGlobalY, indexForceGlobalZ, indexContact, indexPosX, indexPosY, indexPosZ, indexRot_11, indexRot_12, indexRot_13, indexRot_21, indexRot_22, indexRot_23, indexRot_31, indexRot_32, indexRot_33, thumbForceX, thumbForceY, thumbForceZ, thumbForceGlobalX, thumbForceGlobalY, thumbForceGlobalZ, thumbContact, thumbPosX, thumbPosY, thumbPosZ, thumbRot_11, thumbRot_12, thumbRot_13, thumbRot_21, thumbRot_22, thumbRot_23, thumbRot_31, thumbRot_32, thumbRot_33, manipForceTooHigh, cceExpType, mapping, trialSuccess, 
498.489556, 65, 0.1, 0.1, 0.00567287748, 0.365478332, -0.034990656, 0.934446996, 3.35236229e-006, 0.356102248, 0.356102248, 2.72667989e-005, -0.934446996, -1.28423733e-005, 1, 2.42855946e-005, 0.934446957, 7.09803417e-006, 0.35610235, 0.35610235, 3.40006808e-005, -0.934446957, -1.87404588e-005, 0.999999999, 2.92442061e-005, 0, 0, 0, 0, 0, 0, 0, 0.311283911, -0.189144556, -0.168522485, -0.225995491, 0.466361302, -0.855207023, -0.957397461, 0.0550537109, 0.283081055, 0.179037221, 0.88286079, 0.434173191, 0, 0, -0, 0, 0, 0, 0, 0.373087549, -0.130699512, -0.132149414, 0.186737507, 0.299127322, -0.935648859, 0.478881836, -0.85925293, -0.179077148, -0.857615245, -0.414607459, -0.303811954, 0, 2, 3, 1, 
498.496865, 65, 0.1, 0.1, 0.00567289577, 0.36547836, -0.0349844151, 0.93444688, -3.32869188e-005, 0.356102552, 0.356102552, -1.91508459e-005, -0.93444688, 3.79245225e-005, 0.999999999, -6.04189146e-006, 0.934446903, -3.21049354e-005, 0.356102491, 0.356102491, -1.08946596e-005, -0.934446904, 3.38799729e-005, 0.999999999, 1.25216654e-006, 0, 0, 0, 0, 0, 0, 0, 0.311376758, -0.191984351, -0.166967603, -0.232780589, 0.463093999, -0.855183057, -0.956298828, 0.05078125, 0.287719727, 0.176774893, 0.884861383, 0.431203189, 0, 0, -0, 0, 0, 0, 0, 0.373275732, -0.13182915, -0.131238867, 0.182431215, 0.300327845, -0.936146859, 0.482910156, -0.856689453, -0.180664062, -0.856349456, -0.41902276, -0.301409442, 0, 2, 3, 1, 
498.4976, 65, 0.1, 0.1, 0.00567290338, 0.365478366, -0.0349821322, 0.934446742, -3.8476565e-006, 0.356102915, 0.356102915, -4.82354139e-008, -0.934446742, 3.61260685e-006, 1, 1.32508827e-006, 0.934446774, -1.4505545e-005, 0.356102831, 0.356102831, -1.26207152e-005, -0.934446774, 1.80489322e-005, 1, -6.627921e-006, 0, 0, 0, 0, 0, 0, 0, 0.311376758, -0.191984351, -0.166967603, -0.236919195, 0.463798308, -0.85364676, -0.955566406, 0.046875, 0.290649414, 0.174834953, 0.884626239, 0.432319374, 0, 0, -0, 0, 0, 0, 0, 0.373275732, -0.13182915, -0.131238867, 0.182431215, 0.300327845, -0.936146859, 0.482910156, -0.856689453, -0.180664062, -0.856349456, -0.41902276, -0.301409442, 0, 2, 3, 1, 
498.498667, 65, 0.1, 0.1, 0.00567288596, 0.365478358, -0.0349692645, 0.934446674, 3.08666981e-005, 0.356103091, 0.356103091, 1.71362163e-005, -0.934446675, -3.4945543e-005, 0.999999999, 5.02115368e-006, 0.934446679, 4.21165559e-005, 0.356103079, 0.356103078, 1.40179226e-005, -0.93444668, -4.43475012e-005, 0.999999999, -1.89883399e-006, 0, 0, 0, 0, 0, 0, 0, 0.311829077, -0.192172314, -0.167332178, -0.236919195, 0.463798308, -0.85364676, -0.955566406, 0.046875, 0.290649414, 0.174834953, 0.884626239, 0.432319374, 0, 0, -0, 0, 0, 0, 0, 0.37355498, -0.132255127, -0.131220068, 0.179645542, 0.301458372, -0.936287217, 0.485351562, -0.854980469, -0.182128906, -0.855537558, -0.421604276, -0.300074024, 0, 2, 3, 1, 
498.499372, 65, 0.1, 0.1, 0.00567289294, 0.36547836, -0.0349598457, 0.934446655, -4.79743986e-005, 0.35610314, 0.35610314, -1.30998903e-005, -0.934446656, 4.94944285e-005, 0.999999999, 4.8426853e-006, 0.934446654, -4.03757738e-005, 0.356103145, 0.356103145, -9.95007932e-006, -0.934446655, 4.12722612e-005, 0.999999999, 5.08012167e-006, 0, 0, 0, 0, 0, 0, 0, 0.311829077, -0.192172314, -0.167332178, -0.236919195, 0.463798308, -0.85364676, -0.955566406, 0.046875, 0.290649414, 0.174834953, 0.884626239, 0.432319374, 0, 0, -0, 0, 0, 0, 0, 0.37355498, -0.132255127, -0.131220068, 0.179645542, 0.301458372, -0.936287217, 0.485351562, -0.854980469, -0.182128906, -0.855537558, -0.421604276, -0.300074024, 0, 2, 3, 1, 
498.500066, 65, 0.1, 0.1, 0.00567289957, 0.365478363, -0.0349543197, 0.934446657, 1.60672377e-005, 0.356103139, 0.356103139, 3.09263786e-006, -0.934446657, -1.61152746e-005, 1, -2.83168868e-006, 0.934446647, -9.51289017e-007, 0.356103165, 0.356103165, 5.25377987e-006, -0.934446647, -9.81958804e-007, 1, 5.24813401e-006, 0, 0, 0, 0, 0, 0, 0, 0.311829077, -0.192172314, -0.167332178, -0.236919195, 0.463798308, -0.85364676, -0.955566406, 0.046875, 0.290649414, 0.174834953, 0.884626239, 0.432319374, 0, 0, -0, 0, 0, 0, 0, 0.37355498, -0.132255127, -0.131220068, 0.179645542, 0.301458372, -0.936287217, 0.485351562, -0.854980469, -0.182128906, -0.855537558, -0.421604276, -0.300074024, 0, 2, 3, 1, 
498.500787, 65, 0.1, 0.1, 0.00567289782, 0.365478362, -0.0349533422, 0.934446669, -1.62651509e-005, 0.356103106, 0.356103106, -9.89014742e-006, -0.934446669, 1.87208283e-005, 1, -3.44974457e-006, 0.934446669, -7.21699003e-006, 0.356103108, 0.356103108, -6.10814623e-006, -0.934446669, 8.91902215e-006, 1, -3.13774431e-006, 0, 0, 0, 0, 0, 0, 0, 0.312995435, -0.191900244, -0.167474976, -0.240056192, 0.464762847, -0.852198829, -0.955566406, 0.0411376953, 0.291625977, 0.170635311, 0.884473471, 0.434438291, 0, 0, -0, 0, 0, 0, 0, 0.37409751, -0.13220166, -0.130756738, 0.177294435, 0.303259707, -0.936229614, 0.488525391, -0.852905273, -0.18371582, -0.854189014, -0.424729001, -0.299454256, 0, 2, 3, 1, 
498.501475, 65, 0.1, 0.1, 0.00567289876, 0.365478363, -0.0349572939, 0.934446697, 7.42678274e-006, 0.356103033, 0.356103033, 4.78789368e-006, -0.934446697, -8.64491607e-006, 1, 1.82933157e-006, 0.934446693, 1.08044504e-005, 0.356103043, 0.356103043, -1.2349404e-006, -0.934446693, -9.65641693e-006, 1, -5.00148364e-006, 0, 0, 0, 0, 0, 0, 0, 0.312995435, -0.191900244, -0.167474976, -0.240056192, 0.464762847, -0.852198829, -0.955566406, 0.0411376953, 0.291625977, 0.170635311, 0.884473471, 0.434438291, 0, 0, -0, 0, 0, 0, 0, 0.37409751, -0.13220166, -0.130756738, 0.177294435, 0.303259707, -0.936229614, 0.488525391, -0.852905273, -0.18371582, -0.854189014, -0.424729001, -0.299454256, 0, 2, 3, 1, 
498.502173, 65, 0.1, 0.1, 0.00567289851, 0.365478363, -0.0349646434, 0.934446677, -3.37250305e-006, 0.356103086, 0.356103086, -1.3370173e-006, -0.934446677, 3.62754026e-006, 1, -4.84126323e-008, 0.934446685, 3.32071115e-006, 0.356103064, 0.356103064, 1.3046189e-006, -0.934446685, -3.56760631e-006, 1, 3.6581396e-008, 0, 0, 0, 0, 0, 0, 0, 0.312995435, -0.191900244, -0.167474976, -0.240056192, 0.464762847, -0.852198829, -0.955566406, 0.0411376953, 0.291625977, 0.170635311, 0.884473471, 0.434438291, 0, 0, -0, 0, 0, 0, 0, 0.37409751, -0.13220166, -0.130756738, 0.177294435, 0.303259707, -0.936229614, 0.488525391, -0.852905273, -0.18371582, -0.854189014, -0.424729001, -0.299454256, 0, 2, 3, 1, 
498.502871, 65, 0.1, 0.1, 0.00567289829, 0.365478364, -0.0349727436, 0.934446658, 8.33727051e-006, 0.356103135, 0.356103135, -1.32189669e-005, -0.934446658, -3.08341902e-006, 1, -1.53213476e-005, 0.934446661, 7.03038623e-006, 0.356103129, 0.356103129, -8.3320902e-006, -0.934446661, -3.60243755e-006, 1, -1.02894364e-005, 0, 0, 0, 0, 0, 0, 0, 0.312995435, -0.191900244, -0.167474976, -0.240056192, 0.464762847, -0.852198829, -0.955566406, 0.0411376953, 0.291625977, 0.170635311, 0.884473471, 0.434438291, 0, 0, -0, 0, 0, 0, 0, 0.37409751, -0.13220166, -0.130756738, 0.177294435, 0.303259707, -0.936229614, 0.488525391, -0.852905273, -0.18371582, -0.854189014, -0.424729001, -0.299454256, 0, 2, 3, 1, 
498.503578, 65, 0.1, 0.1, 0.00567289891, 0.365478365, -0.034979166, 0.934446656, -9.50157982e-006, 0.356103142, 0.356103142, 1.60862751e-005, -0.934446656, 3.1503464e-006, 1, 1.84153084e-005, 0.934446661, -3.16897348e-006, 0.356103128, 0.356103128, 1.04514755e-005, -0.934446661, -7.60566446e-007, 1, 1.08948278e-005, 0, 0, 0, 0, 0, 0, 0, 0.312995435, -0.191900244, -0.167474976, -0.240056192, 0.464762847, -0.852198829, -0.955566406, 0.0411376953, 0.291625977, 0.170635311, 0.884473471, 0.434438291, 0, 0, -0, 0, 0, 0, 0, 0.37409751, -0.13220166, -0.130756738, 0.177294435, 0.303259707, -0.936229614, 0.488525391, -0.852905273, -0.18371582, -0.854189014, -0.424729001, -0.299454256, 0, 2, 3, 1, 
498.504285, 65, 0.1, 0.1, 0.00567290012, 0.365478359, -0.0349821131, 0.934446651, 5.89228898e-006, 0.356103154, 0.356103154, 2.40112901e-006, -0.934446651, -6.36107932e-006, 1, 1.45464275e-007, 0.934446647, 2.99266318e-006, 0.356103165, 0.356103165, 1.24443082e-005, -0.934446647, -7.22794162e-006, 1, 1.05628453e-005, 0, 0, 0, 0, 0, 0, 0, 0.312995435, -0.191900244, -0.167474976, -0.240056192, 0.464762847, -0.852198829, -0.955566406, 0.0411376953, 0.291625977, 0.170635311, 0.884473471, 0.434438291, 0, 0, -0, 0, 0, 0, 0, 0.37409751, -0.13220166, -0.130756738, 0.177294435, 0.303259707, -0.936229614, 0.488525391, -0.852905273, -0.18371582, -0.854189014, -0.424729001, -0.299454256, 0, 2, 3, 1, 
498.504996, 65, 0.1, 0.1, 0.00567289909, 0.365478368, -0.0349810864, 0.934446708, 3.74481879e-006, 0.356103006, 0.356103006, -2.59860617e-005, -0.934446707, 5.75438111e-006, 1, -2.56161311e-005, 0.934446695, 1.94007134e-006, 0.356103038, 0.356103038, -2.98679749e-005, -0.934446695, 8.82318335e-006, 1, -2.86008957e-005, 0, 0, 0, 0, 0, 0, 0, 0.312995435, -0.191900244, -0.167474976, -0.244069361, 0.464579, -0.851144801, -0.955444336, 0.0346679687, 0.29284668, 0.165585706, 0.884873366, 0.435630861, 0, 0, -0, 0, 0, 0, 0, 0.37409751, -0.13220166, -0.130756738, 0.177294435, 0.303259707, -0.936229614, 0.488525391, -0.852905273, -0.18371582, -0.854189014, -0.424729001, -0.299454256, 0, 2, 3, 1, 
498.505704, 65, 0.1, 0.1, 0.00567289975, 0.365478367, -0.0349764903, 0.934446724, -1.14025657e-005, 0.356102961, 0.356102962, 1.59563225e-005, -0.934446724, 4.97299648e-006, 1, 1.89708207e-005, 0.934446726, -8.78671283e-006, 0.356102957, 0.356102957, 1.24120498e-005, -0.934446726, 3.79074738e-006, 1, 1.47273738e-005, 0, 0, 0, 0, 0, 0, 0, 0.314114429, -0.191461938, -0.166970996, -0.244069361, 0.464579, -0.851144801, -0.955444336, 0.0346679687, 0.29284668, 0.165585706, 0.884873366, 0.435630861, 0, 0, -0, 0, 0, 0, 0, 0.374375293, -0.131953271, -0.130508105, 0.174336321, 0.304722356, -0.936235811, 0.491821289, -0.850585938, -0.185180664, -0.852904269, -0.428134809, -0.298227481, 0, 2, 3, 1, 
498.506711, 65, 0.1, 0.1, 0.00567289719, 0.365478368, -0.0349646177, 0.934446774, -2.93705373e-006, 0.356102832, 0.356102832, -1.32733435e-005, -0.934446774, 7.4711956e-006, 1, -1.13573399e-005, 0.934446753, 1.13880547e-005, 0.356102885, 0.356102885, -1.14610798e-005, -0.934446753, -6.56020717e-006, 1, -1.4765088e-005, 0, 0, 0, 0, 0, 0, 0, 0.314114429, -0.191461938, -0.166970996, -0.244069361, 0.464579, -0.851144801, -0.955444336, 0.0346679687, 0.29284668, 0.165585706, 0.884873366, 0.435630861, 0, 0, -0, 0, 0, 0, 0, 0.374375293, -0.131953271, -0.130508105, 0.174336321, 0.304722356, -0.936235811, 0.491821289, -0.850585938, -0.185180664, -0.852904269, -0.428134809, -0.298227481, 0, 2, 3, 1, 
498.507407, 65, 0.1, 0.1, 0.00567289936, 0.365478364, -0.0349568899, 0.934446903, -1.97167447e-006, 0.356102493, 0.356102493, 1.19750189e-005, -0.934446903, -2.42190899e-006, 1, 1.18921375e-005, 0.934446873, -8.1143678e-007, 0.356102572, 0.356102572, 2.16250653e-005, -0.934446873, -6.94249679e-006, 1, 2.04964293e-005, 0, 0, 0, 0, 0, 0, 0, 0.314114429, -0.191461938, -0.166970996, -0.244069361, 0.464579, -0.851144801, -0.955444336, 0.0346679687, 0.29284668, 0.165585706, 0.884873366, 0.435630861, 0, 0, -0, 0, 0, 0, 0, 0.374375293, -0.131953271, -0.130508105, 0.174336321, 0.304722356, -0.936235811, 0.491821289, -0.850585938, -0.185180664, -0.852904269, -0.428134809, -0.298227481, 0, 2, 3, 1, 
498.508097, 65, 0.1, 0.1, 0.00567290037, 0.365478365, -0.0349535793, 0.934447027, 2.74605906e-006, 0.356102168, 0.356102168, 1.59399487e-005, -0.934447027, -8.24229702e-006, 1, 1.39171601e-005, 0.934447011, 4.96261542e-006, 0.35610221, 0.35610221, -8.38364823e-007, -0.934447011, -4.33875758e-006, 1, -2.55060582e-006, 0, 0, 0, 0, 0, 0, 0, 0.314114429, -0.191461938, -0.166970996, -0.244069361, 0.464579, -0.851144801, -0.955444336, 0.0346679687, 0.29284668, 0.165585706, 0.884873366, 0.435630861, 0, 0, -0, 0, 0, 0, 0, 0.374375293, -0.131953271, -0.130508105, 0.174336321, 0.304722356, -0.936235811, 0.491821289, -0.850585938, -0.185180664, -0.852904269, -0.428134809, -0.298227481, 0, 2, 3, 1, 
498.508785, 65, 0.1, 0.1, 0.0056729023, 0.365478364, -0.0349552335, 0.934447039, 1.09765438e-005, 0.356102136, 0.356102136, -1.17923196e-005, -0.934447039, -6.05772869e-006, 1, -1.49280688e-005, 0.934447048, -3.75250117e-006, 0.356102113, 0.356102113, -8.23007905e-006, -0.934447048, 6.43726218e-006, 1, -6.35429947e-006, 0, 0, 0, 0, 0, 0, 0, 0.314114429, -0.191461938, -0.166970996, -0.244069361, 0.464579, -0.851144801, -0.955444336, 0.0346679687, 0.29284668, 0.165585706, 0.884873366, 0.435630861, 0, 0, -0, 0, 0, 0, 0, 0.374375293, -0.131953271, -0.130508105, 0.174336321, 0.304722356, -0.936235811, 0.491821289, -0.850585938, -0.185180664, -0.852904269, -0.428134809, -0.298227481, 0, 2, 3, 1, 
498.509471, 65, 0.1, 0.1, 0.00567290222, 0.365478363, -0.0349610557, 0.934446986, -6.41472455e-006, 0.356102275, 0.356102275, 1.13469405e-005, -0.934446986, 1.9535487e-006, 1, 1.28874123e-005, 0.934446995, -1.01064047e-005, 0.356102251, 0.356102252, 1.04303361e-005, -0.934446995, 5.72963333e-006, 1, 1.33455097e-005, 0, 0, 0, 0, 0, 0, 0, 0.314114429, -0.191461938, -0.166970996, -0.244069361, 0.464579, -0.851144801, -0.955444336, 0.0346679687, 0.29284668, 0.165585706, 0.884873366, 0.435630861, 0, 0, -0, 0, 0, 0, 0, 0.374375293, -0.131953271, -0.130508105, 0.174336321, 0.304722356, -0.936235811, 0.491821289, -0.850585938, -0.185180664, -0.852904269, -0.428134809, -0.298227481, 0, 2, 3, 1, 
498.510176, 65, 0.1, 0.1, 0.00567290015, 0.365478365, -0.03496893, 0.934446989, -8.38366784e-006, 0.356102267, 0.356102266, -1.39091461e-005, -0.934446989, 1.27871716e-005, 1, -1.00119166e-005, 0.934446982, 6.06845581e-006, 0.356102285, 0.356102286, -1.42488389e-005, -0.934446982, -5.96606127e-007, 1, -1.54757755e-005, 0, 0, 0, 0, 0, 0, 0, 0.314585303, -0.191265186, -0.16670918, -0.247707723, 0.464033451, -0.850427388, -0.955200195, 0.0291748047, 0.294189453, 0.16134188, 0.885330548, 0.436258786, 0, 0, -0, 0, 0, 0, 0, 0.374428125, -0.131933008, -0.130491016, 0.171390966, 0.306038084, -0.936363409, 0.494873047, -0.848510742, -0.186645508, -0.851740926, -0.431310574, -0.297013465, 0, 2, 3, 1, 
498.510866, 65, 0.1, 0.1, 0.00567290519, 0.365478367, -0.0349761564, 0.934447065, 2.20773112e-006, 0.356102069, 0.356102069, -5.19095654e-006, -0.934447065, -2.14497503e-007, 1, -5.63685172e-006, 0.934447048, -1.1342371e-005, 0.356102112, 0.356102112, -2.11472967e-006, -0.934447048, 1.13519048e-005, 1, 2.06293939e-006, 0, 0, 0, 0, 0, 0, 0, 0.314585303, -0.191265186, -0.16670918, -0.247707723, 0.464033451, -0.850427388, -0.955200195, 0.0291748047, 0.294189453, 0.16134188, 0.885330548, 0.436258786, 0, 0, -0, 0, 0, 0, 0, 0.374428125, -0.131933008, -0.130491016, 0.171390966, 0.306038084, -0.936363409, 0.494873047, -0.848510742, -0.186645508, -0.851740926, -0.431310574, -0.297013465, 0, 2, 3, 1, 
498.511561, 65, 0.1, 0.1, 0.00567290255, 0.365478367, -0.0349810156, 0.934447122, -2.97377211e-006, 0.356101917, 0.356101917, 5.27254448e-006, -0.934447122, 9.01269595e-007, 1, 5.98587996e-006, 0.934447116, 5.37979011e-006, 0.356101934, 0.356101934, 4.52586027e-006, -0.934447116, -6.63879695e-006, 1, 2.31342341e-006, 0, 0, 0, 0, 0, 0, 0, 0.314585303, -0.191265186, -0.16670918, -0.247707723, 0.464033451, -0.850427388, -0.955200195, 0.0291748047, 0.294189453, 0.16134188, 0.885330548, 0.436258786, 0, 0, -0, 0, 0, 0, 0, 0.374428125, -0.131933008, -0.130491016, 0.171390966, 0.306038084, -0.936363409, 0.494873047, -0.848510742, -0.186645508, -0.851740926, -0.431310574, -0.297013465, 0, 2, 3, 1, 
498.512254, 65, 0.1, 0.1, 0.00567290289, 0.365478367, -0.0349822273, 0.93444713, 6.31551132e-006, 0.356101897, 0.356101897, -2.79780422e-006, -0.93444713, -4.90520804e-006, 1, -4.86336568e-006, 0.934447132, 4.45489936e-006, 0.356101892, 0.356101892, -4.24363707e-006, -0.934447132, -2.65170074e-006, 1, -5.55185258e-006, 0, 0, 0, 0, 0, 0, 0, 0.314585303, -0.191265186, -0.16670918, -0.247707723, 0.464033451, -0.850427388, -0.955200195, 0.0291748047, 0.294189453, 0.16134188, 0.885330548, 0.436258786, 0, 0, -0, 0, 0, 0, 0, 0.374428125, -0.131933008, -0.130491016, 0.171390966, 0.306038084, -0.936363409, 0.494873047, -0.848510742, -0.186645508, -0.851740926, -0.431310574, -0.297013465, 0, 2, 3, 1, 
498.512967, 65, 0.1, 0.1, 0.00567290366, 0.365478365, -0.034979487, 0.934447118, -2.39383923e-006, 0.35610193, 0.35610193, 4.19217087e-006, -0.934447118, 7.44076026e-007, 1, 4.76981276e-006, 0.934447118, -2.87255541e-006, 0.356101927, 0.356101927, 8.73163311e-006, -0.934447118, -4.25100256e-007, 1, 9.18217192e-006, 0, 0, 0, 0, 0, 0, 0, 0.314585303, -0.191265186, -0.16670918, -0.247707723, 0.464033451, -0.850427388, -0.955200195, 0.0291748047, 0.294189453, 0.16134188, 0.885330548, 0.436258786, 0, 0, -0, 0, 0, 0, 0, 0.374499512, -0.130995361, -0.130242627, 0.168490454, 0.308088418, -0.936184405, 0.499267578, -0.845581055, -0.188354492, -0.849836413, -0.435636555, -0.296380937, 0, 2, 3, 1, 
498.513669, 65, 0.1, 0.1, 0.00567290404, 0.365478366, -0.0349739661, 0.934447122, -4.39418583e-006, 0.356101918, 0.356101918, 7.40895357e-006, -0.934447122, 1.46779173e-006, 1, 8.48805334e-006, 0.934447117, -4.72098143e-006, 0.35610193, 0.35610193, -2.97349575e-006, -0.934447117, 5.47037506e-006, 1, -1.09742393e-006, 0, 0, 0, 0, 0, 0, 0, 0.314585303, -0.191265186, -0.16670918, -0.247707723, 0.464033451, -0.850427388, -0.955200195, 0.0291748047, 0.294189453, 0.16134188, 0.885330548, 0.436258786, 0, 0, -0, 0, 0, 0, 0, 0.374499512, -0.130995361, -0.130242627, 0.168490454, 0.308088418, -0.936184405, 0.499267578, -0.845581055, -0.188354492, -0.849836413, -0.435636555, -0.296380937, 0, 2, 3, 1, 
498.51436, 65, 0.1, 0.1, 0.00567290344, 0.365478365, -0.034967613, 0.934447185, -7.27264697e-006, 0.356101754, 0.356101753, -1.65218182e-005, -0.934447185, 1.26793529e-005, 1, -1.28489641e-005, 0.934447166, 2.86125381e-006, 0.356101803, 0.356101803, -6.76780206e-006, -0.934447166, -2.63664002e-007, 1, -7.34305109e-006, 0, 0, 0, 0, 0, 0, 0, 0.314585303, -0.191265186, -0.16670918, -0.247707723, 0.464033451, -0.850427388, -0.955200195, 0.0291748047, 0.294189453, 0.16134188, 0.885330548, 0.436258786, 0, 0, -0, 0, 0, 0, 0, 0.374499512, -0.130995361, -0.130242627, 0.168490454, 0.308088418, -0.936184405, 0.499267578, -0.845581055, -0.188354492, -0.849836413, -0.435636555, -0.296380937, 0, 2, 3, 1, 
498.515066, 65, 0.1, 0.1, 0.00567290667, 0.365478365, -0.0349621074, 0.934447318, 2.59062005e-006, 0.356101404, 0.356101404, 1.46984462e-005, -0.934447318, -7.65493528e-006, 1, 1.28124002e-005, 0.934447286, -3.69384618e-006, 0.356101488, 0.356101488, 1.38121071e-005, -0.934447286, -1.46680734e-006, 1, 1.42220701e-005, 0, 0, 0, 0, 0, 0, 0, 0.314633374, -0.190621948, -0.166448706, -0.250907999, 0.463487902, -0.84972907, -0.955078125, 0.0242919922, 0.295288086, 0.157523036, 0.88578773, 0.436766143, 0, 0, -0, 0, 0, 0, 0, 0.374499512, -0.130995361, -0.130242627, 0.168490454, 0.308088418, -0.936184405, 0.499267578, -0.845581055, -0.188354492, -0.849836413, -0.435636555, -0.296380937, 0, 2, 3, 1, 
498.515762, 65, 0.1, 0.1, 0.00567290468, 0.365478368, -0.0349592028, 0.934447478, 6.45958605e-006, 0.356100985, 0.356100985, -7.42057872e-006, -0.934447478, -3.3936685e-006, 1, -9.23440602e-006, 0.934447451, 1.03034848e-005, 0.356101054, 0.356101054, -1.4468625e-005, -0.934447451, -4.47577249e-006, 1, -1.71892516e-005, 0, 0, 0, 0, 0, 0, 0, 0.314633374, -0.190621948, -0.166448706, -0.250907999, 0.463487902, -0.84972907, -0.955078125, 0.0242919922, 0.295288086, 0.157523036, 0.88578773, 0.436766143, 0, 0, -0, 0, 0, 0, 0, 0.374499512, -0.130995361, -0.130242627, 0.168490454, 0.308088418, -0.936184405, 0.499267578, -0.845581055, -0.188354492, -0.849836413, -0.435636555, -0.296380937, 0, 2, 3, 1, 
498.516456, 65, 0.1, 0.1, 0.00567290574, 0.365478366, -0.0349595659, 0.934447605, 8.68624015e-006, 0.35610065, 0.35610065, -7.27089822e-006, -0.934447605, -5.52766473e-006, 1, -9.8874492e-006, 0.934447581, -2.25587403e-006, 0.356100713, 0.356100714, 4.29557797e-006, -0.934447581, 5.78337655e-007, 1, 4.81731079e-006, 0, 0, 0, 0, 0, 0, 0, 0.314633374, -0.190621948, -0.166448706, -0.250907999, 0.463487902, -0.84972907, -0.955078125, 0.0242919922, 0.295288086, 0.157523036, 0.88578773, 0.436766143, 0, 0, -0, 0, 0, 0, 0, 0.374499512, -0.130995361, -0.130242627, 0.168490454, 0.308088418, -0.936184405, 0.499267578, -0.845581055, -0.188354492, -0.849836413, -0.435636555, -0.296380937, 0, 2, 3, 1, 
498.517165, 65, 0.1, 0.1, 0.00567290511, 0.365478368, -0.0349629203, 0.934447756, -3.2691689e-006, 0.356100255, 0.356100255, 1.24937181e-005, -0.934447756, -1.39414868e-006, 1, 1.28388788e-005, 0.934447724, 8.62568411e-008, 0.356100338, 0.356100338, 5.65843018e-006, -0.934447724, -2.09557141e-006, 1, 5.25679111e-006, 0, 0, 0, 0, 0, 0, 0, 0.314633374, -0.190621948, -0.166448706, -0.255205365, 0.464978895, -0.847678302, -0.954223633, 0.0197753906, 0.298095703, 0.155361058, 0.885057212, 0.43878958, 0, 0, -0, 0, 0, 0, 0, 0.374499512, -0.130995361, -0.130242627, 0.168490454, 0.308088418, -0.936184405, 0.499267578, -0.845581055, -0.188354492, -0.849836413, -0.435636555, -0.296380937, 0, 2, 3, 1, 
498.517874, 65, 0.1, 0.1, 0.00567290426, 0.365478368, -0.0349677314, 0.93444785, 1.81421763e-005, 0.356100007, 0.356100007, -4.80493769e-006, -0.93444785, -1.52418793e-005, 1, -1.09503928e-005, 0.934447839, 1.35495847e-005, 0.356100035, 0.356100036, -6.9380296e-006, -0.934447839, -1.01907476e-005, 1, -1.13082344e-005, 0, 0, 0, 0, 0, 0, 0, 0.314407178, -0.190101489, -0.167007471, -0.255205365, 0.464978895, -0.847678302, -0.954223633, 0.0197753906, 0.298095703, 0.155361058, 0.885057212, 0.43878958, 0, 0, -0, 0, 0, 0, 0, 0.374656201, -0.130201123, -0.130861816, 0.163685796, 0.311193087, -0.936011598, 0.503173828, -0.842529297, -0.192138672, -0.848500263, -0.439483494, -0.294521634, 0, 2, 3, 1, 
498.518569, 65, 0.1, 0.1, 0.00567290507, 0.365478366, -0.0349727083, 0.934447864, -1.19986261e-005, 0.35609997, 0.35609997, 1.2022807e-006, -0.934447864, 1.07839584e-005, 1, 5.39617903e-006, 0.934447867, -1.28182233e-005, 0.356099962, 0.356099962, 6.42614453e-006, -0.934447867, 9.68961164e-006, 1, 1.05694659e-005, 0, 0, 0, 0, 0, 0, 0, 0.314407178, -0.190101489, -0.167007471, -0.255205365, 0.464978895, -0.847678302, -0.954223633, 0.0197753906, 0.298095703, 0.155361058, 0.885057212, 0.43878958, 0, 0, -0, 0, 0, 0, 0, 0.374656201, -0.130201123, -0.130861816, 0.163685796, 0.311193087, -0.936011598, 0.503173828, -0.842529297, -0.192138672, -0.848500263, -0.439483494, -0.294521634, 0, 2, 3, 1, 
498.519261, 65, 0.1, 0.1, 0.0056729044, 0.365478367, -0.0349764776, 0.934447816, -2.05804661e-006, 0.356100096, 0.356100096, 3.50727519e-006, -0.934447816, 6.74196124e-007, 1, 4.01023624e-006, 0.934447829, 5.42127488e-006, 0.356100064, 0.356100064, -2.62828108e-006, -0.934447829, -4.12996748e-006, 1, -4.38650788e-006, 0, 0, 0, 0, 0, 0, 0, 0.314407178, -0.190101489, -0.167007471, -0.255205365, 0.464978895, -0.847678302, -0.954223633, 0.0197753906, 0.298095703, 0.155361058, 0.885057212, 0.43878958, 0, 0, -0, 0, 0, 0, 0, 0.374656201, -0.130201123, -0.130861816, 0.163685796, 0.311193087, -0.936011598, 0.503173828, -0.842529297, -0.192138672, -0.848500263, -0.439483494, -0.294521634, 0, 2, 3, 1, 
498.519954, 65, 0.1, 0.1, 0.00567290499, 0.365478367, -0.0349780408, 0.934447774, -9.37862274e-007, 0.356100208, 0.356100208, -9.01498446e-006, -0.934447774, 4.08662115e-006, 1, -8.0900592e-006, 0.934447781, -1.68000159e-006, 0.356100188, 0.356100188, -5.31148892e-006, -0.934447781, 3.46129596e-006, 1, -4.36506016e-006, 0, 0, 0, 0, 0, 0, 0, 0.314407178, -0.190101489, -0.167007471, -0.255205365, 0.464978895, -0.847678302, -0.954223633, 0.0197753906, 0.298095703, 0.155361058, 0.885057212, 0.43878958, 0, 0, -0, 0, 0, 0, 0, 0.374656201, -0.130201123, -0.130861816, 0.163685796, 0.311193087, -0.936011598, 0.503173828, -0.842529297, -0.192138672, -0.848500263, -0.439483494, -0.294521634, 0, 2, 3, 1, 
498.52066, 65, 0.1, 0.1, 0.00567290385, 0.365478366, -0.0349769692, 0.934447713, -1.71426874e-006, 0.356100368, 0.356100368, 8.37821441e-006, -0.934447713, -1.38159073e-006, 1, 8.43945502e-006, 0.934447729, 3.35233241e-006, 0.356100327, 0.356100326, 1.09815725e-005, -0.934447729, -7.04312097e-006, 1, 9.06793884e-006, 0, 0, 0, 0, 0, 0, 0, 0.314407178, -0.190101489, -0.167007471, -0.255205365, 0.464978895, -0.847678302, -0.954223633, 0.0197753906, 0.298095703, 0.155361058, 0.885057212, 0.43878958, 0, 0, -0, 0, 0, 0, 0, 0.374656201, -0.130201123, -0.130861816, 0.163685796, 0.311193087, -0.936011598, 0.503173828, -0.842529297, -0.192138672, -0.848500263, -0.439483494, -0.294521634, 0, 2, 3, 1, 
498.521356, 65, 0.1, 0.1, 0.00567290588, 0.365478368, -0.0349737994, 0.934447605, 2.71236516e-006, 0.35610065, 0.35610065, -3.10759464e-006, -0.934447605, -1.42794666e-006, 1, -3.86975936e-006, 0.93444763, -4.16899679e-006, 0.356100586, 0.356100586, -1.14565755e-005, -0.93444763, 7.97540242e-006, 1, -9.22098766e-006, 0, 0, 0, 0, 0, 0, 0, 0.314407178, -0.190101489, -0.167007471, -0.255205365, 0.464978895, -0.847678302, -0.954223633, 0.0197753906, 0.298095703, 0.155361058, 0.885057212, 0.43878958, 0, 0, -0, 0, 0, 0, 0, 0.374656201, -0.130201123, -0.130861816, 0.163685796, 0.311193087, -0.936011598, 0.503173828, -0.842529297, -0.192138672, -0.848500263, -0.439483494, -0.294521634, 0, 2, 3, 1, 
498.522088, 65, 0.1, 0.1, 0.00567290565, 0.365478367, -0.0349691819, 0.934447442, 7.05529724e-006, 0.356101077, 0.356101077, -8.28542985e-006, -0.934447442, -3.64235396e-006, 1, -1.02546977e-005, 0.934447479, -2.60940038e-006, 0.35610098, 0.35610098, 1.63758863e-006, -0.934447479, 1.85520069e-006, 1, 2.4594506e-006, 0, 0, 0, 0, 0, 0, 0, 0.314465869, -0.18986604, -0.167395728, -0.258322144, 0.465220029, -0.846580091, -0.953613281, 0.0164794922, 0.300170898, 0.153630052, 0.88501902, 0.439480784, 0, 0, -0, 0, 0, 0, 0, 0.374656201, -0.130201123, -0.130861816, 0.160548678, 0.312406737, -0.936177475, 0.505126953, -0.840820313, -0.193969727, -0.847848045, -0.441688045, -0.292943413, 0, 2, 3, 1, 
498.522783, 65, 0.1, 0.1, 0.00567290506, 0.365478368, -0.0349649724, 0.934447313, -2.01305175e-006, 0.356101418, 0.356101418, 1.12441326e-005, -0.934447312, -2.12296076e-006, 1, 1.12239001e-005, 0.934447336, 5.23875957e-007, 0.356101357, 0.356101357, 5.74400263e-006, -0.934447336, -2.53498163e-006, 1, 5.18091502e-006, 0, 0, 0, 0, 0, 0, 0, 0.314465869, -0.18986604, -0.167395728, -0.258322144, 0.465220029, -0.846580091, -0.953613281, 0.0164794922, 0.300170898, 0.153630052, 0.88501902, 0.439480784, 0, 0, -0, 0, 0, 0, 0, 0.374685596, -0.129943945, -0.131286084, 0.160548678, 0.312406737, -0.936177475, 0.505126953, -0.840820313, -0.193969727, -0.847848045, -0.441688045, -0.292943413, 0, 2, 3, 1, 
498.523478, 65, 0.1, 0.1, 0.00567290502, 0.36547837, -0.034962421, 0.934447183, 1.21091467e-006, 0.356101759, 0.356101759, -1.54454405e-005, -0.934447183, 4.36861271e-006, 1, -1.48641572e-005, 0.934447206, 7.63497759e-006, 0.356101698, 0.356101698, -1.41632174e-005, -0.934447206, -2.09093773e-006, 1, -1.59536074e-005, 0, 0, 0, 0, 0, 0, 0, 0.314465869, -0.18986604, -0.167395728, -0.258322144, 0.465220029, -0.846580091, -0.953613281, 0.0164794922, 0.300170898, 0.153630052, 0.88501902, 0.439480784, 0, 0, -0, 0, 0, 0, 0, 0.374685596, -0.129943945, -0.131286084, 0.160548678, 0.312406737, -0.936177475, 0.505126953, -0.840820313, -0.193969727, -0.847848045, -0.441688045, -0.292943413, 0, 2, 3, 1, 
498.524175, 65, 0.1, 0.1, 0.00567290619, 0.365478367, -0.0349621428, 0.934447085, -5.02369622e-006, 0.356102015, 0.356102016, 5.98406418e-006, -0.934447085, 2.56344097e-006, 1, 7.38073968e-006, 0.934447107, -8.01395935e-006, 0.356101957, 0.356101957, 1.24783446e-005, -0.934447107, 3.04505818e-006, 1, 1.45141397e-005, 0, 0, 0, 0, 0, 0, 0, 0.314465869, -0.18986604, -0.167395728, -0.258322144, 0.465220029, -0.846580091, -0.953613281, 0.0164794922, 0.300170898, 0.153630052, 0.88501902, 0.439480784, 0, 0, -0, 0, 0, 0, 0, 0.374685596, -0.129943945, -0.131286084, 0.160548678, 0.312406737, -0.936177475, 0.505126953, -0.840820313, -0.193969727, -0.847848045, -0.441688045, -0.292943413, 0, 2, 3, 1, 
498.52487, 65, 0.1, 0.1, 0.00567290458, 0.365478369, -0.0349640796, 0.934446992, 2.83941953e-006, 0.35610226, 0.35610226, 9.79709787e-006, -0.934446992, -6.14205573e-006, 1, 8.14374493e-006, 0.934447005, 1.24106503e-006, 0.356102226, 0.356102226, -4.85228166e-006, -0.934447005, 5.68198795e-007, 1, -4.97614608e-006, 0, 0, 0, 0, 0, 0, 0, 0.314465869, -0.18986604, -0.167395728, -0.258322144, 0.465220029, -0.846580091, -0.953613281, 0.0164794922, 0.300170898, 0.153630052, 0.88501902, 0.439480784, 0, 0, -0, 0, 0, 0, 0, 0.374685596, -0.129943945, -0.131286084, 0.160548678, 0.312406737, -0.936177475, 0.505126953, -0.840820313, -0.193969727, -0.847848045, -0.441688045, -0.292943413, 0, 2, 3, 1, 
498.525568, 65, 0.1, 0.1, 0.00567290716, 0.365478368, -0.0349675354, 0.934446894, -8.98303434e-006, 0.356102516, 0.356102516, -1.38713939e-005, -0.934446894, 1.33338068e-005, 1, -9.76319986e-006, 0.934446919, -1.2448034e-005, 0.35610245, 0.35610245, -8.92820582e-006, -0.934446919, 1.4811383e-005, 1, -3.91015902e-006, 0, 0, 0, 0, 0, 0, 0, 0.314465869, -0.18986604, -0.167395728, -0.258322144, 0.465220029, -0.846580091, -0.953613281, 0.0164794922, 0.300170898, 0.153630052, 0.88501902, 0.439480784, 0, 0, -0, 0, 0, 0, 0, 0.374685596, -0.129943945, -0.131286084, 0.160548678, 0.312406737, -0.936177475, 0.505126953, -0.840820313, -0.193969727, -0.847848045, -0.441688045, -0.292943413, 0, 2, 3, 1, 
498.526264, 65, 0.1, 0.1, 0.0056729053, 0.365478366, -0.034971361, 0.934446735, 4.10348144e-006, 0.356102933, 0.356102933, 1.34653664e-005, -0.934446735, -8.62954131e-006, 1, 1.11214059e-005, 0.93444677, 8.3539875e-006, 0.356102841, 0.356102841, 1.52544504e-005, -0.93444677, -1.32385098e-005, 1, 1.12795933e-005, 0, 0, 0, 0, 0, 0, 0, 0.314465869, -0.18986604, -0.167395728, -0.258322144, 0.465220029, -0.846580091, -0.953613281, 0.0164794922, 0.300170898, 0.153630052, 0.88501902, 0.439480784, 0, 0, -0, 0, 0, 0, 0, 0.374685596, -0.129943945, -0.131286084, 0.160548678, 0.312406737, -0.936177475, 0.505126953, -0.840820313, -0.193969727, -0.847848045, -0.441688045, -0.292943413, 0, 2, 3, 1, 
498.526987, 65, 0.1, 0.1, 0.00567290523, 0.365478368, -0.0349743687, 0.934446527, 3.11700667e-006, 0.35610348, 0.35610348, -3.52687468e-006, -0.934446527, -1.65674371e-006, 1, -4.40565271e-006, 0.934446573, 4.36582439e-006, 0.356103359, 0.356103359, -8.58503287e-006, -0.934446573, -1.02247059e-006, 1, -9.57693928e-006, 0, 0, 0, 0, 0, 0, 0, 0.313933081, -0.190759009, -0.167593823, -0.260123542, 0.465220029, -0.846053638, -0.952880859, 0.0174560547, 0.302490234, 0.155522061, 0.88501902, 0.438903034, 0, 0, -0, 0, 0, 0, 0, 0.374685596, -0.129943945, -0.131286084, 0.158050283, 0.312540898, -0.936541313, 0.504760742, -0.840698242, -0.1953125, -0.848601608, -0.441796687, -0.290649542, 0, 2, 3, 1, 
498.527689, 65, 0.1, 0.1, 0.00567290565, 0.365478366, -0.0349754797, 0.934446336, 1.39205493e-006, 0.356103981, 0.356103981, -5.47444672e-006, -0.934446336, 6.48671639e-007, 1, -5.61129298e-006, 0.934446369, 1.91154274e-006, 0.356103895, 0.356103895, 4.59167733e-006, -0.934446369, -3.42134835e-006, 1, 3.60996839e-006, 0, 0, 0, 0, 0, 0, 0, 0.313933081, -0.190759009, -0.167593823, -0.260123542, 0.465220029, -0.846053638, -0.952880859, 0.0174560547, 0.302490234, 0.155522061, 0.88501902, 0.438903034, 0, 0, -0, 0, 0, 0, 0, 0.374281201, -0.130830322, -0.131708398, 0.158050283, 0.312540898, -0.936541313, 0.504760742, -0.840698242, -0.1953125, -0.848601608, -0.441796687, -0.290649542, 0, 2, 3, 1, 
498.528386, 65, 0.1, 0.1, 0.00567290541, 0.365478367, -0.0349747564, 0.93444616, -1.10683446e-005, 0.356104443, 0.356104443, 5.16431794e-006, -0.93444616, 8.5037355e-006, 1, 8.76726374e-006, 0.934446199, -1.58447163e-006, 0.356104341, 0.356104341, 4.23352571e-006, -0.934446199, -2.69733846e-008, 1, 4.52023923e-006, 0, 0, 0, 0, 0, 0, 0, 0.313933081, -0.190759009, -0.167593823, -0.260123542, 0.465220029, -0.846053638, -0.952880859, 0.0174560547, 0.302490234, 0.155522061, 0.88501902, 0.438903034, 0, 0, -0, 0, 0, 0, 0, 0.374281201, -0.130830322, -0.131708398, 0.158050283, 0.312540898, -0.936541313, 0.504760742, -0.840698242, -0.1953125, -0.848601608, -0.441796687, -0.290649542, 0, 2, 3, 1, 
498.529091, 65, 0.1, 0.1, 0.00567290584, 0.365478368, -0.0349724251, 0.934445948, 1.38917416e-005, 0.356104998, 0.356104998, -5.1483056e-006, -0.934445948, -1.11477443e-005, 1, -9.75773195e-006, 0.934445993, 9.23265583e-006, 0.35610488, 0.35610488, -8.01007067e-006, -0.934445993, -5.77499299e-006, 1, -1.07727722e-005, 0, 0, 0, 0, 0, 0, 0, 0.313933081, -0.190759009, -0.167593823, -0.260123542, 0.465220029, -0.846053638, -0.952880859, 0.0174560547, 0.302490234, 0.155522061, 0.88501902, 0.438903034, 0, 0, -0, 0, 0, 0, 0, 0.374281201, -0.130830322, -0.131708398, 0.158050283, 0.312540898, -0.936541313, 0.504760742, -0.840698242, -0.1953125, -0.848601608, -0.441796687, -0.290649542, 0, 2, 3, 1, 
498.529813, 65, 0.1, 0.1, 0.00567290737, 0.365478366, -0.0349691146, 0.934445689, -1.07759405e-005, 0.356105677, 0.356105677, 1.68114172e-006, -0.93444569, 9.47086708e-006, 1, 5.40830924e-006, 0.934445742, -1.41144994e-005, 0.356105539, 0.356105539, 7.47325867e-006, -0.934445742, 1.0527965e-005, 1, 1.20096062e-005, 0, 0, 0, 0, 0, 0, 0, 0.314009741, -0.192246411, -0.166145386, -0.258594358, 0.462238044, -0.848117511, -0.953369141, 0.0187988281, 0.301025391, 0.155032678, 0.886480056, 0.436016529, 0, 0, -0, 0, 0, 0, 0, 0.374342725, -0.131596484, -0.130618799, 0.158874575, 0.31124376, -0.936892758, 0.505004883, -0.840942383, -0.193847656, -0.848269486, -0.44230125, -0.290809223, 0, 2, 3, 1, 
498.530511, 65, 0.1, 0.1, 0.0056729038, 0.365478367, -0.0349661713, 0.9344454, 4.70727282e-006, 0.356106436, 0.356106436, 9.45265015e-006, -0.9344454, -7.76483899e-006, 1, 7.1566953e-006, 0.93444546, 1.5532829e-005, 0.356106279, 0.356106279, 5.33084505e-007, -0.93444546, -1.47044163e-005, 1, -5.03319952e-006, 0, 0, 0, 0, 0, 0, 0, 0.314009741, -0.192246411, -0.166145386, -0.258594358, 0.462238044, -0.848117511, -0.953369141, 0.0187988281, 0.301025391, 0.155032678, 0.886480056, 0.436016529, 0, 0, -0, 0, 0, 0, 0, 0.374342725, -0.131596484, -0.130618799, 0.158874575, 0.31124376, -0.936892758, 0.505004883, -0.840942383, -0.193847656, -0.848269486, -0.44230125, -0.290809223, 0, 2, 3, 1, 
498.531208, 65, 0.1, 0.1, 0.00567290548, 0.365478367, -0.03496441, 0.934445065, 1.31835735e-005, 0.356107316, 0.356107316, -1.11211719e-005, -0.934445065, -8.35899448e-006, 1, -1.50868912e-005, 0.934445137, -9.98339851e-007, 0.356107126, 0.356107126, -9.787364e-006, -0.934445137, 4.41824389e-006, 1, -8.79023876e-006, 0, 0, 0, 0, 0, 0, 0, 0.314009741, -0.192246411, -0.166145386, -0.258594358, 0.462238044, -0.848117511, -0.953369141, 0.0187988281, 0.301025391, 0.155032678, 0.886480056, 0.436016529, 0, 0, -0, 0, 0, 0, 0, 0.374342725, -0.131596484, -0.130618799, 0.158874575, 0.31124376, -0.936892758, 0.505004883, -0.840942383, -0.193847656, -0.848269486, -0.44230125, -0.290809223, 0, 2, 3, 1, 
498.531903, 65, 0.1, 0.1, 0.00567290475, 0.365478366, -0.0349642883, 0.934444692, -1.65661301e-005, 0.356108294, 0.356108294, 5.9939781e-006, -0.934444692, 1.3345627e-005, 1, 1.15003773e-005, 0.93444477, -1.06267771e-005, 0.356108091, 0.356108091, 8.77098073e-006, -0.93444477, 6.80671908e-006, 1, 1.19802784e-005, 0, 0, 0, 0, 0, 0, 0, 0.314009741, -0.192246411, -0.166145386, -0.258594358, 0.462238044, -0.848117511, -0.953369141, 0.0187988281, 0.301025391, 0.155032678, 0.886480056, 0.436016529, 0, 0, -0, 0, 0, 0, 0, 0.374342725, -0.131596484, -0.130618799, 0.158874575, 0.31124376, -0.936892758, 0.505004883, -0.840942383, -0.193847656, -0.848269486, -0.44230125, -0.290809223, 0, 2, 3, 1, 
498.532599, 65, 0.1, 0.1, 0.0056729033, 0.365478368, -0.0349657443, 0.934444286, 1.28009774e-005, 0.356109359, 0.356109359, -7.34295017e-007, -0.934444287, -1.17003108e-005, 1, -5.24470563e-006, 0.93444437, 1.5629428e-005, 0.356109139, 0.356109139, -7.37341795e-006, -0.93444437, -1.19790895e-005, 1, -1.2455831e-005, 0, 0, 0, 0, 0, 0, 0, 0.314009741, -0.192246411, -0.166145386, -0.258594358, 0.462238044, -0.848117511, -0.953369141, 0.0187988281, 0.301025391, 0.155032678, 0.886480056, 0.436016529, 0, 0, -0, 0, 0, 0, 0, 0.374342725, -0.131596484, -0.130618799, 0.158874575, 0.31124376, -0.936892758, 0.505004883, -0.840942383, -0.193847656, -0.848269486, -0.44230125, -0.290809223, 0, 2, 3, 1, 
498.533299, 65, 0.1, 0.1, 0.00567290646, 0.365478366, -0.0349682398, 0.934443852, -4.66949643e-006, 0.356110498, 0.356110498, -5.85393762e-006, -0.934443852, 6.44803088e-006, 1, -3.80731931e-006, 0.934443939, -1.43862486e-005, 0.356110269, 0.35611027, 2.65442649e-006, -0.934443939, 1.24978742e-005, 1, 7.6035036e-006, 0, 0, 0, 0, 0, 0, 0, 0.314009741, -0.192246411, -0.166145386, -0.258594358, 0.462238044, -0.848117511, -0.953369141, 0.0187988281, 0.301025391, 0.155032678, 0.886480056, 0.436016529, 0, 0, -0, 0, 0, 0, 0, 0.374342725, -0.131596484, -0.130618799, 0.158874575, 0.31124376, -0.936892758, 0.505004883, -0.840942383, -0.193847656, -0.848269486, -0.44230125, -0.290809223, 0, 2, 3, 1, 
498.534004, 65, 0.1, 0.1, 0.00567290486, 0.365478366, -0.034970923, 0.934443393, -1.02016973e-005, 0.356111702, 0.356111702, 9.03528989e-006, -0.934443393, 6.31533617e-006, 1, 1.20759107e-005, 0.934443491, 1.9387261e-006, 0.356111446, 0.356111446, 8.27194689e-006, -0.934443491, -4.75736496e-006, 1, 7.03926437e-006, 0, 0, 0, 0, 0, 0, 0, 0.314009741, -0.192246411, -0.166145386, -0.258594358, 0.462238044, -0.848117511, -0.953369141, 0.0187988281, 0.301025391, 0.155032678, 0.886480056, 0.436016529, 0, 0, -0, 0, 0, 0, 0, 0.374342725, -0.131596484, -0.130618799, 0.158874575, 0.31124376, -0.936892758, 0.505004883, -0.840942383, -0.193847656, -0.848269486, -0.44230125, -0.290809223, 0, 2, 3, 1, 
498.534728, 65, 0.1, 0.1, 0.00567290592, 0.365478367, -0.0349726931, 0.934442912, 1.20448459e-005, 0.356112966, 0.356112966, -5.34654569e-006, -0.934442912, -9.3512466e-006, 1, -9.28536752e-006, 0.934443005, 7.43334084e-006, 0.356112722, 0.356112722, -7.42118411e-006, -0.934443005, -4.30325528e-006, 1, -9.58178082e-006, 0, 0, 0, 0, 0, 0, 0, 0.314282422, -0.193687671, -0.165112305, -0.257654906, 0.460182407, -0.849603633, -0.953491211, 0.0203857422, 0.300292969, 0.155501843, 0.887547188, 0.433656477, 0, 0, -0, 0, 0, 0, 0, 0.374375928, -0.132555859, -0.129742432, 0.159360181, 0.310272547, -0.937135562, 0.505004883, -0.841186523, -0.192749023, -0.848218447, -0.442403329, -0.290834743, 0, 2, 3, 1, 
