time, trialNum, realDorsalTactorPos, realVentralTactorPos, box1PosX, box1PosY, box1PosZ, box1LocalRot_11, box1LocalRot_12, box1LocalRot_13, box1LocalRot_21, box1LocalRot_22, box1LocalRot_23, box1LocalRot_31, box1LocalRot_32, box1LocalRot_33, box1GlobalRot_11, box1GlobalRot_12, box1GlobalRot_13, box1GlobalRot_21, box1GlobalRot_22, box1GlobalRot_23, box1GlobalRot_31, box1GlobalRot_32, box1GlobalRot_33, indexForceX, indexForceY, indexForceZ, indexForceGlobalX, indexForceGlobalY, indexForceGlobalZ, indexContact, indexPosX, indexPosY, indexPosZ, indexRot_11, indexRot_12, indexRot_13, indexRot_21, indexRot_22, indexRot_23, indexRot_31, indexRot_32, indexRot_33, thumbForceX, thumbForceY, thumbForceZ, thumbForceGlobalX, thumbForceGlobalY, thumbForceGlobalZ, thumbContact, thumbPosX, thumbPosY, thumbPosZ, thumbRot_11, thumbRot_12, thumbRot_13, thumbRot_21, thumbRot_22, thumbRot_23, thumbRot_31, thumbRot_32, thumbRot_33, manipForceTooHigh, cceExpType, mapping, trialSuccess, 
822.176296, 59, 0.1, 0.1, 0.0054752587, 0.35828295, -0.019953815, 0.874770196, -0.484538031, -2.81547859e-005, 0.48453803, 0.874770197, -3.01340478e-005, 3.92300597e-005, 1.27183024e-005, 0.999999999, 0.874770423, -0.484537618, -6.24581394e-005, 0.484537619, 0.874770425, 1.58256344e-006, 5.38697217e-005, -3.16476978e-005, 0.999999998, 0, 0, 0, 0, 0, 0, 0, 0.25369519, -0.0682763916, -0.217283691, -0.0491888832, 0.182660876, -0.981881651, -0.998657227, -0.00903320313, 0.0483398438, 4.46186924e-006, 0.983163709, 0.182952185, 0, 0, 0, 0, 0, 0, 0, 0.277169189, 0.00340366211, -0.203216162, -0.156189158, 0.0864436776, -0.983872295, 0.507446289, -0.84753418, -0.155029297, -0.847261545, -0.523495022, 0.0884377105, 0, 2, 5, 1, 
822.203342, 59, 0.1, 0.1, 0.00547522114, 0.358282959, -0.0199605184, 0.87474774, -0.484578566, -7.21246759e-005, 0.484578568, 0.874747741, 1.78658859e-005, 5.4433472e-005, -5.05782155e-005, 0.999999997, 0.874747811, -0.484578437, -7.39141867e-005, 0.48457844, 0.874747812, 2.92519227e-005, 5.0481422e-005, -6.14052767e-005, 0.999999997, 0, 0, 0, 0, 0, 0, 0, 0.262234619, -0.0736234375, -0.215918359, -0.0339348477, 0.187305717, -0.981682456, -0.999145508, -0.0236816406, 0.0300292969, -0.0176133479, 0.982057263, 0.188111497, 0, 0, 0, 0, 0, 0, 0, 0.283514453, -0.00317045898, -0.202063379, -0.140105811, 0.072052657, -0.987413364, 0.523681641, -0.840942383, -0.135620117, -0.840293181, -0.536054423, 0.080087253, 0, 2, 5, 1, 
822.204134, 59, 0.1, 0.1, 0.0054752171, 0.358282962, -0.0199635376, 0.874747239, -0.484579471, 6.05536271e-005, 0.484579472, 0.874747241, -2.50578618e-006, -5.17548657e-005, 3.15349742e-005, 0.999999998, 0.874747359, -0.484579255, 5.6248428e-005, 0.484579256, 0.87474736, -1.18209087e-005, -4.34749968e-005, 3.75971301e-005, 0.999999998, 0, 0, 0, 0, 0, 0, 0, 0.262234619, -0.0736234375, -0.215918359, -0.0339348477, 0.187305717, -0.981682456, -0.999145508, -0.0236816406, 0.0300292969, -0.0176133479, 0.982057263, 0.188111497, 0, 0, 0, 0, 0, 0, 0, 0.283514453, -0.00317045898, -0.202063379, -0.140105811, 0.072052657, -0.987413364, 0.523681641, -0.840942383, -0.135620117, -0.840293181, -0.536054423, 0.080087253, 0, 2, 5, 1, 
822.204921, 59, 0.1, 0.1, 0.00547521816, 0.358282958, -0.019966995, 0.874746539, -0.484580738, -3.51328073e-005, 0.484580738, 0.874746539, 9.47081225e-006, 2.61429284e-005, -2.53092419e-005, 0.999999999, 0.874746693, -0.484580459, -3.48331831e-005, 0.48458046, 0.874746693, 2.02371877e-005, 2.0663666e-005, -3.45818929e-005, 0.999999999, 0, 0, 0, 0, 0, 0, 0, 0.262234619, -0.0736234375, -0.215918359, -0.0339348477, 0.187305717, -0.981682456, -0.999145508, -0.0236816406, 0.0300292969, -0.0176133479, 0.982057263, 0.188111497, 0, 0, 0, 0, 0, 0, 0, 0.283514453, -0.00317045898, -0.202063379, -0.140105811, 0.072052657, -0.987413364, 0.523681641, -0.840942383, -0.135620117, -0.840293181, -0.536054423, 0.080087253, 0, 2, 5, 1, 
822.205726, 59, 0.1, 0.1, 0.00547521073, 0.358282962, -0.0199697011, 0.874745654, -0.484582332, 6.22781751e-005, 0.484582333, 0.874745656, -1.24175343e-005, -4.84602453e-005, 4.10410876e-005, 0.999999998, 0.874745838, -0.484582, 6.15051054e-005, 0.484582002, 0.874745839, -2.08304158e-005, -4.37072905e-005, 4.80255867e-005, 0.999999998, 0, 0, 0, 0, 0, 0, 0, 0.26291936, -0.0742029541, -0.21612146, -0.03358625, 0.189095132, -0.981396016, -0.999145508, -0.0245361328, 0.0295410156, -0.0185337039, 0.981650256, 0.189920008, 0, 0, 0, 0, 0, 0, 0, 0.283514453, -0.00317045898, -0.202063379, -0.140105811, 0.072052657, -0.987413364, 0.523681641, -0.840942383, -0.135620117, -0.840293181, -0.536054423, 0.080087253, 0, 2, 5, 1, 
822.206526, 59, 0.1, 0.1, 0.00547521114, 0.358282961, -0.0199705209, 0.874744661, -0.484584128, -3.21217483e-005, 0.484584128, 0.874744662, 7.53818134e-008, 2.8061799e-005, -1.56316292e-005, 0.999999999, 0.874744866, -0.484583759, -3.05587585e-005, 0.484583759, 0.874744866, 9.07953593e-006, 2.23313214e-005, -2.27505555e-005, 0.999999999, 0, 0, 0, 0, 0, 0, 0, 0.26291936, -0.0742029541, -0.21612146, -0.03358625, 0.189095132, -0.981396016, -0.999145508, -0.0245361328, 0.0295410156, -0.0185337039, 0.981650256, 0.189920008, 0, 0, 0, 0, 0, 0, 0, 0.284016357, -0.00346279297, -0.202303467, -0.139786082, 0.0718350069, -0.987470966, 0.526367188, -0.839233398, -0.135620117, -0.838663921, -0.538654896, 0.0794674852, 0, 2, 5, 1, 
822.207314, 59, 0.1, 0.1, 0.0054752094, 0.358282959, -0.0199696776, 0.874743576, -0.484586088, 2.17188015e-005, 0.484586087, 0.874743576, 3.06022382e-005, -3.3827801e-005, -1.62444822e-005, 0.999999999, 0.874743797, -0.484585688, 2.21654907e-005, 0.484585688, 0.874743797, 2.64108405e-005, -3.21874408e-005, -1.23616394e-005, 0.999999999, 0, 0, 0, 0, 0, 0, 0, 0.26291936, -0.0742029541, -0.21612146, -0.03358625, 0.189095132, -0.981396016, -0.999145508, -0.0245361328, 0.0295410156, -0.0185337039, 0.981650256, 0.189920008, 0, 0, 0, 0, 0, 0, 0, 0.284016357, -0.00346279297, -0.202303467, -0.139786082, 0.0718350069, -0.987470966, 0.526367188, -0.839233398, -0.135620117, -0.838663921, -0.538654896, 0.0794674852, 0, 2, 5, 1, 
822.2081, 59, 0.1, 0.1, 0.0054752129, 0.358282962, -0.0199675904, 0.874742625, -0.484587802, -4.76345575e-005, 0.484587802, 0.874742626, -1.60395657e-005, 4.94405558e-005, -9.05263375e-006, 0.999999999, 0.874742782, -0.48458752, -3.57639456e-005, 0.48458752, 0.874742782, -2.82901735e-005, 4.49933183e-005, 7.41586336e-006, 0.999999999, 0, 0, 0, 0, 0, 0, 0, 0.26291936, -0.0742029541, -0.21612146, -0.03358625, 0.189095132, -0.981396016, -0.999145508, -0.0245361328, 0.0295410156, -0.0185337039, 0.981650256, 0.189920008, 0, 0, 0, 0, 0, 0, 0, 0.284016357, -0.00346279297, -0.202303467, -0.139786082, 0.0718350069, -0.987470966, 0.526367188, -0.839233398, -0.135620117, -0.838663921, -0.538654896, 0.0794674852, 0, 2, 5, 1, 
822.20889, 59, 0.1, 0.1, 0.00547521196, 0.358282963, -0.0199650203, 0.874741965, -0.484588995, 3.54598385e-005, 0.484588995, 0.874741965, 6.52726121e-006, -3.41812477e-005, 1.14737782e-005, 0.999999999, 0.874742094, -0.484588761, 3.44383096e-005, 0.484588762, 0.874742095, -1.42070914e-006, -2.94361794e-005, 1.79311719e-005, 0.999999999, 0, 0, 0, 0, 0, 0, 0, 0.26291936, -0.0742029541, -0.21612146, -0.03358625, 0.189095132, -0.981396016, -0.999145508, -0.0245361328, 0.0295410156, -0.0185337039, 0.981650256, 0.189920008, 0, 0, 0, 0, 0, 0, 0, 0.284016357, -0.00346279297, -0.202303467, -0.139786082, 0.0718350069, -0.987470966, 0.526367188, -0.839233398, -0.135620117, -0.838663921, -0.538654896, 0.0794674852, 0, 2, 5, 1, 
822.209676, 59, 0.1, 0.1, 0.00547521523, 0.358282966, -0.0199628583, 0.874741209, -0.484590359, -3.1846579e-005, 0.484590358, 0.874741209, -4.38177374e-005, 4.90911681e-005, 2.28966355e-005, 0.999999999, 0.874741373, -0.484590063, -3.23280004e-005, 0.484590062, 0.874741374, -3.63594701e-005, 4.58980773e-005, 1.61393051e-005, 0.999999999, 0, 0, 0, 0, 0, 0, 0, 0.26291936, -0.0742029541, -0.21612146, -0.03358625, 0.189095132, -0.981396016, -0.999145508, -0.0245361328, 0.0295410156, -0.0185337039, 0.981650256, 0.189920008, 0, 0, 0, 0, 0, 0, 0, 0.284016357, -0.00346279297, -0.202303467, -0.139786082, 0.0718350069, -0.987470966, 0.526367188, -0.839233398, -0.135620117, -0.838663921, -0.538654896, 0.0794674852, 0, 2, 5, 1, 
822.210465, 59, 0.1, 0.1, 0.00547521253, 0.358282965, -0.0199617654, 0.874740509, -0.484591622, 4.262406e-005, 0.484591621, 0.87474051, 2.8910199e-005, -5.12946322e-005, -4.63365983e-006, 0.999999999, 0.874740628, -0.484591408, 3.95839391e-005, 0.484591408, 0.874740628, 2.15121607e-005, -4.5050288e-005, 3.64475869e-007, 0.999999999, 0, 0, 0, 0, 0, 0, 0, 0.26291936, -0.0742029541, -0.21612146, -0.03358625, 0.189095132, -0.981396016, -0.999145508, -0.0245361328, 0.0295410156, -0.0185337039, 0.981650256, 0.189920008, 0, 0, 0, 0, 0, 0, 0, 0.284016357, -0.00346279297, -0.202303467, -0.139786082, 0.0718350069, -0.987470966, 0.526367188, -0.839233398, -0.135620117, -0.838663921, -0.538654896, 0.0794674852, 0, 2, 5, 1, 
822.211288, 59, 0.1, 0.1, 0.00547521424, 0.358282965, -0.0199617858, 0.874739973, -0.48459259, -4.55661562e-005, 0.48459259, 0.874739974, -5.49226957e-006, 4.25200514e-005, -1.72767139e-005, 0.999999999, 0.874740057, -0.484592439, -3.29017102e-005, 0.484592439, 0.874740057, -1.89830612e-005, 3.79794917e-005, 6.6132405e-007, 0.999999999, 0, 0, 0, 0, 0, 0, 0, 0.263198145, -0.074805542, -0.216331274, -0.0325262306, 0.190421374, -0.981205056, -0.999267578, -0.0239257813, 0.0285644531, -0.0180836348, 0.981440199, 0.191125683, 0, 0, 0, 0, 0, 0, 0, 0.284526318, -0.00395151367, -0.202553564, -0.139159751, 0.071783601, -0.98763721, 0.528198242, -0.838134766, -0.135375977, -0.837616149, -0.540501439, 0.0787135559, 0, 2, 5, 1, 
822.212074, 59, 0.1, 0.1, 0.00547521074, 0.358282964, -0.019962885, 0.87473966, -0.484593154, 5.29648938e-005, 0.484593154, 0.874739661, 1.12620799e-005, -5.17880201e-005, 1.5815037e-005, 0.999999999, 0.874739722, -0.484593042, 5.01204161e-005, 0.484593042, 0.874739723, 5.11219921e-006, -4.63196551e-005, 1.98161612e-005, 0.999999999, 0, 0, 0, 0, 0, 0, 0, 0.263198145, -0.074805542, -0.216331274, -0.0325262306, 0.190421374, -0.981205056, -0.999267578, -0.0239257813, 0.0285644531, -0.0180836348, 0.981440199, 0.191125683, 0, 0, 0, 0, 0, 0, 0, 0.284526318, -0.00395151367, -0.202553564, -0.139159751, 0.071783601, -0.98763721, 0.528198242, -0.838134766, -0.135375977, -0.837616149, -0.540501439, 0.0787135559, 0, 2, 5, 1, 
822.212871, 59, 0.1, 0.1, 0.00547521175, 0.358282965, -0.0199647799, 0.874739291, -0.484593821, -3.94844196e-005, 0.484593821, 0.874739292, -7.50203625e-006, 3.81740137e-005, -1.25715799e-005, 0.999999999, 0.874739353, -0.48459371, -2.71583672e-005, 0.484593709, 0.874739354, -1.77648585e-005, 3.23652313e-005, 2.37884695e-006, 0.999999999, 0, 0, 0, 0, 0, 0, 0, 0.263198145, -0.074805542, -0.216331274, -0.0325262306, 0.190421374, -0.981205056, -0.999267578, -0.0239257813, 0.0285644531, -0.0180836348, 0.981440199, 0.191125683, 0, 0, 0, 0, 0, 0, 0, 0.284526318, -0.00395151367, -0.202553564, -0.139159751, 0.071783601, -0.98763721, 0.528198242, -0.838134766, -0.135375977, -0.837616149, -0.540501439, 0.0787135559, 0, 2, 5, 1, 
822.213677, 59, 0.1, 0.1, 0.00547520826, 0.358282965, -0.0199666625, 0.874739053, -0.48459425, 4.89449162e-005, 0.484594251, 0.874739054, 7.68882411e-007, -4.31866257e-005, 2.30458535e-005, 0.999999999, 0.8747391, -0.484594165, 4.66909144e-005, 0.484594166, 0.874739101, -3.7808268e-006, -3.90102018e-005, 2.59333817e-005, 0.999999999, 0, 0, 0, 0, 0, 0, 0, 0.26341394, -0.075180127, -0.216530957, -0.0326658941, 0.191849087, -0.980836241, -0.999267578, -0.0241699219, 0.0285644531, -0.0181851062, 0.98109048, 0.192673963, 0, 0, 0, 0, 0, 0, 0, 0.284526318, -0.00395151367, -0.202553564, -0.139159751, 0.071783601, -0.98763721, 0.528198242, -0.838134766, -0.135375977, -0.837616149, -0.540501439, 0.0787135559, 0, 2, 5, 1, 
822.214494, 59, 0.1, 0.1, 0.00547521192, 0.358282963, -0.0199675179, 0.874738708, -0.484594873, -4.45131642e-005, 0.484594873, 0.874738709, -4.62153119e-006, 4.11769581e-005, -1.7528219e-005, 0.999999999, 0.874738793, -0.484594719, -4.58584416e-005, 0.48459472, 0.874738794, 8.01894924e-006, 3.62282175e-005, -2.92372446e-005, 0.999999999, 0, 0, 0, 0, 0, 0, 0, 0.26341394, -0.075180127, -0.216530957, -0.0326658941, 0.191849087, -0.980836241, -0.999267578, -0.0241699219, 0.0285644531, -0.0181851062, 0.98109048, 0.192673963, 0, 0, 0, 0, 0, 0, 0, 0.285014795, -0.00444853516, -0.202568701, -0.138923145, 0.0716107936, -0.987707573, 0.530151367, -0.836914063, -0.135253906, -0.836363854, -0.542360743, 0.0782151897, 0, 2, 5, 1, 
822.215291, 59, 0.1, 0.1, 0.0054752103, 0.358282963, -0.0199675669, 0.874738112, -0.48459595, 1.99619152e-005, 0.484595949, 0.874738112, 3.65293269e-005, -3.51634119e-005, -2.22801312e-005, 0.999999999, 0.874738254, -0.484595693, 2.82706789e-005, 0.484595692, 0.874738255, 1.43682735e-005, -3.16922478e-005, 1.13137075e-006, 0.999999999, 0, 0, 0, 0, 0, 0, 0, 0.26341394, -0.075180127, -0.216530957, -0.0326658941, 0.191849087, -0.980836241, -0.999267578, -0.0241699219, 0.0285644531, -0.0181851062, 0.98109048, 0.192673963, 0, 0, 0, 0, 0, 0, 0, 0.285014795, -0.00444853516, -0.202568701, -0.138923145, 0.0716107936, -0.987707573, 0.530151367, -0.836914063, -0.135253906, -0.836363854, -0.542360743, 0.0782151897, 0, 2, 5, 1, 
822.216083, 59, 0.1, 0.1, 0.00547521446, 0.358282963, -0.0199668994, 0.87473729, -0.484597433, -2.87934793e-005, 0.484597432, 0.87473729, -3.74749911e-005, 4.33470145e-005, 1.88275261e-005, 0.999999999, 0.874737466, -0.484597116, -3.17056215e-005, 0.484597115, 0.874737467, -2.5280982e-005, 3.9985186e-005, 6.74976941e-006, 0.999999999, 0, 0, 0, 0, 0, 0, 0, 0.26341394, -0.075180127, -0.216530957, -0.0326658941, 0.191849087, -0.980836241, -0.999267578, -0.0241699219, 0.0285644531, -0.0181851062, 0.98109048, 0.192673963, 0, 0, 0, 0, 0, 0, 0, 0.285014795, -0.00444853516, -0.202568701, -0.138923145, 0.0716107936, -0.987707573, 0.530151367, -0.836914063, -0.135253906, -0.836363854, -0.542360743, 0.0782151897, 0, 2, 5, 1, 
822.216875, 59, 0.1, 0.1, 0.0054752131, 0.358282961, -0.0199658333, 0.874736419, -0.484599005, 2.71676948e-005, 0.484599004, 0.87473642, 4.1612403e-005, -4.39299011e-005, -2.32344465e-005, 0.999999999, 0.874736584, -0.484598709, 2.15665377e-005, 0.484598708, 0.874736584, 4.07702169e-005, -3.8622234e-005, -2.5212084e-005, 0.999999999, 0, 0, 0, 0, 0, 0, 0, 0.26341394, -0.075180127, -0.216530957, -0.0326658941, 0.191849087, -0.980836241, -0.999267578, -0.0241699219, 0.0285644531, -0.0181851062, 0.98109048, 0.192673963, 0, 0, 0, 0, 0, 0, 0, 0.285014795, -0.00444853516, -0.202568701, -0.138923145, 0.0716107936, -0.987707573, 0.530151367, -0.836914063, -0.135253906, -0.836363854, -0.542360743, 0.0782151897, 0, 2, 5, 1, 
822.217662, 59, 0.1, 0.1, 0.00547521316, 0.358282965, -0.0199647674, 0.874735798, -0.484600127, -2.90996642e-005, 0.484600126, 0.874735798, -2.93155679e-005, 3.9660846e-005, 1.15416758e-005, 0.999999999, 0.874735892, -0.484599958, -1.85338943e-005, 0.484599957, 0.874735892, -3.8985553e-005, 3.51046599e-005, 2.51205381e-005, 0.999999999, 0, 0, 0, 0, 0, 0, 0, 0.26341394, -0.075180127, -0.216530957, -0.0326658941, 0.191849087, -0.980836241, -0.999267578, -0.0241699219, 0.0285644531, -0.0181851062, 0.98109048, 0.192673963, 0, 0, 0, 0, 0, 0, 0, 0.285014795, -0.00444853516, -0.202568701, -0.138923145, 0.0716107936, -0.987707573, 0.530151367, -0.836914063, -0.135253906, -0.836363854, -0.542360743, 0.0782151897, 0, 2, 5, 1, 
822.218451, 59, 0.1, 0.1, 0.00547521166, 0.358282961, -0.0199640366, 0.874735572, -0.484600532, 4.75826156e-005, 0.484600533, 0.874735574, 7.69040951e-006, -4.53489831e-005, 1.63314861e-005, 0.999999999, 0.874735582, -0.484600516, 3.18201938e-005, 0.484600516, 0.874735583, 2.84152496e-005, -4.16043003e-005, -9.43574755e-006, 0.999999999, 0, 0, 0, 0, 0, 0, 0, 0.26341394, -0.075180127, -0.216530957, -0.0326658941, 0.191849087, -0.980836241, -0.999267578, -0.0241699219, 0.0285644531, -0.0181851062, 0.98109048, 0.192673963, 0, 0, 0, 0, 0, 0, 0, 0.285014795, -0.00444853516, -0.202568701, -0.138923145, 0.0716107936, -0.987707573, 0.530151367, -0.836914063, -0.135253906, -0.836363854, -0.542360743, 0.0782151897, 0, 2, 5, 1, 
822.219267, 59, 0.1, 0.1, 0.00547521338, 0.358282965, -0.0199635082, 0.874735727, -0.484600253, -5.39970747e-005, 0.484600254, 0.874735728, -2.59647409e-006, 4.84914224e-005, -2.38957674e-005, 0.999999999, 0.874735674, -0.48460035, -4.36131076e-005, 0.48460035, 0.874735675, -1.12033925e-005, 4.3579109e-005, -1.13349201e-005, 0.999999999, 0, 0, 0, 0, 0, 0, 0, 0.26391145, -0.0755533691, -0.216738086, -0.0315688044, 0.193295896, -0.980607089, -0.999267578, -0.0256347656, 0.0272216797, -0.0198419714, 0.980861328, 0.194120772, 0, 0, 0, 0, 0, 0, 0, 0.285264893, -0.00495849609, -0.203013477, -0.1387569, 0.0709844625, -0.987720333, 0.53125, -0.836303711, -0.134643555, -0.835609924, -0.543408514, 0.0783365913, 0, 2, 5, 1, 
822.220055, 59, 0.1, 0.1, 0.00547521105, 0.358282965, -0.0199637104, 0.87473602, -0.484599725, 5.00647628e-005, 0.484599726, 0.874736021, -1.53902236e-006, -4.30476416e-005, 2.56076086e-005, 0.999999999, 0.874735968, -0.484599819, 4.58057728e-005, 0.48459982, 0.874735968, -5.23592937e-006, -3.75306266e-005, 2.6777525e-005, 0.999999999, 0, 0, 0, 0, 0, 0, 0, 0.26391145, -0.0755533691, -0.216738086, -0.0315688044, 0.193295896, -0.980607089, -0.999267578, -0.0256347656, 0.0272216797, -0.0198419714, 0.980861328, 0.194120772, 0, 0, 0, 0, 0, 0, 0, 0.285264893, -0.00495849609, -0.203013477, -0.1387569, 0.0709844625, -0.987720333, 0.53125, -0.836303711, -0.134643555, -0.835609924, -0.543408514, 0.0783365913, 0, 2, 5, 1, 
822.220846, 59, 0.1, 0.1, 0.00547521435, 0.358282965, -0.0199645211, 0.874736141, -0.484599507, -4.14833617e-005, 0.484599507, 0.874736142, -1.35406093e-005, 4.28487683e-005, -8.25835626e-006, 0.999999999, 0.874736143, -0.484599503, -4.41992888e-005, 0.484599504, 0.874736144, 1.23302157e-006, 3.80651938e-005, -2.2497522e-005, 0.999999999, 0, 0, 0, 0, 0, 0, 0, 0.26391145, -0.0755533691, -0.216738086, -0.0315688044, 0.193295896, -0.980607089, -0.999267578, -0.0256347656, 0.0272216797, -0.0198419714, 0.980861328, 0.194120772, 0, 0, 0, 0, 0, 0, 0, 0.285264893, -0.00495849609, -0.203013477, -0.1387569, 0.0709844625, -0.987720333, 0.53125, -0.836303711, -0.134643555, -0.835609924, -0.543408514, 0.0783365913, 0, 2, 5, 1, 
822.22163, 59, 0.1, 0.1, 0.00547521063, 0.358282967, -0.0199656427, 0.874735924, -0.4845999, 3.23099377e-005, 0.484599899, 0.874735924, 2.94438468e-005, -4.25311484e-005, -1.0098198e-005, 0.999999999, 0.874735997, -0.484599766, 3.99221995e-005, 0.484599766, 0.874735998, 5.65234921e-006, -3.76605121e-005, 1.44019752e-005, 0.999999999, 0, 0, 0, 0, 0, 0, 0, 0.26391145, -0.0755533691, -0.216738086, -0.0315688044, 0.193295896, -0.980607089, -0.999267578, -0.0256347656, 0.0272216797, -0.0198419714, 0.980861328, 0.194120772, 0, 0, 0, 0, 0, 0, 0, 0.285264893, -0.00495849609, -0.203013477, -0.1387569, 0.0709844625, -0.987720333, 0.53125, -0.836303711, -0.134643555, -0.835609924, -0.543408514, 0.0783365913, 0, 2, 5, 1, 
822.222421, 59, 0.1, 0.1, 0.00547521251, 0.358282967, -0.0199666918, 0.874735407, -0.484600833, -2.12452591e-005, 0.484600832, 0.874735407, -4.00964355e-005, 3.80147464e-005, 2.47783016e-005, 0.999999999, 0.874735527, -0.484600616, -2.28329876e-005, 0.484600615, 0.874735528, -2.82660147e-005, 3.36705536e-005, 1.36604075e-005, 0.999999999, 0, 0, 0, 0, 0, 0, 0, 0.26391145, -0.0755533691, -0.216738086, -0.0315688044, 0.193295896, -0.980607089, -0.999267578, -0.0256347656, 0.0272216797, -0.0198419714, 0.980861328, 0.194120772, 0, 0, 0, 0, 0, 0, 0, 0.285264893, -0.00495849609, -0.203013477, -0.1387569, 0.0709844625, -0.987720333, 0.53125, -0.836303711, -0.134643555, -0.835609924, -0.543408514, 0.0783365913, 0, 2, 5, 1, 
822.223208, 59, 0.1, 0.1, 0.00547521057, 0.358282965, -0.0199672873, 0.874734817, -0.484601898, 2.65417744e-005, 0.484601897, 0.874734817, 4.12054322e-005, -4.31852449e-005, -2.3181632e-005, 0.999999999, 0.874734926, -0.484601701, 2.2488842e-005, 0.4846017, 0.874734926, 3.92033059e-005, -3.86697643e-005, -2.33943698e-005, 0.999999999, 0, 0, 0, 0, 0, 0, 0, 0.26391145, -0.0755533691, -0.216738086, -0.0315688044, 0.193295896, -0.980607089, -0.999267578, -0.0256347656, 0.0272216797, -0.0198419714, 0.980861328, 0.194120772, 0, 0, 0, 0, 0, 0, 0, 0.285264893, -0.00495849609, -0.203013477, -0.1387569, 0.0709844625, -0.987720333, 0.53125, -0.836303711, -0.134643555, -0.835609924, -0.543408514, 0.0783365913, 0, 2, 5, 1, 
822.224026, 59, 0.1, 0.1, 0.00547521162, 0.358282968, -0.0199670653, 0.874734409, -0.484602634, -3.45329516e-005, 0.484602633, 0.87473441, -2.44165926e-005, 4.20395061e-005, 4.62327445e-006, 0.999999999, 0.874734459, -0.484602544, -2.39452921e-005, 0.484602543, 0.874734459, -3.40994808e-005, 3.74704673e-005, 1.82240414e-005, 0.999999999, 0, 0, 0, 0, 0, 0, 0, 0.264347314, -0.0757230225, -0.2169479, -0.0316523017, 0.194361907, -0.980416128, -0.999145508, -0.0277099609, 0.0267333984, -0.0219298096, 0.980568896, 0.195326447, 0, 0, 0, 0, 0, 0, 0, 0.285538672, -0.00478798828, -0.203032031, -0.138584093, 0.0711948163, -0.987765175, 0.534423828, -0.834228516, -0.135009766, -0.833750621, -0.546577716, 0.0775954219, 0, 2, 5, 1, 
822.224817, 59, 0.1, 0.1, 0.00547521197, 0.358282964, -0.0199661806, 0.874734379, -0.484602687, 3.73780724e-005, 0.484602687, 0.87473438, 1.15469704e-005, -3.82915779e-005, 8.01298238e-006, 0.999999999, 0.874734353, -0.484602735, 2.19513114e-005, 0.484602735, 0.874734353, 3.11215812e-005, -3.42831695e-005, -1.65854507e-005, 0.999999999, 0, 0, 0, 0, 0, 0, 0, 0.264347314, -0.0757230225, -0.2169479, -0.0316523017, 0.194361907, -0.980416128, -0.999145508, -0.0277099609, 0.0267333984, -0.0219298096, 0.980568896, 0.195326447, 0, 0, 0, 0, 0, 0, 0, 0.285538672, -0.00478798828, -0.203032031, -0.138584093, 0.0711948163, -0.987765175, 0.534423828, -0.834228516, -0.135009766, -0.833750621, -0.546577716, 0.0775954219, 0, 2, 5, 1, 
822.225603, 59, 0.1, 0.1, 0.00547521476, 0.358282966, -0.019965192, 0.874734674, -0.484602153, -5.32562206e-005, 0.484602154, 0.874734675, 4.27575262e-006, 4.45130239e-005, -2.95482283e-005, 0.999999999, 0.874734595, -0.484602296, -4.41954807e-005, 0.484602297, 0.874734596, -3.75963022e-006, 4.04812414e-005, -1.81285528e-005, 0.999999999, 0, 0, 0, 0, 0, 0, 0, 0.264347314, -0.0757230225, -0.2169479, -0.0316523017, 0.194361907, -0.980416128, -0.999145508, -0.0277099609, 0.0267333984, -0.0219298096, 0.980568896, 0.195326447, 0, 0, 0, 0, 0, 0, 0, 0.285538672, -0.00478798828, -0.203032031, -0.138584093, 0.0711948163, -0.987765175, 0.534423828, -0.834228516, -0.135009766, -0.833750621, -0.546577716, 0.0775954219, 0, 2, 5, 1, 
822.226407, 59, 0.1, 0.1, 0.00547521193, 0.358282965, -0.0199642984, 0.874735087, -0.484601407, 5.19027773e-005, 0.484601408, 0.874735089, 1.85588986e-006, -4.63005474e-005, 2.3528747e-005, 0.999999999, 0.874735014, -0.484601541, 4.77007954e-005, 0.484601542, 0.874735014, -8.67209504e-007, -4.13053049e-005, 2.38744575e-005, 0.999999999, 0, 0, 0, 0, 0, 0, 0, 0.265066113, -0.076140332, -0.216719287, -0.0305492206, 0.194945648, -0.980339744, -0.999145508, -0.0299072266, 0.0252685547, -0.0243291753, 0.980352849, 0.195808716, 0, 0, 0, 0, 0, 0, 0, 0.285538672, -0.00478798828, -0.203032031, -0.138584093, 0.0711948163, -0.987765175, 0.534423828, -0.834228516, -0.135009766, -0.833750621, -0.546577716, 0.0775954219, 0, 2, 5, 1, 
822.227209, 59, 0.1, 0.1, 0.00547521486, 0.358282964, -0.0199635827, 0.874735321, -0.484600987, -3.99753097e-005, 0.484600987, 0.874735322, -1.49672611e-005, 4.22209649e-005, -6.27968255e-006, 0.999999999, 0.874735304, -0.484601018, -4.33464621e-005, 0.484601018, 0.874735305, 9.49732156e-007, 3.74564395e-005, -2.18365039e-005, 0.999999999, 0, 0, 0, 0, 0, 0, 0, 0.265066113, -0.076140332, -0.216719287, -0.0305492206, 0.194945648, -0.980339744, -0.999145508, -0.0299072266, 0.0252685547, -0.0243291753, 0.980352849, 0.195808716, 0, 0, 0, 0, 0, 0, 0, 0.285885449, -0.00462236328, -0.20307915, -0.137305911, 0.0712582489, -0.987963502, 0.537475586, -0.832397461, -0.134765625, -0.831897881, -0.549516874, 0.0759789216, 0, 2, 5, 1, 
822.227996, 59, 0.1, 0.1, 0.00547521005, 0.358282967, -0.0199636444, 0.874735178, -0.484601245, 3.75004789e-005, 0.484601244, 0.874735179, 2.77953931e-005, -4.62726702e-005, -6.14082942e-006, 0.999999999, 0.87473524, -0.484601133, 4.58277575e-005, 0.484601134, 0.874735241, 3.03959511e-006, -4.15601457e-005, 1.95493423e-005, 0.999999999, 0, 0, 0, 0, 0, 0, 0, 0.265066113, -0.076140332, -0.216719287, -0.0305492206, 0.194945648, -0.980339744, -0.999145508, -0.0299072266, 0.0252685547, -0.0243291753, 0.980352849, 0.195808716, 0, 0, 0, 0, 0, 0, 0, 0.285885449, -0.00462236328, -0.20307915, -0.137305911, 0.0712582489, -0.987963502, 0.537475586, -0.832397461, -0.134765625, -0.831897881, -0.549516874, 0.0759789216, 0, 2, 5, 1, 
822.228787, 59, 0.1, 0.1, 0.00547521148, 0.358282969, -0.0199643547, 0.87473471, -0.484602092, -2.03718099e-005, 0.48460209, 0.874734709, -4.9410076e-005, 4.17641554e-005, 3.33484868e-005, 0.999999999, 0.874734823, -0.484601888, -2.19174828e-005, 0.484601887, 0.874734823, -3.64564487e-005, 3.68388493e-005, 2.12684717e-005, 0.999999999, 0, 0, 0, 0, 0, 0, 0, 0.265066113, -0.076140332, -0.216719287, -0.0305492206, 0.194945648, -0.980339744, -0.999145508, -0.0299072266, 0.0252685547, -0.0243291753, 0.980352849, 0.195808716, 0, 0, 0, 0, 0, 0, 0, 0.285885449, -0.00462236328, -0.20307915, -0.137305911, 0.0712582489, -0.987963502, 0.537475586, -0.832397461, -0.134765625, -0.831897881, -0.549516874, 0.0759789216, 0, 2, 5, 1, 
822.229577, 59, 0.1, 0.1, 0.00547520892, 0.358282968, -0.0199653662, 0.874734149, -0.484603104, 3.04851986e-005, 0.484603103, 0.874734149, 3.75906106e-005, -4.48829709e-005, -1.81085689e-005, 0.999999999, 0.874734252, -0.484602918, 2.61480743e-005, 0.484602917, 0.874734252, 3.5144301e-005, -3.9903647e-005, -1.80704907e-005, 0.999999999, 0, 0, 0, 0, 0, 0, 0, 0.265066113, -0.076140332, -0.216719287, -0.0305492206, 0.194945648, -0.980339744, -0.999145508, -0.0299072266, 0.0252685547, -0.0243291753, 0.980352849, 0.195808716, 0, 0, 0, 0, 0, 0, 0, 0.285885449, -0.00462236328, -0.20307915, -0.137305911, 0.0712582489, -0.987963502, 0.537475586, -0.832397461, -0.134765625, -0.831897881, -0.549516874, 0.0759789216, 0, 2, 5, 1, 
822.230787, 59, 0.1, 0.1, 0.00547521541, 0.358282983, -0.0199620188, 0.874733693, -0.484603923, -5.80873941e-005, 0.484603921, 0.874733695, -4.40292598e-005, 7.21477529e-005, 1.03644981e-005, 0.999999997, 0.874733732, -0.484603855, -4.5268042e-005, 0.484603852, 0.874733732, -6.89343871e-005, 7.3003353e-005, 3.83621662e-005, 0.999999997, 0, 0, 0, 0, 0, 0, 0, 0.265066113, -0.076140332, -0.216719287, -0.0305492206, 0.194945648, -0.980339744, -0.999145508, -0.0299072266, 0.0252685547, -0.0243291753, 0.980352849, 0.195808716, 0, 0, 0, 0, 0, 0, 0, 0.285885449, -0.00462236328, -0.20307915, -0.137305911, 0.0712582489, -0.987963502, 0.537475586, -0.832397461, -0.134765625, -0.831897881, -0.549516874, 0.0759789216, 0, 2, 5, 1, 
822.232136, 59, 0.1, 0.1, 0.00547521948, 0.358282976, -0.0199484852, 0.874734035, -0.48460331, 1.19787395e-005, 0.48460331, 0.874734033, -5.33270405e-005, 1.53642492e-005, 5.24519141e-005, 0.999999999, 0.874733914, -0.484603527, 1.35242627e-005, 0.484603527, 0.874733914, 1.98617893e-005, -2.14552244e-005, -1.08198753e-005, 1, 0, 0, 0, 0, 0, 0, 0, 0.266007422, -0.0765807129, -0.216494702, -0.029490323, 0.195066216, -0.980320648, -0.999145508, -0.0314941406, 0.0238037109, -0.0262271753, 0.980333753, 0.195929284, 0, 0, 0, 0, 0, 0, 0, 0.286448633, -0.00446479492, -0.202891309, -0.13597669, 0.0710150791, -0.988065948, 0.540039063, -0.830810547, -0.134033203, -0.830530747, -0.551874543, 0.0746179844, 0, 2, 5, 1, 
822.233429, 59, 0.1, 0.1, 0.00547521652, 0.358282976, -0.0199343583, 0.874734386, -0.484602675, -2.78713627e-005, 0.484602676, 0.874734382, 8.83922282e-005, -1.8455071e-005, -9.08262584e-005, 0.999999996, 0.874734342, -0.484602756, -2.79998713e-006, 0.484602755, 0.87473434, 6.17664457e-005, -2.74829449e-005, -5.53861127e-005, 0.999999998, 0, 0, 0, 0, 0, 0, 0, 0.266007422, -0.0765807129, -0.216494702, -0.029490323, 0.195066216, -0.980320648, -0.999145508, -0.0314941406, 0.0238037109, -0.0262271753, 0.980333753, 0.195929284, 0, 0, 0, 0, 0, 0, 0, 0.286448633, -0.00446479492, -0.202891309, -0.13597669, 0.0710150791, -0.988065948, 0.540039063, -0.830810547, -0.134033203, -0.830530747, -0.551874543, 0.0746179844, 0, 2, 5, 1, 
822.234754, 59, 0.1, 0.1, 0.00547521297, 0.358282986, -0.0199264718, 0.874734177, -0.484603047, 7.56226849e-005, 0.484603052, 0.874734176, -6.296278e-005, -3.56377919e-005, 9.17226794e-005, 0.999999995, 0.874734238, -0.484602942, 4.7875962e-005, 0.484602944, 0.874734233, -8.66284066e-005, 1.01637744e-007, 9.89776653e-005, 0.999999995, 0, 0, 0, 0, 0, 0, 0, 0.266007422, -0.0765807129, -0.216494702, -0.029490323, 0.195066216, -0.980320648, -0.999145508, -0.0314941406, 0.0238037109, -0.0262271753, 0.980333753, 0.195929284, 0, 0, 0, 0, 0, 0, 0, 0.286758301, -0.00545419922, -0.202921338, -0.134788194, 0.069717941, -0.988391873, 0.540893555, -0.830566406, -0.132324219, -0.830160346, -0.552379106, 0.0742155001, 0, 2, 5, 1, 
822.236055, 59, 0.1, 0.1, 0.00547522325, 0.358282971, -0.0199279729, 0.874733755, -0.484603814, -2.36824364e-005, 0.484603815, 0.874733754, 3.83047159e-005, 2.1532151e-006, -4.49830271e-005, 0.999999999, 0.874733785, -0.48460376, -3.96860498e-005, 0.484603762, 0.874733781, 8.33149499e-005, -5.66000967e-006, -9.21104104e-005, 0.999999996, 0, 0, 0, 0, 0, 0, 0, 0.266007422, -0.0765807129, -0.216494702, -0.029490323, 0.195066216, -0.980320648, -0.999145508, -0.0314941406, 0.0238037109, -0.0262271753, 0.980333753, 0.195929284, 0, 0, 0, 0, 0, 0, 0, 0.286758301, -0.00545419922, -0.202921338, -0.134788194, 0.069717941, -0.988391873, 0.540893555, -0.830566406, -0.132324219, -0.830160346, -0.552379106, 0.0742155001, 0, 2, 5, 1, 
822.237379, 59, 0.1, 0.1, 0.00547521441, 0.358282984, -0.0199368983, 0.87473379, -0.484603752, -1.25119455e-005, 0.484603752, 0.874733789, 3.60795747e-005, -6.53967572e-006, -3.76233588e-005, 0.999999999, 0.874733702, -0.484603911, -2.75830037e-006, 0.48460391, 0.874733701, -4.66222298e-005, 2.50060932e-005, 3.94453526e-005, 0.999999999, 0, 0, 0, 0, 0, 0, 0, 0.26674502, -0.0775041992, -0.216061035, -0.0281198979, 0.194463379, -0.980536696, -0.999145508, -0.0318603516, 0.0223388672, -0.026938597, 0.980429233, 0.195345543, 0, 0, 0, 0, 0, 0, 0, 0.286758301, -0.00545419922, -0.202921338, -0.134788194, 0.069717941, -0.988391873, 0.540893555, -0.830566406, -0.132324219, -0.830160346, -0.552379106, 0.0742155001, 0, 2, 5, 1, 
822.238675, 59, 0.1, 0.1, 0.00547521962, 0.358282978, -0.0199478221, 0.874733677, -0.484603952, 7.11965714e-005, 0.484603954, 0.874733678, -2.31351786e-005, -5.10666398e-005, 5.47392598e-005, 0.999999997, 0.874733797, -0.484603739, 7.9697731e-006, 0.484603739, 0.874733797, -2.36795957e-005, 4.50379071e-006, 2.45755245e-005, 1, 0, 0, 0, 0, 0, 0, 0, 0.26674502, -0.0775041992, -0.216061035, -0.0281198979, 0.194463379, -0.980536696, -0.999145508, -0.0318603516, 0.0223388672, -0.026938597, 0.980429233, 0.195345543, 0, 0, 0, 0, 0, 0, 0, 0.286758301, -0.00545419922, -0.202921338, -0.134788194, 0.069717941, -0.988391873, 0.540893555, -0.830566406, -0.132324219, -0.830160346, -0.552379106, 0.0742155001, 0, 2, 5, 1, 
822.240021, 59, 0.1, 0.1, 0.00547521621, 0.358282971, -0.019954568, 0.874732698, -0.484605717, -7.67668531e-005, 0.484605719, 0.8747327, 1.34232751e-005, 6.06454809e-005, -4.89434337e-005, 0.999999997, 0.874732954, -0.484605258, -5.38094689e-005, 0.48460526, 0.874732954, 3.43883094e-005, 3.04041601e-005, -5.61569391e-005, 0.999999998, 0, 0, 0, 0, 0, 0, 0, 0.26719834, -0.0781739258, -0.216061035, -0.0279551471, 0.194463379, -0.980536696, -0.999145508, -0.0324707031, 0.0220947266, -0.0274590587, 0.980429233, 0.195345543, 0, 0, 0, 0, 0, 0, 0, 0.287603809, -0.00619692383, -0.202315332, -0.13206632, 0.0686125668, -0.988833003, 0.541259766, -0.830688477, -0.129882812, -0.830365236, -0.552372543, 0.0725734803, 0, 2, 5, 1, 
822.241311, 59, 0.1, 0.1, 0.00547521117, 0.358282981, -0.0199542683, 0.874731042, -0.48460871, 4.10005351e-005, 0.484608711, 0.874731043, -4.90460338e-006, -3.34876273e-005, 2.41594253e-005, 0.999999999, 0.874731419, -0.484608029, 6.0792765e-005, 0.484608031, 0.874731419, -3.08996408e-005, -3.82031276e-005, 5.64895488e-005, 0.999999998, 0, 0, 0, 0, 0, 0, 0, 0.26719834, -0.0781739258, -0.216061035, -0.0279551471, 0.194463379, -0.980536696, -0.999145508, -0.0324707031, 0.0220947266, -0.0274590587, 0.980429233, 0.195345543, 0, 0, 0, 0, 0, 0, 0, 0.287603809, -0.00619692383, -0.202315332, -0.13206632, 0.0686125668, -0.988833003, 0.541259766, -0.830688477, -0.129882812, -0.830365236, -0.552372543, 0.0725734803, 0, 2, 5, 1, 
822.242607, 59, 0.1, 0.1, 0.00547523136, 0.358282982, -0.0199484117, 0.874728813, -0.484612735, -1.01449117e-005, 0.484612734, 0.874728812, -5.34899226e-005, 3.47959443e-005, 4.18728231e-005, 0.999999999, 0.87472928, -0.484611888, -7.36330251e-005, 0.484611887, 0.874729283, -1.99224911e-005, 7.40636392e-005, -1.8256653e-005, 0.999999997, 0, 0, 0, 0, 0, 0, 0, 0.26719834, -0.0781739258, -0.216061035, -0.0279551471, 0.194463379, -0.980536696, -0.999145508, -0.0324707031, 0.0220947266, -0.0274590587, 0.980429233, 0.195345543, 0, 0, 0, 0, 0, 0, 0, 0.287603809, -0.00619692383, -0.202315332, -0.13206632, 0.0686125668, -0.988833003, 0.541259766, -0.830688477, -0.129882812, -0.830365236, -0.552372543, 0.0725734803, 0, 2, 5, 1, 
822.243905, 59, 0.1, 0.1, 0.00547522354, 0.358282978, -0.0199407216, 0.874725896, -0.484617993, -8.55172512e-005, 0.484617998, 0.874725896, 4.95371835e-005, 5.07975437e-005, -8.47746564e-005, 0.999999995, 0.874726559, -0.484616804, -9.15736044e-006, 0.484616804, 0.874726557, 5.70381614e-005, -1.96314652e-005, -5.43306054e-005, 0.999999998, 0, 0, 0, 0, 0, 0, 0, 0.26719834, -0.0781739258, -0.216061035, -0.0279551471, 0.194463379, -0.980536696, -0.999145508, -0.0324707031, 0.0220947266, -0.0274590587, 0.980429233, 0.195345543, 0, 0, 0, 0, 0, 0, 0, 0.287603809, -0.00619692383, -0.202315332, -0.13206632, 0.0686125668, -0.988833003, 0.541259766, -0.830688477, -0.129882812, -0.830365236, -0.552372543, 0.0725734803, 0, 2, 5, 1, 
822.245262, 59, 0.1, 0.1, 0.00547522351, 0.358282985, -0.0199338828, 0.874722129, -0.484624785, 0.000119026612, 0.484624791, 0.874722134, -1.59880605e-005, -9.63670019e-005, 7.16683573e-005, 0.999999993, 0.874722921, -0.484623363, 8.89299811e-005, 0.484623368, 0.874722921, -4.36176486e-005, -5.66509613e-005, 8.12509039e-005, 0.999999995, 0, 0, 0, 0, 0, 0, 0, 0.267868311, -0.0783374756, -0.216041504, -0.0278166055, 0.195649957, -0.980225168, -0.999023437, -0.0345458984, 0.021484375, -0.0297056564, 0.980117706, 0.196532121, 0, 0, 0, 0, 0, 0, 0, 0.28823291, -0.0069315918, -0.201937695, -0.129395484, 0.0678137949, -0.989235854, 0.542236328, -0.830322266, -0.127807617, -0.83008452, -0.552947468, 0.0705672556, 0, 2, 5, 1, 
822.246629, 59, 0.1, 0.1, 0.00547523831, 0.358282971, -0.0199319761, 0.874717567, -0.484633027, -8.55049667e-005, 0.484633028, 0.87471757, -9.90059786e-006, 7.95908534e-005, -3.27783041e-005, 0.999999996, 0.874718552, -0.484631243, -0.000114277667, 0.484631249, 0.874718555, 3.55915871e-005, 8.27120003e-005, -8.65151499e-005, 0.999999993, 0, 0, 0, 0, 0, 0, 0, 0.267868311, -0.0783374756, -0.216041504, -0.0278166055, 0.195649957, -0.980225168, -0.999023437, -0.0345458984, 0.021484375, -0.0297056564, 0.980117706, 0.196532121, 0, 0, 0, 0, 0, 0, 0, 0.28823291, -0.0069315918, -0.201937695, -0.129395484, 0.0678137949, -0.989235854, 0.542236328, -0.830322266, -0.127807617, -0.83008452, -0.552947468, 0.0705672556, 0, 2, 5, 1, 
822.248021, 59, 0.1, 0.1, 0.00547520705, 0.358282984, -0.0199335109, 0.874712173, -0.484642769, 3.16463855e-005, 0.484642767, 0.874712173, 4.57959786e-005, -4.98761685e-005, -2.47211081e-005, 0.999999998, 0.874713209, -0.484640887, 0.000112339385, 0.48464089, 0.874713214, -4.99779321e-006, -9.58426093e-005, 5.88158952e-005, 0.999999994, 0, 0, 0, 0, 0, 0, 0, 0.26853291, -0.0784840576, -0.216024048, -0.0277544479, 0.197179141, -0.97997692, -0.999023437, -0.0373535156, 0.0207519531, -0.0324345237, 0.979628323, 0.198099497, 0, 0, 0, 0, 0, 0, 0, 0.289086963, -0.00767797852, -0.201333398, -0.126737409, 0.066919141, -0.989664224, 0.543457031, -0.829833984, -0.125732422, -0.829682402, -0.553777956, 0.0688038341, 0, 2, 5, 1, 
822.249397, 59, 0.1, 0.1, 0.00547521746, 0.358282987, -0.0199395018, 0.874706235, -0.484653481, 8.2154823e-005, 0.484653485, 0.874706235, -4.09013379e-005, -5.20383602e-005, 7.55932765e-005, 0.999999996, 0.874707564, -0.484651088, -1.33465418e-006, 0.484651087, 0.874707563, -5.30551497e-005, 2.68806681e-005, 4.57608991e-005, 0.999999999, 0, 0, 0, 0, 0, 0, 0, 0.26853291, -0.0784840576, -0.216024048, -0.0277544479, 0.197179141, -0.97997692, -0.999023437, -0.0373535156, 0.0207519531, -0.0324345237, 0.979628323, 0.198099497, 0, 0, 0, 0, 0, 0, 0, 0.289086963, -0.00767797852, -0.201333398, -0.126737409, 0.066919141, -0.989664224, 0.543457031, -0.829833984, -0.125732422, -0.829682402, -0.553777956, 0.0688038341, 0, 2, 5, 1, 
822.250702, 59, 0.1, 0.1, 0.00547521609, 0.358282975, -0.0199451367, 0.874700309, -0.484664173, -9.98875411e-005, 0.484664178, 0.87470031, 3.87170745e-005, 6.86068843e-005, -8.227775e-005, 0.999999994, 0.874701509, -0.48466201, -6.99393152e-005, 0.484662014, 0.874701508, 5.76813915e-005, 3.32200454e-005, -8.43509296e-005, 0.999999996, 0, 0, 0, 0, 0, 0, 0, 0.26853291, -0.0784840576, -0.216024048, -0.0277544479, 0.197179141, -0.97997692, -0.999023437, -0.0373535156, 0.0207519531, -0.0324345237, 0.979628323, 0.198099497, 0, 0, 0, 0, 0, 0, 0, 0.289086963, -0.00767797852, -0.201333398, -0.126737409, 0.066919141, -0.989664224, 0.543457031, -0.829833984, -0.125732422, -0.829682402, -0.553777956, 0.0688038341, 0, 2, 5, 1, 
822.252122, 59, 0.1, 0.1, 0.0054752104, 0.358282979, -0.0199479805, 0.874693629, -0.484676235, 4.80945592e-005, 0.484676235, 0.87469363, 1.37681635e-005, -4.87411062e-005, 1.1267365e-005, 0.999999999, 0.874694978, -0.484673798, 7.27911991e-005, 0.4846738, 0.87469498, -1.31977246e-005, -5.72735051e-005, 4.68239705e-005, 0.999999997, 0, 0, 0, 0, 0, 0, 0, 0.268897485, -0.0785621582, -0.216430859, -0.0292907456, 0.200053663, -0.979378953, -0.998901367, -0.0386962891, 0.0218505859, -0.0335507094, 0.979049451, 0.201094587, 0, 0, 0, 0, 0, 0, 0, 0.289086963, -0.00767797852, -0.201333398, -0.127906582, 0.0667656566, -0.98951074, 0.544311523, -0.829223633, -0.126342773, -0.829068831, -0.554653287, 0.0696791649, 0, 2, 5, 1, 
822.253415, 59, 0.1, 0.1, 0.00547523324, 0.358282978, -0.0199464622, 0.874687522, -0.484687258, -1.95162258e-005, 0.484687256, 0.874687521, -5.79616113e-005, 4.51638536e-005, 4.12390322e-005, 0.999999998, 0.874688726, -0.484685079, -8.38223036e-005, 0.484685079, 0.874688729, -1.87618546e-005, 8.24120152e-005, -2.42166372e-005, 0.999999996, 0, 0, 0, 0, 0, 0, 0, 0.268897485, -0.0785621582, -0.216430859, -0.0292907456, 0.200053663, -0.979378953, -0.998901367, -0.0386962891, 0.0218505859, -0.0335507094, 0.979049451, 0.201094587, 0, 0, 0, 0, 0, 0, 0, 0.289245752, -0.00815302734, -0.201751318, -0.127906582, 0.0667656566, -0.98951074, 0.544311523, -0.829223633, -0.126342773, -0.829068831, -0.554653287, 0.0696791649, 0, 2, 5, 1, 
