time, trialNum, realDorsalTactorPos, realVentralTactorPos, boxPosX, boxPosY, boxPosZ, boxLocalRot_11, boxLocalRot_12, boxLocalRot_13, boxLocalRot_21, boxLocalRot_22, boxLocalRot_23, boxLocalRot_31, boxLocalRot_32, boxLocalRot_33, boxGlobalRot_11, boxGlobalRot_12, boxGlobalRot_13, boxGlobalRot_21, boxGlobalRot_22, boxGlobalRot_23, boxGlobalRot_31, boxGlobalRot_32, boxGlobalRot_33, indexForceX, indexForceY, indexForceZ, indexForceGlobalX, indexForceGlobalY, indexForceGlobalZ, indexContact, indexPosX, indexPosY, indexPosZ, indexRot_11, indexRot_12, indexRot_13, indexRot_21, indexRot_22, indexRot_23, indexRot_31, indexRot_32, indexRot_33, thumbForceX, thumbForceY, thumbForceZ, thumbForceGlobalX, thumbForceGlobalY, thumbForceGlobalZ, thumbContact, thumbPosX, thumbPosY, thumbPosZ, thumbRot_11, thumbRot_12, thumbRot_13, thumbRot_21, thumbRot_22, thumbRot_23, thumbRot_31, thumbRot_32, thumbRot_33, manipForceTooHigh, cceExpType, mapping, trialSuccess, 
238.610785, 26, 0.1, 0.1, -0.00458235049, 0.362073237, -0.0199671787, 0.934367051, 0.35631196, 4.40707795e-005, 0.35631196, -0.934367052, 8.56009043e-006, 4.42283469e-005, 7.70467937e-006, -0.999999999, 0.93436701, 0.356312063, 5.93053317e-005, 0.356312063, -0.934367012, 1.65578037e-005, 6.13126908e-005, 5.66013958e-006, -0.999999998, 0, 0, 0, 0, 0, 0, 0, 0.407733838, -0.260724927, -0.162316211, -0.583887028, 0.29870966, -0.754827109, -0.811157227, -0.180175781, 0.556274414, 0.0301882853, 0.937098794, 0.34770358, 0, 0, 0, 0, 0, 0, 0, 0.433051514, -0.20024165, -0.129330127, -0.431009907, 0.19341346, -0.881321197, 0.795654297, -0.379272461, -0.472290039, -0.425680625, -0.904783231, 0.00961408696, 0, 2, 1, 1, 
238.636164, 26, 0.1, 0.1, -0.00458238993, 0.362073246, -0.0199600709, 0.934362333, 0.356324334, 7.65321971e-008, 0.356324334, -0.934362332, 3.19040779e-005, 1.14397081e-005, -2.97826984e-005, -0.999999999, 0.934362422, 0.3563241, 2.14210269e-005, 0.356324099, -0.934362422, 2.48131921e-005, 2.88565409e-005, -1.55516862e-005, -0.999999999, 0, 0, 0, 0, 0, 0, 0, 0.404663086, -0.264155225, -0.152878223, -0.569904955, 0.296940463, -0.766241318, -0.821044922, -0.16796875, 0.545532227, 0.0334117876, 0.939974438, 0.339624058, 0, 0, 0, 0, 0, 0, 0, 0.431661426, -0.197619775, -0.127626221, -0.431015004, 0.19037149, -0.88199237, 0.799926758, -0.371582031, -0.471069336, -0.417457399, -0.908539751, 0.00782514582, 0, 2, 1, 1, 
238.636947, 26, 0.1, 0.1, -0.00458239303, 0.362073243, -0.0199570116, 0.93436175, 0.35632586, 2.34108667e-005, 0.356325861, -0.93436175, -2.13337464e-005, 1.42724528e-005, 2.82753339e-005, -0.999999999, 0.934361884, 0.35632551, -4.31892664e-006, 0.35632551, -0.934361884, -3.47009092e-005, -1.64002596e-005, 3.08842632e-005, -0.999999999, 0, 0, 0, 0, 0, 0, 0, 0.404663086, -0.264155225, -0.152878223, -0.569904955, 0.296940463, -0.766241318, -0.821044922, -0.16796875, 0.545532227, 0.0334117876, 0.939974438, 0.339624058, 0, 0, 0, 0, 0, 0, 0, 0.431661426, -0.197619775, -0.127626221, -0.431015004, 0.19037149, -0.88199237, 0.799926758, -0.371582031, -0.471069336, -0.417457399, -0.908539751, 0.00782514582, 0, 2, 1, 1, 
238.63773, 26, 0.1, 0.1, -0.00458239442, 0.362073247, -0.0199570971, 0.934360957, 0.356327939, -4.14553891e-005, 0.356327939, -0.934360958, 4.18603797e-006, -3.72426948e-005, -1.86829838e-005, -0.999999999, 0.934361135, 0.356327472, -3.30537729e-005, 0.356327473, -0.934361135, 2.53607337e-005, -2.18474346e-005, -3.54740513e-005, -0.999999999, 0, 0, 0, 0, 0, 0, 0, 0.404663086, -0.264155225, -0.152878223, -0.569904955, 0.296940463, -0.766241318, -0.821044922, -0.16796875, 0.545532227, 0.0334117876, 0.939974438, 0.339624058, 0, 0, 0, 0, 0, 0, 0, 0.431661426, -0.197619775, -0.127626221, -0.431015004, 0.19037149, -0.88199237, 0.799926758, -0.371582031, -0.471069336, -0.417457399, -0.908539751, 0.00782514582, 0, 2, 1, 1, 
238.638536, 26, 0.1, 0.1, -0.00458239291, 0.362073245, -0.0199598223, 0.934359947, 0.35633059, 1.83083086e-005, 0.356330589, -0.934359947, 2.614661e-005, 2.64233872e-005, -1.79065347e-005, -0.999999999, 0.934360154, 0.356330046, 2.94309606e-005, 0.356330046, -0.934360155, -1.46429959e-007, 2.74469395e-005, 1.06239539e-005, -1, 0, 0, 0, 0, 0, 0, 0, 0.405195581, -0.262574097, -0.156380859, -0.576854804, 0.297371436, -0.760731165, -0.816162109, -0.173828125, 0.55090332, 0.031669921, 0.938793851, 0.343200645, 0, 0, 0, 0, 0, 0, 0, 0.431694141, -0.197827881, -0.126754736, -0.430158996, 0.190441853, -0.882382095, 0.799804688, -0.372802734, -0.470336914, -0.418594856, -0.908041384, 0.00802966955, 0, 2, 1, 1, 
238.639315, 26, 0.1, 0.1, -0.00458239682, 0.362073246, -0.0199641569, 0.934358833, 0.356333512, -6.32348515e-006, 0.356333512, -0.934358832, -2.52710875e-005, -1.49133396e-005, 2.13589942e-005, -1, 0.934359063, 0.356332907, -2.34811693e-005, 0.356332906, -0.934359064, -1.81841106e-005, -2.84194403e-005, 8.6233752e-006, -1, 0, 0, 0, 0, 0, 0, 0, 0.405195581, -0.262574097, -0.156380859, -0.576854804, 0.297371436, -0.760731165, -0.816162109, -0.173828125, 0.55090332, 0.031669921, 0.938793851, 0.343200645, 0, 0, 0, 0, 0, 0, 0, 0.431694141, -0.197827881, -0.126754736, -0.430158996, 0.190441853, -0.882382095, 0.799804688, -0.372802734, -0.470336914, -0.418594856, -0.908041384, 0.00802966955, 0, 2, 1, 1, 
238.640103, 26, 0.1, 0.1, -0.00458239489, 0.362073248, -0.0199687369, 0.934357613, 0.356336711, -1.87948148e-005, 0.356336711, -0.934357612, 1.86059053e-005, -1.09311112e-005, -2.40818518e-005, -1, 0.934357861, 0.356336061, 1.46847471e-006, 0.356336061, -0.93435786, 2.73840187e-005, 1.11299942e-005, -2.50632026e-005, -1, 0, 0, 0, 0, 0, 0, 0, 0.405195581, -0.262574097, -0.156380859, -0.576854804, 0.297371436, -0.760731165, -0.816162109, -0.173828125, 0.55090332, 0.031669921, 0.938793851, 0.343200645, 0, 0, 0, 0, 0, 0, 0, 0.431694141, -0.197827881, -0.126754736, -0.430158996, 0.190441853, -0.882382095, 0.799804688, -0.372802734, -0.470336914, -0.418594856, -0.908041384, 0.00802966955, 0, 2, 1, 1, 
238.640889, 26, 0.1, 0.1, -0.00458239496, 0.362073246, -0.019972003, 0.934356343, 0.356340039, 2.25932127e-005, 0.356340039, -0.934356344, -9.26533853e-007, 2.07799505e-005, 8.91657905e-006, -1, 0.934356596, 0.356339376, 1.72367264e-005, 0.356339377, -0.934356596, -1.3912626e-005, 1.11476325e-005, 1.91414782e-005, -1, 0, 0, 0, 0, 0, 0, 0, 0.405195581, -0.262574097, -0.156380859, -0.576854804, 0.297371436, -0.760731165, -0.816162109, -0.173828125, 0.55090332, 0.031669921, 0.938793851, 0.343200645, 0, 0, 0, 0, 0, 0, 0, 0.431694141, -0.197827881, -0.126754736, -0.430158996, 0.190441853, -0.882382095, 0.799804688, -0.372802734, -0.470336914, -0.418594856, -0.908041384, 0.00802966955, 0, 2, 1, 1, 
238.641666, 26, 0.1, 0.1, -0.00458239621, 0.362073248, -0.0199730003, 0.934355068, 0.356343383, -1.19871977e-005, 0.356343383, -0.934355068, -1.72101236e-005, -1.73330126e-005, 1.18088076e-005, -1, 0.934355323, 0.356342715, -1.99015014e-005, 0.356342715, -0.934355323, 4.77976506e-007, -1.84247504e-005, -7.53835495e-006, -1, 0, 0, 0, 0, 0, 0, 0, 0.405195581, -0.262574097, -0.156380859, -0.576854804, 0.297371436, -0.760731165, -0.816162109, -0.173828125, 0.55090332, 0.031669921, 0.938793851, 0.343200645, 0, 0, 0, 0, 0, 0, 0, 0.431694141, -0.197827881, -0.126754736, -0.430158996, 0.190441853, -0.882382095, 0.799804688, -0.372802734, -0.470336914, -0.418594856, -0.908041384, 0.00802966955, 0, 2, 1, 1, 
238.642446, 26, 0.1, 0.1, -0.00458239351, 0.362073248, -0.0199716749, 0.934353771, 0.356346785, 1.25074544e-006, 0.356346785, -0.93435377, 2.12433946e-005, 8.73865409e-006, -1.94031467e-005, -1, 0.93435403, 0.356346104, 1.52725284e-005, 0.356346104, -0.93435403, 1.67709887e-005, 2.0246225e-005, -1.02277349e-005, -1, 0, 0, 0, 0, 0, 0, 0, 0.405195581, -0.262574097, -0.156380859, -0.576854804, 0.297371436, -0.760731165, -0.816162109, -0.173828125, 0.55090332, 0.031669921, 0.938793851, 0.343200645, 0, 0, 0, 0, 0, 0, 0, 0.431694141, -0.197827881, -0.126754736, -0.430158996, 0.190441853, -0.882382095, 0.799804688, -0.372802734, -0.470336914, -0.418594856, -0.908041384, 0.00802966955, 0, 2, 1, 1, 
238.643258, 26, 0.1, 0.1, -0.00458239489, 0.362073245, -0.0199681317, 0.934352386, 0.356350415, 2.31747219e-005, 0.356350416, -0.934352386, -2.03027782e-005, 1.44184532e-005, 2.7228271e-005, -1, 0.934352652, 0.356349717, 2.53768509e-006, 0.356349717, -0.934352652, -3.04874118e-005, -8.49308779e-006, 2.93902975e-005, -1, 0, 0, 0, 0, 0, 0, 0, 0.407279053, -0.259956714, -0.159916821, -0.583768705, 0.29626012, -0.755931311, -0.811523437, -0.18359375, 0.55456543, 0.0254730512, 0.93723958, 0.347754876, 0, 0, 0, 0, 0, 0, 0, 0.431998193, -0.198457568, -0.125693457, -0.428561819, 0.19087642, -0.883072225, 0.800048828, -0.373901367, -0.468994141, -0.419777156, -0.907504739, 0.00758890582, 0, 2, 1, 1, 
238.644039, 26, 0.1, 0.1, -0.00458239503, 0.362073247, -0.0199641339, 0.934351004, 0.356354037, -2.8599467e-005, 0.356354037, -0.934351005, -2.7481633e-006, -2.77012598e-005, -7.62378638e-006, -1, 0.934351282, 0.356353311, -2.26590212e-005, 0.356353311, -0.934351282, 1.45621279e-005, -1.59822231e-005, -2.16807601e-005, -1, 0, 0, 0, 0, 0, 0, 0, 0.407279053, -0.259956714, -0.159916821, -0.583768705, 0.29626012, -0.755931311, -0.811523437, -0.18359375, 0.55456543, 0.0254730512, 0.93723958, 0.347754876, 0, 0, 0, 0, 0, 0, 0, 0.431998193, -0.198457568, -0.125693457, -0.428561819, 0.19087642, -0.883072225, 0.800048828, -0.373901367, -0.468994141, -0.419777156, -0.907504739, 0.00758890582, 0, 2, 1, 1, 
238.644818, 26, 0.1, 0.1, -0.00458239227, 0.362073245, -0.0199610634, 0.934349561, 0.356357822, 2.02042198e-005, 0.356357822, -0.934349561, 2.5335063e-005, 2.79061518e-005, -1.64718732e-005, -0.999999999, 0.934349854, 0.356357053, 3.20424668e-005, 0.356357054, -0.934349854, -5.13889201e-007, 2.97557461e-005, 1.18987114e-005, -0.999999999, 0, 0, 0, 0, 0, 0, 0, 0.407279053, -0.259956714, -0.159916821, -0.583768705, 0.29626012, -0.755931311, -0.811523437, -0.18359375, 0.55456543, 0.0254730512, 0.93723958, 0.347754876, 0, 0, 0, 0, 0, 0, 0, 0.431998193, -0.198457568, -0.125693457, -0.428561819, 0.19087642, -0.883072225, 0.800048828, -0.373901367, -0.468994141, -0.419777156, -0.907504739, 0.00758890582, 0, 2, 1, 1, 
238.645597, 26, 0.1, 0.1, -0.00458239578, 0.362073245, -0.0199598164, 0.934348039, 0.356361815, -1.62241007e-006, 0.356361814, -0.934348038, -3.06793856e-005, -1.24488572e-005, 2.80870588e-005, -1, 0.93434835, 0.356360997, -2.13476144e-005, 0.356360997, -0.93434835, -2.37526908e-005, -2.84106409e-005, 1.45858303e-005, -0.999999999, 0, 0, 0, 0, 0, 0, 0, 0.407279053, -0.259956714, -0.159916821, -0.583768705, 0.29626012, -0.755931311, -0.811523437, -0.18359375, 0.55456543, 0.0254730512, 0.93723958, 0.347754876, 0, 0, 0, 0, 0, 0, 0, 0.431998193, -0.198457568, -0.125693457, -0.428561819, 0.19087642, -0.883072225, 0.800048828, -0.373901367, -0.468994141, -0.419777156, -0.907504739, 0.00758890582, 0, 2, 1, 1, 
238.646377, 26, 0.1, 0.1, -0.0045823933, 0.362073248, -0.0199606773, 0.934346445, 0.356365993, -2.42623248e-005, 0.356365993, -0.934346445, 2.33670928e-005, -1.43421797e-005, -3.04792275e-005, -0.999999999, 0.934346769, 0.356365143, 1.60812783e-006, 0.356365143, -0.934346768, 3.44831021e-005, 1.37911247e-005, -3.16460943e-005, -0.999999999, 0, 0, 0, 0, 0, 0, 0, 0.407279053, -0.259956714, -0.159916821, -0.583768705, 0.29626012, -0.755931311, -0.811523437, -0.18359375, 0.55456543, 0.0254730512, 0.93723958, 0.347754876, 0, 0, 0, 0, 0, 0, 0, 0.431998193, -0.198457568, -0.125693457, -0.428561819, 0.19087642, -0.883072225, 0.800048828, -0.373901367, -0.468994141, -0.419777156, -0.907504739, 0.00758890582, 0, 2, 1, 1, 
238.647154, 26, 0.1, 0.1, -0.00458239355, 0.362073245, -0.0199632196, 0.934344799, 0.356370308, 2.80716113e-005, 0.356370308, -0.934344799, -2.19417435e-007, 2.61503701e-005, 1.02089003e-005, -1, 0.934345132, 0.356369434, 2.11211547e-005, 0.356369434, -0.934345132, -1.78072259e-005, 1.33884971e-005, 2.41650288e-005, -1, 0, 0, 0, 0, 0, 0, 0, 0.407279053, -0.259956714, -0.159916821, -0.583768705, 0.29626012, -0.755931311, -0.811523437, -0.18359375, 0.55456543, 0.0254730512, 0.93723958, 0.347754876, 0, 0, 0, 0, 0, 0, 0, 0.431998193, -0.198457568, -0.125693457, -0.428561819, 0.19087642, -0.883072225, 0.800048828, -0.373901367, -0.468994141, -0.419777156, -0.907504739, 0.00758890582, 0, 2, 1, 1, 
238.64796, 26, 0.1, 0.1, -0.00458239615, 0.362073248, -0.0199663938, 0.934343058, 0.356374872, -2.10128451e-005, 0.356374871, -0.934343058, -1.98626122e-005, -2.67117419e-005, 1.10700439e-005, -1, 0.934343393, 0.356373994, -3.04145267e-005, 0.356373994, -0.934343393, 1.9390413e-006, -2.77265882e-005, -1.26506768e-005, -1, 0, 0, 0, 0, 0, 0, 0, 0.409753882, -0.257908008, -0.158452515, -0.582922107, 0.292668184, -0.757904574, -0.812255859, -0.189941406, 0.551391602, 0.0175526714, 0.937190527, 0.348561778, 0, 0, 0, 0, 0, 0, 0, 0.432111328, -0.198747803, -0.126310449, -0.429756878, 0.193010609, -0.881998934, 0.798706055, -0.374389648, -0.470947266, -0.421252931, -0.906789455, 0.00671977161, 0, 2, 1, 1, 
238.648742, 26, 0.1, 0.1, -0.00458239397, 0.362073248, -0.0199689248, 0.934341361, 0.356379322, -3.9560462e-007, 0.356379322, -0.934341361, 2.39675054e-005, 8.17189359e-006, -2.25348169e-005, -1, 0.934341702, 0.356378428, 1.43779452e-005, 0.356378428, -0.934341702, 1.82042004e-005, 1.99214981e-005, -1.1884954e-005, -1, 0, 0, 0, 0, 0, 0, 0, 0.409753882, -0.257908008, -0.158452515, -0.582922107, 0.292668184, -0.757904574, -0.812255859, -0.189941406, 0.551391602, 0.0175526714, 0.937190527, 0.348561778, 0, 0, 0, 0, 0, 0, 0, 0.432111328, -0.198747803, -0.126310449, -0.429756878, 0.193010609, -0.881998934, 0.798706055, -0.374389648, -0.470947266, -0.421252931, -0.906789455, 0.00671977161, 0, 2, 1, 1, 
238.649519, 26, 0.1, 0.1, -0.00458239596, 0.362073246, -0.019970302, 0.934339685, 0.356383716, 1.74852514e-005, 0.356383717, -0.934339685, -1.57264738e-005, 1.07325052e-005, 2.09253274e-005, -1, 0.934340016, 0.356382848, -2.00976397e-006, 0.356382848, -0.934340016, -2.4196281e-005, -1.05009424e-005, 2.18913082e-005, -1, 0, 0, 0, 0, 0, 0, 0, 0.409753882, -0.257908008, -0.158452515, -0.582922107, 0.292668184, -0.757904574, -0.812255859, -0.189941406, 0.551391602, 0.0175526714, 0.937190527, 0.348561778, 0, 0, 0, 0, 0, 0, 0, 0.432111328, -0.198747803, -0.126310449, -0.429756878, 0.193010609, -0.881998934, 0.798706055, -0.374389648, -0.470947266, -0.421252931, -0.906789455, 0.00671977161, 0, 2, 1, 1, 
238.650328, 26, 0.1, 0.1, -0.00458239631, 0.362073248, -0.019970033, 0.934337957, 0.356388247, -2.48939316e-005, 0.356388247, -0.934337957, -2.32126037e-006, -2.40866151e-005, -6.70306295e-006, -1, 0.934338319, 0.356387296, -1.97383655e-005, 0.356387296, -0.934338319, 1.36040966e-005, -1.35939841e-005, -1.97453314e-005, -1, 0, 0, 0, 0, 0, 0, 0, 0.408164209, -0.257909448, -0.158771802, -0.583744739, 0.297071891, -0.755555383, -0.811523437, -0.187744141, 0.553100586, 0.022503049, 0.936122272, 0.350908726, 0, 0, 0, 0, 0, 0, 0, 0.432111328, -0.198747803, -0.126310449, -0.429169193, 0.193700739, -0.882203457, 0.798461914, -0.37512207, -0.470703125, -0.422173105, -0.906348692, 0.00633004717, 0, 2, 1, 1, 
238.651178, 26, 0.1, 0.1, -0.00458239362, 0.362073247, -0.0199676694, 0.934336153, 0.356392974, 1.6288297e-005, 0.356392974, -0.934336153, 2.64144188e-005, 2.4632658e-005, -1.88749118e-005, -1, 0.934336547, 0.356391941, 2.78459046e-005, 0.356391941, -0.934336548, 1.66919639e-006, 2.66123345e-005, 8.3644648e-006, -1, 0, 0, 0, 0, 0, 0, 0, 0.408164209, -0.257909448, -0.158771802, -0.583744739, 0.297071891, -0.755555383, -0.811523437, -0.187744141, 0.553100586, 0.022503049, 0.936122272, 0.350908726, 0, 0, 0, 0, 0, 0, 0, 0.431907617, -0.199362598, -0.126332178, -0.429169193, 0.193700739, -0.882203457, 0.798461914, -0.37512207, -0.470703125, -0.422173105, -0.906348692, 0.00633004717, 0, 2, 1, 1, 
238.652, 26, 0.1, 0.1, -0.00458239742, 0.362073248, -0.0199637077, 0.934334364, 0.356397667, -2.15107016e-006, 0.356397667, -0.934334363, -2.74332837e-005, -1.17869771e-005, 2.48652233e-005, -1, 0.934334699, 0.356396788, -2.06424889e-005, 0.356396788, -0.934334699, -2.0974053e-005, -2.67620787e-005, 1.22398687e-005, -1, 0, 0, 0, 0, 0, 0, 0, 0.408164209, -0.257909448, -0.158771802, -0.583744739, 0.297071891, -0.755555383, -0.811523437, -0.187744141, 0.553100586, 0.022503049, 0.936122272, 0.350908726, 0, 0, 0, 0, 0, 0, 0, 0.431907617, -0.199362598, -0.126332178, -0.429169193, 0.193700739, -0.882203457, 0.798461914, -0.37512207, -0.470703125, -0.422173105, -0.906348692, 0.00633004717, 0, 2, 1, 1, 
238.652782, 26, 0.1, 0.1, -0.00458239521, 0.362073251, -0.0199609392, 0.934332635, 0.356402197, -2.4694787e-005, 0.356402197, -0.934332635, 1.99568678e-005, -1.59604738e-005, -2.74476292e-005, -0.999999999, 0.934332984, 0.356401284, 5.69600872e-007, 0.356401284, -0.934332983, 3.2288298e-005, 1.20397878e-005, -2.99650154e-005, -0.999999999, 0, 0, 0, 0, 0, 0, 0, 0.408164209, -0.257909448, -0.158771802, -0.583744739, 0.297071891, -0.755555383, -0.811523437, -0.187744141, 0.553100586, 0.022503049, 0.936122272, 0.350908726, 0, 0, 0, 0, 0, 0, 0, 0.431907617, -0.199362598, -0.126332178, -0.429169193, 0.193700739, -0.882203457, 0.798461914, -0.37512207, -0.470703125, -0.422173105, -0.906348692, 0.00633004717, 0, 2, 1, 1, 
238.65356, 26, 0.1, 0.1, -0.00458239453, 0.362073247, -0.0199600414, 0.934330873, 0.356406815, 3.47788128e-005, 0.356406816, -0.934330874, -3.36567838e-006, 3.12953679e-005, 1.55400631e-005, -0.999999999, 0.934331232, 0.356405875, 2.72254063e-005, 0.356405876, -0.934331232, -2.27511074e-005, 1.73289191e-005, 3.0960365e-005, -0.999999999, 0, 0, 0, 0, 0, 0, 0, 0.408164209, -0.257909448, -0.158771802, -0.583744739, 0.297071891, -0.755555383, -0.811523437, -0.187744141, 0.553100586, 0.022503049, 0.936122272, 0.350908726, 0, 0, 0, 0, 0, 0, 0, 0.431907617, -0.199362598, -0.126332178, -0.429169193, 0.193700739, -0.882203457, 0.798461914, -0.37512207, -0.470703125, -0.422173105, -0.906348692, 0.00633004717, 0, 2, 1, 1, 
238.65434, 26, 0.1, 0.1, -0.00458239615, 0.362073249, -0.0199611261, 0.934329068, 0.356411549, -1.73274687e-005, 0.356411548, -0.934329068, -2.61239715e-005, -2.55004429e-005, 1.8232676e-005, -1, 0.93432943, 0.356410599, -2.84010516e-005, 0.356410599, -0.934329431, -5.10616639e-007, -2.67179276e-005, -9.64535166e-006, -1, 0, 0, 0, 0, 0, 0, 0, 0.408164209, -0.257909448, -0.158771802, -0.583744739, 0.297071891, -0.755555383, -0.811523437, -0.187744141, 0.553100586, 0.022503049, 0.936122272, 0.350908726, 0, 0, 0, 0, 0, 0, 0, 0.431907617, -0.199362598, -0.126332178, -0.429169193, 0.193700739, -0.882203457, 0.798461914, -0.37512207, -0.470703125, -0.422173105, -0.906348692, 0.00633004717, 0, 2, 1, 1, 
238.655152, 26, 0.1, 0.1, -0.00458239216, 0.362073248, -0.0199636643, 0.93432716, 0.356416551, 3.06054987e-006, 0.356416551, -0.93432716, 2.85305639e-005, 1.302832e-005, -2.55660501e-005, -1, 0.934327561, 0.3564155, 2.21759074e-005, 0.356415499, -0.934327561, 2.11956819e-005, 2.82740311e-005, -1.18998727e-005, -1, 0, 0, 0, 0, 0, 0, 0, 0.405935327, -0.257903442, -0.1588875, -0.583964534, 0.301615261, -0.75358699, -0.811279297, -0.185668945, 0.554321289, 0.0273579466, 0.935155489, 0.353192393, 0, 0, 0, 0, 0, 0, 0, 0.431907617, -0.199362598, -0.126332178, -0.427840339, 0.194646433, -0.882586985, 0.798706055, -0.375610352, -0.469970703, -0.423138121, -0.90600381, 0.0053077951, 0, 2, 1, 1, 
238.655943, 26, 0.1, 0.1, -0.00458239414, 0.362073246, -0.0199663397, 0.934325287, 0.356421461, 2.08828765e-005, 0.356421461, -0.934325287, -1.88746758e-005, 1.278406e-005, 2.50781922e-005, -1, 0.934325655, 0.356420497, -9.67411275e-007, 0.356420497, -0.934325654, -2.8264629e-005, -1.09779703e-005, 2.60635628e-005, -1, 0, 0, 0, 0, 0, 0, 0, 0.405935327, -0.257903442, -0.1588875, -0.583964534, 0.301615261, -0.75358699, -0.811279297, -0.185668945, 0.554321289, 0.0273579466, 0.935155489, 0.353192393, 0, 0, 0, 0, 0, 0, 0, 0.43152876, -0.199292773, -0.126155811, -0.427840339, 0.194646433, -0.882586985, 0.798706055, -0.375610352, -0.469970703, -0.423138121, -0.90600381, 0.0053077951, 0, 2, 1, 1, 
238.656723, 26, 0.1, 0.1, -0.00458239387, 0.362073249, -0.0199685949, 0.934323453, 0.356426268, -2.42066921e-005, 0.356426269, -0.934323453, 5.77864136e-007, -2.24109142e-005, -9.16781295e-006, -1, 0.934323822, 0.356425301, -1.8213981e-005, 0.356425301, -0.934323822, 1.58132906e-005, -1.13814995e-005, -2.12666578e-005, -1, 0, 0, 0, 0, 0, 0, 0, 0.405935327, -0.257903442, -0.1588875, -0.583964534, 0.301615261, -0.75358699, -0.811279297, -0.185668945, 0.554321289, 0.0273579466, 0.935155489, 0.353192393, 0, 0, 0, 0, 0, 0, 0, 0.43152876, -0.199292773, -0.126155811, -0.427840339, 0.194646433, -0.882586985, 0.798706055, -0.375610352, -0.469970703, -0.423138121, -0.90600381, 0.0053077951, 0, 2, 1, 1, 
238.657502, 26, 0.1, 0.1, -0.00458239197, 0.362073247, -0.0199698205, 0.934321648, 0.356431001, 1.53526773e-005, 0.356431001, -0.934321648, 1.76872271e-005, 2.06486148e-005, -1.1053389e-005, -1, 0.934322005, 0.356430065, 2.41625697e-005, 0.356430065, -0.934322005, -2.04066528e-006, 2.18482661e-005, 1.05189048e-005, -1, 0, 0, 0, 0, 0, 0, 0, 0.405935327, -0.257903442, -0.1588875, -0.583964534, 0.301615261, -0.75358699, -0.811279297, -0.185668945, 0.554321289, 0.0273579466, 0.935155489, 0.353192393, 0, 0, 0, 0, 0, 0, 0, 0.43152876, -0.199292773, -0.126155811, -0.427840339, 0.194646433, -0.882586985, 0.798706055, -0.375610352, -0.469970703, -0.423138121, -0.90600381, 0.0053077951, 0, 2, 1, 1, 
238.658282, 26, 0.1, 0.1, -0.00458239454, 0.362073246, -0.0199697143, 0.93431987, 0.356435662, -1.18638039e-006, 0.356435662, -0.93431987, -2.42316725e-005, -9.74549099e-006, 2.22172648e-005, -1, 0.934320222, 0.356434738, -1.59401967e-005, 0.356434738, -0.934320222, -1.91374704e-005, -2.17145074e-005, 1.21988857e-005, -1, 0, 0, 0, 0, 0, 0, 0, 0.405935327, -0.257903442, -0.1588875, -0.583964534, 0.301615261, -0.75358699, -0.811279297, -0.185668945, 0.554321289, 0.0273579466, 0.935155489, 0.353192393, 0, 0, 0, 0, 0, 0, 0, 0.43152876, -0.199292773, -0.126155811, -0.427840339, 0.194646433, -0.882586985, 0.798706055, -0.375610352, -0.469970703, -0.423138121, -0.90600381, 0.0053077951, 0, 2, 1, 1, 
238.659062, 26, 0.1, 0.1, -0.00458239288, 0.362073249, -0.0199683978, 0.934318116, 0.356440259, -2.09719457e-005, 0.35644026, -0.934318115, 1.67312156e-005, -1.36307899e-005, -2.31075236e-005, -1, 0.934318459, 0.356439359, -6.20954944e-007, 0.356439359, -0.934318459, 2.60342872e-005, 8.69947499e-006, -2.45456479e-005, -1, 0, 0, 0, 0, 0, 0, 0, 0.405935327, -0.257903442, -0.1588875, -0.583964534, 0.301615261, -0.75358699, -0.811279297, -0.185668945, 0.554321289, 0.0273579466, 0.935155489, 0.353192393, 0, 0, 0, 0, 0, 0, 0, 0.43152876, -0.199292773, -0.126155811, -0.427840339, 0.194646433, -0.882586985, 0.798706055, -0.375610352, -0.469970703, -0.423138121, -0.90600381, 0.0053077951, 0, 2, 1, 1, 
238.659857, 26, 0.1, 0.1, -0.00458239248, 0.362073246, -0.0199663062, 0.934316334, 0.356444929, 2.73537232e-005, 0.356444929, -0.934316334, 2.35738605e-006, 2.63973087e-005, 7.54755162e-006, -1, 0.934316715, 0.35644393, 2.12273058e-005, 0.35644393, -0.934316715, -1.57909033e-005, 1.4204455e-005, 2.23200492e-005, -1, 0, 0, 0, 0, 0, 0, 0, 0.405935327, -0.257903442, -0.1588875, -0.584343089, 0.305796929, -0.751637694, -0.810791016, -0.18359375, 0.555664063, 0.0319908053, 0.934245994, 0.355355494, 0, 0, 0, 0, 0, 0, 0, 0.43152876, -0.199292773, -0.126155811, -0.427840339, 0.194646433, -0.882586985, 0.798706055, -0.375610352, -0.469970703, -0.423138121, -0.90600381, 0.0053077951, 0, 2, 1, 1, 
238.660654, 26, 0.1, 0.1, -0.00458239502, 0.362073249, -0.0199638687, 0.934314541, 0.356449629, -1.95986854e-005, 0.356449629, -0.934314541, -2.05535933e-005, -2.56376575e-005, 1.2217577e-005, -1, 0.934314894, 0.356448703, -3.06054669e-005, 0.356448703, -0.934314894, 3.61360618e-006, -2.73070783e-005, -1.42855251e-005, -1, 0, 0, 0, 0, 0, 0, 0, 0.403697656, -0.257915747, -0.159004541, -0.584343089, 0.305796929, -0.751637694, -0.810791016, -0.18359375, 0.555664063, 0.0319908053, 0.934245994, 0.355355494, 0, 0, 0, 0, 0, 0, 0, 0.431326758, -0.199214648, -0.126401025, -0.427265414, 0.195713527, -0.882606308, 0.798583984, -0.375976563, -0.469848633, -0.423936893, -0.905646168, 0.00432382249, 0, 2, 1, 1, 
238.66143, 26, 0.1, 0.1, -0.00458239198, 0.36207325, -0.0199623838, 0.934312773, 0.356454264, -6.5778868e-008, 0.356454264, -0.934312772, 3.0962495e-005, 1.09752553e-005, -2.89521017e-005, -1, 0.93431313, 0.356453327, 1.84031625e-005, 0.356453327, -0.93431313, 2.47647651e-005, 2.60217993e-005, -1.65781767e-005, -1, 0, 0, 0, 0, 0, 0, 0, 0.403697656, -0.257915747, -0.159004541, -0.584343089, 0.305796929, -0.751637694, -0.810791016, -0.18359375, 0.555664063, 0.0319908053, 0.934245994, 0.355355494, 0, 0, 0, 0, 0, 0, 0, 0.431326758, -0.199214648, -0.126401025, -0.427265414, 0.195713527, -0.882606308, 0.798583984, -0.375976563, -0.469848633, -0.423936893, -0.905646168, 0.00432382249, 0, 2, 1, 1, 
238.662212, 26, 0.1, 0.1, -0.00458239436, 0.362073247, -0.019962181, 0.934310969, 0.356458992, 2.31992827e-005, 0.356458992, -0.934310969, -2.11775513e-005, 1.41264157e-005, 2.80560114e-005, -1, 0.934311333, 0.356458039, -1.83177128e-006, 0.356458039, -0.934311332, -3.18979929e-005, -1.30817407e-005, 2.91497066e-005, -0.999999999, 0, 0, 0, 0, 0, 0, 0, 0.403697656, -0.257915747, -0.159004541, -0.584343089, 0.305796929, -0.751637694, -0.810791016, -0.18359375, 0.555664063, 0.0319908053, 0.934245994, 0.355355494, 0, 0, 0, 0, 0, 0, 0, 0.431326758, -0.199214648, -0.126401025, -0.427265414, 0.195713527, -0.882606308, 0.798583984, -0.375976563, -0.469848633, -0.423936893, -0.905646168, 0.00432382249, 0, 2, 1, 1, 
238.663005, 26, 0.1, 0.1, -0.00458239438, 0.36207325, -0.0199630673, 0.934309112, 0.356463859, -2.98586837e-005, 0.356463859, -0.934309112, 1.1497404e-006, -2.74873994e-005, -1.17177546e-005, -1, 0.934309477, 0.356462903, -2.329631e-005, 0.356462904, -0.934309477, 1.93085418e-005, -1.48831843e-005, -2.63444239e-005, -1, 0, 0, 0, 0, 0, 0, 0, 0.403697656, -0.257915747, -0.159004541, -0.584343089, 0.305796929, -0.751637694, -0.810791016, -0.18359375, 0.555664063, 0.0319908053, 0.934245994, 0.355355494, 0, 0, 0, 0, 0, 0, 0, 0.430381543, -0.199501465, -0.12683457, -0.427425462, 0.197822197, -0.882152785, 0.797363281, -0.377197266, -0.470947266, -0.425917598, -0.904688082, 0.00351229076, 0, 2, 1, 1, 
238.663784, 26, 0.1, 0.1, -0.00458239216, 0.362073248, -0.0199648066, 0.934307276, 0.356468672, 1.89705002e-005, 0.356468672, -0.934307276, 1.94429295e-005, 2.46550717e-005, -1.14032815e-005, -1, 0.934307644, 0.356467707, 2.87990033e-005, 0.356467708, -0.934307644, -3.4585282e-006, 2.56742753e-005, 1.3497244e-005, -1, 0, 0, 0, 0, 0, 0, 0, 0.403697656, -0.257915747, -0.159004541, -0.584343089, 0.305796929, -0.751637694, -0.810791016, -0.18359375, 0.555664063, 0.0319908053, 0.934245994, 0.355355494, 0, 0, 0, 0, 0, 0, 0, 0.430381543, -0.199501465, -0.12683457, -0.427425462, 0.197822197, -0.882152785, 0.797363281, -0.377197266, -0.470947266, -0.425917598, -0.904688082, 0.00351229076, 0, 2, 1, 1, 
238.664562, 26, 0.1, 0.1, -0.00458239481, 0.362073247, -0.0199668129, 0.934305446, 0.356473469, -9.38254059e-007, 0.356473469, -0.934305445, -2.80844711e-005, -1.08879847e-005, 2.59050116e-005, -1, 0.93430581, 0.356472515, -1.69594494e-005, 0.356472514, -0.93430581, -2.19741063e-005, -2.3678477e-005, 1.44849576e-005, -1, 0, 0, 0, 0, 0, 0, 0, 0.403697656, -0.257915747, -0.159004541, -0.584343089, 0.305796929, -0.751637694, -0.810791016, -0.18359375, 0.555664063, 0.0319908053, 0.934245994, 0.355355494, 0, 0, 0, 0, 0, 0, 0, 0.430381543, -0.199501465, -0.12683457, -0.427425462, 0.197822197, -0.882152785, 0.797363281, -0.377197266, -0.470947266, -0.425917598, -0.904688082, 0.00351229076, 0, 2, 1, 1, 
238.665353, 26, 0.1, 0.1, -0.00458239211, 0.362073249, -0.0199682542, 0.934303594, 0.356478321, -1.6635597e-005, 0.356478322, -0.934303594, 1.54139083e-005, -1.0047974e-005, -2.03314996e-005, -1, 0.934303955, 0.356477376, 4.15335378e-006, 0.356477376, -0.934303955, 2.4425442e-005, 1.25876123e-005, -2.13402104e-005, -1, 0, 0, 0, 0, 0, 0, 0, 0.404177832, -0.256442529, -0.15796499, -0.583424977, 0.304051697, -0.753166878, -0.811645508, -0.186645508, 0.553344727, 0.0276432648, 0.934151636, 0.355844877, 0, 0, 0, 0, 0, 0, 0, 0.430381543, -0.199501465, -0.12683457, -0.427425462, 0.197822197, -0.882152785, 0.797363281, -0.377197266, -0.470947266, -0.425917598, -0.904688082, 0.00351229076, 0, 2, 1, 1, 
238.666133, 26, 0.1, 0.1, -0.0045823915, 0.362073246, -0.0199688408, 0.934301792, 0.356483044, 2.65263874e-005, 0.356483044, -0.934301792, -1.71907139e-006, 2.41708315e-005, 1.10623388e-005, -1, 0.934302145, 0.356482118, 2.13653739e-005, 0.356482119, -0.934302145, -1.6841793e-005, 1.39579166e-005, 2.3351697e-005, -1, 0, 0, 0, 0, 0, 0, 0, 0.404177832, -0.256442529, -0.15796499, -0.583424977, 0.304051697, -0.753166878, -0.811645508, -0.186645508, 0.553344727, 0.0276432648, 0.934151636, 0.355844877, 0, 0, 0, 0, 0, 0, 0, 0.430381543, -0.199501465, -0.12683457, -0.427425462, 0.197822197, -0.882152785, 0.797363281, -0.377197266, -0.470947266, -0.425917598, -0.904688082, 0.00351229076, 0, 2, 1, 1, 
238.666982, 26, 0.1, 0.1, -0.00458239369, 0.362073247, -0.0199680316, 0.934299856, 0.356488118, -1.50734882e-005, 0.356488118, -0.934299856, -2.72576124e-005, -2.38001728e-005, 2.00932639e-005, -1, 0.934300277, 0.356487015, -2.61519774e-005, 0.356487015, -0.934300277, -3.22704666e-006, -2.55842e-005, -6.30780978e-006, -1, 0, 0, 0, 0, 0, 0, 0, 0.404177832, -0.256442529, -0.15796499, -0.583424977, 0.304051697, -0.753166878, -0.811645508, -0.186645508, 0.553344727, 0.0276432648, 0.934151636, 0.355844877, 0, 0, 0, 0, 0, 0, 0, 0.430381543, -0.199501465, -0.12683457, -0.427425462, 0.197822197, -0.882152785, 0.797363281, -0.377197266, -0.470947266, -0.425917598, -0.904688082, 0.00351229076, 0, 2, 1, 1, 
238.667854, 26, 0.1, 0.1, -0.00458238868, 0.362073246, -0.0199646668, 0.934297843, 0.356493394, 5.50997722e-006, 0.356493393, -0.934297843, 2.94897814e-005, 1.56608721e-005, -2.55879687e-005, -1, 0.934298205, 0.356492445, 2.43262642e-005, 0.356492444, -0.934298205, 2.29329055e-005, 3.09033926e-005, -1.2754043e-005, -0.999999999, 0, 0, 0, 0, 0, 0, 0, 0.403528516, -0.258141064, -0.15632395, -0.578879363, 0.30573365, -0.755902859, -0.814819336, -0.181152344, 0.55065918, 0.03137262, 0.934626792, 0.354177151, 0, 0, 0, 0, 0, 0, 0, 0.430254834, -0.19796416, -0.127866309, -0.430146969, 0.197828394, -0.880766328, 0.797363281, -0.374267578, -0.473388672, -0.423380558, -0.905914858, 0.00316704241, 0, 2, 1, 1, 
238.668639, 26, 0.1, 0.1, -0.00458239032, 0.362073244, -0.0199620334, 0.934296017, 0.356498181, 2.50290228e-005, 0.356498181, -0.934296017, -1.65039144e-005, 1.75009008e-005, 2.43423426e-005, -1, 0.934296383, 0.35649722, 8.80224755e-007, 0.35649722, -0.934296383, -2.8490458e-005, -9.33437826e-006, 2.69323295e-005, -1, 0, 0, 0, 0, 0, 0, 0, 0.403528516, -0.258141064, -0.15632395, -0.578879363, 0.30573365, -0.755902859, -0.814819336, -0.181152344, 0.55065918, 0.03137262, 0.934626792, 0.354177151, 0, 0, 0, 0, 0, 0, 0, 0.430254834, -0.19796416, -0.127866309, -0.430146969, 0.197828394, -0.880766328, 0.797363281, -0.374267578, -0.473388672, -0.423380558, -0.905914858, 0.00316704241, 0, 2, 1, 1, 
238.669421, 26, 0.1, 0.1, -0.00458239112, 0.362073249, -0.0199608538, 0.934294174, 0.356503008, -3.58796449e-005, 0.356503008, -0.934294175, 5.17569869e-006, -3.16769911e-005, -1.76268265e-005, -0.999999999, 0.934294546, 0.356502034, -2.81767794e-005, 0.356502035, -0.934294546, 2.44313675e-005, -1.76155791e-005, -3.28711727e-005, -0.999999999, 0, 0, 0, 0, 0, 0, 0, 0.403528516, -0.258141064, -0.15632395, -0.578879363, 0.30573365, -0.755902859, -0.814819336, -0.181152344, 0.55065918, 0.03137262, 0.934626792, 0.354177151, 0, 0, 0, 0, 0, 0, 0, 0.430254834, -0.19796416, -0.127866309, -0.430146969, 0.197828394, -0.880766328, 0.797363281, -0.374267578, -0.473388672, -0.423380558, -0.905914858, 0.00316704241, 0, 2, 1, 1, 
238.670205, 26, 0.1, 0.1, -0.00458238992, 0.362073247, -0.0199613746, 0.934292299, 0.356507924, 1.43538543e-005, 0.356507924, -0.934292299, 2.72814979e-005, 2.31367657e-005, -2.03716306e-005, -1, 0.934292676, 0.356506936, 2.57541056e-005, 0.356506936, -0.934292676, 1.8589213e-006, 2.47245906e-005, 7.44474072e-006, -1, 0, 0, 0, 0, 0, 0, 0, 0.403528516, -0.258141064, -0.15632395, -0.578879363, 0.30573365, -0.755902859, -0.814819336, -0.181152344, 0.55065918, 0.03137262, 0.934626792, 0.354177151, 0, 0, 0, 0, 0, 0, 0, 0.430254834, -0.19796416, -0.127866309, -0.430146969, 0.197828394, -0.880766328, 0.797363281, -0.374267578, -0.473388672, -0.423380558, -0.905914858, 0.00316704241, 0, 2, 1, 1, 
238.670995, 26, 0.1, 0.1, -0.00458239466, 0.362073248, -0.0199632709, 0.93429039, 0.356512927, -8.36754021e-006, 0.356512927, -0.93429039, -2.74590357e-005, -1.76072136e-005, 2.26715769e-005, -1, 0.934290768, 0.356511935, -2.63857916e-005, 0.356511934, -0.934290769, -2.03751189e-005, -3.19159746e-005, 9.62943593e-006, -0.999999999, 0, 0, 0, 0, 0, 0, 0, 0.403528516, -0.258141064, -0.15632395, -0.578879363, 0.30573365, -0.755902859, -0.814819336, -0.181152344, 0.55065918, 0.03137262, 0.934626792, 0.354177151, 0, 0, 0, 0, 0, 0, 0, 0.430254834, -0.19796416, -0.127866309, -0.430146969, 0.197828394, -0.880766328, 0.797363281, -0.374267578, -0.473388672, -0.423380558, -0.905914858, 0.00316704241, 0, 2, 1, 1, 
238.67178, 26, 0.1, 0.1, -0.00458239354, 0.36207325, -0.0199658095, 0.934288488, 0.356517911, -2.45692581e-005, 0.356517912, -0.934288488, 1.86352038e-005, -1.6310991e-005, -2.6170037e-005, -1, 0.934288869, 0.356516912, -2.41316077e-006, 0.356516912, -0.934288869, 2.85885276e-005, 7.93770431e-006, -2.75702757e-005, -1, 0, 0, 0, 0, 0, 0, 0, 0.403528516, -0.258141064, -0.15632395, -0.578879363, 0.30573365, -0.755902859, -0.814819336, -0.181152344, 0.55065918, 0.03137262, 0.934626792, 0.354177151, 0, 0, 0, 0, 0, 0, 0, 0.430254834, -0.19796416, -0.127866309, -0.430146969, 0.197828394, -0.880766328, 0.797363281, -0.374267578, -0.473388672, -0.423380558, -0.905914858, 0.00316704241, 0, 2, 1, 1, 
238.672596, 26, 0.1, 0.1, -0.00458239416, 0.362073247, -0.019967858, 0.934286521, 0.356523066, 2.51121461e-005, 0.356523066, -0.934286521, -3.87827754e-006, 2.20792443e-005, 1.25764818e-005, -1, 0.934286896, 0.356522083, 1.87508175e-005, 0.356522083, -0.934286896, -1.93950097e-005, 1.06038938e-005, 2.48055839e-005, -1, 0, 0, 0, 0, 0, 0, 0, 0.403594458, -0.260355298, -0.154084229, -0.573382314, 0.306026081, -0.759953098, -0.818603516, -0.175415039, 0.546875, 0.0340861391, 0.935692803, 0.351234479, 0, 0, 0, 0, 0, 0, 0, 0.43058291, -0.196648389, -0.128904639, -0.432747076, 0.197821831, -0.879514032, 0.797241211, -0.371337891, -0.475708008, -0.420830757, -0.907020232, 0.00293043584, 0, 2, 1, 1, 
238.67338, 26, 0.1, 0.1, -0.00458239584, 0.362073248, -0.019968906, 0.934284657, 0.356527952, -1.443106e-005, 0.356527951, -0.934284657, -2.12184554e-005, -2.10476903e-005, 1.46790011e-005, -1, 0.934285026, 0.356526984, -2.38017575e-005, 0.356526984, -0.934285026, -9.33095715e-007, -2.25702994e-005, -7.61419146e-006, -1, 0, 0, 0, 0, 0, 0, 0, 0.403594458, -0.260355298, -0.154084229, -0.573382314, 0.306026081, -0.759953098, -0.818603516, -0.175415039, 0.546875, 0.0340861391, 0.935692803, 0.351234479, 0, 0, 0, 0, 0, 0, 0, 0.43058291, -0.196648389, -0.128904639, -0.432747076, 0.197821831, -0.879514032, 0.797241211, -0.371337891, -0.475708008, -0.420830757, -0.907020232, 0.00293043584, 0, 2, 1, 1, 
238.674165, 26, 0.1, 0.1, -0.0045823926, 0.362073248, -0.0199688469, 0.934282818, 0.356532771, 3.68811549e-006, 0.356532771, -0.934282817, 2.38301411e-005, 1.19419692e-005, -2.09491573e-005, -1, 0.934283179, 0.356531824, 1.87836319e-005, 0.356531824, -0.934283179, 1.82911914e-005, 2.40706231e-005, -1.03921899e-005, -1, 0, 0, 0, 0, 0, 0, 0, 0.403594458, -0.260355298, -0.154084229, -0.573382314, 0.306026081, -0.759953098, -0.818603516, -0.175415039, 0.546875, 0.0340861391, 0.935692803, 0.351234479, 0, 0, 0, 0, 0, 0, 0, 0.43058291, -0.196648389, -0.128904639, -0.432747076, 0.197821831, -0.879514032, 0.797241211, -0.371337891, -0.475708008, -0.420830757, -0.907020232, 0.00293043584, 0, 2, 1, 1, 
238.674946, 26, 0.1, 0.1, -0.0045823937, 0.362073246, -0.019967832, 0.934281011, 0.356537505, 2.35764424e-005, 0.356537506, -0.934281011, -1.66409796e-005, 1.60938891e-005, 2.39532372e-005, -1, 0.934281368, 0.356536571, 2.75020164e-006, 0.35653657, -0.934281367, -2.63944309e-005, -6.84111772e-006, 2.56403724e-005, -1, 0, 0, 0, 0, 0, 0, 0, 0.403594458, -0.260355298, -0.154084229, -0.573382314, 0.306026081, -0.759953098, -0.818603516, -0.175415039, 0.546875, 0.0340861391, 0.935692803, 0.351234479, 0, 0, 0, 0, 0, 0, 0, 0.43058291, -0.196648389, -0.128904639, -0.432747076, 0.197821831, -0.879514032, 0.797241211, -0.371337891, -0.475708008, -0.420830757, -0.907020232, 0.00293043584, 0, 2, 1, 1, 
238.675725, 26, 0.1, 0.1, -0.00458239344, 0.362073249, -0.0199662925, 0.93427922, 0.356542197, -2.52248413e-005, 0.356542197, -0.93427922, 6.93373374e-007, -2.33198282e-005, -9.64152466e-006, -1, 0.934279581, 0.356541252, -1.91738402e-005, 0.356541253, -0.934279581, 1.73285325e-005, -1.17353907e-005, -2.30259591e-005, -1, 0, 0, 0, 0, 0, 0, 0, 0.403594458, -0.260355298, -0.154084229, -0.573382314, 0.306026081, -0.759953098, -0.818603516, -0.175415039, 0.546875, 0.0340861391, 0.935692803, 0.351234479, 0, 0, 0, 0, 0, 0, 0, 0.43058291, -0.196648389, -0.128904639, -0.432747076, 0.197821831, -0.879514032, 0.797241211, -0.371337891, -0.475708008, -0.420830757, -0.907020232, 0.00293043584, 0, 2, 1, 1, 
238.676505, 26, 0.1, 0.1, -0.00458239087, 0.362073247, -0.0199647516, 0.934277432, 0.356546883, 1.8895967e-005, 0.356546882, -0.934277432, 2.31370229e-005, 2.59035089e-005, -1.48791002e-005, -1, 0.934277786, 0.356545954, 2.96383805e-005, 0.356545954, -0.934277787, 1.33491529e-007, 2.77380764e-005, 1.04427265e-005, -1, 0, 0, 0, 0, 0, 0, 0, 0.403594458, -0.260355298, -0.154084229, -0.573382314, 0.306026081, -0.759953098, -0.818603516, -0.175415039, 0.546875, 0.0340861391, 0.935692803, 0.351234479, 0, 0, 0, 0, 0, 0, 0, 0.43058291, -0.196648389, -0.128904639, -0.432747076, 0.197821831, -0.879514032, 0.797241211, -0.371337891, -0.475708008, -0.420830757, -0.907020232, 0.00293043584, 0, 2, 1, 1, 
238.677317, 26, 0.1, 0.1, -0.00458239465, 0.362073247, -0.0199633634, 0.934275554, 0.356551804, -3.3016135e-006, 0.356551804, -0.934275554, -3.10929827e-005, -1.41708759e-005, 2.78722174e-005, -1, 0.934275915, 0.356550858, -2.13370463e-005, 0.356550857, -0.934275915, -2.49451805e-005, -2.8828914e-005, 1.56979392e-005, -0.999999999, 0, 0, 0, 0, 0, 0, 0, 0.40343374, -0.262775806, -0.151829614, -0.567967641, 0.306661119, -0.763724011, -0.822143555, -0.169555664, 0.543334961, 0.0370598891, 0.936580959, 0.348494751, 0, 0, 0, 0, 0, 0, 0, 0.430905615, -0.195534131, -0.129716309, -0.435123702, 0.198019791, -0.878287256, 0.79675293, -0.369506836, -0.478027344, -0.41923941, -0.907735882, 0.00293663246, 0, 2, 1, 1, 
238.678101, 26, 0.1, 0.1, -0.00458239289, 0.362073249, -0.0199628001, 0.934273721, 0.356556605, -2.53403137e-005, 0.356556606, -0.934273721, 1.98080436e-005, -1.66121004e-005, -2.75413909e-005, -0.999999999, 0.934274085, 0.356555654, -1.2087035e-006, 0.356555654, -0.934274085, 3.04294212e-005, 9.72052182e-006, -2.88603897e-005, -1, 0, 0, 0, 0, 0, 0, 0, 0.40343374, -0.262775806, -0.151829614, -0.567967641, 0.306661119, -0.763724011, -0.822143555, -0.169555664, 0.543334961, 0.0370598891, 0.936580959, 0.348494751, 0, 0, 0, 0, 0, 0, 0, 0.430905615, -0.195534131, -0.129716309, -0.435123702, 0.198019791, -0.878287256, 0.79675293, -0.369506836, -0.478027344, -0.41923941, -0.907735882, 0.00293663246, 0, 2, 1, 1, 
