time, trialNum, realDorsalTactorPos, realVentralTactorPos, box1PosX, box1PosY, box1PosZ, box1LocalRot_11, box1LocalRot_12, box1LocalRot_13, box1LocalRot_21, box1LocalRot_22, box1LocalRot_23, box1LocalRot_31, box1LocalRot_32, box1LocalRot_33, box1GlobalRot_11, box1GlobalRot_12, box1GlobalRot_13, box1GlobalRot_21, box1GlobalRot_22, box1GlobalRot_23, box1GlobalRot_31, box1GlobalRot_32, box1GlobalRot_33, indexForceX, indexForceY, indexForceZ, indexForceGlobalX, indexForceGlobalY, indexForceGlobalZ, indexContact, indexPosX, indexPosY, indexPosZ, indexRot_11, indexRot_12, indexRot_13, indexRot_21, indexRot_22, indexRot_23, indexRot_31, indexRot_32, indexRot_33, thumbForceX, thumbForceY, thumbForceZ, thumbForceGlobalX, thumbForceGlobalY, thumbForceGlobalZ, thumbContact, thumbPosX, thumbPosY, thumbPosZ, thumbRot_11, thumbRot_12, thumbRot_13, thumbRot_21, thumbRot_22, thumbRot_23, thumbRot_31, thumbRot_32, thumbRot_33, manipForceTooHigh, cceExpType, mapping, trialSuccess, 
430.594718, 57, 0.1, 0.1, 0.0290026322, 0.35717439, -0.0199665057, 0.999825435, 5.93066939e-005, -0.0186840844, 0.0186840826, 3.13472541e-005, 0.999825437, 5.98820359e-005, -0.999999998, 3.02336908e-005, 0.999825463, 5.25821546e-005, -0.0186826425, 0.0186826425, -4.73619754e-007, 0.999825464, 5.25641286e-005, -0.999999999, -1.45591069e-006, 0, 0, 0, 0, 0, 0, 0, 0.249460205, -0.0759453125, -0.214995361, -0.0800621485, 0.779278461, -0.621404171, -0.970458984, 0.0811767578, 0.226806641, 0.227236197, 0.621339413, 0.74999743, 0, 0, -0, 0, 0, 0, 0, 0.293761279, -0.0445415527, -0.164486475, -0.0196834547, 0.492589261, -0.869906393, 0.545166016, -0.723999023, -0.422363281, -0.838069412, -0.482525799, -0.254310422, 0, 2, 5, 1, 
430.595598, 57, 0.1, 0.1, 0.0290026362, 0.357174437, -0.0199561925, 0.999825132, -5.20023773e-006, -0.0187004195, 0.0187004196, 8.44472221e-006, 0.999825132, -5.04140853e-006, -1, 8.54049213e-006, 0.999825164, 9.00547523e-007, -0.018698693, 0.0186986929, 6.99715813e-005, 0.999825162, 2.20876719e-006, -0.999999998, 6.99425087e-005, 0, 0, 0, 0, 0, 0, 0, 0.250415063, -0.0777270996, -0.213429858, -0.0816119332, 0.780419734, -0.61978662, -0.967773437, 0.0863037109, 0.236083984, 0.237739789, 0.619181182, 0.748505315, 0, 0, -0, 0, 0, 0, 0, 0.295716357, -0.04760625, -0.162959033, -0.0236641878, 0.496704155, -0.867459038, 0.543945313, -0.721557617, -0.428100586, -0.838733289, -0.481970563, -0.253071253, 0, 2, 5, 1, 
430.596396, 57, 0.1, 0.1, 0.029002635, 0.357174411, -0.0199547682, 0.999825008, -9.64781882e-006, -0.018707057, 0.0187070557, -0.000120001212, 0.999825001, -1.1891e-005, -0.999999993, -0.000119799731, 0.99982503, -2.05708939e-005, -0.0187058685, 0.0187058655, -0.00013424865, 0.999825021, -2.3078532e-005, -0.999999991, -0.000133840364, 0, 0, 0, 0, 0, 0, 0, 0.250529175, -0.0790189453, -0.212684814, -0.0816119332, 0.780419734, -0.61978662, -0.967773437, 0.0863037109, 0.236083984, 0.237739789, 0.619181182, 0.748505315, 0, 0, -0, 0, 0, 0, 0, 0.295716357, -0.04760625, -0.162959033, -0.0236641878, 0.496704155, -0.867459038, 0.543945313, -0.721557617, -0.428100586, -0.838733289, -0.481970563, -0.253071253, 0, 2, 5, 1, 
430.597187, 57, 0.1, 0.1, 0.029002637, 0.357174412, -0.0199571429, 0.999824894, -1.13432671e-005, -0.0187131259, 0.0187131269, 8.9866302e-005, 0.99982489, -9.65960134e-006, -0.999999996, 9.00628338e-005, 0.999824917, -5.00631719e-006, -0.0187119291, 0.0187119294, 6.52111255e-005, 0.999824914, -3.7852147e-006, -0.999999998, 6.52933859e-005, 0, 0, 0, 0, 0, 0, 0, 0.250529175, -0.0790189453, -0.212684814, -0.0816119332, 0.780419734, -0.61978662, -0.967773437, 0.0863037109, 0.236083984, 0.237739789, 0.619181182, 0.748505315, 0, 0, -0, 0, 0, 0, 0, 0.295716357, -0.04760625, -0.162959033, -0.0236641878, 0.496704155, -0.867459038, 0.543945313, -0.721557617, -0.428100586, -0.838733289, -0.481970563, -0.253071253, 0, 2, 5, 1, 
430.598032, 57, 0.1, 0.1, 0.0290026402, 0.357174422, -0.0199622688, 0.99982479, -2.69213472e-006, -0.0187186775, 0.0187186774, -3.73828544e-005, 0.99982479, -3.39142062e-006, -0.999999999, -3.73259114e-005, 0.99982481, 1.95504295e-005, -0.0187176036, 0.0187176031, 2.15967671e-005, 0.99982481, 1.99512442e-005, -1, 2.12270464e-005, 0, 0, 0, 0, 0, 0, 0, 0.250529175, -0.0790189453, -0.212684814, -0.0829992107, 0.780178599, -0.619933397, -0.966430664, 0.0887451172, 0.240966797, 0.243026781, 0.619219374, 0.746798275, 0, 0, -0, 0, 0, 0, 0, 0.295716357, -0.04760625, -0.162959033, -0.0236641878, 0.496704155, -0.867459038, 0.543945313, -0.721557617, -0.428100586, -0.838733289, -0.481970563, -0.253071253, 0, 2, 5, 1, 
430.598851, 57, 0.1, 0.1, 0.0290026415, 0.3571744, -0.0199671616, 0.9998247, 8.8311021e-006, -0.01872349, 0.0187234905, -6.63833233e-005, 0.999824698, 7.5866265e-006, -0.999999998, -6.65370354e-005, 0.999824717, 1.60792881e-005, -0.0187225781, 0.0187225794, -8.93502385e-005, 0.999824713, 1.44036028e-005, -0.999999996, -8.96356226e-005, 0, 0, 0, 0, 0, 0, 0, 0.251144092, -0.0808170898, -0.211804541, -0.0829992107, 0.780178599, -0.619933397, -0.966430664, 0.0887451172, 0.240966797, 0.243026781, 0.619219374, 0.746798275, 0, 0, -0, 0, 0, 0, 0, 0.296229346, -0.0496501953, -0.16217749, -0.0254279759, 0.498781109, -0.866276739, 0.540893555, -0.721801758, -0.431518555, -0.840637068, -0.479542898, -0.251474076, 0, 2, 5, 1, 
430.599645, 57, 0.1, 0.1, 0.0290026404, 0.357174407, -0.0199710108, 0.999824627, 7.71197188e-006, -0.0187274131, 0.0187274125, 7.09768758e-005, 0.999824624, 9.03983266e-006, -0.999999997, 7.08200031e-005, 0.99982464, 3.10124658e-006, -0.0187267031, 0.0187267029, 6.37367993e-005, 0.999824638, 4.29428286e-006, -0.999999998, 6.36675463e-005, 0, 0, 0, 0, 0, 0, 0, 0.251144092, -0.0808170898, -0.211804541, -0.0829992107, 0.780178599, -0.619933397, -0.966430664, 0.0887451172, 0.240966797, 0.243026781, 0.619219374, 0.746798275, 0, 0, -0, 0, 0, 0, 0, 0.296229346, -0.0496501953, -0.16217749, -0.0254279759, 0.498781109, -0.866276739, 0.540893555, -0.721801758, -0.431518555, -0.840637068, -0.479542898, -0.251474076, 0, 2, 5, 1, 
430.600473, 57, 0.1, 0.1, 0.0290026398, 0.357174409, -0.0199725949, 0.99982456, 8.3899157e-006, -0.0187309709, 0.0187309713, -3.88638011e-005, 0.999824559, 7.66048704e-006, -0.999999999, -3.90141341e-005, 0.999824574, -7.65185024e-006, -0.0187302217, 0.0187302216, -1.51512117e-005, 0.999824574, -7.93429346e-006, -1, -1.50052329e-005, 0, 0, 0, 0, 0, 0, 0, 0.251144092, -0.0808170898, -0.211804541, -0.0829992107, 0.780178599, -0.619933397, -0.966430664, 0.0887451172, 0.240966797, 0.243026781, 0.619219374, 0.746798275, 0, 0, -0, 0, 0, 0, 0, 0.296229346, -0.0496501953, -0.16217749, -0.0254279759, 0.498781109, -0.866276739, 0.540893555, -0.721801758, -0.431518555, -0.840637068, -0.479542898, -0.251474076, 0, 2, 5, 1, 
430.601271, 57, 0.1, 0.1, 0.0290026404, 0.357174401, -0.0199712868, 0.9998245, -2.31498573e-006, -0.0187341588, 0.0187341588, 1.03178366e-005, 0.9998245, -2.12128346e-006, -1, 1.03593951e-005, 0.999824511, -8.47779927e-006, -0.0187336064, 0.0187336063, -2.01081218e-005, 0.99982451, -8.85300915e-006, -1, -1.99457733e-005, 0, 0, 0, 0, 0, 0, 0, 0.251144092, -0.0808170898, -0.211804541, -0.0829992107, 0.780178599, -0.619933397, -0.966430664, 0.0887451172, 0.240966797, 0.243026781, 0.619219374, 0.746798275, 0, 0, -0, 0, 0, 0, 0, 0.296229346, -0.0496501953, -0.16217749, -0.0254279759, 0.498781109, -0.866276739, 0.540893555, -0.721801758, -0.431518555, -0.840637068, -0.479542898, -0.251474076, 0, 2, 5, 1, 
430.602067, 57, 0.1, 0.1, 0.0290026425, 0.357174405, -0.0199681229, 0.999824455, -4.92989772e-006, -0.018736595, 0.0187365949, -1.28039603e-005, 0.999824455, -5.16893492e-006, -1, -1.27093431e-005, 0.999824464, -1.46064852e-006, -0.0187361095, 0.0187361096, 1.43705604e-005, 0.999824464, -1.19114373e-006, -1, 1.43954048e-005, 0, 0, 0, 0, 0, 0, 0, 0.251144092, -0.0808170898, -0.211804541, -0.0829992107, 0.780178599, -0.619933397, -0.966430664, 0.0887451172, 0.240966797, 0.243026781, 0.619219374, 0.746798275, 0, 0, -0, 0, 0, 0, 0, 0.296229346, -0.0496501953, -0.16217749, -0.0254279759, 0.498781109, -0.866276739, 0.540893555, -0.721801758, -0.431518555, -0.840637068, -0.479542898, -0.251474076, 0, 2, 5, 1, 
430.602908, 57, 0.1, 0.1, 0.0290026421, 0.357174402, -0.0199638568, 0.999824407, -2.00664599e-005, -0.018739142, 0.0187391424, 1.98051121e-005, 0.999824407, -1.96918055e-005, -1, 2.01776627e-005, 0.999824418, -8.76262965e-009, -0.0187385734, 0.0187385734, 9.45093678e-006, 0.999824417, 1.68335981e-007, -1, 9.44944156e-006, 0, 0, 0, 0, 0, 0, 0, 0.251144092, -0.0808170898, -0.211804541, -0.0859800739, 0.780483014, -0.619102529, -0.965209961, 0.0887451172, 0.245849609, 0.246835886, 0.618800384, 0.745801535, 0, 0, -0, 0, 0, 0, 0, 0.296229346, -0.0496501953, -0.16217749, -0.0254279759, 0.498781109, -0.866276739, 0.540893555, -0.721801758, -0.431518555, -0.840637068, -0.479542898, -0.251474076, 0, 2, 5, 1, 
430.603719, 57, 0.1, 0.1, 0.0290026425, 0.357174402, -0.0199598606, 0.999824359, 1.33891992e-005, -0.0187416839, 0.0187416839, 1.07755793e-006, 0.999824359, 1.34070427e-005, -1, 8.26432532e-007, 0.999824369, 1.95440527e-005, -0.0187411722, 0.0187411721, 5.09962679e-006, 0.999824369, 1.96361932e-005, -1, 4.73245268e-006, 0, 0, 0, 0, 0, 0, 0, 0.25256604, -0.0821422607, -0.211318628, -0.0859800739, 0.780483014, -0.619102529, -0.965209961, 0.0887451172, 0.245849609, 0.246835886, 0.618800384, 0.745801535, 0, 0, -0, 0, 0, 0, 0, 0.29740083, -0.051229834, -0.161604541, -0.0276580473, 0.501458507, -0.864653675, 0.53918457, -0.720825195, -0.435302734, -0.841607915, -0.478156807, -0.250567029, 0, 2, 5, 1, 
430.604508, 57, 0.1, 0.1, 0.0290026439, 0.357174401, -0.0199580728, 0.999824316, 2.72672714e-005, -0.0187439648, 0.0187439639, 3.12377529e-005, 0.999824316, 2.78480003e-005, -0.999999999, 3.07211682e-005, 0.999824324, 1.98577771e-005, -0.0187435343, 0.0187435339, 1.98408651e-005, 0.999824324, 2.02261765e-005, -1, 1.94651746e-005, 0, 0, 0, 0, 0, 0, 0, 0.25256604, -0.0821422607, -0.211318628, -0.0859800739, 0.780483014, -0.619102529, -0.965209961, 0.0887451172, 0.245849609, 0.246835886, 0.618800384, 0.745801535, 0, 0, -0, 0, 0, 0, 0, 0.29740083, -0.051229834, -0.161604541, -0.0276580473, 0.501458507, -0.864653675, 0.53918457, -0.720825195, -0.435302734, -0.841607915, -0.478156807, -0.250567029, 0, 2, 5, 1, 
430.605341, 57, 0.1, 0.1, 0.0290026446, 0.357174395, -0.0199585369, 0.999824273, -3.48578422e-006, -0.0187462835, 0.0187462833, -4.80030521e-005, 0.999824272, -4.38505049e-006, -0.999999999, -4.79292712e-005, 0.999824282, 2.57051468e-006, -0.0187458202, 0.0187458203, -4.72962876e-005, 0.999824281, 1.68345529e-006, -0.999999999, -4.73361632e-005, 0, 0, 0, 0, 0, 0, 0, 0.25256604, -0.0821422607, -0.211318628, -0.0859800739, 0.780483014, -0.619102529, -0.965209961, 0.0887451172, 0.245849609, 0.246835886, 0.618800384, 0.745801535, 0, 0, -0, 0, 0, 0, 0, 0.29740083, -0.051229834, -0.161604541, -0.0276580473, 0.501458507, -0.864653675, 0.53918457, -0.720825195, -0.435302734, -0.841607915, -0.478156807, -0.250567029, 0, 2, 5, 1, 
430.606135, 57, 0.1, 0.1, 0.0290026444, 0.357174401, -0.0199609757, 0.999824233, -1.79978201e-005, -0.0187484144, 0.0187484156, 7.19225313e-005, 0.99982423, -1.66462232e-005, -0.999999997, 7.22473203e-005, 0.999824241, 5.92745662e-008, -0.0187479819, 0.0187479818, 6.32706242e-005, 0.999824239, 1.24546066e-006, -0.999999998, 6.32583926e-005, 0, 0, 0, 0, 0, 0, 0, 0.25256604, -0.0821422607, -0.211318628, -0.0859800739, 0.780483014, -0.619102529, -0.965209961, 0.0887451172, 0.245849609, 0.246835886, 0.618800384, 0.745801535, 0, 0, -0, 0, 0, 0, 0, 0.29740083, -0.051229834, -0.161604541, -0.0276580473, 0.501458507, -0.864653675, 0.53918457, -0.720825195, -0.435302734, -0.841607915, -0.478156807, -0.250567029, 0, 2, 5, 1, 
430.60693, 57, 0.1, 0.1, 0.0290026448, 0.357174401, -0.0199647413, 0.999824195, 1.30160408e-005, -0.0187504368, 0.0187504376, -6.24614274e-005, 0.999824193, 1.18425735e-005, -0.999999998, -6.26945028e-005, 0.999824201, 1.72475983e-005, -0.0187501165, 0.018750117, -3.30398792e-005, 0.999824201, 1.66250646e-005, -0.999999999, -3.33574653e-005, 0, 0, 0, 0, 0, 0, 0, 0.25256604, -0.0821422607, -0.211318628, -0.0859800739, 0.780483014, -0.619102529, -0.965209961, 0.0887451172, 0.245849609, 0.246835886, 0.618800384, 0.745801535, 0, 0, -0, 0, 0, 0, 0, 0.29740083, -0.051229834, -0.161604541, -0.0276580473, 0.501458507, -0.864653675, 0.53918457, -0.720825195, -0.435302734, -0.841607915, -0.478156807, -0.250567029, 0, 2, 5, 1, 
430.607782, 57, 0.1, 0.1, 0.029002647, 0.357174388, -0.0199683973, 0.999824168, 2.58521847e-005, -0.0187518554, 0.0187518554, 3.23617391e-006, 0.999824168, 2.59083233e-005, -1, 2.75082846e-006, 0.999824174, 2.02950946e-005, -0.0187515352, 0.0187515359, -3.63520657e-005, 0.999824174, 1.96098692e-005, -0.999999999, -3.67262383e-005, 0, 0, 0, 0, 0, 0, 0, 0.253370996, -0.08344021, -0.210579687, -0.0880083805, 0.78137716, -0.617713008, -0.963623047, 0.0900878906, 0.251220703, 0.251977224, 0.617422846, 0.745210681, 0, 0, -0, 0, 0, 0, 0, 0.29740083, -0.051229834, -0.161604541, -0.0309552135, 0.504634272, -0.862634324, 0.536987305, -0.719482422, -0.440185547, -0.842936403, -0.476841079, -0.248759131, 0, 2, 5, 1, 
430.608578, 57, 0.1, 0.1, 0.029002644, 0.357174392, -0.0199700842, 0.999824135, -3.74875053e-005, -0.0187535891, 0.018753589, -2.11704874e-006, 0.999824136, -3.75206148e-005, -0.999999999, -1.41365115e-006, 0.999824143, -3.59021486e-005, -0.0187532049, 0.0187532056, 2.05128399e-005, 0.999824143, -3.55111534e-005, -0.999999999, 2.11825129e-005, 0, 0, 0, 0, 0, 0, 0, 0.253370996, -0.08344021, -0.210579687, -0.0880083805, 0.78137716, -0.617713008, -0.963623047, 0.0900878906, 0.251220703, 0.251977224, 0.617422846, 0.745210681, 0, 0, -0, 0, 0, 0, 0, 0.298047705, -0.0527779785, -0.161209668, -0.0309552135, 0.504634272, -0.862634324, 0.536987305, -0.719482422, -0.440185547, -0.842936403, -0.476841079, -0.248759131, 0, 2, 5, 1, 
430.609365, 57, 0.1, 0.1, 0.0290026469, 0.357174392, -0.0199701225, 0.999824095, 4.09817999e-005, -0.01875571, 0.0187557089, 2.53503455e-005, 0.999824096, 4.14500547e-005, -0.999999999, 2.45772436e-005, 0.999824104, 3.62372733e-005, -0.0187552682, 0.0187552676, 1.64313263e-005, 0.999824104, 3.65390733e-005, -0.999999999, 1.57487963e-005, 0, 0, 0, 0, 0, 0, 0, 0.253370996, -0.08344021, -0.210579687, -0.0880083805, 0.78137716, -0.617713008, -0.963623047, 0.0900878906, 0.251220703, 0.251977224, 0.617422846, 0.745210681, 0, 0, -0, 0, 0, 0, 0, 0.298047705, -0.0527779785, -0.161209668, -0.0309552135, 0.504634272, -0.862634324, 0.536987305, -0.719482422, -0.440185547, -0.842936403, -0.476841079, -0.248759131, 0, 2, 5, 1, 
430.610237, 57, 0.1, 0.1, 0.0290026452, 0.357174389, -0.0199678285, 0.999824052, -3.63075591e-005, -0.0187580142, 0.0187580132, -2.76289781e-005, 0.999824053, -3.68194357e-005, -0.999999999, -2.69430592e-005, 0.999824061, -3.2961583e-005, -0.0187575634, 0.0187575624, -2.83777633e-005, 0.999824061, -3.34880814e-005, -0.999999999, -2.77544916e-005, 0, 0, 0, 0, 0, 0, 0, 0.253370996, -0.08344021, -0.210579687, -0.0900295739, 0.782778664, -0.615701554, -0.961669922, 0.0922851562, 0.25793457, 0.25872413, 0.61534699, 0.744644914, 0, 0, -0, 0, 0, 0, 0, 0.298047705, -0.0527779785, -0.161209668, -0.0309552135, 0.504634272, -0.862634324, 0.536987305, -0.719482422, -0.440185547, -0.842936403, -0.476841079, -0.248759131, 0, 2, 5, 1, 
430.611045, 57, 0.1, 0.1, 0.0290026495, 0.35717439, -0.0199642749, 0.999824021, 5.04918068e-005, -0.0187596407, 0.0187596406, 3.59440461e-006, 0.999824022, 5.05503511e-005, -0.999999999, 2.64656392e-006, 0.999824026, 4.65778901e-005, -0.0187593944, 0.0187593936, 1.79724548e-005, 0.999824027, 4.69068461e-005, -0.999999999, 1.70955192e-005, 0, 0, 0, 0, 0, 0, 0, 0.254181201, -0.0849375977, -0.210032129, -0.0900295739, 0.782778664, -0.615701554, -0.961669922, 0.0922851562, 0.25793457, 0.25872413, 0.61534699, 0.744644914, 0, 0, -0, 0, 0, 0, 0, 0.299029883, -0.0537337891, -0.160433984, -0.0332552807, 0.507470985, -0.860858143, 0.538208008, -0.716674805, -0.443237305, -0.842073465, -0.478138584, -0.249308903, 0, 2, 5, 1, 
430.611839, 57, 0.1, 0.1, 0.0290026477, 0.357174384, -0.0199614471, 0.999824008, -4.51520657e-005, -0.0187603336, 0.0187603341, 1.03307471e-005, 0.999824009, -4.49503111e-005, -0.999999999, 1.11759968e-005, 0.99982401, -3.95321017e-005, -0.0187602819, 0.0187602812, -1.80973512e-005, 0.99982401, -3.98646558e-005, -0.999999999, -1.73525329e-005, 0, 0, 0, 0, 0, 0, 0, 0.254181201, -0.0849375977, -0.210032129, -0.0900295739, 0.782778664, -0.615701554, -0.961669922, 0.0922851562, 0.25793457, 0.25872413, 0.61534699, 0.744644914, 0, 0, -0, 0, 0, 0, 0, 0.299029883, -0.0537337891, -0.160433984, -0.0332552807, 0.507470985, -0.860858143, 0.538208008, -0.716674805, -0.443237305, -0.842073465, -0.478138584, -0.249308903, 0, 2, 5, 1, 
430.612666, 57, 0.1, 0.1, 0.0290026519, 0.357174383, -0.0199599233, 0.999824012, 5.2873663e-005, -0.0187601359, 0.0187601377, -3.33564115e-005, 0.999824013, 5.22385871e-005, -0.999999998, -3.43424584e-005, 0.99982401, 4.8219194e-005, -0.0187602366, 0.0187602376, -1.95705889e-005, 0.999824011, 4.78435591e-005, -0.999999999, -2.04717483e-005, 0, 0, 0, 0, 0, 0, 0, 0.254181201, -0.0849375977, -0.210032129, -0.0900295739, 0.782778664, -0.615701554, -0.961669922, 0.0922851562, 0.25793457, 0.25872413, 0.61534699, 0.744644914, 0, 0, -0, 0, 0, 0, 0, 0.299029883, -0.0537337891, -0.160433984, -0.0332552807, 0.507470985, -0.860858143, 0.538208008, -0.716674805, -0.443237305, -0.842073465, -0.478138584, -0.249308903, 0, 2, 5, 1, 
430.613452, 57, 0.1, 0.1, 0.0290026491, 0.357174383, -0.019960102, 0.999824022, -5.35780901e-005, -0.0187596105, 0.018759612, 2.63546855e-005, 0.999824023, -5.30742579e-005, -0.999999998, 2.73551518e-005, 0.99982402, -4.68054595e-005, -0.0187597048, 0.0187597061, 2.606834e-005, 0.999824021, -4.63081883e-005, -0.999999999, 2.69418091e-005, 0, 0, 0, 0, 0, 0, 0, 0.254181201, -0.0849375977, -0.210032129, -0.0900295739, 0.782778664, -0.615701554, -0.961669922, 0.0922851562, 0.25793457, 0.25872413, 0.61534699, 0.744644914, 0, 0, -0, 0, 0, 0, 0, 0.299029883, -0.0537337891, -0.160433984, -0.0332552807, 0.507470985, -0.860858143, 0.538208008, -0.716674805, -0.443237305, -0.842073465, -0.478138584, -0.249308903, 0, 2, 5, 1, 
430.614247, 57, 0.1, 0.1, 0.0290026504, 0.35717438, -0.0199620258, 0.999824025, 4.12685997e-005, -0.0187594344, 0.0187594346, -4.37778285e-006, 0.999824026, 4.11792128e-005, -0.999999999, -5.15118807e-006, 0.999824026, 3.57736346e-005, -0.0187594102, 0.0187594109, -2.01959227e-005, 0.999824027, 3.53884758e-005, -0.999999999, -2.08634611e-005, 0, 0, 0, 0, 0, 0, 0, 0.254181201, -0.0849375977, -0.210032129, -0.0900295739, 0.782778664, -0.615701554, -0.961669922, 0.0922851562, 0.25793457, 0.25872413, 0.61534699, 0.744644914, 0, 0, -0, 0, 0, 0, 0, 0.299029883, -0.0537337891, -0.160433984, -0.0332552807, 0.507470985, -0.860858143, 0.538208008, -0.716674805, -0.443237305, -0.842073465, -0.478138584, -0.249308903, 0, 2, 5, 1, 
430.615101, 57, 0.1, 0.1, 0.0290026462, 0.357174385, -0.0199647913, 0.999824013, -5.1674433e-005, -0.0187600986, 0.0187600982, -8.51314505e-006, 0.999824014, -5.18250465e-005, -0.999999999, -7.54222941e-006, 0.999824017, -4.70794947e-005, -0.0187598791, 0.0187598801, 1.98526315e-005, 0.999824018, -4.66987766e-005, -0.999999999, 2.07323435e-005, 0, 0, 0, 0, 0, 0, 0, 0.254207666, -0.0851037109, -0.209474316, -0.0943475397, 0.783996321, -0.613442974, -0.959106445, 0.0933837891, 0.266967773, 0.266576361, 0.613671029, 0.743298455, 0, 0, -0, 0, 0, 0, 0, 0.299029883, -0.0537337891, -0.160433984, -0.0351145841, 0.509950056, -0.859375804, 0.538452148, -0.71484375, -0.446044922, -0.841900657, -0.478368994, -0.249398589, 0, 2, 5, 1, 
430.615894, 57, 0.1, 0.1, 0.029002647, 0.357174384, -0.019966866, 0.99982399, 3.58181367e-005, -0.0187613561, 0.0187613551, 2.83285675e-005, 0.99982399, 3.63433147e-005, -0.999999999, 2.76515846e-005, 0.999823995, 2.98373009e-005, -0.018761071, 0.0187610705, 1.72303579e-005, 0.999823995, 3.01553093e-005, -0.999999999, 1.66675456e-005, 0, 0, 0, 0, 0, 0, 0, 0.254207666, -0.0851037109, -0.209474316, -0.0943475397, 0.783996321, -0.613442974, -0.959106445, 0.0933837891, 0.266967773, 0.266576361, 0.613671029, 0.743298455, 0, 0, -0, 0, 0, 0, 0, 0.299580225, -0.0551373047, -0.159444824, -0.0351145841, 0.509950056, -0.859375804, 0.538452148, -0.71484375, -0.446044922, -0.841900657, -0.478368994, -0.249398589, 0, 2, 5, 1, 
430.61669, 57, 0.1, 0.1, 0.0290026451, 0.357174383, -0.0199682989, 0.999823964, -3.61075314e-005, -0.0187627334, 0.0187627326, -2.08300312e-005, 0.999823964, -3.64920035e-005, -0.999999999, -2.01488884e-005, 0.999823969, -3.25321475e-005, -0.0187624697, 0.018762469, -2.0707934e-005, 0.999823969, -3.29149528e-005, -0.999999999, -2.00939054e-005, 0, 0, 0, 0, 0, 0, 0, 0.254207666, -0.0851037109, -0.209474316, -0.0943475397, 0.783996321, -0.613442974, -0.959106445, 0.0933837891, 0.266967773, 0.266576361, 0.613671029, 0.743298455, 0, 0, -0, 0, 0, 0, 0, 0.299580225, -0.0551373047, -0.159444824, -0.0351145841, 0.509950056, -0.859375804, 0.538452148, -0.71484375, -0.446044922, -0.841900657, -0.478368994, -0.249398589, 0, 2, 5, 1, 
430.617524, 57, 0.1, 0.1, 0.0290026494, 0.357174385, -0.0199682582, 0.999823944, 4.76275993e-005, -0.0187637492, 0.0187637488, 8.03636944e-006, 0.999823945, 4.77700067e-005, -0.999999999, 7.14128228e-006, 0.999823947, 4.36806193e-005, -0.0187636141, 0.0187636132, 2.12313305e-005, 0.999823948, 4.40713057e-005, -0.999999999, 2.04079864e-005, 0, 0, 0, 0, 0, 0, 0, 0.254207666, -0.0851037109, -0.209474316, -0.0943475397, 0.783996321, -0.613442974, -0.959106445, 0.0933837891, 0.266967773, 0.266576361, 0.613671029, 0.743298455, 0, 0, -0, 0, 0, 0, 0, 0.299580225, -0.0551373047, -0.159444824, -0.0351145841, 0.509950056, -0.859375804, 0.538452148, -0.71484375, -0.446044922, -0.841900657, -0.478368994, -0.249398589, 0, 2, 5, 1, 
430.618316, 57, 0.1, 0.1, 0.0290026488, 0.357174381, -0.0199670365, 0.999823941, -3.48126291e-005, -0.018763962, 0.0187639624, 9.66242464e-006, 0.999823941, -3.46251947e-005, -0.999999999, 1.03139463e-005, 0.99982394, -2.96786583e-005, -0.0187639886, 0.0187639882, -1.39448071e-005, 0.999823941, -2.99350933e-005, -0.999999999, -1.3385462e-005, 0, 0, 0, 0, 0, 0, 0, 0.254207666, -0.0851037109, -0.209474316, -0.0943475397, 0.783996321, -0.613442974, -0.959106445, 0.0933837891, 0.266967773, 0.266576361, 0.613671029, 0.743298455, 0, 0, -0, 0, 0, 0, 0, 0.299580225, -0.0551373047, -0.159444824, -0.0351145841, 0.509950056, -0.859375804, 0.538452148, -0.71484375, -0.446044922, -0.841900657, -0.478368994, -0.249398589, 0, 2, 5, 1, 
430.619124, 57, 0.1, 0.1, 0.0290026526, 0.35717438, -0.0199652802, 0.999823949, 4.48381783e-005, -0.0187634763, 0.0187634776, -2.92670741e-005, 0.99982395, 4.42811324e-005, -0.999999999, -3.01032417e-005, 0.999823947, 4.18100452e-005, -0.0187636164, 0.0187636171, -1.79014406e-005, 0.999823948, 4.14667886e-005, -0.999999999, -1.86827967e-005, 0, 0, 0, 0, 0, 0, 0, 0.254207666, -0.0851037109, -0.209474316, -0.0943475397, 0.783996321, -0.613442974, -0.959106445, 0.0933837891, 0.266967773, 0.266576361, 0.613671029, 0.743298455, 0, 0, -0, 0, 0, 0, 0, 0.299580225, -0.0551373047, -0.159444824, -0.0351145841, 0.509950056, -0.859375804, 0.538452148, -0.71484375, -0.446044922, -0.841900657, -0.478368994, -0.249398589, 0, 2, 5, 1, 
430.619994, 57, 0.1, 0.1, 0.0290026471, 0.357174381, -0.0199628233, 0.999823964, -6.0889765e-005, -0.0187626591, 0.0187626609, 2.89560766e-005, 0.999823965, -6.03357533e-005, -0.999999998, 3.00934333e-005, 0.999823961, -5.57984514e-005, -0.0187628082, 0.0187628099, 2.98867422e-005, 0.999823963, -5.52278696e-005, -0.999999998, 3.09284167e-005, 0, 0, 0, 0, 0, 0, 0, 0.253957178, -0.0854692627, -0.209766748, -0.0998007872, 0.785721336, -0.610340421, -0.955932617, 0.0943603516, 0.277709961, 0.275844322, 0.611296751, 0.741818323, 0, 0, -0, 0, 0, 0, 0, 0.299580225, -0.0551373047, -0.159444824, -0.0386735099, 0.512467407, -0.85777826, 0.538085938, -0.712524414, -0.450073242, -0.841906488, -0.478963609, -0.248248738, 0, 2, 5, 1, 
430.620786, 57, 0.1, 0.1, 0.0290026477, 0.357174379, -0.0199610799, 0.999823972, 3.94452369e-005, -0.0187622952, 0.0187622953, -1.43082447e-006, 0.999823973, 3.94114479e-005, -0.999999999, -2.17065579e-006, 0.999823972, 3.32482499e-005, -0.0187623051, 0.0187623057, -1.75703954e-005, 0.999823972, 3.29127362e-005, -0.999999999, -1.81911164e-005, 0, 0, 0, 0, 0, 0, 0, 0.253957178, -0.0854692627, -0.209766748, -0.0998007872, 0.785721336, -0.610340421, -0.955932617, 0.0943603516, 0.277709961, 0.275844322, 0.611296751, 0.741818323, 0, 0, -0, 0, 0, 0, 0, 0.30046084, -0.0565459473, -0.159091699, -0.0386735099, 0.512467407, -0.85777826, 0.538085938, -0.712524414, -0.450073242, -0.841906488, -0.478963609, -0.248248738, 0, 2, 5, 1, 
430.621574, 57, 0.1, 0.1, 0.0290026443, 0.357174383, -0.0199609272, 0.999823963, -4.87097814e-005, -0.0187627241, 0.0187627238, -6.41917844e-006, 0.999823965, -4.88216481e-005, -0.999999999, -5.50412025e-006, 0.999823966, -4.5535062e-005, -0.0187625696, 0.0187625706, 2.18682481e-005, 0.999823967, -4.51167418e-005, -0.999999999, 2.27187534e-005, 0, 0, 0, 0, 0, 0, 0, 0.253957178, -0.0854692627, -0.209766748, -0.0998007872, 0.785721336, -0.610340421, -0.955932617, 0.0943603516, 0.277709961, 0.275844322, 0.611296751, 0.741818323, 0, 0, -0, 0, 0, 0, 0, 0.30046084, -0.0565459473, -0.159091699, -0.0386735099, 0.512467407, -0.85777826, 0.538085938, -0.712524414, -0.450073242, -0.841906488, -0.478963609, -0.248248738, 0, 2, 5, 1, 
430.622429, 57, 0.1, 0.1, 0.0290026495, 0.357174383, -0.019961782, 0.999823939, 6.05565373e-005, -0.0187640032, 0.0187640009, 3.76177959e-005, 0.99982394, 6.12517362e-005, -0.999999997, 3.64748899e-005, 0.999823944, 5.55630377e-005, -0.0187637232, 0.0187637218, 2.54558755e-005, 0.999823946, 5.60309026e-005, -0.999999998, 2.44088244e-005, 0, 0, 0, 0, 0, 0, 0, 0.253957178, -0.0854692627, -0.209766748, -0.0998007872, 0.785721336, -0.610340421, -0.955932617, 0.0943603516, 0.277709961, 0.275844322, 0.611296751, 0.741818323, 0, 0, -0, 0, 0, 0, 0, 0.30046084, -0.0565459473, -0.159091699, -0.0386735099, 0.512467407, -0.85777826, 0.538085938, -0.712524414, -0.450073242, -0.841906488, -0.478963609, -0.248248738, 0, 2, 5, 1, 
430.623222, 57, 0.1, 0.1, 0.0290026498, 0.357174383, -0.0199634134, 0.999823914, -3.74261721e-005, -0.0187653953, 0.0187653945, -2.01779617e-005, 0.999823914, -3.77982293e-005, -0.999999999, -1.94720918e-005, 0.999823919, -3.00444613e-005, -0.0187651399, 0.0187651393, -2.00361861e-005, 0.999823919, -3.04151529e-005, -0.999999999, -1.94688696e-005, 0, 0, 0, 0, 0, 0, 0, 0.253957178, -0.0854692627, -0.209766748, -0.0998007872, 0.785721336, -0.610340421, -0.955932617, 0.0943603516, 0.277709961, 0.275844322, 0.611296751, 0.741818323, 0, 0, -0, 0, 0, 0, 0, 0.30046084, -0.0565459473, -0.159091699, -0.0386735099, 0.512467407, -0.85777826, 0.538085938, -0.712524414, -0.450073242, -0.841906488, -0.478963609, -0.248248738, 0, 2, 5, 1, 
430.624195, 57, 0.1, 0.1, 0.0290026568, 0.357174387, -0.0199644709, 0.999823894, 5.66182862e-005, -0.0187664088, 0.0187664082, 1.23596371e-005, 0.999823895, 5.68402615e-005, -0.999999998, 1.12949386e-005, 0.999823896, 5.52455657e-005, -0.0187662962, 0.0187662946, 2.8497805e-005, 0.999823897, 5.57706351e-005, -0.999999998, 2.74560319e-005, 0, 0, 0, 0, 0, 0, 0, 0.253957178, -0.0854692627, -0.209766748, -0.0998007872, 0.785721336, -0.610340421, -0.955932617, 0.0943603516, 0.277709961, 0.275844322, 0.611296751, 0.741818323, 0, 0, -0, 0, 0, 0, 0, 0.30046084, -0.0565459473, -0.159091699, -0.0386735099, 0.512467407, -0.85777826, 0.538085938, -0.712524414, -0.450073242, -0.841906488, -0.478963609, -0.248248738, 0, 2, 5, 1, 
430.62515, 57, 0.1, 0.1, 0.0290026516, 0.357174381, -0.0199624877, 0.999823895, -6.60451119e-005, -0.0187663152, 0.0187663163, 1.63066195e-005, 0.999823897, -6.5727466e-005, -0.999999998, 1.75431713e-005, 0.999823893, -5.70956051e-005, -0.018766458, 0.0187664569, -1.90930356e-005, 0.999823894, -5.74438589e-005, -0.999999998, -1.80181909e-005, 0, 0, 0, 0, 0, 0, 0, 0.254066162, -0.0866268555, -0.209586475, -0.102607543, 0.78489646, -0.610951493, -0.952758789, 0.0987548828, 0.286865234, 0.285434671, 0.61155099, 0.737960165, 0, 0, -0, 0, 0, 0, 0, 0.301022656, -0.0582571777, -0.158355322, -0.0402517307, 0.513560021, -0.856992248, 0.537597656, -0.711791992, -0.451782227, -0.842072365, -0.47884877, -0.247552412, 0, 2, 5, 1, 
430.626048, 57, 0.1, 0.1, 0.0290026519, 0.357174381, -0.0199601649, 0.999823917, 3.99192413e-005, -0.0187652036, 0.0187652049, -3.42522687e-005, 0.999823917, 3.92694614e-005, -0.999999999, -3.49953302e-005, 0.999823912, 3.43954499e-005, -0.0187654805, 0.0187654812, -2.10351192e-005, 0.999823913, 3.39946592e-005, -0.999999999, -2.16768623e-005, 0, 0, 0, 0, 0, 0, 0, 0.254066162, -0.0866268555, -0.209586475, -0.102607543, 0.78489646, -0.610951493, -0.952758789, 0.0987548828, 0.286865234, 0.285434671, 0.61155099, 0.737960165, 0, 0, -0, 0, 0, 0, 0, 0.301022656, -0.0582571777, -0.158355322, -0.0402517307, 0.513560021, -0.856992248, 0.537597656, -0.711791992, -0.451782227, -0.842072365, -0.47884877, -0.247552412, 0, 2, 5, 1, 
430.626932, 57, 0.1, 0.1, 0.029002645, 0.357174383, -0.0199582677, 0.999823942, -6.69951663e-005, -0.0187638335, 0.0187638361, 3.90994042e-005, 0.999823943, -6.62497166e-005, -0.999999997, 4.03496068e-005, 0.999823937, -6.28625434e-005, -0.0187641008, 0.0187641033, 3.79265644e-005, 0.999823938, -6.21398178e-005, -0.999999997, 3.90994461e-005, 0, 0, 0, 0, 0, 0, 0, 0.254066162, -0.0866268555, -0.209586475, -0.104354279, 0.784071584, -0.611740421, -0.949584961, 0.104125977, 0.295532227, 0.29547509, 0.61180523, 0.733759402, 0, 0, -0, 0, 0, 0, 0, 0.301022656, -0.0582571777, -0.158355322, -0.0402517307, 0.513560021, -0.856992248, 0.537597656, -0.711791992, -0.451782227, -0.842072365, -0.47884877, -0.247552412, 0, 2, 5, 1, 
430.627766, 57, 0.1, 0.1, 0.0290026474, 0.357174382, -0.0199579813, 0.999823958, 5.54749484e-005, -0.0187629938, 0.0187629935, 6.63685701e-006, 0.99982396, 5.55897099e-005, -0.999999998, 5.59481254e-006, 0.999823957, 4.78354528e-005, -0.0187630762, 0.0187630768, -1.1258323e-005, 0.999823958, 4.7615791e-005, -0.999999999, -1.21538813e-005, 0, 0, 0, 0, 0, 0, 0, 0.254230688, -0.0877844482, -0.209416333, -0.104354279, 0.784071584, -0.611740421, -0.949584961, 0.104125977, 0.295532227, 0.29547509, 0.61180523, 0.733759402, 0, 0, -0, 0, 0, 0, 0, 0.301978223, -0.0593077148, -0.157829004, -0.0429032429, 0.515086836, -0.855937913, 0.538696289, -0.709594727, -0.454101562, -0.841369109, -0.480529436, -0.247073368, 0, 2, 5, 1, 
430.628606, 57, 0.1, 0.1, 0.0290026463, 0.357174383, -0.0199595666, 0.999823967, -4.40235745e-005, -0.0187625233, 0.0187625241, 1.6934694e-005, 0.999823968, -4.36980874e-005, -0.999999999, 1.77577063e-005, 0.999823965, -3.94437259e-005, -0.018762644, 0.0187626446, 1.45957211e-005, 0.999823966, -3.91629282e-005, -0.999999999, 1.53332204e-005, 0, 0, 0, 0, 0, 0, 0, 0.254230688, -0.0877844482, -0.209416333, -0.104354279, 0.784071584, -0.611740421, -0.949584961, 0.104125977, 0.295532227, 0.29547509, 0.61180523, 0.733759402, 0, 0, -0, 0, 0, 0, 0, 0.301978223, -0.0593077148, -0.157829004, -0.0429032429, 0.515086836, -0.855937913, 0.538696289, -0.709594727, -0.454101562, -0.841369109, -0.480529436, -0.247073368, 0, 2, 5, 1, 
430.629448, 57, 0.1, 0.1, 0.029002652, 0.357174379, -0.0199627032, 0.999823972, 6.05835127e-005, -0.018762212, 0.0187622122, -3.52340093e-006, 0.999823974, 6.05067417e-005, -0.999999998, -4.65946144e-006, 0.999823973, 5.4767857e-005, -0.0187622063, 0.0187622075, -2.15954017e-005, 0.999823974, 5.4353039e-005, -0.999999998, -2.26191662e-005, 0, 0, 0, 0, 0, 0, 0, 0.254230688, -0.0877844482, -0.209416333, -0.104354279, 0.784071584, -0.611740421, -0.949584961, 0.104125977, 0.295532227, 0.29547509, 0.61180523, 0.733759402, 0, 0, -0, 0, 0, 0, 0, 0.301978223, -0.0593077148, -0.157829004, -0.0429032429, 0.515086836, -0.855937913, 0.538696289, -0.709594727, -0.454101562, -0.841369109, -0.480529436, -0.247073368, 0, 2, 5, 1, 
430.630239, 57, 0.1, 0.1, 0.0290026533, 0.357174384, -0.0199659042, 0.999823965, -2.92651034e-005, -0.0187626969, 0.018762697, 2.0932032e-006, 0.999823965, -2.92206776e-005, -1, 2.64192699e-006, 0.999823968, -2.29212704e-005, -0.0187625356, 0.0187625362, 2.60568932e-005, 0.999823968, -2.24283421e-005, -0.999999999, 2.64823675e-005, 0, 0, 0, 0, 0, 0, 0, 0.254230688, -0.0877844482, -0.209416333, -0.104354279, 0.784071584, -0.611740421, -0.949584961, 0.104125977, 0.295532227, 0.29547509, 0.61180523, 0.733759402, 0, 0, -0, 0, 0, 0, 0, 0.301978223, -0.0593077148, -0.157829004, -0.0429032429, 0.515086836, -0.855937913, 0.538696289, -0.709594727, -0.454101562, -0.841369109, -0.480529436, -0.247073368, 0, 2, 5, 1, 
430.631546, 57, 0.1, 0.1, 0.0290026523, 0.357174357, -0.0199634711, 0.999823926, -2.79547924e-005, -0.0187647611, 0.01876476, -3.91779651e-005, 0.999823926, -2.86850354e-005, -0.999999999, -3.86465019e-005, 0.999823934, 3.91895635e-006, -0.0187643457, 0.018764346, -7.62348664e-005, 0.999823931, 2.48776895e-006, -0.999999997, -7.62949807e-005, 0, 0, 0, 0, 0, 0, 0, 0.254230688, -0.0877844482, -0.209416333, -0.104354279, 0.784071584, -0.611740421, -0.949584961, 0.104125977, 0.295532227, 0.29547509, 0.61180523, 0.733759402, 0, 0, -0, 0, 0, 0, 0, 0.301978223, -0.0593077148, -0.157829004, -0.0429032429, 0.515086836, -0.855937913, 0.538696289, -0.709594727, -0.454101562, -0.841369109, -0.480529436, -0.247073368, 0, 2, 5, 1, 
430.632495, 57, 0.1, 0.1, 0.0290026486, 0.357174366, -0.0199566448, 0.999823914, 2.07736822e-006, -0.0187653942, 0.0187653941, 1.12695687e-005, 0.999823914, 2.28848033e-006, -1, 1.12286017e-005, 0.999823915, 8.70325803e-006, -0.0187653578, 0.0187653574, 4.06173001e-005, 0.999823914, 9.46392368e-006, -0.999999999, 4.04468283e-005, 0, 0, 0, 0, 0, 0, 0, 0.254252051, -0.089182251, -0.208613086, -0.104489455, 0.782904101, -0.613252753, -0.946533203, 0.110717773, 0.302612305, 0.304765895, 0.612237325, 0.729673214, 0, 0, -0, 0, 0, 0, 0, 0.30260752, -0.0602850098, -0.157685693, -0.0469860545, 0.517533824, -0.854257247, 0.538696289, -0.70703125, -0.458007812, -0.841061773, -0.481622417, -0.245546554, 0, 2, 5, 1, 
430.63328, 57, 0.1, 0.1, 0.0290026471, 0.357174355, -0.0199542113, 0.99982391, 1.6254506e-005, -0.0187656338, 0.0187656342, -2.24607458e-005, 0.99982391, 1.58301536e-005, -1, -2.27618168e-005, 0.999823912, 8.7454793e-006, -0.018765537, 0.0187655374, -5.05430261e-005, 0.999823911, 7.79547229e-006, -0.999999999, -5.06982397e-005, 0, 0, 0, 0, 0, 0, 0, 0.254252051, -0.089182251, -0.208613086, -0.104489455, 0.782904101, -0.613252753, -0.946533203, 0.110717773, 0.302612305, 0.304765895, 0.612237325, 0.729673214, 0, 0, -0, 0, 0, 0, 0, 0.30260752, -0.0602850098, -0.157685693, -0.0469860545, 0.517533824, -0.854257247, 0.538696289, -0.70703125, -0.458007812, -0.841061773, -0.481622417, -0.245546554, 0, 2, 5, 1, 
430.634129, 57, 0.1, 0.1, 0.029002645, 0.357174364, -0.0199554419, 0.999823893, 8.94924654e-006, -0.0187665603, 0.0187665601, 1.71854778e-005, 0.999823892, 9.27018281e-006, -1, 1.70145047e-005, 0.999823896, -1.64825574e-005, -0.0187663726, 0.0187663733, 4.43570172e-005, 0.999823895, -1.56472345e-005, -0.999999999, 4.46585236e-005, 0, 0, 0, 0, 0, 0, 0, 0.254252051, -0.089182251, -0.208613086, -0.104489455, 0.782904101, -0.613252753, -0.946533203, 0.110717773, 0.302612305, 0.304765895, 0.612237325, 0.729673214, 0, 0, -0, 0, 0, 0, 0, 0.30260752, -0.0602850098, -0.157685693, -0.0469860545, 0.517533824, -0.854257247, 0.538696289, -0.70703125, -0.458007812, -0.841061773, -0.481622417, -0.245546554, 0, 2, 5, 1, 
430.634949, 57, 0.1, 0.1, 0.0290026441, 0.357174354, -0.0199593323, 0.999823887, -1.34874102e-005, -0.0187668391, 0.0187668388, -2.15179551e-005, 0.999823887, -1.38888589e-005, -1, -2.12610494e-005, 0.999823887, -2.09484891e-005, -0.0187668358, 0.0187668348, -4.66065092e-005, 0.999823886, -2.18194565e-005, -0.999999999, -4.62051643e-005, 0, 0, 0, 0, 0, 0, 0, 0.254252051, -0.089182251, -0.208613086, -0.104489455, 0.782904101, -0.613252753, -0.946533203, 0.110717773, 0.302612305, 0.304765895, 0.612237325, 0.729673214, 0, 0, -0, 0, 0, 0, 0, 0.30260752, -0.0602850098, -0.157685693, -0.0469860545, 0.517533824, -0.854257247, 0.538696289, -0.70703125, -0.458007812, -0.841061773, -0.481622417, -0.245546554, 0, 2, 5, 1, 
430.635766, 57, 0.1, 0.1, 0.0290026456, 0.357174362, -0.0199644165, 0.999823886, -1.03750152e-005, -0.0187669029, 0.0187669031, 2.51422186e-005, 0.999823886, -9.90134647e-006, -1, 2.53324976e-005, 0.999823887, -5.75183963e-006, -0.0187668516, 0.0187668518, 4.53932362e-005, 0.999823886, -4.89893852e-006, -0.999999999, 4.54931858e-005, 0, 0, 0, 0, 0, 0, 0, 0.254252051, -0.089182251, -0.208613086, -0.104489455, 0.782904101, -0.613252753, -0.946533203, 0.110717773, 0.302612305, 0.304765895, 0.612237325, 0.729673214, 0, 0, -0, 0, 0, 0, 0, 0.30260752, -0.0602850098, -0.157685693, -0.0469860545, 0.517533824, -0.854257247, 0.538696289, -0.70703125, -0.458007812, -0.841061773, -0.481622417, -0.245546554, 0, 2, 5, 1, 
430.636611, 57, 0.1, 0.1, 0.0290026483, 0.357174357, -0.0199693185, 0.999823875, -5.6295589e-007, -0.0187674789, 0.0187674789, -5.42141161e-006, 0.999823875, -6.64602968e-007, -1, -5.4098915e-006, 0.999823878, 1.75865195e-005, -0.0187673464, 0.0187673469, -2.50941543e-005, 0.999823878, 1.71124714e-005, -1, -2.5419787e-005, 0, 0, 0, 0, 0, 0, 0, 0.254252051, -0.089182251, -0.208613086, -0.103964506, 0.781070503, -0.615622162, -0.943481445, 0.118164062, 0.309204102, 0.314322922, 0.613145698, 0.72485763, 0, 0, -0, 0, 0, 0, 0, 0.30260752, -0.0602850098, -0.157685693, -0.0469860545, 0.517533824, -0.854257247, 0.538696289, -0.70703125, -0.458007812, -0.841061773, -0.481622417, -0.245546554, 0, 2, 5, 1, 
430.637414, 57, 0.1, 0.1, 0.0290026481, 0.357174364, -0.0199716859, 0.99982387, -9.11288513e-007, -0.0187677468, 0.0187677468, 1.65459768e-005, 0.99982387, -6.00597305e-007, -1, 1.65601654e-005, 0.999823871, 2.64742323e-006, -0.0187677109, 0.0187677108, 3.44009404e-005, 0.99982387, 3.29258385e-006, -0.999999999, 3.43451953e-005, 0, 0, 0, 0, 0, 0, 0, 0.254977686, -0.0910591309, -0.207632617, -0.103964506, 0.781070503, -0.615622162, -0.943481445, 0.118164062, 0.309204102, 0.314322922, 0.613145698, 0.72485763, 0, 0, -0, 0, 0, 0, 0, 0.30322998, -0.0614804199, -0.157762207, -0.0510178269, 0.519942533, -0.852602101, 0.538085938, -0.704833984, -0.462036133, -0.841240044, -0.482351194, -0.243776935, 0, 2, 5, 1, 
430.638345, 57, 0.1, 0.1, 0.0290026489, 0.357174356, -0.0199702191, 0.999823866, -9.75152955e-006, -0.0187679895, 0.0187679893, -1.5930982e-005, 0.999823866, -1.00488045e-005, -1, -1.57451594e-005, 0.999823867, 4.75119145e-006, -0.0187679438, 0.018767944, -3.34464574e-005, 0.999823866, 4.12263337e-006, -0.999999999, -3.35297364e-005, 0, 0, 0, 0, 0, 0, 0, 0.254977686, -0.0910591309, -0.207632617, -0.103964506, 0.781070503, -0.615622162, -0.943481445, 0.118164062, 0.309204102, 0.314322922, 0.613145698, 0.72485763, 0, 0, -0, 0, 0, 0, 0, 0.30322998, -0.0614804199, -0.157762207, -0.0510178269, 0.519942533, -0.852602101, 0.538085938, -0.704833984, -0.462036133, -0.841240044, -0.482351194, -0.243776935, 0, 2, 5, 1, 
