time, trialNum, realDorsalTactorPos, realVentralTactorPos, box1PosX, box1PosY, box1PosZ, box1LocalRot_11, box1LocalRot_12, box1LocalRot_13, box1LocalRot_21, box1LocalRot_22, box1LocalRot_23, box1LocalRot_31, box1LocalRot_32, box1LocalRot_33, box1GlobalRot_11, box1GlobalRot_12, box1GlobalRot_13, box1GlobalRot_21, box1GlobalRot_22, box1GlobalRot_23, box1GlobalRot_31, box1GlobalRot_32, box1GlobalRot_33, indexForceX, indexForceY, indexForceZ, indexForceGlobalX, indexForceGlobalY, indexForceGlobalZ, indexContact, indexPosX, indexPosY, indexPosZ, indexRot_11, indexRot_12, indexRot_13, indexRot_21, indexRot_22, indexRot_23, indexRot_31, indexRot_32, indexRot_33, thumbForceX, thumbForceY, thumbForceZ, thumbForceGlobalX, thumbForceGlobalY, thumbForceGlobalZ, thumbContact, thumbPosX, thumbPosY, thumbPosZ, thumbRot_11, thumbRot_12, thumbRot_13, thumbRot_21, thumbRot_22, thumbRot_23, thumbRot_31, thumbRot_32, thumbRot_33, manipForceTooHigh, cceExpType, mapping, trialSuccess, 
396.875155, 24, 0.1, 0.1, 0.00583315548, 0.372424844, -0.0199608246, 0.808845922, -0.588020641, -1.96951182e-005, 0.588020641, 0.808845922, -9.6650172e-006, 2.16135457e-005, -3.7636263e-006, 1, 0.808845922, -0.588020641, -2.17610213e-005, 0.588020641, 0.808845922, 4.89124981e-006, 1.47251575e-005, -1.67521972e-005, 1, 0, 0, 0, 0, 0, 0, 0, 0.267677393, -0.115865308, -0.145837939, -0.300102823, 0.585864628, -0.752749162, -0.950561523, -0.118530273, 0.286621094, 0.0786767851, 0.801642987, 0.592580863, 0, 0, 0, 0, 0, 0, 0, 0.295864551, -0.0720952637, -0.125405176, -0.263297782, 0.0420671953, -0.963778959, 0.506713867, -0.843994141, -0.175170898, -0.820837103, -0.534541799, 0.200895301, 0, 2, 1, 1, 
396.922924, 24, 0.1, 0.1, 0.0058331474, 0.372424852, -0.0199687414, 0.808848651, -0.588016887, 1.21835728e-005, 0.588016887, 0.808848651, -3.0495251e-006, -8.06149417e-006, 9.63075081e-006, 1, 0.808848652, -0.588016885, 2.30401971e-005, 0.588016885, 0.808848652, -1.76786682e-005, -8.24067695e-006, 2.78473919e-005, 1, 0, 0, 0, 0, 0, 0, 0, 0.264899536, -0.116209497, -0.146784131, -0.294181175, 0.587825907, -0.75360736, -0.951049805, -0.103027344, 0.291015625, 0.0934350639, 0.802321087, 0.589503398, 0, 0, 0, 0, 0, 0, 0, 0.294510449, -0.0728819336, -0.126049023, -0.2624549, 0.0383558848, -0.964155557, 0.501708984, -0.848022461, -0.170288086, -0.824185309, -0.52842651, 0.203310573, 0, 2, 1, 1, 
396.923715, 24, 0.1, 0.1, 0.00583315143, 0.372424846, -0.0199687857, 0.80884867, -0.588016861, -1.18609295e-005, 0.588016861, 0.80884867, 7.25298979e-006, 5.32881676e-006, -1.28409977e-005, 1, 0.808848654, -0.588016884, -1.38927237e-005, 0.588016884, 0.808848653, 2.93883623e-005, -6.04374236e-006, -3.19398934e-005, 0.999999999, 0, 0, 0, 0, 0, 0, 0, 0.264899536, -0.116209497, -0.146784131, -0.294181175, 0.587825907, -0.75360736, -0.951049805, -0.103027344, 0.291015625, 0.0934350639, 0.802321087, 0.589503398, 0, 0, 0, 0, 0, 0, 0, 0.294510449, -0.0728819336, -0.126049023, -0.2624549, 0.0383558848, -0.964155557, 0.501708984, -0.848022461, -0.170288086, -0.824185309, -0.52842651, 0.203310573, 0, 2, 1, 1, 
396.924519, 24, 0.1, 0.1, 0.00583314802, 0.372424851, -0.0199675219, 0.808848595, -0.588016965, 3.7618659e-006, 0.588016965, 0.808848595, -1.34022896e-005, 4.83799371e-006, 1.30524641e-005, 1, 0.8088486, -0.588016957, 1.50349036e-005, 0.588016958, 0.808848599, -2.94645949e-005, 5.1647207e-006, 3.26731746e-005, 0.999999999, 0, 0, 0, 0, 0, 0, 0, 0.264899536, -0.116209497, -0.146784131, -0.294181175, 0.587825907, -0.75360736, -0.951049805, -0.103027344, 0.291015625, 0.0934350639, 0.802321087, 0.589503398, 0, 0, 0, 0, 0, 0, 0, 0.294510449, -0.0728819336, -0.126049023, -0.2624549, 0.0383558848, -0.964155557, 0.501708984, -0.848022461, -0.170288086, -0.824185309, -0.52842651, 0.203310573, 0, 2, 1, 1, 
396.925306, 24, 0.1, 0.1, 0.00583315136, 0.372424845, -0.0199657892, 0.808848542, -0.588017037, 9.72230628e-007, 0.588017037, 0.808848542, 1.39260098e-005, -8.97511837e-006, -1.06923446e-005, 1, 0.808848566, -0.588017004, -2.11389746e-005, 0.588017005, 0.808848565, 2.32977735e-005, 3.39874231e-006, -3.12744472e-005, 1, 0, 0, 0, 0, 0, 0, 0, 0.264899536, -0.116209497, -0.146784131, -0.294181175, 0.587825907, -0.75360736, -0.951049805, -0.103027344, 0.291015625, 0.0934350639, 0.802321087, 0.589503398, 0, 0, 0, 0, 0, 0, 0, 0.294510449, -0.0728819336, -0.126049023, -0.2624549, 0.0383558848, -0.964155557, 0.501708984, -0.848022461, -0.170288086, -0.824185309, -0.52842651, 0.203310573, 0, 2, 1, 1, 
396.926114, 24, 0.1, 0.1, 0.00583314655, 0.37242485, -0.0199638776, 0.808848592, -0.588016969, 1.5080632e-005, 0.588016969, 0.808848592, -6.09580819e-006, -8.61350934e-006, 1.37982534e-005, 1, 0.808848592, -0.588016967, 2.89245502e-005, 0.588016968, 0.808848592, -2.41513457e-005, -9.19418063e-006, 3.65429083e-005, 0.999999999, 0, 0, 0, 0, 0, 0, 0, 0.264899536, -0.116209497, -0.146784131, -0.294181175, 0.587825907, -0.75360736, -0.951049805, -0.103027344, 0.291015625, 0.0934350639, 0.802321087, 0.589503398, 0, 0, 0, 0, 0, 0, 0, 0.294836963, -0.0723108398, -0.125872656, -0.261208802, 0.0374419079, -0.964539085, 0.50390625, -0.846923828, -0.169311523, -0.82319514, -0.53024097, 0.202288321, 0, 2, 1, 1, 
396.9269, 24, 0.1, 0.1, 0.00583315143, 0.372424844, -0.0199627237, 0.808848618, -0.588016933, -1.57856826e-005, 0.588016933, 0.808848618, 8.31096092e-006, 7.88124182e-006, -1.60045579e-005, 1, 0.808848599, -0.588016959, -1.76507593e-005, 0.588016959, 0.808848598, 3.39250652e-005, -5.67172177e-006, -3.78191872e-005, 0.999999999, 0, 0, 0, 0, 0, 0, 0, 0.264899536, -0.116209497, -0.146784131, -0.294181175, 0.587825907, -0.75360736, -0.951049805, -0.103027344, 0.291015625, 0.0934350639, 0.802321087, 0.589503398, 0, 0, 0, 0, 0, 0, 0, 0.294836963, -0.0723108398, -0.125872656, -0.261208802, 0.0374419079, -0.964539085, 0.50390625, -0.846923828, -0.169311523, -0.82319514, -0.53024097, 0.202288321, 0, 2, 1, 1, 
396.927703, 24, 0.1, 0.1, 0.00583314862, 0.372424849, -0.0199626236, 0.808848549, -0.588017027, -1.63042851e-006, 0.588017027, 0.808848549, -1.28558971e-005, 8.87825616e-006, 9.43975403e-006, 1, 0.808848551, -0.588017025, 1.24299876e-005, 0.588017025, 0.80884855, -3.26449385e-005, 9.14180212e-006, 3.37138555e-005, 0.999999999, 0, 0, 0, 0, 0, 0, 0, 0.264899536, -0.116209497, -0.146784131, -0.294080826, 0.587121599, -0.75408963, -0.951416016, -0.104736328, 0.289428711, 0.0909473314, 0.80255623, 0.589579782, 0, 0, 0, 0, 0, 0, 0, 0.294836963, -0.0723108398, -0.125872656, -0.261208802, 0.0374419079, -0.964539085, 0.50390625, -0.846923828, -0.169311523, -0.82319514, -0.53024097, 0.202288321, 0, 2, 1, 1, 
396.928487, 24, 0.1, 0.1, 0.00583315367, 0.372424842, -0.0199633815, 0.808848515, -0.588017075, -6.05307217e-006, 0.588017075, 0.808848515, 2.01271258e-005, -6.93907521e-006, -1.98391056e-005, 1, 0.808848536, -0.588017045, -2.95436252e-005, 0.588017045, 0.808848535, 3.01832282e-005, 6.14806529e-006, -4.17858152e-005, 0.999999999, 0, 0, 0, 0, 0, 0, 0, 0.265343579, -0.116021533, -0.146585303, -0.294080826, 0.587121599, -0.75408963, -0.951416016, -0.104736328, 0.289428711, 0.0909473314, 0.80255623, 0.589579782, 0, 0, 0, 0, 0, 0, 0, 0.294836963, -0.0723108398, -0.125872656, -0.261208802, 0.0374419079, -0.964539085, 0.50390625, -0.846923828, -0.169311523, -0.82319514, -0.53024097, 0.202288321, 0, 2, 1, 1, 
396.929268, 24, 0.1, 0.1, 0.00583315008, 0.372424846, -0.0199649335, 0.808848571, -0.588016997, 1.32892345e-005, 0.588016997, 0.808848571, -6.31503609e-006, -7.03562976e-006, 1.29222037e-005, 1, 0.80884857, -0.588016998, 2.50721937e-005, 0.588016998, 0.80884857, -2.21445824e-005, -7.25821714e-006, 3.26544898e-005, 0.999999999, 0, 0, 0, 0, 0, 0, 0, 0.265343579, -0.116021533, -0.146585303, -0.294080826, 0.587121599, -0.75408963, -0.951416016, -0.104736328, 0.289428711, 0.0909473314, 0.80255623, 0.589579782, 0, 0, 0, 0, 0, 0, 0, 0.294836963, -0.0723108398, -0.125872656, -0.261208802, 0.0374419079, -0.964539085, 0.50390625, -0.846923828, -0.169311523, -0.82319514, -0.53024097, 0.202288321, 0, 2, 1, 1, 
396.930071, 24, 0.1, 0.1, 0.00583315444, 0.37242484, -0.0199666675, 0.808848608, -0.588016946, -1.27701388e-005, 0.588016946, 0.808848608, 4.05778586e-006, 7.94306213e-006, -1.07911925e-005, 1, 0.808848586, -0.588016977, -1.50462053e-005, 0.588016977, 0.808848585, 2.95065264e-005, -5.18023657e-006, -3.27137363e-005, 0.999999999, 0, 0, 0, 0, 0, 0, 0, 0.265343579, -0.116021533, -0.146585303, -0.293041024, 0.58722307, -0.754495515, -0.951904297, -0.105712891, 0.287353516, 0.088928764, 0.802416567, 0.590138436, 0, 0, 0, 0, 0, 0, 0, 0.294836963, -0.0723108398, -0.125872656, -0.261208802, 0.0374419079, -0.964539085, 0.50390625, -0.846923828, -0.169311523, -0.82319514, -0.53024097, 0.202288321, 0, 2, 1, 1, 
396.93087, 24, 0.1, 0.1, 0.00583315106, 0.372424846, -0.0199676055, 0.808848553, -0.588017022, 4.18324643e-006, 0.588017022, 0.808848553, -1.87608391e-005, 7.64807991e-006, 1.76344976e-005, 1, 0.808848554, -0.58801702, 1.54242029e-005, 0.58801702, 0.808848554, -3.48759009e-005, 8.03177911e-006, 3.72790159e-005, 0.999999999, 0, 0, 0, 0, 0, 0, 0, 0.265837061, -0.115570288, -0.146381104, -0.293041024, 0.58722307, -0.754495515, -0.951904297, -0.105712891, 0.287353516, 0.088928764, 0.802416567, 0.590138436, 0, 0, 0, 0, 0, 0, 0, 0.295105371, -0.0716733398, -0.125889502, -0.260812514, 0.0374991438, -0.964596687, 0.505615234, -0.845825195, -0.169555664, -0.822294289, -0.531953353, 0.201668554, 0, 2, 1, 1, 
396.931675, 24, 0.1, 0.1, 0.00583315461, 0.372424841, -0.0199676872, 0.808848515, -0.588017074, -1.32508542e-006, 0.588017074, 0.808848515, 1.15114514e-005, -5.69713658e-006, -1.00901932e-005, 1, 0.808848535, -0.588017047, -2.20048397e-005, 0.588017047, 0.808848535, 1.97787656e-005, 6.168331e-006, -2.89372465e-005, 1, 0, 0, 0, 0, 0, 0, 0, 0.265837061, -0.115570288, -0.146381104, -0.293041024, 0.58722307, -0.754495515, -0.951904297, -0.105712891, 0.287353516, 0.088928764, 0.802416567, 0.590138436, 0, 0, 0, 0, 0, 0, 0, 0.295105371, -0.0716733398, -0.125889502, -0.260812514, 0.0374991438, -0.964596687, 0.505615234, -0.845825195, -0.169555664, -0.822294289, -0.531953353, 0.201668554, 0, 2, 1, 1, 
396.932459, 24, 0.1, 0.1, 0.005833151, 0.372424845, -0.0199670515, 0.80884856, -0.588017013, 1.13791293e-005, 0.588017013, 0.80884856, -4.51134839e-006, -6.55124271e-006, 1.03401192e-005, 1, 0.80884856, -0.588017011, 2.36029607e-005, 0.588017012, 0.80884856, -2.08654116e-005, -6.82200384e-006, 3.07559005e-005, 1, 0, 0, 0, 0, 0, 0, 0, 0.265837061, -0.115570288, -0.146381104, -0.293041024, 0.58722307, -0.754495515, -0.951904297, -0.105712891, 0.287353516, 0.088928764, 0.802416567, 0.590138436, 0, 0, 0, 0, 0, 0, 0, 0.295105371, -0.0716733398, -0.125889502, -0.260812514, 0.0374991438, -0.964596687, 0.505615234, -0.845825195, -0.169555664, -0.822294289, -0.531953353, 0.201668554, 0, 2, 1, 1, 
396.933246, 24, 0.1, 0.1, 0.00583315567, 0.37242484, -0.0199660677, 0.808848585, -0.588016978, -1.50032229e-005, 0.588016978, 0.808848585, 7.6031589e-006, 7.66454912e-006, -1.49719541e-005, 1, 0.808848566, -0.588017004, -1.69981253e-005, 0.588017004, 0.808848566, 3.16003642e-005, -4.83264223e-006, -3.5555096e-005, 0.999999999, 0, 0, 0, 0, 0, 0, 0, 0.265837061, -0.115570288, -0.146381104, -0.293041024, 0.58722307, -0.754495515, -0.951904297, -0.105712891, 0.287353516, 0.088928764, 0.802416567, 0.590138436, 0, 0, 0, 0, 0, 0, 0, 0.295105371, -0.0716733398, -0.125889502, -0.260812514, 0.0374991438, -0.964596687, 0.505615234, -0.845825195, -0.169555664, -0.822294289, -0.531953353, 0.201668554, 0, 2, 1, 1, 
396.934031, 24, 0.1, 0.1, 0.0058331531, 0.372424844, -0.0199650477, 0.808848523, -0.588017063, -8.1143344e-007, 0.588017063, 0.808848523, -1.2017448e-005, 7.72279119e-006, 9.24315832e-006, 1, 0.808848526, -0.58801706, 1.1243868e-005, 0.58801706, 0.808848525, -2.9320457e-005, 8.14634287e-006, 3.03273947e-005, 1, 0, 0, 0, 0, 0, 0, 0, 0.265837061, -0.115570288, -0.146381104, -0.293041024, 0.58722307, -0.754495515, -0.951904297, -0.105712891, 0.287353516, 0.088928764, 0.802416567, 0.590138436, 0, 0, 0, 0, 0, 0, 0, 0.295105371, -0.0716733398, -0.125889502, -0.260812514, 0.0374991438, -0.964596687, 0.505615234, -0.845825195, -0.169555664, -0.822294289, -0.531953353, 0.201668554, 0, 2, 1, 1, 
396.934839, 24, 0.1, 0.1, 0.0058331574, 0.372424837, -0.0199642526, 0.808848481, -0.588017121, -1.1392247e-007, 0.588017121, 0.808848481, 1.6419911e-005, -9.56304276e-006, -1.33482084e-005, 1, 0.808848507, -0.588017085, -2.64760339e-005, 0.588017086, 0.808848506, 2.76273765e-005, 5.16973108e-006, -3.79147226e-005, 0.999999999, 0, 0, 0, 0, 0, 0, 0, 0.265837061, -0.115570288, -0.146381104, -0.292165973, 0.58754658, -0.754501507, -0.952270508, -0.106567383, 0.285766602, 0.0874306583, 0.802118144, 0.590880936, 0, 0, 0, 0, 0, 0, 0, 0.295105371, -0.0716733398, -0.125889502, -0.260812514, 0.0374991438, -0.964596687, 0.505615234, -0.845825195, -0.169555664, -0.822294289, -0.531953353, 0.201668554, 0, 2, 1, 1, 
396.935634, 24, 0.1, 0.1, 0.00583315232, 0.372424842, -0.0199636327, 0.808848542, -0.588017037, 1.74829678e-005, 0.588017037, 0.808848542, -7.29483343e-006, -9.85158663e-006, 1.61806983e-005, 1, 0.80884854, -0.588017039, 3.06387974e-005, 0.58801704, 0.80884854, -2.46665958e-005, -1.0277768e-005, 3.7967675e-005, 0.999999999, 0, 0, 0, 0, 0, 0, 0, 0.266546948, -0.115331421, -0.14637915, -0.292165973, 0.58754658, -0.754501507, -0.952270508, -0.106567383, 0.285766602, 0.0874306583, 0.802118144, 0.590880936, 0, 0, 0, 0, 0, 0, 0, 0.295330566, -0.0710124023, -0.126116162, -0.261010474, 0.0377481436, -0.964571168, 0.506713867, -0.845092773, -0.170166016, -0.821578639, -0.533154609, 0.20142575, 0, 2, 1, 1, 
396.936421, 24, 0.1, 0.1, 0.00583315652, 0.372424836, -0.019963815, 0.808848577, -0.588016989, -1.32390539e-005, 0.588016989, 0.808848577, 7.65226631e-006, 6.20872735e-006, -1.39743133e-005, 1, 0.808848556, -0.588017017, -1.5042502e-005, 0.588017018, 0.808848556, 3.26887954e-005, -7.05446194e-006, -3.52855322e-005, 0.999999999, 0, 0, 0, 0, 0, 0, 0, 0.266546948, -0.115331421, -0.14637915, -0.292165973, 0.58754658, -0.754501507, -0.952270508, -0.106567383, 0.285766602, 0.0874306583, 0.802118144, 0.590880936, 0, 0, 0, 0, 0, 0, 0, 0.295330566, -0.0710124023, -0.126116162, -0.261010474, 0.0377481436, -0.964571168, 0.506713867, -0.845092773, -0.170166016, -0.821578639, -0.533154609, 0.20142575, 0, 2, 1, 1, 
396.937207, 24, 0.1, 0.1, 0.00583315325, 0.372424841, -0.0199646225, 0.80884852, -0.588017068, 1.94922654e-006, 0.588017068, 0.80884852, -1.4635649e-005, 7.02938243e-006, 1.29842015e-005, 1, 0.808848521, -0.588017066, 1.43041781e-005, 0.588017066, 0.80884852, -3.19447355e-005, 7.21413633e-006, 3.42495529e-005, 0.999999999, 0, 0, 0, 0, 0, 0, 0, 0.266546948, -0.115331421, -0.14637915, -0.292165973, 0.58754658, -0.754501507, -0.952270508, -0.106567383, 0.285766602, 0.0874306583, 0.802118144, 0.590880936, 0, 0, 0, 0, 0, 0, 0, 0.295330566, -0.0710124023, -0.126116162, -0.261010474, 0.0377481436, -0.964571168, 0.506713867, -0.845092773, -0.170166016, -0.821578639, -0.533154609, 0.20142575, 0, 2, 1, 1, 
396.937996, 24, 0.1, 0.1, 0.00583315739, 0.372424835, -0.0199657425, 0.808848487, -0.588017113, -3.54552846e-006, 0.588017113, 0.808848487, 1.73206756e-005, -7.31705836e-006, -1.60946337e-005, 1, 0.808848507, -0.588017085, -2.5470837e-005, 0.588017085, 0.808848507, 2.64403272e-005, 5.05468437e-006, -3.63635065e-005, 0.999999999, 0, 0, 0, 0, 0, 0, 0, 0.266546948, -0.115331421, -0.14637915, -0.292165973, 0.58754658, -0.754501507, -0.952270508, -0.106567383, 0.285766602, 0.0874306583, 0.802118144, 0.590880936, 0, 0, 0, 0, 0, 0, 0, 0.295330566, -0.0710124023, -0.126116162, -0.261010474, 0.0377481436, -0.964571168, 0.506713867, -0.845092773, -0.170166016, -0.821578639, -0.533154609, 0.20142575, 0, 2, 1, 1, 
396.938783, 24, 0.1, 0.1, 0.00583315377, 0.372424839, -0.0199667683, 0.808848539, -0.588017041, 1.21200321e-005, 0.588017041, 0.808848539, -4.31184094e-006, -7.26783434e-006, 1.06144117e-005, 1, 0.808848538, -0.588017042, 2.40338505e-005, 0.588017042, 0.808848538, -2.00864644e-005, -7.62856144e-006, 3.0379221e-005, 1, 0, 0, 0, 0, 0, 0, 0, 0.266546948, -0.115331421, -0.14637915, -0.292165973, 0.58754658, -0.754501507, -0.952270508, -0.106567383, 0.285766602, 0.0874306583, 0.802118144, 0.590880936, 0, 0, 0, 0, 0, 0, 0, 0.295330566, -0.0710124023, -0.126116162, -0.261010474, 0.0377481436, -0.964571168, 0.506713867, -0.845092773, -0.170166016, -0.821578639, -0.533154609, 0.20142575, 0, 2, 1, 1, 
396.939568, 24, 0.1, 0.1, 0.0058331582, 0.372424833, -0.0199673918, 0.808848568, -0.588017001, -1.41898807e-005, 0.588017001, 0.808848568, 7.39778874e-006, 7.12743913e-006, -1.43275819e-005, 1, 0.80884855, -0.588017027, -1.61106045e-005, 0.588017027, 0.808848549, 3.01669706e-005, -4.70765334e-006, -3.38738202e-005, 0.999999999, 0, 0, 0, 0, 0, 0, 0, 0.266546948, -0.115331421, -0.14637915, -0.292165973, 0.58754658, -0.754501507, -0.952270508, -0.106567383, 0.285766602, 0.0874306583, 0.802118144, 0.590880936, 0, 0, 0, 0, 0, 0, 0, 0.295330566, -0.0710124023, -0.126116162, -0.261010474, 0.0377481436, -0.964571168, 0.506713867, -0.845092773, -0.170166016, -0.821578639, -0.533154609, 0.20142575, 0, 2, 1, 1, 
396.940398, 24, 0.1, 0.1, 0.00583315449, 0.372424839, -0.0199668508, 0.808848486, -0.588017115, 4.06279627e-006, 0.588017115, 0.808848486, -1.65094702e-005, 6.42166442e-006, 1.57426537e-005, 1, 0.808848492, -0.588017106, 1.56674872e-005, 0.588017106, 0.808848491, -3.29245364e-005, 6.68756726e-006, 3.58437121e-005, 0.999999999, 0, 0, 0, 0, 0, 0, 0, 0.266383887, -0.115317871, -0.146172144, -0.291073753, 0.587806811, -0.75479993, -0.952514648, -0.104736328, 0.285644531, 0.0888643628, 0.802200519, 0.590557426, 0, 0, 0, 0, 0, 0, 0, 0.295292236, -0.0712136719, -0.126315967, -0.261457801, 0.0377674667, -0.964379404, 0.505737305, -0.845581055, -0.170166016, -0.821993883, -0.532170636, 0.201936876, 0, 2, 1, 1, 
396.941184, 24, 0.1, 0.1, 0.00583315795, 0.372424834, -0.0199659625, 0.80884843, -0.588017191, -7.00626414e-007, 0.588017191, 0.80884843, 1.36336235e-005, -7.45010443e-006, -1.14395154e-005, 1, 0.808848454, -0.588017157, -2.23310574e-005, 0.588017158, 0.808848454, 2.2549224e-005, 4.80311062e-006, -3.13699499e-005, 0.999999999, 0, 0, 0, 0, 0, 0, 0, 0.266383887, -0.115317871, -0.146172144, -0.291073753, 0.587806811, -0.75479993, -0.952514648, -0.104736328, 0.285644531, 0.0888643628, 0.802200519, 0.590557426, 0, 0, 0, 0, 0, 0, 0, 0.295292236, -0.0712136719, -0.126315967, -0.261457801, 0.0377674667, -0.964379404, 0.505737305, -0.845581055, -0.170166016, -0.821993883, -0.532170636, 0.201936876, 0, 2, 1, 1, 
396.941982, 24, 0.1, 0.1, 0.00583315402, 0.372424838, -0.0199650665, 0.808848463, -0.588017146, 1.11426683e-005, 0.588017146, 0.808848463, -2.76771315e-006, -7.38526734e-006, 8.79074054e-006, 1, 0.808848467, -0.588017139, 2.52368735e-005, 0.58801714, 0.808848467, -2.1252046e-005, -7.91623911e-006, 3.2029399e-005, 0.999999999, 0, 0, 0, 0, 0, 0, 0, 0.266383887, -0.115317871, -0.146172144, -0.290197581, 0.58738183, -0.755415871, -0.952636719, -0.103271484, 0.285644531, 0.0897143262, 0.802638606, 0.589789838, 0, 0, 0, 0, 0, 0, 0, 0.295292236, -0.0712136719, -0.126315967, -0.261457801, 0.0377674667, -0.964379404, 0.505737305, -0.845581055, -0.170166016, -0.821993883, -0.532170636, 0.201936876, 0, 2, 1, 1, 
396.942781, 24, 0.1, 0.1, 0.00583315946, 0.372424831, -0.0199641717, 0.808848475, -0.588017129, -1.77480456e-005, 0.588017129, 0.808848475, 9.91337028e-006, 8.52624809e-006, -1.84545692e-005, 1, 0.808848458, -0.588017152, -1.99746994e-005, 0.588017152, 0.808848458, 3.53697891e-005, -4.64153787e-006, -4.03542652e-005, 0.999999999, 0, 0, 0, 0, 0, 0, 0, 0.266208008, -0.115338257, -0.145982715, -0.290197581, 0.58738183, -0.755415871, -0.952636719, -0.103271484, 0.285644531, 0.0897143262, 0.802638606, 0.589789838, 0, 0, 0, 0, 0, 0, 0, 0.295384766, -0.0714630371, -0.125697998, -0.259764742, 0.0370456203, -0.964909853, 0.505126953, -0.846313477, -0.168457031, -0.82292062, -0.531141821, 0.201144668, 0, 2, 1, 1, 
396.943567, 24, 0.1, 0.1, 0.00583315697, 0.372424836, -0.0199638561, 0.808848399, -0.588017234, -1.29909683e-006, 0.588017234, 0.808848399, -1.42770528e-005, 9.44592547e-006, 1.07840799e-005, 1, 0.808848403, -0.588017228, 1.08520864e-005, 0.588017228, 0.808848403, -3.14747091e-005, 9.72997846e-006, 3.1839482e-005, 0.999999999, 0, 0, 0, 0, 0, 0, 0, 0.266208008, -0.115338257, -0.145982715, -0.290197581, 0.58738183, -0.755415871, -0.952636719, -0.103271484, 0.285644531, 0.0897143262, 0.802638606, 0.589789838, 0, 0, 0, 0, 0, 0, 0, 0.295384766, -0.0714630371, -0.125697998, -0.259764742, 0.0370456203, -0.964909853, 0.505126953, -0.846313477, -0.168457031, -0.82292062, -0.531141821, 0.201144668, 0, 2, 1, 1, 
396.944352, 24, 0.1, 0.1, 0.0058331615, 0.37242483, -0.0199641912, 0.808848351, -0.588017301, -3.81082962e-006, 0.588017301, 0.80884835, 1.55679004e-005, -6.07181151e-006, -1.48329043e-005, 1, 0.808848374, -0.588017267, -2.73181184e-005, 0.588017268, 0.808848374, 2.57074247e-005, 6.979806e-006, -3.6856934e-005, 0.999999999, 0, 0, 0, 0, 0, 0, 0, 0.266208008, -0.115338257, -0.145982715, -0.290197581, 0.58738183, -0.755415871, -0.952636719, -0.103271484, 0.285644531, 0.0897143262, 0.802638606, 0.589789838, 0, 0, 0, 0, 0, 0, 0, 0.295384766, -0.0714630371, -0.125697998, -0.259764742, 0.0370456203, -0.964909853, 0.505126953, -0.846313477, -0.168457031, -0.82292062, -0.531141821, 0.201144668, 0, 2, 1, 1, 
396.945136, 24, 0.1, 0.1, 0.0058331574, 0.372424835, -0.0199650503, 0.808848394, -0.58801724, 1.47154434e-005, 0.58801724, 0.808848394, -9.15992709e-006, -6.5163677e-006, 1.60619267e-005, 1, 0.808848396, -0.588017238, 2.6763959e-005, 0.588017238, 0.808848395, -2.53498283e-005, -6.7418493e-006, 3.62418372e-005, 0.999999999, 0, 0, 0, 0, 0, 0, 0, 0.266208008, -0.115338257, -0.145982715, -0.290197581, 0.58738183, -0.755415871, -0.952636719, -0.103271484, 0.285644531, 0.0897143262, 0.802638606, 0.589789838, 0, 0, 0, 0, 0, 0, 0, 0.295384766, -0.0714630371, -0.125697998, -0.259764742, 0.0370456203, -0.964909853, 0.505126953, -0.846313477, -0.168457031, -0.82292062, -0.531141821, 0.201144668, 0, 2, 1, 1, 
396.945922, 24, 0.1, 0.1, 0.00583316147, 0.37242483, -0.0199661085, 0.808848417, -0.588017209, -1.25208959e-005, 0.58801721, 0.808848417, 4.50138974e-006, 7.48061222e-006, -1.10034443e-005, 1, 0.808848399, -0.588017234, -1.44806047e-005, 0.588017234, 0.808848398, 2.7816416e-005, -4.64391808e-006, -3.10141087e-005, 1, 0, 0, 0, 0, 0, 0, 0, 0.266208008, -0.115338257, -0.145982715, -0.290197581, 0.58738183, -0.755415871, -0.952636719, -0.103271484, 0.285644531, 0.0897143262, 0.802638606, 0.589789838, 0, 0, 0, 0, 0, 0, 0, 0.295384766, -0.0714630371, -0.125697998, -0.259764742, 0.0370456203, -0.964909853, 0.505126953, -0.846313477, -0.168457031, -0.82292062, -0.531141821, 0.201144668, 0, 2, 1, 1, 
396.946712, 24, 0.1, 0.1, 0.0058331582, 0.372424835, -0.0199669554, 0.808848353, -0.588017297, 3.03060071e-006, 0.588017297, 0.808848353, -1.63654339e-005, 7.17186179e-006, 1.50191999e-005, 1, 0.808848356, -0.588017292, 1.43968433e-005, 0.588017293, 0.808848356, -3.26415673e-005, 7.54894301e-006, 3.48676709e-005, 0.999999999, 0, 0, 0, 0, 0, 0, 0, 0.266208008, -0.115338257, -0.145982715, -0.290197581, 0.58738183, -0.755415871, -0.952636719, -0.103271484, 0.285644531, 0.0897143262, 0.802638606, 0.589789838, 0, 0, 0, 0, 0, 0, 0, 0.295384766, -0.0714630371, -0.125697998, -0.259764742, 0.0370456203, -0.964909853, 0.505126953, -0.846313477, -0.168457031, -0.82292062, -0.531141821, 0.201144668, 0, 2, 1, 1, 
396.947528, 24, 0.1, 0.1, 0.00583316208, 0.372424829, -0.0199669504, 0.808848317, -0.588017347, -2.2121026e-006, 0.588017347, 0.808848317, 1.72719082e-005, -8.36692617e-006, -1.52711086e-005, 1, 0.808848338, -0.588017318, -2.35762139e-005, 0.588017319, 0.808848337, 2.62730214e-005, 3.62058988e-006, -3.51141118e-005, 0.999999999, 0, 0, 0, 0, 0, 0, 0, 0.266449561, -0.11513064, -0.145559912, -0.289835879, 0.587058319, -0.755853958, -0.952758789, -0.103027344, 0.28527832, 0.0896570382, 0.802937028, 0.589364856, 0, 0, 0, 0, 0, 0, 0, 0.295199365, -0.0716791992, -0.125273242, -0.258947014, 0.0368093803, -0.965114377, 0.504272461, -0.847045898, -0.167480469, -0.823693872, -0.530061966, 0.200754943, 0, 2, 1, 1, 
396.948313, 24, 0.1, 0.1, 0.00583315822, 0.372424833, -0.0199665213, 0.808848365, -0.588017281, 1.30255495e-005, 0.588017281, 0.808848365, -3.45747639e-006, -8.50263854e-006, 1.04558223e-005, 1, 0.808848365, -0.58801728, 2.48345987e-005, 0.588017281, 0.808848365, -1.90947269e-005, -8.8593951e-006, 3.00479118e-005, 1, 0, 0, 0, 0, 0, 0, 0, 0.266449561, -0.11513064, -0.145559912, -0.289835879, 0.587058319, -0.755853958, -0.952758789, -0.103027344, 0.28527832, 0.0896570382, 0.802937028, 0.589364856, 0, 0, 0, 0, 0, 0, 0, 0.295199365, -0.0716791992, -0.125273242, -0.258947014, 0.0368093803, -0.965114377, 0.504272461, -0.847045898, -0.167480469, -0.823693872, -0.530061966, 0.200754943, 0, 2, 1, 1, 
396.949092, 24, 0.1, 0.1, 0.00583316234, 0.372424827, -0.0199659543, 0.808848392, -0.588017243, -1.26269568e-005, 0.588017243, 0.808848392, 7.08495257e-006, 6.04721938e-006, -1.31555208e-005, 1, 0.808848374, -0.588017269, -1.47344948e-005, 0.588017269, 0.808848373, 3.0968277e-005, -6.29190949e-006, -3.37127779e-005, 0.999999999, 0, 0, 0, 0, 0, 0, 0, 0.266449561, -0.11513064, -0.145559912, -0.289835879, 0.587058319, -0.755853958, -0.952758789, -0.103027344, 0.28527832, 0.0896570382, 0.802937028, 0.589364856, 0, 0, 0, 0, 0, 0, 0, 0.295199365, -0.0716791992, -0.125273242, -0.258947014, 0.0368093803, -0.965114377, 0.504272461, -0.847045898, -0.167480469, -0.823693872, -0.530061966, 0.200754943, 0, 2, 1, 1, 
396.949884, 24, 0.1, 0.1, 0.00583315918, 0.372424832, -0.0199654158, 0.808848334, -0.588017324, 1.35351741e-006, 0.588017324, 0.808848333, -1.38110124e-005, 7.02632426e-006, 1.19669061e-005, 1, 0.808848335, -0.588017322, 1.3719841e-005, 0.588017323, 0.808848334, -3.13355015e-005, 7.32854713e-006, 3.34131724e-005, 0.999999999, 0, 0, 0, 0, 0, 0, 0, 0.266449561, -0.11513064, -0.145559912, -0.289835879, 0.587058319, -0.755853958, -0.952758789, -0.103027344, 0.28527832, 0.0896570382, 0.802937028, 0.589364856, 0, 0, 0, 0, 0, 0, 0, 0.295199365, -0.0716791992, -0.125273242, -0.258947014, 0.0368093803, -0.965114377, 0.504272461, -0.847045898, -0.167480469, -0.823693872, -0.530061966, 0.200754943, 0, 2, 1, 1, 
396.950671, 24, 0.1, 0.1, 0.00583316307, 0.372424826, -0.0199649444, 0.8088483, -0.58801737, -1.55175717e-006, 0.58801737, 0.8088483, 1.4964074e-005, -7.54399928e-006, -1.3016126e-005, 1, 0.80884832, -0.588017342, -2.42512192e-005, 0.588017342, 0.80884832, 2.4675148e-005, 5.10614297e-006, -3.42185895e-005, 0.999999999, 0, 0, 0, 0, 0, 0, 0, 0.266449561, -0.11513064, -0.145559912, -0.289835879, 0.587058319, -0.755853958, -0.952758789, -0.103027344, 0.28527832, 0.0896570382, 0.802937028, 0.589364856, 0, 0, 0, 0, 0, 0, 0, 0.295199365, -0.0716791992, -0.125273242, -0.258947014, 0.0368093803, -0.965114377, 0.504272461, -0.847045898, -0.167480469, -0.823693872, -0.530061966, 0.200754943, 0, 2, 1, 1, 
396.951454, 24, 0.1, 0.1, 0.00583315872, 0.372424831, -0.0199647828, 0.808848357, -0.588017291, 1.48452092e-005, 0.588017291, 0.808848357, -7.43249001e-006, -7.63709046e-006, 1.4740997e-005, 1, 0.808848356, -0.588017292, 2.73510752e-005, 0.588017293, 0.808848356, -2.40006007e-005, -8.01010395e-006, 3.54957516e-005, 0.999999999, 0, 0, 0, 0, 0, 0, 0, 0.266449561, -0.11513064, -0.145559912, -0.289835879, 0.587058319, -0.755853958, -0.952758789, -0.103027344, 0.28527832, 0.0896570382, 0.802937028, 0.589364856, 0, 0, 0, 0, 0, 0, 0, 0.295199365, -0.0716791992, -0.125273242, -0.258947014, 0.0368093803, -0.965114377, 0.504272461, -0.847045898, -0.167480469, -0.823693872, -0.530061966, 0.200754943, 0, 2, 1, 1, 
396.952268, 24, 0.1, 0.1, 0.00583316393, 0.372424825, -0.0199646221, 0.808848389, -0.588017247, -1.64846646e-005, 0.588017247, 0.808848389, 8.01431587e-006, 8.62103848e-006, -1.61756336e-005, 1, 0.808848369, -0.588017275, -1.87452117e-005, 0.588017276, 0.808848368, 3.27070387e-005, -4.07026985e-006, -3.74775432e-005, 0.999999999, 0, 0, 0, 0, 0, 0, 0, 0.266542456, -0.115352539, -0.145146631, -0.288008271, 0.587077415, -0.756494987, -0.953369141, -0.101928711, 0.283813477, 0.0894911655, 0.803057596, 0.589219202, 0, 0, 0, 0, 0, 0, 0, 0.295291895, -0.0716340332, -0.124887061, -0.257253955, 0.0372056679, -0.965581027, 0.503662109, -0.84753418, -0.166870117, -0.824620609, -0.529161116, 0.199355727, 0, 2, 1, 1, 
396.953054, 24, 0.1, 0.1, 0.00583316109, 0.37242483, -0.0199648433, 0.808848332, -0.588017326, 7.35125348e-007, 0.588017325, 0.808848332, -1.58158852e-005, 8.7054096e-006, 1.32249188e-005, 1, 0.808848334, -0.588017324, 1.24933001e-005, 0.588017324, 0.808848333, -3.25937298e-005, 9.06049286e-006, 3.37096609e-005, 0.999999999, 0, 0, 0, 0, 0, 0, 0, 0.266542456, -0.115352539, -0.145146631, -0.288008271, 0.587077415, -0.756494987, -0.953369141, -0.101928711, 0.283813477, 0.0894911655, 0.803057596, 0.589219202, 0, 0, 0, 0, 0, 0, 0, 0.295291895, -0.0716340332, -0.124887061, -0.257253955, 0.0372056679, -0.965581027, 0.503662109, -0.84753418, -0.166870117, -0.824620609, -0.529161116, 0.199355727, 0, 2, 1, 1, 
396.953837, 24, 0.1, 0.1, 0.00583316502, 0.372424824, -0.0199654065, 0.808848299, -0.588017371, -2.14940318e-006, 0.588017371, 0.808848299, 1.40047934e-005, -6.49652069e-006, -1.25916397e-005, 1, 0.808848319, -0.588017343, -2.46990897e-005, 0.588017344, 0.808848319, 2.34671161e-005, 6.17874595e-006, -3.35048305e-005, 0.999999999, 0, 0, 0, 0, 0, 0, 0, 0.266542456, -0.115352539, -0.145146631, -0.288008271, 0.587077415, -0.756494987, -0.953369141, -0.101928711, 0.283813477, 0.0894911655, 0.803057596, 0.589219202, 0, 0, 0, 0, 0, 0, 0, 0.295291895, -0.0716340332, -0.124887061, -0.257253955, 0.0372056679, -0.965581027, 0.503662109, -0.84753418, -0.166870117, -0.824620609, -0.529161116, 0.199355727, 0, 2, 1, 1, 
396.95462, 24, 0.1, 0.1, 0.00583316087, 0.372424829, -0.0199660869, 0.808848353, -0.588017297, 1.43389121e-005, 0.588017297, 0.808848353, -7.68320605e-006, -7.0801474e-006, 1.46460769e-005, 1, 0.808848352, -0.588017298, 2.63652572e-005, 0.588017298, 0.808848352, -2.38227316e-005, -7.31731656e-006, 3.47722045e-005, 0.999999999, 0, 0, 0, 0, 0, 0, 0, 0.266542456, -0.115352539, -0.145146631, -0.288008271, 0.587077415, -0.756494987, -0.953369141, -0.101928711, 0.283813477, 0.0894911655, 0.803057596, 0.589219202, 0, 0, 0, 0, 0, 0, 0, 0.295291895, -0.0716340332, -0.124887061, -0.257253955, 0.0372056679, -0.965581027, 0.503662109, -0.84753418, -0.166870117, -0.824620609, -0.529161116, 0.199355727, 0, 2, 1, 1, 
396.955417, 24, 0.1, 0.1, 0.00583316539, 0.372424824, -0.0199664698, 0.808848379, -0.588017262, -1.43915329e-005, 0.588017262, 0.808848379, 6.63887701e-006, 7.73679373e-006, -1.38323147e-005, 1, 0.80884836, -0.588017287, -1.64415067e-005, 0.588017288, 0.808848359, 2.99107532e-005, -4.28935422e-006, -3.38611538e-005, 0.999999999, 0, 0, 0, 0, 0, 0, 0, 0.266542456, -0.115352539, -0.145146631, -0.288008271, 0.587077415, -0.756494987, -0.953369141, -0.101928711, 0.283813477, 0.0894911655, 0.803057596, 0.589219202, 0, 0, 0, 0, 0, 0, 0, 0.295291895, -0.0716340332, -0.124887061, -0.257253955, 0.0372056679, -0.965581027, 0.503662109, -0.84753418, -0.166870117, -0.824620609, -0.529161116, 0.199355727, 0, 2, 1, 1, 
396.956201, 24, 0.1, 0.1, 0.00583316258, 0.372424829, -0.0199666297, 0.808848321, -0.588017341, 9.02090117e-007, 0.588017341, 0.808848321, -1.42648662e-005, 7.65833461e-006, 1.20685577e-005, 1, 0.808848323, -0.588017338, 1.21568226e-005, 0.588017339, 0.808848322, -3.04326793e-005, 8.06191752e-006, 3.1763844e-005, 0.999999999, 0, 0, 0, 0, 0, 0, 0, 0.266542456, -0.115352539, -0.145146631, -0.288008271, 0.587077415, -0.756494987, -0.953369141, -0.101928711, 0.283813477, 0.0894911655, 0.803057596, 0.589219202, 0, 0, 0, 0, 0, 0, 0, 0.295291895, -0.0716340332, -0.124887061, -0.257253955, 0.0372056679, -0.965581027, 0.503662109, -0.84753418, -0.166870117, -0.824620609, -0.529161116, 0.199355727, 0, 2, 1, 1, 
396.957018, 24, 0.1, 0.1, 0.00583316671, 0.372424822, -0.0199661035, 0.808848287, -0.588017388, -2.37701045e-006, 0.588017388, 0.808848287, 1.71095933e-005, -8.13809754e-006, -1.52367887e-005, 1, 0.808848308, -0.588017359, -2.44171678e-005, 0.58801736, 0.808848307, 2.66225794e-005, 4.09524602e-006, -3.58913469e-005, 0.999999999, 0, 0, 0, 0, 0, 0, 0, 0.266551733, -0.115270386, -0.145752759, -0.28794387, 0.588752255, -0.755320391, -0.95324707, -0.100830078, 0.284667969, 0.0914584363, 0.801927184, 0.590392675, 0, 0, 0, 0, 0, 0, 0, 0.294965625, -0.0717242188, -0.125295215, -0.258685254, 0.0389628928, -0.9651337, 0.502319336, -0.848022461, -0.168823242, -0.82501653, -0.528362711, 0.199770971, 0, 2, 1, 1, 
396.957805, 24, 0.1, 0.1, 0.00583316254, 0.372424826, -0.0199654709, 0.808848341, -0.588017314, 1.41551268e-005, 0.588017314, 0.808848341, -5.03310973e-006, -8.48979514e-006, 1.23944821e-005, 1, 0.80884834, -0.588017314, 2.64499055e-005, 0.588017315, 0.80884834, -2.13608823e-005, -8.83339351e-006, 3.28307166e-005, 0.999999999, 0, 0, 0, 0, 0, 0, 0, 0.266551733, -0.115270386, -0.145752759, -0.28794387, 0.588752255, -0.755320391, -0.95324707, -0.100830078, 0.284667969, 0.0914584363, 0.801927184, 0.590392675, 0, 0, 0, 0, 0, 0, 0, 0.294965625, -0.0717242188, -0.125295215, -0.258685254, 0.0389628928, -0.9651337, 0.502319336, -0.848022461, -0.168823242, -0.82501653, -0.528362711, 0.199770971, 0, 2, 1, 1, 
396.958598, 24, 0.1, 0.1, 0.00583316663, 0.372424821, -0.0199649558, 0.808848373, -0.58801727, -1.20602152e-005, 0.58801727, 0.808848373, 4.82807458e-006, 6.91589421e-006, -1.09967951e-005, 1, 0.808848352, -0.588017299, -1.43545746e-005, 0.588017299, 0.808848351, 3.03696628e-005, -6.24721311e-006, -3.30051899e-005, 0.999999999, 0, 0, 0, 0, 0, 0, 0, 0.266551733, -0.115270386, -0.145752759, -0.28794387, 0.588752255, -0.755320391, -0.95324707, -0.100830078, 0.284667969, 0.0914584363, 0.801927184, 0.590392675, 0, 0, 0, 0, 0, 0, 0, 0.294965625, -0.0717242188, -0.125295215, -0.258685254, 0.0389628928, -0.9651337, 0.502319336, -0.848022461, -0.168823242, -0.82501653, -0.528362711, 0.199770971, 0, 2, 1, 1, 
396.959413, 24, 0.1, 0.1, 0.00583316239, 0.372424827, -0.01996431, 0.808848301, -0.588017368, 4.94751949e-006, 0.588017368, 0.808848301, -1.8988409e-005, 7.16372157e-006, 1.82679698e-005, 1, 0.808848305, -0.588017364, 1.74205982e-005, 0.588017364, 0.808848304, -3.67459582e-005, 7.51664017e-006, 3.99655202e-005, 0.999999999, 0, 0, 0, 0, 0, 0, 0, 0.265690137, -0.115599438, -0.146550269, -0.28759902, 0.591131403, -0.753523863, -0.952880859, -0.0977783203, 0.286987305, 0.095976719, 0.800561628, 0.591591236, 0, 0, 0, 0, 0, 0, 0, 0.294674268, -0.0716163086, -0.125940039, -0.259643707, 0.0405411136, -0.964769495, 0.501586914, -0.848022461, -0.170532227, -0.82524001, -0.528196833, 0.19980925, 0, 2, 1, 1, 
396.960207, 24, 0.1, 0.1, 0.00583316588, 0.372424822, -0.0199641398, 0.808848256, -0.588017431, -3.71552463e-008, 0.588017431, 0.808848256, 1.39482656e-005, -8.17177032e-006, -1.13038782e-005, 1, 0.808848279, -0.588017399, -2.32127281e-005, 0.588017399, 0.808848279, 2.3273561e-005, 5.09031636e-006, -3.24742678e-005, 0.999999999, 0, 0, 0, 0, 0, 0, 0, 0.265690137, -0.115599438, -0.146550269, -0.28759902, 0.591131403, -0.753523863, -0.952880859, -0.0977783203, 0.286987305, 0.095976719, 0.800561628, 0.591591236, 0, 0, 0, 0, 0, 0, 0, 0.294674268, -0.0716163086, -0.125940039, -0.259643707, 0.0405411136, -0.964769495, 0.501586914, -0.848022461, -0.170532227, -0.82524001, -0.528196833, 0.19980925, 0, 2, 1, 1, 
396.960992, 24, 0.1, 0.1, 0.00583316147, 0.372424827, -0.0199644513, 0.808848302, -0.588017367, 1.40785912e-005, 0.588017367, 0.808848302, -5.00619421e-006, -8.44371543e-006, 1.23277078e-005, 1, 0.808848303, -0.588017365, 2.70790868e-005, 0.588017366, 0.808848303, -2.22401804e-005, -8.82526116e-006, 3.39119055e-005, 0.999999999, 0, 0, 0, 0, 0, 0, 0, 0.265690137, -0.115599438, -0.146550269, -0.28759902, 0.591131403, -0.753523863, -0.952880859, -0.0977783203, 0.286987305, 0.095976719, 0.800561628, 0.591591236, 0, 0, 0, 0, 0, 0, 0, 0.294674268, -0.0716163086, -0.125940039, -0.259643707, 0.0405411136, -0.964769495, 0.501586914, -0.848022461, -0.170532227, -0.82524001, -0.528196833, 0.19980925, 0, 2, 1, 1, 
396.961778, 24, 0.1, 0.1, 0.00583316622, 0.37242482, -0.01996518, 0.808848327, -0.588017333, -1.64887003e-005, 0.588017334, 0.808848327, 1.06392618e-005, 7.0807873e-006, -1.83011907e-005, 1, 0.808848308, -0.588017359, -1.82147887e-005, 0.588017359, 0.808848308, 3.46856006e-005, -5.6627343e-006, -3.87660013e-005, 0.999999999, 0, 0, 0, 0, 0, 0, 0, 0.265690137, -0.115599438, -0.146550269, -0.28759902, 0.591131403, -0.753523863, -0.952880859, -0.0977783203, 0.286987305, 0.095976719, 0.800561628, 0.591591236, 0, 0, 0, 0, 0, 0, 0, 0.294674268, -0.0716163086, -0.125940039, -0.259643707, 0.0405411136, -0.964769495, 0.501586914, -0.848022461, -0.170532227, -0.82524001, -0.528196833, 0.19980925, 0, 2, 1, 1, 
396.962562, 24, 0.1, 0.1, 0.0058331638, 0.372424825, -0.0199660718, 0.808848265, -0.588017419, -1.23794619e-006, 0.588017419, 0.808848265, -1.1705549e-005, 7.88437732e-006, 8.74007904e-006, 1, 0.808848267, -0.588017415, 1.03238763e-005, 0.588017415, 0.808848267, -2.7976578e-005, 8.10026564e-006, 2.86994257e-005, 1, 0, 0, 0, 0, 0, 0, 0, 0.265690137, -0.115599438, -0.146550269, -0.28759902, 0.591131403, -0.753523863, -0.952880859, -0.0977783203, 0.286987305, 0.095976719, 0.800561628, 0.591591236, 0, 0, 0, 0, 0, 0, 0, 0.294674268, -0.0716163086, -0.125940039, -0.259643707, 0.0405411136, -0.964769495, 0.501586914, -0.848022461, -0.170532227, -0.82524001, -0.528196833, 0.19980925, 0, 2, 1, 1, 
396.963346, 24, 0.1, 0.1, 0.00583316808, 0.372424819, -0.0199668143, 0.808848228, -0.588017469, -4.51985889e-006, 0.588017469, 0.808848228, 1.69728283e-005, -6.32443967e-006, -1.63861981e-005, 1, 0.808848249, -0.58801744, -2.59275065e-005, 0.588017441, 0.808848248, 2.61742386e-005, 5.58050939e-006, -3.64168131e-005, 0.999999999, 0, 0, 0, 0, 0, 0, 0, 0.265690137, -0.115599438, -0.146550269, -0.28759902, 0.591131403, -0.753523863, -0.952880859, -0.0977783203, 0.286987305, 0.095976719, 0.800561628, 0.591591236, 0, 0, 0, 0, 0, 0, 0, 0.294674268, -0.0716163086, -0.125940039, -0.259643707, 0.0405411136, -0.964769495, 0.501586914, -0.848022461, -0.170532227, -0.82524001, -0.528196833, 0.19980925, 0, 2, 1, 1, 
396.964156, 24, 0.1, 0.1, 0.00583316432, 0.372424823, -0.019966954, 0.808848284, -0.588017392, 1.24726492e-005, 0.588017392, 0.808848284, -6.72065344e-006, -6.13661978e-006, 1.27701236e-005, 1, 0.808848283, -0.588017393, 2.39641501e-005, 0.588017394, 0.808848283, -2.20937097e-005, -6.3918761e-006, 3.19617962e-005, 0.999999999, 0, 0, 0, 0, 0, 0, 0, 0.265356177, -0.114816309, -0.147523657, -0.289882688, 0.593453262, -0.750851162, -0.951904297, -0.0985107422, 0.289672852, 0.0979451116, 0.798834371, 0.593639761, 0, 0, 0, 0, 0, 0, 0, 0.294626416, -0.0710855957, -0.126371631, -0.260570077, 0.0421127711, -0.964513932, 0.502075195, -0.847290039, -0.172607422, -0.82460092, -0.529136329, 0.199713368, 0, 2, 1, 1, 
396.964951, 24, 0.1, 0.1, 0.0058331684, 0.372424818, -0.0199665245, 0.808848317, -0.588017347, -1.21479109e-005, 0.588017347, 0.808848317, 3.23493319e-006, 7.92362043e-006, -9.75975259e-006, 1, 0.808848297, -0.588017374, -1.43360755e-005, 0.588017374, 0.808848296, 2.70231319e-005, -4.29436083e-006, -3.02874757e-005, 1, 0, 0, 0, 0, 0, 0, 0, 0.265356177, -0.114816309, -0.147523657, -0.289882688, 0.593453262, -0.750851162, -0.951904297, -0.0985107422, 0.289672852, 0.0979451116, 0.798834371, 0.593639761, 0, 0, 0, 0, 0, 0, 0, 0.294626416, -0.0710855957, -0.126371631, -0.260570077, 0.0421127711, -0.964513932, 0.502075195, -0.847290039, -0.172607422, -0.82460092, -0.529136329, 0.199713368, 0, 2, 1, 1, 
