time, trialNum, realDorsalTactorPos, realVentralTactorPos, boxPosX, boxPosY, boxPosZ, boxLocalRot_11, boxLocalRot_12, boxLocalRot_13, boxLocalRot_21, boxLocalRot_22, boxLocalRot_23, boxLocalRot_31, boxLocalRot_32, boxLocalRot_33, boxGlobalRot_11, boxGlobalRot_12, boxGlobalRot_13, boxGlobalRot_21, boxGlobalRot_22, boxGlobalRot_23, boxGlobalRot_31, boxGlobalRot_32, boxGlobalRot_33, indexForceX, indexForceY, indexForceZ, indexForceGlobalX, indexForceGlobalY, indexForceGlobalZ, indexContact, indexPosX, indexPosY, indexPosZ, indexRot_11, indexRot_12, indexRot_13, indexRot_21, indexRot_22, indexRot_23, indexRot_31, indexRot_32, indexRot_33, thumbForceX, thumbForceY, thumbForceZ, thumbForceGlobalX, thumbForceGlobalY, thumbForceGlobalZ, thumbContact, thumbPosX, thumbPosY, thumbPosZ, thumbRot_11, thumbRot_12, thumbRot_13, thumbRot_21, thumbRot_22, thumbRot_23, thumbRot_31, thumbRot_32, thumbRot_33, manipForceTooHigh, cceExpType, mapping, trialSuccess, 
404.132802, 55, 0.1, 0.1, -0.0141336988, 0.380544352, -0.0199641202, 0.890072786, -0.455818424, 2.38643319e-005, 0.455818425, 0.890072786, -8.06156924e-006, -1.75663806e-005, 1.80531856e-005, 1, 0.890072785, -0.455818426, 1.58779663e-005, 0.455818426, 0.890072785, -5.59234162e-006, -1.15834533e-005, 1.22150607e-005, 1, 0, 0, 0, 0, 0, 0, 0, 0.254945435, 0.00508769531, -0.190499976, -0.171526268, 0.760242321, -0.626532635, -0.756225586, 0.306030273, 0.578369141, 0.631408059, 0.572940197, 0.522535396, 0, 0, -0, 0, 0, 0, 0, 0.310087354, 0.0351748047, -0.144875098, 0.00927055536, 0.729664905, -0.683692767, 0.345336914, -0.643920898, -0.682617187, -0.938375584, -0.229674932, -0.257936954, 0, 2, 5, 1, 
404.140903, 55, 0.1, 0.1, -0.0141335922, 0.380544174, -0.0199659322, 0.890075816, -0.455812506, -4.2175419e-005, 0.455812507, 0.890075816, 2.93409708e-005, 2.4165339e-005, -4.53397719e-005, 0.999999999, 0.890075598, -0.45581293, -4.53430874e-005, 0.455812931, 0.890075599, 8.51331956e-006, 3.64782945e-005, -2.82454636e-005, 0.999999999, 0, 0, 0, 0, 0, 0, 0, 0.260123169, -0.00706118164, -0.188661865, -0.179389359, 0.74894567, -0.637847616, -0.754760742, 0.311035156, 0.577514648, 0.630923163, 0.585111133, 0.509620072, 0, 0, -0, 0, 0, 0, 0, 0.315260059, 0.0244481934, -0.143792529, -0.000684009145, 0.716992463, -0.696962354, 0.348754883, -0.652954102, -0.672119141, -0.93708974, -0.243403873, -0.249634969, 0, 2, 5, 1, 
404.141679, 55, 0.1, 0.1, -0.0141335939, 0.380544157, -0.019958625, 0.890077055, -0.455810084, 6.39424102e-005, 0.455810086, 0.890077056, -1.8408552e-005, -4.85228686e-005, 4.55306253e-005, 0.999999998, 0.890076785, -0.455810611, 6.43392602e-005, 0.455810611, 0.890076787, 5.57875349e-006, -5.9809737e-005, 2.43609985e-005, 0.999999998, 0, 0, 0, 0, 0, 0, 0, 0.260123169, -0.00706118164, -0.188661865, -0.179389359, 0.74894567, -0.637847616, -0.754760742, 0.311035156, 0.577514648, 0.630923163, 0.585111133, 0.509620072, 0, 0, -0, 0, 0, 0, 0, 0.315260059, 0.0244481934, -0.143792529, -0.000684009145, 0.716992463, -0.696962354, 0.348754883, -0.652954102, -0.672119141, -0.93708974, -0.243403873, -0.249634969, 0, 2, 5, 1, 
404.142462, 55, 0.1, 0.1, -0.0141335839, 0.380544148, -0.0199542433, 0.890078594, -0.455807079, -5.52606021e-005, 0.455807081, 0.890078594, 2.7576249e-005, 3.66168295e-005, -4.97332027e-005, 0.999999998, 0.890078266, -0.45580772, -5.49564013e-005, 0.455807721, 0.890078267, 2.03915182e-006, 4.79860373e-005, -2.68645567e-005, 0.999999998, 0, 0, 0, 0, 0, 0, 0, 0.260123169, -0.00706118164, -0.188661865, -0.179389359, 0.74894567, -0.637847616, -0.754760742, 0.311035156, 0.577514648, 0.630923163, 0.585111133, 0.509620072, 0, 0, -0, 0, 0, 0, 0, 0.315260059, 0.0244481934, -0.143792529, -0.000684009145, 0.716992463, -0.696962354, 0.348754883, -0.652954102, -0.672119141, -0.93708974, -0.243403873, -0.249634969, 0, 2, 5, 1, 
404.143244, 55, 0.1, 0.1, -0.0141335851, 0.380544132, -0.019954009, 0.890080399, -0.455803552, 6.73549946e-005, 0.455803555, 0.8900804, -2.79977707e-005, -4.71898772e-005, 5.56209129e-005, 0.999999997, 0.890080015, -0.455804302, 6.67290631e-005, 0.455804303, 0.890080017, 3.82380227e-007, -5.95684962e-005, 3.00750451e-005, 0.999999998, 0, 0, 0, 0, 0, 0, 0, 0.260123169, -0.00706118164, -0.188661865, -0.179389359, 0.74894567, -0.637847616, -0.754760742, 0.311035156, 0.577514648, 0.630923163, 0.585111133, 0.509620072, 0, 0, -0, 0, 0, 0, 0, 0.315260059, 0.0244481934, -0.143792529, -0.000684009145, 0.716992463, -0.696962354, 0.348754883, -0.652954102, -0.672119141, -0.93708974, -0.243403873, -0.249634969, 0, 2, 5, 1, 
404.144025, 55, 0.1, 0.1, -0.0141335759, 0.380544126, -0.0199576978, 0.890082453, -0.455799544, -5.53801916e-005, 0.455799545, 0.890082454, 1.14642469e-005, 4.40675383e-005, -3.54463911e-005, 0.999999998, 0.890082031, -0.455800367, -5.26754897e-005, 0.455800367, 0.890082033, -1.28127899e-005, 5.27255813e-005, -1.26050735e-005, 0.999999999, 0, 0, 0, 0, 0, 0, 0, 0.260123169, -0.00706118164, -0.188661865, -0.179389359, 0.74894567, -0.637847616, -0.754760742, 0.311035156, 0.577514648, 0.630923163, 0.585111133, 0.509620072, 0, 0, -0, 0, 0, 0, 0, 0.315260059, 0.0244481934, -0.143792529, -0.000684009145, 0.716992463, -0.696962354, 0.348754883, -0.652954102, -0.672119141, -0.93708974, -0.243403873, -0.249634969, 0, 2, 5, 1, 
404.144835, 55, 0.1, 0.1, -0.0141335746, 0.38054411, -0.0199638102, 0.890084772, -0.455795015, 5.23407601e-005, 0.455795016, 0.890084773, -1.77952255e-005, -3.84767385e-005, 3.96959168e-005, 0.999999998, 0.890084316, -0.455795906, 5.04241435e-005, 0.455795906, 0.890084317, 2.0455608e-006, -4.58140976e-005, 2.11623966e-005, 0.999999999, 0, 0, 0, 0, 0, 0, 0, 0.261263892, -0.0108117676, -0.188173901, -0.183329892, 0.745222307, -0.641074101, -0.753051758, 0.312744141, 0.578857422, 0.631794466, 0.588914246, 0.504075093, 0, 0, -0, 0, 0, 0, 0, 0.316544189, 0.0211307617, -0.143346924, -0.00502238385, 0.712391229, -0.701523843, 0.349853516, -0.656005859, -0.668701172, -0.936686522, -0.248674448, -0.245941149, 0, 2, 5, 1, 
404.145613, 55, 0.1, 0.1, -0.0141335675, 0.380544102, -0.0199697707, 0.890087074, -0.455790521, -3.60992965e-005, 0.455790522, 0.890087075, 1.5433601e-005, 2.50970282e-005, -3.01909659e-005, 0.999999999, 0.890086612, -0.455791424, -3.37024007e-005, 0.455791424, 0.890086613, -3.17909405e-006, 3.14470595e-005, -1.25315961e-005, 0.999999999, 0, 0, 0, 0, 0, 0, 0, 0.261263892, -0.0108117676, -0.188173901, -0.183329892, 0.745222307, -0.641074101, -0.753051758, 0.312744141, 0.578857422, 0.631794466, 0.588914246, 0.504075093, 0, 0, -0, 0, 0, 0, 0, 0.316544189, 0.0211307617, -0.143346924, -0.00502238385, 0.712391229, -0.701523843, 0.349853516, -0.656005859, -0.668701172, -0.936686522, -0.248674448, -0.245941149, 0, 2, 5, 1, 
404.146393, 55, 0.1, 0.1, -0.0141335647, 0.380544086, -0.0199741019, 0.890089399, -0.45578598, 3.27705966e-005, 0.455785981, 0.8900894, -3.60224673e-006, -2.75269071e-005, 1.81427001e-005, 0.999999999, 0.890088934, -0.455786889, 3.21397889e-005, 0.455786889, 0.890088935, 1.07655764e-005, -3.3514079e-005, 5.06657392e-006, 0.999999999, 0, 0, 0, 0, 0, 0, 0, 0.261263892, -0.0108117676, -0.188173901, -0.183329892, 0.745222307, -0.641074101, -0.753051758, 0.312744141, 0.578857422, 0.631794466, 0.588914246, 0.504075093, 0, 0, -0, 0, 0, 0, 0, 0.316544189, 0.0211307617, -0.143346924, -0.00502238385, 0.712391229, -0.701523843, 0.349853516, -0.656005859, -0.668701172, -0.936686522, -0.248674448, -0.245941149, 0, 2, 5, 1, 
404.147174, 55, 0.1, 0.1, -0.0141335564, 0.380544076, -0.0199754699, 0.890091692, -0.455781503, -3.36534211e-005, 0.455781504, 0.890091692, 1.82885081e-005, 2.16190668e-005, -3.1617056e-005, 0.999999999, 0.890091233, -0.455782401, -3.29213432e-005, 0.455782401, 0.890091233, 4.67346221e-006, 2.71729171e-005, -1.91647766e-005, 0.999999999, 0, 0, 0, 0, 0, 0, 0, 0.261263892, -0.0108117676, -0.188173901, -0.183329892, 0.745222307, -0.641074101, -0.753051758, 0.312744141, 0.578857422, 0.631794466, 0.588914246, 0.504075093, 0, 0, -0, 0, 0, 0, 0, 0.316544189, 0.0211307617, -0.143346924, -0.00502238385, 0.712391229, -0.701523843, 0.349853516, -0.656005859, -0.668701172, -0.936686522, -0.248674448, -0.245941149, 0, 2, 5, 1, 
404.147954, 55, 0.1, 0.1, -0.0141335535, 0.380544062, -0.0199736356, 0.89009394, -0.455777113, 2.89024789e-005, 0.455777113, 0.89009394, -1.48540577e-005, -1.89557818e-005, 2.63945951e-005, 0.999999999, 0.890093494, -0.455777984, 2.97288836e-005, 0.455777984, 0.890093495, 1.08133606e-006, -2.69543351e-005, 1.25872804e-005, 1, 0, 0, 0, 0, 0, 0, 0, 0.261263892, -0.0108117676, -0.188173901, -0.183329892, 0.745222307, -0.641074101, -0.753051758, 0.312744141, 0.578857422, 0.631794466, 0.588914246, 0.504075093, 0, 0, -0, 0, 0, 0, 0, 0.316544189, 0.0211307617, -0.143346924, -0.00502238385, 0.712391229, -0.701523843, 0.349853516, -0.656005859, -0.668701172, -0.936686522, -0.248674448, -0.245941149, 0, 2, 5, 1, 
404.148734, 55, 0.1, 0.1, -0.0141335434, 0.380544054, -0.0199694557, 0.890096182, -0.455772734, -4.23765828e-005, 0.455772735, 0.890096182, 1.66383423e-005, 3.01359318e-005, -3.4123816e-005, 0.999999999, 0.890095733, -0.455773611, -4.42412586e-005, 0.455773611, 0.890095734, -3.08910334e-007, 3.95197487e-005, -1.98890384e-005, 0.999999999, 0, 0, 0, 0, 0, 0, 0, 0.261263892, -0.0108117676, -0.188173901, -0.183329892, 0.745222307, -0.641074101, -0.753051758, 0.312744141, 0.578857422, 0.631794466, 0.588914246, 0.504075093, 0, 0, -0, 0, 0, 0, 0, 0.316544189, 0.0211307617, -0.143346924, -0.00502238385, 0.712391229, -0.701523843, 0.349853516, -0.656005859, -0.668701172, -0.936686522, -0.248674448, -0.245941149, 0, 2, 5, 1, 
404.149544, 55, 0.1, 0.1, -0.0141335437, 0.380544041, -0.0199640481, 0.890098551, -0.455768106, 5.20179559e-005, 0.455768108, 0.890098551, -3.31085382e-005, -3.12112914e-005, 5.31779873e-005, 0.999999998, 0.89009809, -0.455769007, 5.26852512e-005, 0.455769008, 0.890098091, -1.18095086e-005, -4.15126335e-005, 3.45239258e-005, 0.999999999, 0, 0, 0, 0, 0, 0, 0, 0.262610522, -0.0145719971, -0.187246411, -0.187449403, 0.741226729, -0.644534608, -0.753540039, 0.312255859, 0.578369141, 0.629975094, 0.594119985, 0.500173874, 0, 0, -0, 0, 0, 0, 0, 0.317851514, 0.0175786133, -0.142932813, -0.00898379394, 0.707508912, -0.706583697, 0.350585938, -0.659423828, -0.664794922, -0.936366427, -0.253606338, -0.242176966, 0, 2, 5, 1, 
404.150366, 55, 0.1, 0.1, -0.0141335336, 0.380544035, -0.0199593672, 0.890101051, -0.455763224, -4.91622834e-005, 0.455763226, 0.890101051, 2.1504413e-005, 3.39584795e-005, -4.15474614e-005, 0.999999999, 0.890100446, -0.455764405, -4.97532917e-005, 0.455764405, 0.890100448, -8.25186353e-006, 4.80463329e-005, -1.5330792e-005, 0.999999999, 0, 0, 0, 0, 0, 0, 0, 0.262610522, -0.0145719971, -0.187246411, -0.187449403, 0.741226729, -0.644534608, -0.753540039, 0.312255859, 0.578369141, 0.629975094, 0.594119985, 0.500173874, 0, 0, -0, 0, 0, 0, 0, 0.317851514, 0.0175786133, -0.142932813, -0.00898379394, 0.707508912, -0.706583697, 0.350585938, -0.659423828, -0.664794922, -0.936366427, -0.253606338, -0.242176966, 0, 2, 5, 1, 
404.151343, 55, 0.1, 0.1, -0.0141335251, 0.380544018, -0.0199536061, 0.89010418, -0.455757117, -1.70761082e-005, 0.455757116, 0.89010418, -1.49331612e-005, 2.20054097e-005, 5.50951137e-006, 1, 0.890103675, -0.455758103, -9.54138137e-006, 0.455758103, 0.890103675, -1.84865219e-005, 1.69182007e-005, 1.21063592e-005, 1, 0, 0, 0, 0, 0, 0, 0, 0.262610522, -0.0145719971, -0.187246411, -0.187449403, 0.741226729, -0.644534608, -0.753540039, 0.312255859, 0.578369141, 0.629975094, 0.594119985, 0.500173874, 0, 0, -0, 0, 0, 0, 0, 0.317851514, 0.0175786133, -0.142932813, -0.00898379394, 0.707508912, -0.706583697, 0.350585938, -0.659423828, -0.664794922, -0.936366427, -0.253606338, -0.242176966, 0, 2, 5, 1, 
404.152128, 55, 0.1, 0.1, -0.0141335222, 0.380544006, -0.0199528181, 0.890106625, -0.455752341, 1.03240593e-005, 0.455752341, 0.890106624, -2.79680045e-005, 3.55696999e-006, 2.95997203e-005, 1, 0.890106135, -0.455753298, 2.67170074e-005, 0.455753298, 0.890106135, -7.71794644e-006, -2.02634926e-005, 1.90461557e-005, 1, 0, 0, 0, 0, 0, 0, 0, 0.262610522, -0.0145719971, -0.187246411, -0.187449403, 0.741226729, -0.644534608, -0.753540039, 0.312255859, 0.578369141, 0.629975094, 0.594119985, 0.500173874, 0, 0, -0, 0, 0, 0, 0, 0.317851514, 0.0175786133, -0.142932813, -0.00898379394, 0.707508912, -0.706583697, 0.350585938, -0.659423828, -0.664794922, -0.936366427, -0.253606338, -0.242176966, 0, 2, 5, 1, 
404.152908, 55, 0.1, 0.1, -0.0141335175, 0.380543989, -0.0199563188, 0.890108947, -0.455747806, -3.73603911e-006, 0.455747805, 0.890108945, 6.40700277e-005, -2.58742927e-005, -5.87319965e-005, 0.999999998, 0.890108515, -0.455748649, 2.98537295e-006, 0.455748648, 0.890108513, 6.49529929e-005, -3.22595447e-005, -5.64546324e-005, 0.999999998, 0, 0, 0, 0, 0, 0, 0, 0.262610522, -0.0145719971, -0.187246411, -0.187449403, 0.741226729, -0.644534608, -0.753540039, 0.312255859, 0.578369141, 0.629975094, 0.594119985, 0.500173874, 0, 0, -0, 0, 0, 0, 0, 0.317851514, 0.0175786133, -0.142932813, -0.00898379394, 0.707508912, -0.706583697, 0.350585938, -0.659423828, -0.664794922, -0.936366427, -0.253606338, -0.242176966, 0, 2, 5, 1, 
404.15369, 55, 0.1, 0.1, -0.0141335078, 0.380543985, -0.0199626943, 0.890110822, -0.455744143, -6.94413298e-006, 0.455744142, 0.89011082, -7.1700716e-005, 3.88582293e-005, 6.06568353e-005, 0.999999997, 0.890110499, -0.455744774, -2.06215836e-005, 0.455744772, 0.890110498, -6.71002989e-005, 4.89360987e-005, 5.03285016e-005, 0.999999998, 0, 0, 0, 0, 0, 0, 0, 0.262610522, -0.0145719971, -0.187246411, -0.187449403, 0.741226729, -0.644534608, -0.753540039, 0.312255859, 0.578369141, 0.629975094, 0.594119985, 0.500173874, 0, 0, -0, 0, 0, 0, 0, 0.317851514, 0.0175786133, -0.142932813, -0.00898379394, 0.707508912, -0.706583697, 0.350585938, -0.659423828, -0.664794922, -0.936366427, -0.253606338, -0.242176966, 0, 2, 5, 1, 
404.154497, 55, 0.1, 0.1, -0.0141335082, 0.380543972, -0.0199696876, 0.89011216, -0.455741531, 9.62956653e-006, 0.45574153, 0.890112158, 6.78568011e-005, -3.94965567e-005, -5.60115704e-005, 0.999999998, 0.890111953, -0.455741933, 2.52513621e-005, 0.455741932, 0.890111953, 4.76273011e-005, -4.41822975e-005, -3.08855255e-005, 0.999999999, 0, 0, 0, 0, 0, 0, 0, 0.264353711, -0.0173850586, -0.186228345, -0.192414007, 0.738272075, -0.646369329, -0.755737305, 0.30859375, 0.577514648, 0.625941324, 0.599655226, 0.498734178, 0, 0, -0, 0, 0, 0, 0, 0.31921167, 0.0153461426, -0.14266748, -0.0158905587, 0.703507756, -0.710365736, 0.354492188, -0.66027832, -0.661865234, -0.934882988, -0.262250638, -0.238892193, 0, 2, 5, 1, 
404.155281, 55, 0.1, 0.1, -0.0141334941, 0.380543955, -0.019974601, 0.89011292, -0.455740042, -5.729447e-005, 0.455740042, 0.890112922, -1.56558997e-005, 5.81335685e-005, -1.21758656e-005, 0.999999998, 0.89011281, -0.455740256, -6.15551202e-005, 0.455740258, 0.890112811, 1.30419493e-005, 4.88472598e-005, -3.96619525e-005, 0.999999998, 0, 0, 0, 0, 0, 0, 0, 0.264353711, -0.0173850586, -0.186228345, -0.192414007, 0.738272075, -0.646369329, -0.755737305, 0.30859375, 0.577514648, 0.625941324, 0.599655226, 0.498734178, 0, 0, -0, 0, 0, 0, 0, 0.31921167, 0.0153461426, -0.14266748, -0.0158905587, 0.703507756, -0.710365736, 0.354492188, -0.66027832, -0.661865234, -0.934882988, -0.262250638, -0.238892193, 0, 2, 5, 1, 
404.156057, 55, 0.1, 0.1, -0.0141334902, 0.380543957, -0.0199763411, 0.890113193, -0.45573951, 5.10226009e-005, 0.455739512, 0.890113192, -3.91780324e-005, -2.75609129e-005, 5.81258987e-005, 0.999999998, 0.890113171, -0.455739555, 2.60928429e-005, 0.455739556, 0.890113169, -5.88898841e-005, 3.61286655e-006, 6.43102021e-005, 0.999999998, 0, 0, 0, 0, 0, 0, 0, 0.264353711, -0.0173850586, -0.186228345, -0.192414007, 0.738272075, -0.646369329, -0.755737305, 0.30859375, 0.577514648, 0.625941324, 0.599655226, 0.498734178, 0, 0, -0, 0, 0, 0, 0, 0.31921167, 0.0153461426, -0.14266748, -0.0158905587, 0.703507756, -0.710365736, 0.354492188, -0.66027832, -0.661865234, -0.934882988, -0.262250638, -0.238892193, 0, 2, 5, 1, 
404.156868, 55, 0.1, 0.1, -0.0141334956, 0.38054394, -0.0199743398, 0.890113041, -0.455739809, 1.07967095e-005, 0.455739808, 0.89011304, 5.52977947e-005, -3.48116983e-005, -4.4300798e-005, 0.999999998, 0.8901131, -0.455739694, 3.20162224e-005, 0.455739692, 0.8901131, 5.45760954e-005, -5.3370552e-005, -3.39878341e-005, 0.999999998, 0, 0, 0, 0, 0, 0, 0, 0.266158423, -0.0205962646, -0.185394214, -0.196267295, 0.736376319, -0.647442453, -0.756835937, 0.306030273, 0.577514648, 0.623461827, 0.603292466, 0.497421041, 0, 0, -0, 0, 0, 0, 0, 0.320601611, 0.0129556152, -0.142352344, -0.0222861973, 0.700120172, -0.713419366, 0.357543945, -0.660888672, -0.659790039, -0.933591314, -0.269725764, -0.235530861, 0, 2, 5, 1, 
404.157647, 55, 0.1, 0.1, -0.014133483, 0.380543932, -0.0199696563, 0.890112549, -0.455740769, -3.61907274e-005, 0.455740767, 0.890112549, -5.93204316e-005, 5.92485597e-005, 3.63082707e-005, 0.999999998, 0.890112672, -0.455740528, -4.56736126e-005, 0.455740526, 0.890112673, -4.37502904e-005, 6.05934418e-005, 1.81273717e-005, 0.999999998, 0, 0, 0, 0, 0, 0, 0, 0.266158423, -0.0205962646, -0.185394214, -0.196267295, 0.736376319, -0.647442453, -0.756835937, 0.306030273, 0.577514648, 0.623461827, 0.603292466, 0.497421041, 0, 0, -0, 0, 0, 0, 0, 0.320601611, 0.0129556152, -0.142352344, -0.0222861973, 0.700120172, -0.713419366, 0.357543945, -0.660888672, -0.659790039, -0.933591314, -0.269725764, -0.235530861, 0, 2, 5, 1, 
404.158429, 55, 0.1, 0.1, -0.0141334811, 0.380543925, -0.0199641272, 0.890111802, -0.455742229, 2.96083768e-005, 0.455742228, 0.890111802, 4.16300103e-005, -4.53273193e-005, -2.35615759e-005, 0.999999999, 0.890111967, -0.455741906, 2.95932724e-005, 0.455741906, 0.890111968, 2.41504851e-005, -3.73477141e-005, -8.00974139e-006, 0.999999999, 0, 0, 0, 0, 0, 0, 0, 0.266158423, -0.0205962646, -0.185394214, -0.196267295, 0.736376319, -0.647442453, -0.756835937, 0.306030273, 0.577514648, 0.623461827, 0.603292466, 0.497421041, 0, 0, -0, 0, 0, 0, 0, 0.320601611, 0.0129556152, -0.142352344, -0.0222861973, 0.700120172, -0.713419366, 0.357543945, -0.660888672, -0.659790039, -0.933591314, -0.269725764, -0.235530861, 0, 2, 5, 1, 
404.159213, 55, 0.1, 0.1, -0.0141334758, 0.380543916, -0.0199595566, 0.890110993, -0.455743808, -2.3922254e-005, 0.455743808, 0.890110994, -2.78729795e-005, 3.39963991e-005, 1.39076264e-005, 0.999999999, 0.890111143, -0.455743516, -1.98719258e-005, 0.455743516, 0.890111143, -3.11748392e-005, 3.18959534e-005, 1.86925705e-005, 0.999999999, 0, 0, 0, 0, 0, 0, 0, 0.266158423, -0.0205962646, -0.185394214, -0.196267295, 0.736376319, -0.647442453, -0.756835937, 0.306030273, 0.577514648, 0.623461827, 0.603292466, 0.497421041, 0, 0, -0, 0, 0, 0, 0, 0.320601611, 0.0129556152, -0.142352344, -0.0222861973, 0.700120172, -0.713419366, 0.357543945, -0.660888672, -0.659790039, -0.933591314, -0.269725764, -0.235530861, 0, 2, 5, 1, 
404.159995, 55, 0.1, 0.1, -0.0141334718, 0.380543906, -0.0199574077, 0.890110403, -0.455744963, 1.25684005e-008, 0.455744963, 0.890110403, -1.16102509e-005, 5.28012611e-006, 1.03401331e-005, 1, 0.890110509, -0.455744754, 1.16174941e-005, 0.455744754, 0.890110509, 6.75420401e-006, -1.34190467e-005, -7.17375969e-007, 1, 0, 0, 0, 0, 0, 0, 0, 0.266158423, -0.0205962646, -0.185394214, -0.196267295, 0.736376319, -0.647442453, -0.756835937, 0.306030273, 0.577514648, 0.623461827, 0.603292466, 0.497421041, 0, 0, -0, 0, 0, 0, 0, 0.320601611, 0.0129556152, -0.142352344, -0.0222861973, 0.700120172, -0.713419366, 0.357543945, -0.660888672, -0.659790039, -0.933591314, -0.269725764, -0.235530861, 0, 2, 5, 1, 
404.16077, 55, 0.1, 0.1, -0.0141334678, 0.380543897, -0.0199582116, 0.890109944, -0.455745859, 1.6241339e-005, 0.455745859, 0.890109943, -1.62937135e-005, -7.03078488e-006, 2.19051194e-005, 1, 0.890110023, -0.455745705, 8.05435185e-006, 0.455745705, 0.890110023, 8.18458997e-006, -1.0899351e-005, -3.6144493e-006, 1, 0, 0, 0, 0, 0, 0, 0, 0.266158423, -0.0205962646, -0.185394214, -0.196267295, 0.736376319, -0.647442453, -0.756835937, 0.306030273, 0.577514648, 0.623461827, 0.603292466, 0.497421041, 0, 0, -0, 0, 0, 0, 0, 0.320601611, 0.0129556152, -0.142352344, -0.0222861973, 0.700120172, -0.713419366, 0.357543945, -0.660888672, -0.659790039, -0.933591314, -0.269725764, -0.235530861, 0, 2, 5, 1, 
404.161581, 55, 0.1, 0.1, -0.0141334643, 0.380543886, -0.0199615063, 0.890109668, -0.455746397, 8.70303676e-006, 0.455746396, 0.890109667, 5.64978637e-005, -3.3495355e-005, -4.6322917e-005, 0.999999998, 0.890109721, -0.455746294, 7.560596e-006, 0.455746293, 0.890109721, 3.50020292e-005, -2.26818051e-005, -2.77099328e-005, 0.999999999, 0, 0, 0, 0, 0, 0, 0, 0.268032959, -0.024082959, -0.184412036, -0.198756149, 0.733433648, -0.649956395, -0.758178711, 0.305175781, 0.576171875, 0.621013408, 0.607342706, 0.495594555, 0, 0, -0, 0, 0, 0, 0, 0.320601611, 0.0129556152, -0.142352344, -0.027819265, 0.696170422, -0.717188646, 0.360229492, -0.662231445, -0.656860352, -0.932331722, -0.276523521, -0.23236749, 0, 2, 5, 1, 
404.16236, 55, 0.1, 0.1, -0.0141334586, 0.380543876, -0.0199655974, 0.890109363, -0.455746993, -3.30963601e-006, 0.455746992, 0.890109362, -5.29737332e-005, 2.70885576e-005, 4.56440593e-005, 0.999999999, 0.890109444, -0.455746834, -1.2752753e-005, 0.455746833, 0.890109444, -3.31881567e-005, 2.64767433e-005, 2.37290649e-005, 0.999999999, 0, 0, 0, 0, 0, 0, 0, 0.268032959, -0.024082959, -0.184412036, -0.198756149, 0.733433648, -0.649956395, -0.758178711, 0.305175781, 0.576171875, 0.621013408, 0.607342706, 0.495594555, 0, 0, -0, 0, 0, 0, 0, 0.322271191, 0.0103188965, -0.142088721, -0.027819265, 0.696170422, -0.717188646, 0.360229492, -0.662231445, -0.656860352, -0.932331722, -0.276523521, -0.23236749, 0, 2, 5, 1, 
404.163138, 55, 0.1, 0.1, -0.0141334573, 0.380543871, -0.0199695327, 0.890108833, -0.455748028, -1.30500027e-005, 0.455748028, 0.890108833, 2.51791753e-005, 1.40563164e-007, -2.83597193e-005, 1, 0.890108957, -0.455747785, 1.44933572e-005, 0.455747786, 0.890108957, -1.09363814e-006, -1.24022439e-005, 7.57877254e-006, 1, 0, 0, 0, 0, 0, 0, 0, 0.268032959, -0.024082959, -0.184412036, -0.198756149, 0.733433648, -0.649956395, -0.758178711, 0.305175781, 0.576171875, 0.621013408, 0.607342706, 0.495594555, 0, 0, -0, 0, 0, 0, 0, 0.322271191, 0.0103188965, -0.142088721, -0.027819265, 0.696170422, -0.717188646, 0.360229492, -0.662231445, -0.656860352, -0.932331722, -0.276523521, -0.23236749, 0, 2, 5, 1, 
404.163914, 55, 0.1, 0.1, -0.0141334473, 0.380543852, -0.0199721127, 0.890108334, -0.455749003, -2.35188284e-005, 0.455749003, 0.890108334, 2.3248797e-005, 1.03386891e-005, -3.14126306e-005, 0.999999999, 0.890108435, -0.455748804, -3.17328134e-005, 0.455748805, 0.890108434, 4.27749138e-005, 8.75102901e-006, -5.25365034e-005, 0.999999999, 0, 0, 0, 0, 0, 0, 0, 0.268032959, -0.024082959, -0.184412036, -0.198756149, 0.733433648, -0.649956395, -0.758178711, 0.305175781, 0.576171875, 0.621013408, 0.607342706, 0.495594555, 0, 0, -0, 0, 0, 0, 0, 0.322271191, 0.0103188965, -0.142088721, -0.027819265, 0.696170422, -0.717188646, 0.360229492, -0.662231445, -0.656860352, -0.932331722, -0.276523521, -0.23236749, 0, 2, 5, 1, 
404.164694, 55, 0.1, 0.1, -0.0141334473, 0.380543846, -0.0199725673, 0.890107737, -0.455750168, 1.31937352e-005, 0.455750168, 0.890107737, -1.08224821e-005, -6.81149776e-006, 1.56462221e-005, 1, 0.890107852, -0.455749943, 2.91359743e-005, 0.455749943, 0.890107852, -1.56254468e-005, -1.8812863e-005, 2.71870515e-005, 0.999999999, 0, 0, 0, 0, 0, 0, 0, 0.268032959, -0.024082959, -0.184412036, -0.198756149, 0.733433648, -0.649956395, -0.758178711, 0.305175781, 0.576171875, 0.621013408, 0.607342706, 0.495594555, 0, 0, -0, 0, 0, 0, 0, 0.322271191, 0.0103188965, -0.142088721, -0.027819265, 0.696170422, -0.717188646, 0.360229492, -0.662231445, -0.656860352, -0.932331722, -0.276523521, -0.23236749, 0, 2, 5, 1, 
404.165471, 55, 0.1, 0.1, -0.0141334398, 0.380543837, -0.0199708724, 0.890107206, -0.455751206, 1.1588625e-005, 0.455751206, 0.890107206, -6.63785253e-006, -7.28990934e-006, 1.11899302e-005, 1, 0.890107305, -0.455751012, -1.52397438e-005, 0.455751012, 0.890107305, 6.11634072e-007, 1.32862545e-005, -7.48994863e-006, 1, 0, 0, 0, 0, 0, 0, 0, 0.268032959, -0.024082959, -0.184412036, -0.198756149, 0.733433648, -0.649956395, -0.758178711, 0.305175781, 0.576171875, 0.621013408, 0.607342706, 0.495594555, 0, 0, -0, 0, 0, 0, 0, 0.322271191, 0.0103188965, -0.142088721, -0.027819265, 0.696170422, -0.717188646, 0.360229492, -0.662231445, -0.656860352, -0.932331722, -0.276523521, -0.23236749, 0, 2, 5, 1, 
404.16639, 55, 0.1, 0.1, -0.0141334317, 0.380543826, -0.0199664655, 0.890106652, -0.455752284, -5.36779764e-005, 0.455752286, 0.890106653, 2.19505862e-005, 3.77750941e-005, -4.40022232e-005, 0.999999998, 0.890106811, -0.455751977, -2.94473374e-005, 0.455751978, 0.890106811, 1.29162654e-005, 2.03246621e-005, -2.49175381e-005, 0.999999999, 0, 0, 0, 0, 0, 0, 0, 0.269656421, -0.0275866211, -0.183222119, -0.201809648, 0.73014837, -0.652724576, -0.759033203, 0.304443359, 0.575317383, 0.618901604, 0.6115708, 0.492943194, 0, 0, -0, 0, 0, 0, 0, 0.322271191, 0.0103188965, -0.142088721, -0.0318189546, 0.692029274, -0.720970685, 0.361694336, -0.664550781, -0.653808594, -0.931647422, -0.281500253, -0.229082717, 0, 2, 5, 1, 
404.167313, 55, 0.1, 0.1, -0.0141334289, 0.380543816, -0.0199587504, 0.890106145, -0.455753275, 4.42259148e-005, 0.455753276, 0.890106146, -1.57335988e-005, -3.21951194e-005, 3.41606786e-005, 0.999999999, 0.890106224, -0.455753121, 4.72170433e-005, 0.455753122, 0.890106225, -1.5807231e-005, -3.48239893e-005, 3.55894296e-005, 0.999999999, 0, 0, 0, 0, 0, 0, 0, 0.269656421, -0.0275866211, -0.183222119, -0.201809648, 0.73014837, -0.652724576, -0.759033203, 0.304443359, 0.575317383, 0.618901604, 0.6115708, 0.492943194, 0, 0, -0, 0, 0, 0, 0, 0.323583643, 0.00703808594, -0.141600146, -0.0318189546, 0.692029274, -0.720970685, 0.361694336, -0.664550781, -0.653808594, -0.931647422, -0.281500253, -0.229082717, 0, 2, 5, 1, 
404.168093, 55, 0.1, 0.1, -0.0141334207, 0.380543806, -0.0199545614, 0.890105783, -0.455753986, -1.54273361e-005, 0.455753986, 0.890105783, 5.6303917e-006, 1.11658876e-005, -1.20427141e-005, 1, 0.89010585, -0.455753853, -3.90797046e-005, 0.455753854, 0.89010585, 1.27969196e-005, 2.89528282e-005, -2.9201339e-005, 0.999999999, 0, 0, 0, 0, 0, 0, 0, 0.269656421, -0.0275866211, -0.183222119, -0.201809648, 0.73014837, -0.652724576, -0.759033203, 0.304443359, 0.575317383, 0.618901604, 0.6115708, 0.492943194, 0, 0, -0, 0, 0, 0, 0, 0.323583643, 0.00703808594, -0.141600146, -0.0318189546, 0.692029274, -0.720970685, 0.361694336, -0.664550781, -0.653808594, -0.931647422, -0.281500253, -0.229082717, 0, 2, 5, 1, 
404.168886, 55, 0.1, 0.1, -0.0141334225, 0.3805438, -0.0199543366, 0.890105467, -0.455754601, -2.31166968e-005, 0.455754601, 0.890105467, 6.9716664e-006, 1.73989291e-005, -1.67410593e-005, 1, 0.89010553, -0.455754478, 2.48397308e-005, 0.455754479, 0.89010553, -8.67672692e-006, -1.81555246e-005, 1.90440212e-005, 1, 0, 0, 0, 0, 0, 0, 0, 0.269656421, -0.0275866211, -0.183222119, -0.205827687, 0.726799813, -0.655226535, -0.759521484, 0.303466797, 0.575317383, 0.616942568, 0.616179694, 0.489631707, 0, 0, -0, 0, 0, 0, 0, 0.323583643, 0.00703808594, -0.141600146, -0.0318189546, 0.692029274, -0.720970685, 0.361694336, -0.664550781, -0.653808594, -0.931647422, -0.281500253, -0.229082717, 0, 2, 5, 1, 
404.169676, 55, 0.1, 0.1, -0.0141334156, 0.38054379, -0.019957594, 0.890105193, -0.455755137, 3.60085187e-005, 0.455755137, 0.890105193, -1.14160336e-005, -2.68484535e-005, 2.65725381e-005, 0.999999999, 0.890105244, -0.455755038, 1.64753347e-005, 0.455755038, 0.890105244, -4.93788718e-006, -1.24143149e-005, 1.19039561e-005, 1, 0, 0, 0, 0, 0, 0, 0, 0.271231055, -0.0310923584, -0.18246709, -0.205827687, 0.726799813, -0.655226535, -0.759521484, 0.303466797, 0.575317383, 0.616942568, 0.616179694, 0.489631707, 0, 0, -0, 0, 0, 0, 0, 0.325004004, 0.00354257812, -0.140488965, -0.0342404233, 0.687824328, -0.724951052, 0.363769531, -0.666992188, -0.650024414, -0.930797244, -0.285869978, -0.227414445, 0, 2, 5, 1, 
404.170455, 55, 0.1, 0.1, -0.0141334097, 0.380543782, -0.0199633383, 0.890104956, -0.455755599, -3.86336817e-005, 0.4557556, 0.890104956, 1.33368952e-005, 2.83096669e-005, -2.94787533e-005, 0.999999999, 0.890105, -0.455755512, -3.91312055e-005, 0.455755513, 0.890105001, 1.2507843e-005, 2.91303633e-005, -2.89675563e-005, 0.999999999, 0, 0, 0, 0, 0, 0, 0, 0.271231055, -0.0310923584, -0.18246709, -0.205827687, 0.726799813, -0.655226535, -0.759521484, 0.303466797, 0.575317383, 0.616942568, 0.616179694, 0.489631707, 0, 0, -0, 0, 0, 0, 0, 0.325004004, 0.00354257812, -0.140488965, -0.0342404233, 0.687824328, -0.724951052, 0.363769531, -0.666992188, -0.650024414, -0.930797244, -0.285869978, -0.227414445, 0, 2, 5, 1, 
404.171237, 55, 0.1, 0.1, -0.0141334086, 0.380543774, -0.0199695002, 0.890104748, -0.455756006, 1.32745226e-005, 0.455756006, 0.890104748, -4.76617392e-006, -9.64350324e-006, 1.02923375e-005, 1, 0.890104787, -0.45575593, 2.754537e-005, 0.455755931, 0.890104787, -8.40177467e-006, -2.06891071e-005, 2.00324256e-005, 1, 0, 0, 0, 0, 0, 0, 0, 0.271231055, -0.0310923584, -0.18246709, -0.205827687, 0.726799813, -0.655226535, -0.759521484, 0.303466797, 0.575317383, 0.616942568, 0.616179694, 0.489631707, 0, 0, -0, 0, 0, 0, 0, 0.325004004, 0.00354257812, -0.140488965, -0.0342404233, 0.687824328, -0.724951052, 0.363769531, -0.666992188, -0.650024414, -0.930797244, -0.285869978, -0.227414445, 0, 2, 5, 1, 
404.172014, 55, 0.1, 0.1, -0.0141334017, 0.380543766, -0.0199740075, 0.890104569, -0.455756355, 1.10244428e-005, 0.455756355, 0.890104569, -4.17261747e-006, -7.91120999e-006, 8.73852575e-006, 1, 0.890104603, -0.455756289, -1.38768671e-005, 0.455756289, 0.890104603, 3.24573461e-006, 1.08725993e-005, -9.21351275e-006, 1, 0, 0, 0, 0, 0, 0, 0, 0.271231055, -0.0310923584, -0.18246709, -0.205827687, 0.726799813, -0.655226535, -0.759521484, 0.303466797, 0.575317383, 0.616942568, 0.616179694, 0.489631707, 0, 0, -0, 0, 0, 0, 0, 0.325004004, 0.00354257812, -0.140488965, -0.0342404233, 0.687824328, -0.724951052, 0.363769531, -0.666992188, -0.650024414, -0.930797244, -0.285869978, -0.227414445, 0, 2, 5, 1, 
404.172793, 55, 0.1, 0.1, -0.0141333993, 0.380543758, -0.0199755936, 0.890104408, -0.455756671, -2.18552646e-005, 0.455756671, 0.890104408, 7.08023002e-006, 1.62266053e-005, -1.62628266e-005, 1, 0.890104439, -0.455756611, -1.11308821e-005, 0.455756611, 0.890104439, 3.95892782e-006, 8.10334e-006, -8.59683231e-006, 1, 0, 0, 0, 0, 0, 0, 0, 0.271231055, -0.0310923584, -0.18246709, -0.205827687, 0.726799813, -0.655226535, -0.759521484, 0.303466797, 0.575317383, 0.616942568, 0.616179694, 0.489631707, 0, 0, -0, 0, 0, 0, 0, 0.325004004, 0.00354257812, -0.140488965, -0.0342404233, 0.687824328, -0.724951052, 0.363769531, -0.666992188, -0.650024414, -0.930797244, -0.285869978, -0.227414445, 0, 2, 5, 1, 
404.173584, 55, 0.1, 0.1, -0.0141333976, 0.380543751, -0.0199738703, 0.890104258, -0.455756963, 2.61585894e-005, 0.455756964, 0.890104258, -8.83157424e-006, -1.92588204e-005, 1.97829811e-005, 1, 0.890104288, -0.455756903, 2.77571548e-005, 0.455756904, 0.890104289, -9.93245694e-006, -2.01799767e-005, 2.14914375e-005, 1, 0, 0, 0, 0, 0, 0, 0, 0.271231055, -0.0310923584, -0.18246709, -0.210379292, 0.723165938, -0.657753581, -0.760742187, 0.301391602, 0.574707031, 0.613955714, 0.621328144, 0.486942153, 0, 0, -0, 0, 0, 0, 0, 0.325004004, 0.00354257812, -0.140488965, -0.0342404233, 0.687824328, -0.724951052, 0.363769531, -0.666992188, -0.650024414, -0.930797244, -0.285869978, -0.227414445, 0, 2, 5, 1, 
404.174374, 55, 0.1, 0.1, -0.0141333908, 0.380543742, -0.0199694037, 0.890104121, -0.455757232, -1.03027221e-005, 0.455757232, 0.890104121, 4.30532013e-006, 7.20831461e-006, -8.52772329e-006, 1, 0.890104146, -0.455757181, -2.6806753e-005, 0.455757182, 0.890104146, 1.01664087e-005, 1.92273883e-005, -2.12665327e-005, 1, 0, 0, 0, 0, 0, 0, 0, 0.272998535, -0.034387793, -0.181488208, -0.210379292, 0.723165938, -0.657753581, -0.760742187, 0.301391602, 0.574707031, 0.613955714, 0.621328144, 0.486942153, 0, 0, -0, 0, 0, 0, 0, 0.326401416, 0.000464746093, -0.138929834, -0.0372240574, 0.683651098, -0.728758978, 0.36730957, -0.668823242, -0.646240234, -0.929269696, -0.291709281, -0.226219018, 0, 2, 5, 1, 
404.17515, 55, 0.1, 0.1, -0.0141333909, 0.380543736, -0.0199642136, 0.890104001, -0.455757464, -2.04125576e-005, 0.455757464, 0.890104002, 6.05541057e-006, 1.54095006e-005, -1.46931207e-005, 1, 0.890104024, -0.455757421, 1.4142107e-005, 0.455757421, 0.890104024, -5.4645309e-006, -1.00974458e-005, 1.13093711e-005, 1, 0, 0, 0, 0, 0, 0, 0, 0.272998535, -0.034387793, -0.181488208, -0.210379292, 0.723165938, -0.657753581, -0.760742187, 0.301391602, 0.574707031, 0.613955714, 0.621328144, 0.486942153, 0, 0, -0, 0, 0, 0, 0, 0.326401416, 0.000464746093, -0.138929834, -0.0372240574, 0.683651098, -0.728758978, 0.36730957, -0.668823242, -0.646240234, -0.929269696, -0.291709281, -0.226219018, 0, 2, 5, 1, 
404.175926, 55, 0.1, 0.1, -0.0141333866, 0.380543728, -0.0199600048, 0.890103898, -0.455757666, 4.14871742e-005, 0.455757666, 0.890103898, -1.36688669e-005, -3.06982046e-005, 3.10748094e-005, 0.999999999, 0.890103918, -0.455757628, 2.37443253e-005, 0.455757628, 0.890103918, -8.10282148e-006, -1.74419943e-005, 1.80340105e-005, 1, 0, 0, 0, 0, 0, 0, 0, 0.272998535, -0.034387793, -0.181488208, -0.210379292, 0.723165938, -0.657753581, -0.760742187, 0.301391602, 0.574707031, 0.613955714, 0.621328144, 0.486942153, 0, 0, -0, 0, 0, 0, 0, 0.326401416, 0.000464746093, -0.138929834, -0.0372240574, 0.683651098, -0.728758978, 0.36730957, -0.668823242, -0.646240234, -0.929269696, -0.291709281, -0.226219018, 0, 2, 5, 1, 
404.176704, 55, 0.1, 0.1, -0.0141333811, 0.38054372, -0.0199580568, 0.890103802, -0.455757852, -3.99630703e-005, 0.455757853, 0.890103803, 1.18827246e-005, 3.01556358e-005, -2.87903415e-005, 0.999999999, 0.890103821, -0.455757816, -4.12547669e-005, 0.455757816, 0.890103821, 1.3359481e-005, 3.06323378e-005, -3.06935076e-005, 0.999999999, 0, 0, 0, 0, 0, 0, 0, 0.272998535, -0.034387793, -0.181488208, -0.210379292, 0.723165938, -0.657753581, -0.760742187, 0.301391602, 0.574707031, 0.613955714, 0.621328144, 0.486942153, 0, 0, -0, 0, 0, 0, 0, 0.326401416, 0.000464746093, -0.138929834, -0.0372240574, 0.683651098, -0.728758978, 0.36730957, -0.668823242, -0.646240234, -0.929269696, -0.291709281, -0.226219018, 0, 2, 5, 1, 
404.17748, 55, 0.1, 0.1, -0.0141333823, 0.380543715, -0.0199588389, 0.890103711, -0.455758031, 1.98545731e-005, 0.455758031, 0.890103711, -5.3527565e-006, -1.52330675e-005, 1.38133896e-005, 1, 0.890103729, -0.455757995, 4.00305125e-005, 0.455757996, 0.89010373, -1.32935926e-005, -2.95726474e-005, 3.00769025e-005, 0.999999999, 0, 0, 0, 0, 0, 0, 0, 0.272998535, -0.034387793, -0.181488208, -0.210379292, 0.723165938, -0.657753581, -0.760742187, 0.301391602, 0.574707031, 0.613955714, 0.621328144, 0.486942153, 0, 0, -0, 0, 0, 0, 0, 0.326401416, 0.000464746093, -0.138929834, -0.0372240574, 0.683651098, -0.728758978, 0.36730957, -0.668823242, -0.646240234, -0.929269696, -0.291709281, -0.226219018, 0, 2, 5, 1, 
404.178258, 55, 0.1, 0.1, -0.0141333748, 0.380543705, -0.0199619236, 0.890103622, -0.455758205, 1.80733474e-005, 0.455758205, 0.890103622, -4.43564206e-006, -1.40655718e-005, 1.21852575e-005, 1, 0.89010364, -0.45575817, -1.80785788e-005, 0.45575817, 0.89010364, 8.09158545e-006, 1.24040026e-005, -1.54418097e-005, 1, 0, 0, 0, 0, 0, 0, 0, 0.272998535, -0.034387793, -0.181488208, -0.210379292, 0.723165938, -0.657753581, -0.760742187, 0.301391602, 0.574707031, 0.613955714, 0.621328144, 0.486942153, 0, 0, -0, 0, 0, 0, 0, 0.326401416, 0.000464746093, -0.138929834, -0.0372240574, 0.683651098, -0.728758978, 0.36730957, -0.668823242, -0.646240234, -0.929269696, -0.291709281, -0.226219018, 0, 2, 5, 1, 
404.179064, 55, 0.1, 0.1, -0.0141333737, 0.380543699, -0.0199658394, 0.890103548, -0.455758349, -3.09763608e-005, 0.45575835, 0.890103548, 6.67704823e-006, 2.45290482e-005, -2.00609994e-005, 0.999999999, 0.890103561, -0.455758324, -1.48990721e-005, 0.455758325, 0.890103561, 1.77778367e-006, 1.24514774e-005, -8.3727877e-006, 1, 0, 0, 0, 0, 0, 0, 0, 0.274745752, -0.0376730957, -0.180271191, -0.215286608, 0.719709919, -0.6600013, -0.762329102, 0.298461914, 0.57421875, 0.610283647, 0.626819202, 0.484455543, 0, 0, -0, 0, 0, 0, 0, 0.32801377, -0.00306787109, -0.137592236, -0.0403290931, 0.679356466, -0.732579663, 0.370849609, -0.670532227, -0.642333984, -0.927754908, -0.297561344, -0.224902191, 0, 2, 5, 1, 
404.179842, 55, 0.1, 0.1, -0.0141333718, 0.380543693, -0.0199693501, 0.890103489, -0.455758464, 3.00418948e-005, 0.455758465, 0.890103489, -8.59427178e-006, -2.28234833e-005, 2.13416391e-005, 1, 0.890103501, -0.455758441, 3.03568864e-005, 0.455758441, 0.890103501, -1.01992849e-005, -2.23723607e-005, 2.29138265e-005, 0.999999999, 0, 0, 0, 0, 0, 0, 0, 0.274745752, -0.0376730957, -0.180271191, -0.215286608, 0.719709919, -0.6600013, -0.762329102, 0.298461914, 0.57421875, 0.610283647, 0.626819202, 0.484455543, 0, 0, -0, 0, 0, 0, 0, 0.32801377, -0.00306787109, -0.137592236, -0.0403290931, 0.679356466, -0.732579663, 0.370849609, -0.670532227, -0.642333984, -0.927754908, -0.297561344, -0.224902191, 0, 2, 5, 1, 
404.18062, 55, 0.1, 0.1, -0.0141333658, 0.380543685, -0.0199715199, 0.890103429, -0.455758583, -1.19506768e-005, 0.455758583, 0.890103429, 6.46235263e-006, 7.69206569e-006, -1.11987857e-005, 1, 0.890103441, -0.455758559, -2.58448815e-005, 0.455758559, 0.890103441, 1.14528195e-005, 1.77848975e-005, -2.197322e-005, 1, 0, 0, 0, 0, 0, 0, 0, 0.274745752, -0.0376730957, -0.180271191, -0.215286608, 0.719709919, -0.6600013, -0.762329102, 0.298461914, 0.57421875, 0.610283647, 0.626819202, 0.484455543, 0, 0, -0, 0, 0, 0, 0, 0.32801377, -0.00306787109, -0.137592236, -0.0403290931, 0.679356466, -0.732579663, 0.370849609, -0.670532227, -0.642333984, -0.927754908, -0.297561344, -0.224902191, 0, 2, 5, 1, 
404.18142, 55, 0.1, 0.1, -0.0141333651, 0.380543678, -0.0199716049, 0.890103377, -0.455758685, -1.8392806e-005, 0.455758685, 0.890103377, 4.08690922e-006, 1.45088544e-005, -1.20204528e-005, 1, 0.890103385, -0.455758668, 9.11585023e-006, 0.455758668, 0.890103385, -4.17064673e-006, -6.21324075e-006, 7.86693453e-006, 1, 0, 0, 0, 0, 0, 0, 0, 0.274745752, -0.0376730957, -0.180271191, -0.215286608, 0.719709919, -0.6600013, -0.762329102, 0.298461914, 0.57421875, 0.610283647, 0.626819202, 0.484455543, 0, 0, -0, 0, 0, 0, 0, 0.328951855, -0.0064972168, -0.137639844, -0.0465012516, 0.676307933, -0.734974879, 0.37097168, -0.671508789, -0.641357422, -0.927421686, -0.302423238, -0.219630516, 0, 2, 5, 1, 
404.182249, 55, 0.1, 0.1, -0.0141333609, 0.380543671, -0.0199693839, 0.890103336, -0.455758763, 3.26073251e-005, 0.455758764, 0.890103336, -9.62032748e-006, -2.46393403e-005, 2.34241597e-005, 0.999999999, 0.890103346, -0.455758745, 1.4940591e-005, 0.455758745, 0.890103346, -5.25178198e-006, -1.09051244e-005, 1.14839337e-005, 1, 0, 0, 0, 0, 0, 0, 0, 0.274745752, -0.0376730957, -0.180271191, -0.215286608, 0.719709919, -0.6600013, -0.762329102, 0.298461914, 0.57421875, 0.610283647, 0.626819202, 0.484455543, 0, 0, -0, 0, 0, 0, 0, 0.328951855, -0.0064972168, -0.137639844, -0.0465012516, 0.676307933, -0.734974879, 0.37097168, -0.671508789, -0.641357422, -0.927421686, -0.302423238, -0.219630516, 0, 2, 5, 1, 
