time, trialNum, realDorsalTactorPos, realVentralTactorPos, box1PosX, box1PosY, box1PosZ, box1LocalRot_11, box1LocalRot_12, box1LocalRot_13, box1LocalRot_21, box1LocalRot_22, box1LocalRot_23, box1LocalRot_31, box1LocalRot_32, box1LocalRot_33, box1GlobalRot_11, box1GlobalRot_12, box1GlobalRot_13, box1GlobalRot_21, box1GlobalRot_22, box1GlobalRot_23, box1GlobalRot_31, box1GlobalRot_32, box1GlobalRot_33, indexForceX, indexForceY, indexForceZ, indexForceGlobalX, indexForceGlobalY, indexForceGlobalZ, indexContact, indexPosX, indexPosY, indexPosZ, indexRot_11, indexRot_12, indexRot_13, indexRot_21, indexRot_22, indexRot_23, indexRot_31, indexRot_32, indexRot_33, thumbForceX, thumbForceY, thumbForceZ, thumbForceGlobalX, thumbForceGlobalY, thumbForceGlobalZ, thumbContact, thumbPosX, thumbPosY, thumbPosZ, thumbRot_11, thumbRot_12, thumbRot_13, thumbRot_21, thumbRot_22, thumbRot_23, thumbRot_31, thumbRot_32, thumbRot_33, manipForceTooHigh, cceExpType, mapping, trialSuccess, 
455.603973, 62, 0.1, 0.1, -0.0154108486, 0.376204368, -0.0199630908, 0.922568121, -0.385834241, -2.46352726e-007, 0.38583424, 0.922568121, -2.0415911e-005, 8.1044347e-006, 1.87400174e-005, 1, 0.922568195, -0.385834064, -1.59065196e-005, 0.385834063, 0.922568195, -4.36163535e-005, 3.1503524e-005, 3.41017835e-005, 0.999999999, 0, 0, 0, 0, 0, 0, 0, 0.206124194, -0.0616776367, -0.292173486, 0.0337058499, 0.633640458, -0.772881678, -0.931518555, 0.299926758, 0.205322266, 0.361853155, 0.713123322, 0.600466034, 0, 0, -0, 0, 0, 0, 0, 0.269105273, -0.0289701172, -0.241238818, 0.21581662, 0.399078489, -0.891069721, 0.393066406, -0.870849609, -0.294799805, -0.893713831, -0.286514652, -0.344909529, 0, 2, 5, 1, 
455.637122, 62, 0.1, 0.1, -0.0154108301, 0.376204398, -0.0199664695, 0.922529331, -0.38592698, 2.59819231e-005, 0.38592698, 0.92252933, -2.58304958e-005, -1.40004009e-005, 3.38565151e-005, 0.999999999, 0.922529319, -0.385927005, 4.41293794e-005, 0.385927006, 0.92252932, -1.69782989e-005, -3.41582623e-005, 3.26936978e-005, 0.999999999, 0, 0, 0, 0, 0, 0, 0, 0.211338086, -0.0676509277, -0.289926611, 0.0304097115, 0.644036969, -0.764266729, -0.928466797, 0.301269531, 0.216918945, 0.36991432, 0.703072425, 0.607258628, 0, 0, -0, 0, 0, 0, 0, 0.275954639, -0.0364523926, -0.240299365, 0.218531931, 0.390069618, -0.894334438, 0.388671875, -0.875488281, -0.286865234, -0.895024096, -0.284883926, -0.343043296, 0, 2, 5, 1, 
455.637964, 62, 0.1, 0.1, -0.0154108234, 0.376204402, -0.0199636895, 0.922529524, -0.385926517, -1.36683577e-006, 0.385926517, 0.922529524, -7.23656688e-006, 4.0537294e-006, 6.14844844e-006, 1, 0.922529473, -0.385926639, -3.16524116e-005, 0.385926639, 0.922529473, -1.55275735e-006, 2.9799533e-005, -1.07830444e-005, 0.999999999, 0, 0, 0, 0, 0, 0, 0, 0.211338086, -0.0676509277, -0.289926611, 0.0308215885, 0.644760374, -0.763714066, -0.928955078, 0.300170898, 0.216064453, 0.368613165, 0.702957849, 0.608407014, 0, 0, -0, 0, 0, 0, 0, 0.275954639, -0.0364523926, -0.240299365, 0.218531931, 0.390069618, -0.894334438, 0.388671875, -0.875488281, -0.286865234, -0.895024096, -0.284883926, -0.343043296, 0, 2, 5, 1, 
455.638764, 62, 0.1, 0.1, -0.0154108311, 0.3762044, -0.0199612166, 0.92252962, -0.385926289, 2.19299356e-005, 0.385926289, 0.92252962, -2.62623117e-006, -1.92174835e-005, 1.08861147e-005, 1, 0.922529594, -0.385926349, 4.49372405e-005, 0.385926349, 0.922529595, 7.29728558e-006, -4.4272149e-005, 1.06105032e-005, 0.999999999, 0, 0, 0, 0, 0, 0, 0, 0.212471387, -0.0682840332, -0.289894873, 0.0308215885, 0.644760374, -0.763714066, -0.928955078, 0.300170898, 0.216064453, 0.368613165, 0.702957849, 0.608407014, 0, 0, -0, 0, 0, 0, 0, 0.276748877, -0.0374530273, -0.239896338, 0.220352955, 0.388306197, -0.894743485, 0.388183594, -0.876342773, -0.284790039, -0.894832699, -0.284455555, -0.343822744, 0, 2, 5, 1, 
455.639557, 62, 0.1, 0.1, -0.0154108231, 0.376204405, -0.0199604268, 0.922529716, -0.38592606, -1.78547846e-005, 0.38592606, 0.922529716, -4.38804659e-006, 1.81650309e-005, -2.84252329e-006, 1, 0.922529708, -0.385926077, -3.31741545e-005, 0.385926077, 0.922529708, -2.57685483e-005, 4.05488979e-005, 1.09694801e-005, 0.999999999, 0, 0, 0, 0, 0, 0, 0, 0.212471387, -0.0682840332, -0.289894873, 0.0308215885, 0.644760374, -0.763714066, -0.928955078, 0.300170898, 0.216064453, 0.368613165, 0.702957849, 0.608407014, 0, 0, -0, 0, 0, 0, 0, 0.276748877, -0.0374530273, -0.239896338, 0.220352955, 0.388306197, -0.894743485, 0.388183594, -0.876342773, -0.284790039, -0.894832699, -0.284455555, -0.343822744, 0, 2, 5, 1, 
455.640379, 62, 0.1, 0.1, -0.0154108284, 0.376204404, -0.0199612083, 0.922529867, -0.385925699, 6.71983871e-006, 0.385925699, 0.922529867, 5.35427398e-006, -8.26560384e-006, -2.34611921e-006, 1, 0.922529845, -0.385925749, 2.94083434e-005, 0.385925749, 0.922529846, 1.54363753e-005, -3.30873692e-005, -2.89107994e-006, 0.999999999, 0, 0, 0, 0, 0, 0, 0, 0.212471387, -0.0682840332, -0.289894873, 0.0308215885, 0.644760374, -0.763714066, -0.928955078, 0.300170898, 0.216064453, 0.368613165, 0.702957849, 0.608407014, 0, 0, -0, 0, 0, 0, 0, 0.276748877, -0.0374530273, -0.239896338, 0.220352955, 0.388306197, -0.894743485, 0.388183594, -0.876342773, -0.284790039, -0.894832699, -0.284455555, -0.343822744, 0, 2, 5, 1, 
455.641164, 62, 0.1, 0.1, -0.0154108182, 0.376204407, -0.019963137, 0.922529993, -0.385925396, -3.56082863e-005, 0.385925397, 0.922529993, 2.19466249e-005, 2.43799522e-005, -3.39885617e-005, 0.999999999, 0.922529949, -0.3859255, -5.19071505e-005, 0.385925501, 0.92252995, 3.91426294e-006, 4.6375287e-005, -2.36433178e-005, 0.999999999, 0, 0, 0, 0, 0, 0, 0, 0.212471387, -0.0682840332, -0.289894873, 0.0308215885, 0.644760374, -0.763714066, -0.928955078, 0.300170898, 0.216064453, 0.368613165, 0.702957849, 0.608407014, 0, 0, -0, 0, 0, 0, 0, 0.276748877, -0.0374530273, -0.239896338, 0.220352955, 0.388306197, -0.894743485, 0.388183594, -0.876342773, -0.284790039, -0.894832699, -0.284455555, -0.343822744, 0, 2, 5, 1, 
455.641951, 62, 0.1, 0.1, -0.0154108222, 0.376204407, -0.0199657932, 0.922530386, -0.385924457, 2.00022419e-005, 0.385924457, 0.922530386, -2.42707873e-005, -9.08598556e-006, 3.01098931e-005, 1, 0.922530291, -0.385924684, 3.69207666e-005, 0.385924685, 0.922530291, -1.5123443e-005, -2.82240156e-005, 2.82004695e-005, 0.999999999, 0, 0, 0, 0, 0, 0, 0, 0.212471387, -0.0682840332, -0.289894873, 0.0308215885, 0.644760374, -0.763714066, -0.928955078, 0.300170898, 0.216064453, 0.368613165, 0.702957849, 0.608407014, 0, 0, -0, 0, 0, 0, 0, 0.276748877, -0.0374530273, -0.239896338, 0.220352955, 0.388306197, -0.894743485, 0.388183594, -0.876342773, -0.284790039, -0.894832699, -0.284455555, -0.343822744, 0, 2, 5, 1, 
455.642798, 62, 0.1, 0.1, -0.0154108149, 0.376204411, -0.0199680442, 0.922530994, -0.385923005, -6.31338879e-006, 0.385923005, 0.922530994, -7.92474495e-006, 8.88263822e-006, 4.87434087e-006, 1, 0.922530862, -0.385923318, -3.26627807e-005, 0.385923318, 0.922530863, -3.19598457e-006, 3.13658282e-005, -9.65693433e-006, 0.999999999, 0, 0, 0, 0, 0, 0, 0, 0.21361897, -0.0686904785, -0.289631104, 0.0315378799, 0.645566154, -0.763002645, -0.9296875, 0.299194336, 0.21472168, 0.366893021, 0.702583042, 0.609777439, 0, 0, -0, 0, 0, 0, 0, 0.276748877, -0.0374530273, -0.239896338, 0.222391262, 0.38690698, -0.89484593, 0.387817383, -0.877197266, -0.282836914, -0.894372978, -0.283988905, -0.345183682, 0, 2, 5, 1, 
455.643586, 62, 0.1, 0.1, -0.0154108207, 0.37620441, -0.0199686892, 0.922531439, -0.385921941, 2.03825332e-005, 0.385921941, 0.922531439, -2.43099556e-006, -1.78653532e-005, 1.01087366e-005, 1, 0.922531347, -0.385922158, 3.73214812e-005, 0.385922158, 0.922531348, 5.3141561e-006, -3.64810869e-005, 9.50071099e-006, 0.999999999, 0, 0, 0, 0, 0, 0, 0, 0.21361897, -0.0686904785, -0.289631104, 0.0315378799, 0.645566154, -0.763002645, -0.9296875, 0.299194336, 0.21472168, 0.366893021, 0.702583042, 0.609777439, 0, 0, -0, 0, 0, 0, 0, 0.277786377, -0.0382055176, -0.239262012, 0.222391262, 0.38690698, -0.89484593, 0.387817383, -0.877197266, -0.282836914, -0.894372978, -0.283988905, -0.345183682, 0, 2, 5, 1, 
455.64437, 62, 0.1, 0.1, -0.0154108151, 0.376204412, -0.0199683293, 0.922531893, -0.385920856, -4.73114201e-006, 0.385920856, 0.922531893, -5.95213747e-006, 6.66168338e-006, 3.66519028e-006, 1, 0.922531802, -0.385921071, -2.64437038e-005, 0.385921071, 0.922531803, -1.98544731e-006, 2.51613837e-005, -8.37354421e-006, 1, 0, 0, 0, 0, 0, 0, 0, 0.21361897, -0.0686904785, -0.289631104, 0.0315378799, 0.645566154, -0.763002645, -0.9296875, 0.299194336, 0.21472168, 0.366893021, 0.702583042, 0.609777439, 0, 0, -0, 0, 0, 0, 0, 0.277786377, -0.0382055176, -0.239262012, 0.222391262, 0.38690698, -0.89484593, 0.387817383, -0.877197266, -0.282836914, -0.894372978, -0.283988905, -0.345183682, 0, 2, 5, 1, 
455.645188, 62, 0.1, 0.1, -0.0154108205, 0.376204411, -0.0199668997, 0.922532238, -0.38592003, 1.29151025e-005, 0.38592003, 0.922532238, -2.64918717e-006, -1.0892224e-005, 7.42815732e-006, 1, 0.922532165, -0.385920204, 3.29589708e-005, 0.385920204, 0.922532165, 5.81836583e-006, -3.26511356e-005, 7.35190311e-006, 0.999999999, 0, 0, 0, 0, 0, 0, 0, 0.21361897, -0.0686904785, -0.289631104, 0.0315378799, 0.645566154, -0.763002645, -0.9296875, 0.299194336, 0.21472168, 0.366893021, 0.702583042, 0.609777439, 0, 0, -0, 0, 0, 0, 0, 0.277786377, -0.0382055176, -0.239262012, 0.222391262, 0.38690698, -0.89484593, 0.387817383, -0.877197266, -0.282836914, -0.894372978, -0.283988905, -0.345183682, 0, 2, 5, 1, 
455.646, 62, 0.1, 0.1, -0.0154108127, 0.376204415, -0.0199647306, 0.922532547, -0.385919291, -1.50534748e-005, 0.385919291, 0.922532547, -2.10947976e-006, 1.47014093e-005, -3.86336256e-006, 1, 0.9225325, -0.385919402, -2.97077026e-005, 0.385919401, 0.922532501, -2.19137612e-005, 3.58632668e-005, 8.75137809e-006, 0.999999999, 0, 0, 0, 0, 0, 0, 0, 0.21361897, -0.0686904785, -0.289631104, 0.0315378799, 0.645566154, -0.763002645, -0.9296875, 0.299194336, 0.21472168, 0.366893021, 0.702583042, 0.609777439, 0, 0, -0, 0, 0, 0, 0, 0.277786377, -0.0382055176, -0.239262012, 0.222391262, 0.38690698, -0.89484593, 0.387817383, -0.877197266, -0.282836914, -0.894372978, -0.283988905, -0.345183682, 0, 2, 5, 1, 
455.646788, 62, 0.1, 0.1, -0.0154108176, 0.376204414, -0.019962956, 0.922532865, -0.385918531, 7.32176696e-006, 0.385918531, 0.922532865, 7.16400628e-006, -9.51929343e-006, -3.7834257e-006, 1, 0.922532812, -0.385918658, 2.79570458e-005, 0.385918658, 0.922532812, 1.63064304e-005, -3.20842478e-005, -4.25407147e-006, 0.999999999, 0, 0, 0, 0, 0, 0, 0, 0.21361897, -0.0686904785, -0.289631104, 0.0315378799, 0.645566154, -0.763002645, -0.9296875, 0.299194336, 0.21472168, 0.366893021, 0.702583042, 0.609777439, 0, 0, -0, 0, 0, 0, 0, 0.277786377, -0.0382055176, -0.239262012, 0.222391262, 0.38690698, -0.89484593, 0.387817383, -0.877197266, -0.282836914, -0.894372978, -0.283988905, -0.345183682, 0, 2, 5, 1, 
455.647635, 62, 0.1, 0.1, -0.0154108092, 0.376204419, -0.019961821, 0.922533158, -0.385917831, -7.02691787e-006, 0.38591783, 0.922533158, -1.74151772e-005, 1.32033922e-005, 1.33542656e-005, 1, 0.922533088, -0.385917996, -3.69456005e-005, 0.385917996, 0.922533089, -1.30283912e-005, 3.91114296e-005, -2.23885015e-006, 0.999999999, 0, 0, 0, 0, 0, 0, 0, 0.214526343, -0.0690847168, -0.289137988, 0.031911565, 0.646613069, -0.762170655, -0.930175781, 0.297973633, 0.213867188, 0.365350732, 0.702170043, 0.611128768, 0, 0, -0, 0, 0, 0, 0, 0.277786377, -0.0382055176, -0.239262012, 0.222148459, 0.385986806, -0.895261175, 0.387939453, -0.877319336, -0.281982422, -0.894398498, -0.28457659, -0.344736355, 0, 2, 5, 1, 
455.648421, 62, 0.1, 0.1, -0.0154108157, 0.376204419, -0.0199615993, 0.922533336, -0.385917406, 1.79388507e-005, 0.385917406, 0.922533336, -5.23564574e-006, -1.45286609e-005, 1.17529725e-005, 1, 0.922533295, -0.385917501, 3.9670475e-005, 0.385917501, 0.922533296, 3.00065872e-006, -3.77553408e-005, 1.2541323e-005, 0.999999999, 0, 0, 0, 0, 0, 0, 0, 0.214526343, -0.0690847168, -0.289137988, 0.031911565, 0.646613069, -0.762170655, -0.930175781, 0.297973633, 0.213867188, 0.365350732, 0.702170043, 0.611128768, 0, 0, -0, 0, 0, 0, 0, 0.27821626, -0.0389484863, -0.239280078, 0.222148459, 0.385986806, -0.895261175, 0.387939453, -0.877319336, -0.281982422, -0.894398498, -0.28457659, -0.344736355, 0, 2, 5, 1, 
455.649207, 62, 0.1, 0.1, -0.0154108076, 0.376204423, -0.0199627671, 0.922533502, -0.385917009, -1.97861804e-005, 0.385917009, 0.922533502, -1.3663113e-006, 1.8780697e-005, -6.37535559e-006, 1, 0.92253348, -0.385917061, -3.43911665e-005, 0.38591706, 0.92253348, -2.23853221e-005, 4.03658802e-005, 7.37907123e-006, 0.999999999, 0, 0, 0, 0, 0, 0, 0, 0.214526343, -0.0690847168, -0.289137988, 0.031911565, 0.646613069, -0.762170655, -0.930175781, 0.297973633, 0.213867188, 0.365350732, 0.702170043, 0.611128768, 0, 0, -0, 0, 0, 0, 0, 0.27821626, -0.0389484863, -0.239280078, 0.222148459, 0.385986806, -0.895261175, 0.387939453, -0.877319336, -0.281982422, -0.894398498, -0.28457659, -0.344736355, 0, 2, 5, 1, 
455.650026, 62, 0.1, 0.1, -0.0154108122, 0.37620442, -0.0199646811, 0.922533714, -0.385916501, 6.7999281e-006, 0.385916501, 0.922533714, 1.34343197e-005, -1.14576886e-005, -9.7694084e-006, 1, 0.922533682, -0.385916577, 2.60560612e-005, 0.385916577, 0.922533682, 2.14233811e-005, -3.2305232e-005, -9.7083247e-006, 0.999999999, 0, 0, 0, 0, 0, 0, 0, 0.214526343, -0.0690847168, -0.289137988, 0.031911565, 0.646613069, -0.762170655, -0.930175781, 0.297973633, 0.213867188, 0.365350732, 0.702170043, 0.611128768, 0, 0, -0, 0, 0, 0, 0, 0.27821626, -0.0389484863, -0.239280078, 0.222148459, 0.385986806, -0.895261175, 0.387939453, -0.877319336, -0.281982422, -0.894398498, -0.28457659, -0.344736355, 0, 2, 5, 1, 
455.650815, 62, 0.1, 0.1, -0.0154108046, 0.376204424, -0.0199665062, 0.922533878, -0.385916109, -1.31339461e-005, 0.385916109, 0.922533878, -9.57353496e-006, 1.58110915e-005, 3.76330898e-006, 1, 0.922533837, -0.385916205, -3.64541631e-005, 0.385916206, 0.922533838, -6.25732941e-006, 3.60450038e-005, -8.29565417e-006, 0.999999999, 0, 0, 0, 0, 0, 0, 0, 0.214526343, -0.0690847168, -0.289137988, 0.031911565, 0.646613069, -0.762170655, -0.930175781, 0.297973633, 0.213867188, 0.365350732, 0.702170043, 0.611128768, 0, 0, -0, 0, 0, 0, 0, 0.27821626, -0.0389484863, -0.239280078, 0.222148459, 0.385986806, -0.895261175, 0.387939453, -0.877319336, -0.281982422, -0.894398498, -0.28457659, -0.344736355, 0, 2, 5, 1, 
455.651601, 62, 0.1, 0.1, -0.0154108089, 0.376204422, -0.0199679419, 0.92253397, -0.385915889, 1.2658386e-005, 0.385915889, 0.92253397, 1.30718012e-006, -1.21822527e-005, 3.67915423e-006, 1, 0.922533946, -0.385915945, 3.00095909e-005, 0.385915945, 0.922533947, 8.26260808e-006, -3.08735386e-005, 3.9586432e-006, 1, 0, 0, 0, 0, 0, 0, 0, 0.214526343, -0.0690847168, -0.289137988, 0.031911565, 0.646613069, -0.762170655, -0.930175781, 0.297973633, 0.213867188, 0.365350732, 0.702170043, 0.611128768, 0, 0, -0, 0, 0, 0, 0, 0.27821626, -0.0389484863, -0.239280078, 0.222148459, 0.385986806, -0.895261175, 0.387939453, -0.877319336, -0.281982422, -0.894398498, -0.28457659, -0.344736355, 0, 2, 5, 1, 
455.652448, 62, 0.1, 0.1, -0.015410802, 0.376204425, -0.0199681765, 0.922534062, -0.38591567, -1.06606488e-005, 0.385915671, 0.922534062, 6.57704658e-006, 7.29662629e-006, -1.01816609e-005, 1, 0.922534054, -0.38591569, -2.52637462e-005, 0.385915689, 0.922534054, -1.34189838e-005, 2.84852626e-005, 2.62979345e-006, 1, 0, 0, 0, 0, 0, 0, 0, 0.214738599, -0.0699599854, -0.289118335, 0.0316202553, 0.646999858, -0.761789857, -0.9296875, 0.298706055, 0.21496582, 0.36663279, 0.701490822, 0.611192047, 0, 0, -0, 0, 0, 0, 0, 0.27821626, -0.0389484863, -0.239280078, 0.222218822, 0.3857502, -0.895344297, 0.389160156, -0.877075195, -0.28137207, -0.893900132, -0.285828886, -0.345113319, 0, 2, 5, 1, 
455.653234, 62, 0.1, 0.1, -0.0154108069, 0.376204422, -0.0199670831, 0.922534186, -0.385915375, 8.56368923e-006, 0.385915374, 0.922534186, 1.32182976e-005, -1.30014403e-005, -8.88947205e-006, 1, 0.922534167, -0.385915417, 2.72620385e-005, 0.385915417, 0.922534168, 2.18144666e-005, -3.3568701e-005, -9.60374985e-006, 0.999999999, 0, 0, 0, 0, 0, 0, 0, 0.214738599, -0.0699599854, -0.289118335, 0.0316202553, 0.646999858, -0.761789857, -0.9296875, 0.298706055, 0.21496582, 0.36663279, 0.701490822, 0.611192047, 0, 0, -0, 0, 0, 0, 0, 0.278901123, -0.0392137207, -0.239070264, 0.222218822, 0.3857502, -0.895344297, 0.389160156, -0.877075195, -0.28137207, -0.893900132, -0.285828886, -0.345113319, 0, 2, 5, 1, 
455.654021, 62, 0.1, 0.1, -0.0154108, 0.376204425, -0.0199656327, 0.922534285, -0.385915136, -9.76497238e-006, 0.385915136, 0.922534285, -1.17601954e-005, 1.35469592e-005, 7.08073282e-006, 1, 0.922534257, -0.385915202, -3.34715597e-005, 0.385915201, 0.922534258, -7.78718344e-006, 3.38838529e-005, -5.7332402e-006, 0.999999999, 0, 0, 0, 0, 0, 0, 0, 0.214738599, -0.0699599854, -0.289118335, 0.0316202553, 0.646999858, -0.761789857, -0.9296875, 0.298706055, 0.21496582, 0.36663279, 0.701490822, 0.611192047, 0, 0, -0, 0, 0, 0, 0, 0.278901123, -0.0392137207, -0.239070264, 0.222218822, 0.3857502, -0.895344297, 0.389160156, -0.877075195, -0.28137207, -0.893900132, -0.285828886, -0.345113319, 0, 2, 5, 1, 
455.654855, 62, 0.1, 0.1, -0.0154108051, 0.376204425, -0.0199640354, 0.922534321, -0.385915052, 8.89558335e-006, 0.385915052, 0.922534321, -7.74909161e-006, -5.21598985e-006, 1.05817425e-005, 1, 0.922534304, -0.385915089, 3.1755328e-005, 0.385915089, 0.922534305, 1.45694257e-006, -2.98576355e-005, 1.09107807e-005, 0.999999999, 0, 0, 0, 0, 0, 0, 0, 0.214738599, -0.0699599854, -0.289118335, 0.0306497245, 0.647888014, -0.761129732, -0.929443359, 0.298461914, 0.216674805, 0.367528059, 0.700855784, 0.61145827, 0, 0, -0, 0, 0, 0, 0, 0.278901123, -0.0392137207, -0.239070264, 0.222218822, 0.3857502, -0.895344297, 0.389160156, -0.877075195, -0.28137207, -0.893900132, -0.285828886, -0.345113319, 0, 2, 5, 1, 
455.655656, 62, 0.1, 0.1, -0.0154107954, 0.376204429, -0.0199624818, 0.922534374, -0.385914924, -2.23332175e-005, 0.385914924, 0.922534374, -5.96995518e-007, 2.08335503e-005, -8.06797307e-006, 1, 0.922534374, -0.385914923, -3.90188666e-005, 0.385914922, 0.922534375, -2.25294759e-005, 4.46907067e-005, 5.72625308e-006, 0.999999999, 0, 0, 0, 0, 0, 0, 0, 0.214691724, -0.0701397705, -0.289083789, 0.0306497245, 0.647888014, -0.761129732, -0.929443359, 0.298461914, 0.216674805, 0.367528059, 0.700855784, 0.61145827, 0, 0, -0, 0, 0, 0, 0, 0.27938252, -0.0401914063, -0.238871924, 0.222691668, 0.384548944, -0.895708501, 0.389160156, -0.877441406, -0.280029297, -0.893727691, -0.286077886, -0.345151599, 0, 2, 5, 1, 
455.656436, 62, 0.1, 0.1, -0.0154108002, 0.376204427, -0.0199622459, 0.922534478, -0.385914675, 9.66341897e-006, 0.385914674, 0.922534478, 1.41078354e-005, -1.43592579e-005, -9.28570936e-006, 1, 0.922534465, -0.385914705, 2.90187484e-005, 0.385914705, 0.922534466, 2.24188236e-005, -3.54225493e-005, -9.48337575e-006, 0.999999999, 0, 0, 0, 0, 0, 0, 0, 0.214691724, -0.0701397705, -0.289083789, 0.0306497245, 0.647888014, -0.761129732, -0.929443359, 0.298461914, 0.216674805, 0.367528059, 0.700855784, 0.61145827, 0, 0, -0, 0, 0, 0, 0, 0.27938252, -0.0401914063, -0.238871924, 0.222691668, 0.384548944, -0.895708501, 0.389160156, -0.877441406, -0.280029297, -0.893727691, -0.286077886, -0.345151599, 0, 2, 5, 1, 
455.657254, 62, 0.1, 0.1, -0.0154107933, 0.37620443, -0.019963102, 0.922534564, -0.38591447, -4.71831284e-006, 0.38591447, 0.922534564, -9.9102518e-006, 8.17731625e-006, 7.32168462e-006, 1, 0.922534535, -0.385914537, -3.30556364e-005, 0.385914537, 0.922534536, -6.04624877e-006, 3.28283014e-005, -7.17877731e-006, 0.999999999, 0, 0, 0, 0, 0, 0, 0, 0.214691724, -0.0701397705, -0.289083789, 0.0306497245, 0.647888014, -0.761129732, -0.929443359, 0.298461914, 0.216674805, 0.367528059, 0.700855784, 0.61145827, 0, 0, -0, 0, 0, 0, 0, 0.27938252, -0.0401914063, -0.238871924, 0.222691668, 0.384548944, -0.895708501, 0.389160156, -0.877441406, -0.280029297, -0.893727691, -0.286077886, -0.345151599, 0, 2, 5, 1, 
455.658045, 62, 0.1, 0.1, -0.0154108007, 0.376204428, -0.0199644057, 0.922534578, -0.385914437, 2.35276614e-005, 0.385914437, 0.922534578, 2.13108872e-006, -2.2527499e-005, 7.11366115e-006, 1, 0.922534568, -0.385914459, 4.34151145e-005, 0.385914458, 0.922534569, 1.00590753e-005, -4.39338865e-005, 7.47467575e-006, 0.999999999, 0, 0, 0, 0, 0, 0, 0, 0.214691724, -0.0701397705, -0.289083789, 0.0306497245, 0.647888014, -0.761129732, -0.929443359, 0.298461914, 0.216674805, 0.367528059, 0.700855784, 0.61145827, 0, 0, -0, 0, 0, 0, 0, 0.27938252, -0.0401914063, -0.238871924, 0.222691668, 0.384548944, -0.895708501, 0.389160156, -0.877441406, -0.280029297, -0.893727691, -0.286077886, -0.345151599, 0, 2, 5, 1, 
455.658827, 62, 0.1, 0.1, -0.015410795, 0.37620443, -0.0199660771, 0.922534602, -0.38591438, -1.16514376e-005, 0.38591438, 0.922534602, 3.17851571e-006, 9.52221942e-006, -7.42874804e-006, 1, 0.922534605, -0.38591437, -2.44834975e-005, 0.38591437, 0.922534606, -1.54300749e-005, 2.85415613e-005, 4.78624455e-006, 1, 0, 0, 0, 0, 0, 0, 0, 0.214691724, -0.0701397705, -0.289083789, 0.0306497245, 0.647888014, -0.761129732, -0.929443359, 0.298461914, 0.216674805, 0.367528059, 0.700855784, 0.61145827, 0, 0, -0, 0, 0, 0, 0, 0.27938252, -0.0401914063, -0.238871924, 0.222691668, 0.384548944, -0.895708501, 0.389160156, -0.877441406, -0.280029297, -0.893727691, -0.286077886, -0.345151599, 0, 2, 5, 1, 
455.659651, 62, 0.1, 0.1, -0.0154107997, 0.376204428, -0.0199674521, 0.922534676, -0.385914203, 4.52781905e-006, 0.385914203, 0.922534676, 1.0907346e-005, -8.38636981e-006, -8.3150552e-006, 1, 0.922534668, -0.385914221, 2.58848446e-005, 0.385914221, 0.922534668, 2.03455803e-005, -3.17313153e-005, -8.78017353e-006, 0.999999999, 0, 0, 0, 0, 0, 0, 0, 0.214691724, -0.0701397705, -0.289083789, 0.0296851851, 0.648573226, -0.760590174, -0.929443359, 0.297729492, 0.217773438, 0.367680827, 0.700500074, 0.611743588, 0, 0, -0, 0, 0, 0, 0, 0.27938252, -0.0401914063, -0.238871924, 0.222691668, 0.384548944, -0.895708501, 0.389160156, -0.877441406, -0.280029297, -0.893727691, -0.286077886, -0.345151599, 0, 2, 5, 1, 
455.660458, 62, 0.1, 0.1, -0.0154107914, 0.376204432, -0.0199674301, 0.922534722, -0.385914092, -1.65228978e-005, 0.385914092, 0.922534722, -1.47525623e-005, 2.09361686e-005, 7.23333183e-006, 1, 0.922534704, -0.385914133, -3.90870167e-005, 0.385914133, 0.922534705, -1.14236854e-005, 4.04676911e-005, -4.54548594e-006, 0.999999999, 0, 0, 0, 0, 0, 0, 0, 0.21508938, -0.0705523193, -0.289278589, 0.0296851851, 0.648573226, -0.760590174, -0.929443359, 0.297729492, 0.217773438, 0.367680827, 0.700500074, 0.611743588, 0, 0, -0, 0, 0, 0, 0, 0.279920312, -0.0411688477, -0.238458887, 0.224027086, 0.383162487, -0.896008907, 0.388549805, -0.878295898, -0.278320312, -0.893587333, -0.285732637, -0.345796886, 0, 2, 5, 1, 
455.661244, 62, 0.1, 0.1, -0.0154107951, 0.376204432, -0.0199668548, 0.92253471, -0.385914122, 9.21250698e-006, 0.385914122, 0.92253471, -4.89263624e-006, -6.61072003e-006, 8.06886329e-006, 1, 0.922534706, -0.38591413, 2.68224377e-005, 0.385914131, 0.922534706, 2.20717593e-006, -2.559641e-005, 8.31496131e-006, 1, 0, 0, 0, 0, 0, 0, 0, 0.21508938, -0.0705523193, -0.289278589, 0.0296851851, 0.648573226, -0.760590174, -0.929443359, 0.297729492, 0.217773438, 0.367680827, 0.700500074, 0.611743588, 0, 0, -0, 0, 0, 0, 0, 0.279920312, -0.0411688477, -0.238458887, 0.224027086, 0.383162487, -0.896008907, 0.388549805, -0.878295898, -0.278320312, -0.893587333, -0.285732637, -0.345796886, 0, 2, 5, 1, 
455.662055, 62, 0.1, 0.1, -0.0154107879, 0.376204435, -0.0199658213, 0.922534705, -0.385914132, -1.23138206e-005, 0.385914132, 0.922534706, 2.43051905e-006, 1.04219552e-005, -6.99431556e-006, 1, 0.922534716, -0.385914107, -2.80645883e-005, 0.385914106, 0.922534716, -1.84752398e-005, 3.30204126e-005, 6.21352957e-006, 0.999999999, 0, 0, 0, 0, 0, 0, 0, 0.21508938, -0.0705523193, -0.289278589, 0.0296851851, 0.648573226, -0.760590174, -0.929443359, 0.297729492, 0.217773438, 0.367680827, 0.700500074, 0.611743588, 0, 0, -0, 0, 0, 0, 0, 0.279920312, -0.0411688477, -0.238458887, 0.224027086, 0.383162487, -0.896008907, 0.388549805, -0.878295898, -0.278320312, -0.893587333, -0.285732637, -0.345796886, 0, 2, 5, 1, 
455.662857, 62, 0.1, 0.1, -0.0154107944, 0.376204432, -0.0199644384, 0.922534765, -0.385913989, 1.46368713e-005, 0.385913989, 0.922534765, 1.44718916e-005, -1.90879281e-005, -7.70224974e-006, 1, 0.92253476, -0.385914, 3.42386492e-005, 0.385914, 0.922534761, 2.29390448e-005, -4.04388426e-005, -7.9488921e-006, 0.999999999, 0, 0, 0, 0, 0, 0, 0, 0.21508938, -0.0705523193, -0.289278589, 0.0296851851, 0.648573226, -0.760590174, -0.929443359, 0.297729492, 0.217773438, 0.367680827, 0.700500074, 0.611743588, 0, 0, -0, 0, 0, 0, 0, 0.279920312, -0.0411688477, -0.238458887, 0.224027086, 0.383162487, -0.896008907, 0.388549805, -0.878295898, -0.278320312, -0.893587333, -0.285732637, -0.345796886, 0, 2, 5, 1, 
455.66364, 62, 0.1, 0.1, -0.0154107885, 0.376204435, -0.0199636423, 0.922534806, -0.385913891, -5.33543815e-006, 0.385913891, 0.922534806, -9.64588178e-006, 8.64460717e-006, 6.83964198e-006, 1, 0.922534788, -0.385913933, -3.03054657e-005, 0.385913933, 0.922534789, -5.80066139e-006, 3.01964024e-005, -6.3439895e-006, 1, 0, 0, 0, 0, 0, 0, 0, 0.21508938, -0.0705523193, -0.289278589, 0.0296851851, 0.648573226, -0.760590174, -0.929443359, 0.297729492, 0.217773438, 0.367680827, 0.700500074, 0.611743588, 0, 0, -0, 0, 0, 0, 0, 0.279920312, -0.0411688477, -0.238458887, 0.224027086, 0.383162487, -0.896008907, 0.388549805, -0.878295898, -0.278320312, -0.893587333, -0.285732637, -0.345796886, 0, 2, 5, 1, 
455.664437, 62, 0.1, 0.1, -0.0154107949, 0.376204434, -0.0199636106, 0.922534785, -0.385913941, 1.58515023e-005, 0.385913941, 0.922534785, -3.16689857e-007, -1.45013472e-005, 6.40947314e-006, 1, 0.922534781, -0.385913949, 3.80166331e-005, 0.385913948, 0.922534782, 8.44352482e-006, -3.83301403e-005, 6.88170365e-006, 0.999999999, 0, 0, 0, 0, 0, 0, 0, 0.21508938, -0.0705523193, -0.289278589, 0.0296851851, 0.648573226, -0.760590174, -0.929443359, 0.297729492, 0.217773438, 0.367680827, 0.700500074, 0.611743588, 0, 0, -0, 0, 0, 0, 0, 0.279920312, -0.0411688477, -0.238458887, 0.224027086, 0.383162487, -0.896008907, 0.388549805, -0.878295898, -0.278320312, -0.893587333, -0.285732637, -0.345796886, 0, 2, 5, 1, 
455.665276, 62, 0.1, 0.1, -0.0154107853, 0.376204437, -0.0199635516, 0.922534779, -0.385913955, -2.38080373e-005, 0.385913956, 0.922534779, 5.98777239e-007, 2.1732666e-005, -9.74024668e-006, 1, 0.92253479, -0.385913928, -3.89870262e-005, 0.385913927, 0.922534791, -2.01616471e-005, 4.37475485e-005, 3.55418452e-006, 0.999999999, 0, 0, 0, 0, 0, 0, 0, 0.215743726, -0.0707701904, -0.289049976, 0.0295002165, 0.64864961, -0.76051379, -0.930175781, 0.296264648, 0.216674805, 0.365732652, 0.700982343, 0.612225858, 0, 0, -0, 0, 0, 0, 0, 0.280752881, -0.0421780273, -0.23783457, 0.226295437, 0.381462864, -0.896219994, 0.388793945, -0.87890625, -0.276000977, -0.892980691, -0.285911275, -0.347291985, 0, 2, 5, 1, 
455.66606, 62, 0.1, 0.1, -0.0154107891, 0.376204435, -0.0199640925, 0.922534828, -0.385913838, 4.59526884e-006, 0.385913838, 0.922534828, 1.29340254e-005, -9.23071495e-006, -1.01587111e-005, 1, 0.922534825, -0.385913845, 2.33218172e-005, 0.385913845, 0.922534825, 2.11075086e-005, -2.96608683e-005, -1.04721996e-005, 1, 0, 0, 0, 0, 0, 0, 0, 0.215743726, -0.0707701904, -0.289049976, 0.0295002165, 0.64864961, -0.76051379, -0.930175781, 0.296264648, 0.216674805, 0.365732652, 0.700982343, 0.612225858, 0, 0, -0, 0, 0, 0, 0, 0.280752881, -0.0421780273, -0.23783457, 0.226295437, 0.381462864, -0.896219994, 0.388793945, -0.87890625, -0.276000977, -0.892980691, -0.285911275, -0.347291985, 0, 2, 5, 1, 
455.666849, 62, 0.1, 0.1, -0.0154107818, 0.376204438, -0.0199651779, 0.92253486, -0.385913762, -1.07544254e-005, 0.385913762, 0.92253486, -1.15546588e-005, 1.43804342e-005, 6.5092948e-006, 1, 0.922534844, -0.385913799, -3.56336879e-005, 0.385913799, 0.922534845, -7.96611256e-006, 3.59475515e-005, -6.40251544e-006, 0.999999999, 0, 0, 0, 0, 0, 0, 0, 0.215743726, -0.0707701904, -0.289049976, 0.0295002165, 0.64864961, -0.76051379, -0.930175781, 0.296264648, 0.216674805, 0.365732652, 0.700982343, 0.612225858, 0, 0, -0, 0, 0, 0, 0, 0.280752881, -0.0421780273, -0.23783457, 0.226295437, 0.381462864, -0.896219994, 0.388793945, -0.87890625, -0.276000977, -0.892980691, -0.285911275, -0.347291985, 0, 2, 5, 1, 
455.667688, 62, 0.1, 0.1, -0.0154107887, 0.376204436, -0.0199659027, 0.922534822, -0.385913852, 2.04393421e-005, 0.385913852, 0.922534823, -7.15971936e-007, -1.85797013e-005, 8.54833427e-006, 1, 0.922534822, -0.385913852, 3.88643847e-005, 0.385913852, 0.922534822, 6.92469557e-006, -3.85260842e-005, 8.61003164e-006, 0.999999999, 0, 0, 0, 0, 0, 0, 0, 0.216485474, -0.0716883057, -0.288617773, 0.0309972004, 0.648123157, -0.760818205, -0.930664063, 0.296142578, 0.214355469, 0.364259634, 0.701560093, 0.612644848, 0, 0, -0, 0, 0, 0, 0, 0.281582275, -0.0426994629, -0.237192188, 0.228404107, 0.380555451, -0.896015837, 0.389892578, -0.87902832, -0.274047852, -0.892022605, -0.286620361, -0.349234411, 0, 2, 5, 1, 
455.668471, 62, 0.1, 0.1, -0.0154107833, 0.376204439, -0.0199661945, 0.922534804, -0.385913895, -9.14499807e-006, 0.385913895, 0.922534804, 1.05736695e-006, 8.02852641e-006, -4.50463964e-006, 1, 0.922534816, -0.385913866, -2.27420942e-005, 0.385913866, 0.922534817, -1.75911221e-005, 2.77690316e-005, 7.45193308e-006, 1, 0, 0, 0, 0, 0, 0, 0, 0.216485474, -0.0716883057, -0.288617773, 0.0309972004, 0.648123157, -0.760818205, -0.930664063, 0.296142578, 0.214355469, 0.364259634, 0.701560093, 0.612644848, 0, 0, -0, 0, 0, 0, 0, 0.281582275, -0.0426994629, -0.237192188, 0.228404107, 0.380555451, -0.896015837, 0.389892578, -0.87902832, -0.274047852, -0.892022605, -0.286620361, -0.349234411, 0, 2, 5, 1, 
455.669256, 62, 0.1, 0.1, -0.0154107892, 0.376204437, -0.0199663664, 0.922534842, -0.385913806, 1.26280391e-005, 0.385913806, 0.922534842, 9.87699832e-006, -1.54614761e-005, -4.23854046e-006, 1, 0.92253484, -0.385913808, 3.14824931e-005, 0.385913808, 0.922534841, 1.81956905e-005, -3.6065665e-005, -4.63662959e-006, 0.999999999, 0, 0, 0, 0, 0, 0, 0, 0.216485474, -0.0716883057, -0.288617773, 0.0309972004, 0.648123157, -0.760818205, -0.930664063, 0.296142578, 0.214355469, 0.364259634, 0.701560093, 0.612644848, 0, 0, -0, 0, 0, 0, 0, 0.281582275, -0.0426994629, -0.237192188, 0.228404107, 0.380555451, -0.896015837, 0.389892578, -0.87902832, -0.274047852, -0.892022605, -0.286620361, -0.349234411, 0, 2, 5, 1, 
455.670083, 62, 0.1, 0.1, -0.0154107821, 0.376204442, -0.0199658762, 0.922534868, -0.385913743, -1.08417243e-005, 0.385913743, 0.922534868, -1.54775183e-005, 1.59748557e-005, 1.00945799e-005, 1, 0.922534853, -0.385913777, -3.42935913e-005, 0.385913777, 0.922534854, -1.19047469e-005, 3.62312391e-005, -2.25182535e-006, 0.999999999, 0, 0, 0, 0, 0, 0, 0, 0.216485474, -0.0716883057, -0.288617773, 0.0309972004, 0.648123157, -0.760818205, -0.930664063, 0.296142578, 0.214355469, 0.364259634, 0.701560093, 0.612644848, 0, 0, -0, 0, 0, 0, 0, 0.281582275, -0.0426994629, -0.237192188, 0.228404107, 0.380555451, -0.896015837, 0.389892578, -0.87902832, -0.274047852, -0.892022605, -0.286620361, -0.349234411, 0, 2, 5, 1, 
455.670869, 62, 0.1, 0.1, -0.0154107871, 0.376204441, -0.0199652972, 0.922534838, -0.385913815, 1.22086091e-005, 0.385913815, 0.922534838, -5.99576369e-006, -8.94901922e-006, 1.02427718e-005, 1, 0.922534837, -0.385913816, 3.14436449e-005, 0.385913816, 0.922534838, 1.5449387e-006, -2.9604071e-005, 1.07092772e-005, 1, 0, 0, 0, 0, 0, 0, 0, 0.216485474, -0.0716883057, -0.288617773, 0.0309972004, 0.648123157, -0.760818205, -0.930664063, 0.296142578, 0.214355469, 0.364259634, 0.701560093, 0.612644848, 0, 0, -0, 0, 0, 0, 0, 0.281582275, -0.0426994629, -0.237192188, 0.228404107, 0.380555451, -0.896015837, 0.389892578, -0.87902832, -0.274047852, -0.892022605, -0.286620361, -0.349234411, 0, 2, 5, 1, 
455.671652, 62, 0.1, 0.1, -0.0154107798, 0.376204445, -0.0199649573, 0.922534822, -0.385913852, -1.60749087e-005, 0.385913852, 0.922534823, 6.7667338e-007, 1.45685254e-005, -6.82778471e-006, 1, 0.922534834, -0.385913823, -3.09788218e-005, 0.385913823, 0.922534835, -1.98951633e-005, 3.62568608e-005, 6.39882566e-006, 0.999999999, 0, 0, 0, 0, 0, 0, 0, 0.216485474, -0.0716883057, -0.288617773, 0.0309972004, 0.648123157, -0.760818205, -0.930664063, 0.296142578, 0.214355469, 0.364259634, 0.701560093, 0.612644848, 0, 0, -0, 0, 0, 0, 0, 0.281582275, -0.0426994629, -0.237192188, 0.228404107, 0.380555451, -0.896015837, 0.389892578, -0.87902832, -0.274047852, -0.892022605, -0.286620361, -0.349234411, 0, 2, 5, 1, 
455.672502, 62, 0.1, 0.1, -0.0154107862, 0.376204442, -0.0199642601, 0.922534879, -0.385913716, 1.1183155e-005, 0.385913716, 0.922534879, 1.50270852e-005, -1.61160089e-005, -9.54727732e-006, 1, 0.922534876, -0.385913723, 3.0743028e-005, 0.385913722, 0.922534876, 2.32754426e-005, -3.73438282e-005, -9.6082512e-006, 0.999999999, 0, 0, 0, 0, 0, 0, 0, 0.217288135, -0.0726178955, -0.287971118, 0.0336305877, 0.647399753, -0.761281378, -0.930786133, 0.297485352, 0.211914063, 0.363718954, 0.701674669, 0.612841799, 0, 0, -0, 0, 0, 0, 0, 0.282000684, -0.0429480957, -0.237422021, 0.227880221, 0.380561647, -0.896149998, 0.390991211, -0.878662109, -0.273681641, -0.89170944, -0.287847137, -0.349125769, 0, 2, 5, 1, 
455.673287, 62, 0.1, 0.1, -0.0154107795, 0.376204444, -0.0199638588, 0.922534913, -0.385913637, -9.22138889e-006, 0.385913637, 0.922534913, -8.85156348e-006, 1.19229923e-005, 4.60721662e-006, 1, 0.922534896, -0.385913674, -3.38836683e-005, 0.385913674, 0.922534897, -5.228695e-006, 3.32766914e-005, -8.25251735e-006, 0.999999999, 0, 0, 0, 0, 0, 0, 0, 0.217288135, -0.0726178955, -0.287971118, 0.0336305877, 0.647399753, -0.761281378, -0.930786133, 0.297485352, 0.211914063, 0.363718954, 0.701674669, 0.612841799, 0, 0, -0, 0, 0, 0, 0, 0.282000684, -0.0429480957, -0.237422021, 0.227880221, 0.380561647, -0.896149998, 0.390991211, -0.878662109, -0.273681641, -0.89170944, -0.287847137, -0.349125769, 0, 2, 5, 1, 
455.674069, 62, 0.1, 0.1, -0.0154107853, 0.376204442, -0.0199641642, 0.922534885, -0.385913703, 1.51547407e-005, 0.385913703, 0.922534885, 1.53761054e-006, -1.4574162e-005, 4.42992276e-006, 1, 0.922534883, -0.385913706, 3.5027226e-005, 0.385913705, 0.922534884, 9.45573371e-006, -3.59629351e-005, 4.79424239e-006, 0.999999999, 0, 0, 0, 0, 0, 0, 0, 0.217288135, -0.0726178955, -0.287971118, 0.0336305877, 0.647399753, -0.761281378, -0.930786133, 0.297485352, 0.211914063, 0.363718954, 0.701674669, 0.612841799, 0, 0, -0, 0, 0, 0, 0, 0.282000684, -0.0429480957, -0.237422021, 0.227880221, 0.380561647, -0.896149998, 0.390991211, -0.878662109, -0.273681641, -0.89170944, -0.287847137, -0.349125769, 0, 2, 5, 1, 
455.67489, 62, 0.1, 0.1, -0.0154107772, 0.376204445, -0.0199646815, 0.922534865, -0.38591375, -1.91254576e-005, 0.38591375, 0.922534865, 2.30168116e-006, 1.67556511e-005, -9.5041582e-006, 1, 0.922534878, -0.385913718, -3.34710288e-005, 0.385913718, 0.922534878, -1.75161044e-005, 3.76378964e-005, 3.24228806e-006, 0.999999999, 0, 0, 0, 0, 0, 0, 0, 0.217288135, -0.0726178955, -0.287971118, 0.0336305877, 0.647399753, -0.761281378, -0.930786133, 0.297485352, 0.211914063, 0.363718954, 0.701674669, 0.612841799, 0, 0, -0, 0, 0, 0, 0, 0.282000684, -0.0429480957, -0.237422021, 0.227880221, 0.380561647, -0.896149998, 0.390991211, -0.878662109, -0.273681641, -0.89170944, -0.287847137, -0.349125769, 0, 2, 5, 1, 
455.675677, 62, 0.1, 0.1, -0.0154107817, 0.376204442, -0.0199653353, 0.922534903, -0.38591366, 6.56923922e-006, 0.38591366, 0.922534903, 1.31774285e-005, -1.11457021e-005, -9.62147858e-006, 1, 0.922534902, -0.385913662, 2.53532789e-005, 0.385913662, 0.922534902, 2.14376071e-005, -3.16623501e-005, -9.99276403e-006, 0.999999999, 0, 0, 0, 0, 0, 0, 0, 0.217288135, -0.0726178955, -0.287971118, 0.0336305877, 0.647399753, -0.761281378, -0.930786133, 0.297485352, 0.211914063, 0.363718954, 0.701674669, 0.612841799, 0, 0, -0, 0, 0, 0, 0, 0.282000684, -0.0429480957, -0.237422021, 0.227880221, 0.380561647, -0.896149998, 0.390991211, -0.878662109, -0.273681641, -0.89170944, -0.287847137, -0.349125769, 0, 2, 5, 1, 
455.676461, 62, 0.1, 0.1, -0.0154107747, 0.376204445, -0.0199661033, 0.922534924, -0.385913609, -1.17159199e-005, 0.385913609, 0.922534924, -1.09164876e-005, 1.50211664e-005, 5.54950812e-006, 1, 0.922534911, -0.38591364, -3.52900074e-005, 0.38591364, 0.922534911, -7.3372647e-006, 3.53878144e-005, -6.85001236e-006, 0.999999999, 0, 0, 0, 0, 0, 0, 0, 0.217288135, -0.0726178955, -0.287971118, 0.0336305877, 0.647399753, -0.761281378, -0.930786133, 0.297485352, 0.211914063, 0.363718954, 0.701674669, 0.612841799, 0, 0, -0, 0, 0, 0, 0, 0.282000684, -0.0429480957, -0.237422021, 0.227880221, 0.380561647, -0.896149998, 0.390991211, -0.878662109, -0.273681641, -0.89170944, -0.287847137, -0.349125769, 0, 2, 5, 1, 
455.677308, 62, 0.1, 0.1, -0.0154107806, 0.376204444, -0.0199661789, 0.922534881, -0.385913713, 1.51350579e-005, 0.385913713, 0.922534881, -1.40270764e-006, -1.34212947e-005, 7.13487311e-006, 1, 0.922534881, -0.38591371, 3.357307e-005, 0.38591371, 0.922534882, 6.11543077e-006, -3.33323568e-005, 7.31460981e-006, 0.999999999, 0, 0, 0, 0, 0, 0, 0, 0.217853882, -0.0737734131, -0.287781079, 0.0359344734, 0.646638156, -0.761922407, -0.930541992, 0.299560547, 0.210205078, 0.364219198, 0.70154811, 0.612696145, 0, 0, -0, 0, 0, 0, 0, 0.282189258, -0.0429585938, -0.237641846, 0.227222173, 0.380823407, -0.896175518, 0.392211914, -0.878173828, -0.273681641, -0.891287632, -0.289169795, -0.348882966, 0, 2, 5, 1, 
455.678115, 62, 0.1, 0.1, -0.0154107737, 0.376204447, -0.0199655301, 0.922534853, -0.385913778, -1.44846999e-005, 0.385913778, 0.922534853, 9.71567203e-007, 1.29876993e-005, -6.48614988e-006, 1, 0.922534867, -0.385913744, -2.89615844e-005, 0.385913743, 0.922534868, -1.84904683e-005, 3.38537973e-005, 5.88142828e-006, 0.999999999, 0, 0, 0, 0, 0, 0, 0, 0.217853882, -0.0737734131, -0.287781079, 0.0359344734, 0.646638156, -0.761922407, -0.930541992, 0.299560547, 0.210205078, 0.364219198, 0.70154811, 0.612696145, 0, 0, -0, 0, 0, 0, 0, 0.282189258, -0.0429585938, -0.237641846, 0.227222173, 0.380823407, -0.896175518, 0.392211914, -0.878173828, -0.273681641, -0.891287632, -0.289169795, -0.348882966, 0, 2, 5, 1, 
455.6789, 62, 0.1, 0.1, -0.015410779, 0.376204444, -0.0199649769, 0.922534884, -0.385913706, 9.69812258e-006, 0.385913706, 0.922534884, 1.10676228e-005, -1.32180037e-005, -6.46762965e-006, 1, 0.922534884, -0.385913705, 2.87686412e-005, 0.385913704, 0.922534884, 1.94957105e-005, -3.4063737e-005, -6.88326015e-006, 0.999999999, 0, 0, 0, 0, 0, 0, 0, 0.217853882, -0.0737734131, -0.287781079, 0.0359344734, 0.646638156, -0.761922407, -0.930541992, 0.299560547, 0.210205078, 0.364219198, 0.70154811, 0.612696145, 0, 0, -0, 0, 0, 0, 0, 0.282189258, -0.0429585938, -0.237641846, 0.227222173, 0.380823407, -0.896175518, 0.392211914, -0.878173828, -0.273681641, -0.891287632, -0.289169795, -0.348882966, 0, 2, 5, 1, 
455.679751, 62, 0.1, 0.1, -0.015410772, 0.376204449, -0.0199642468, 0.922534905, -0.385913656, -5.15181482e-006, 0.385913655, 0.922534905, -1.35824204e-005, 9.99437052e-006, 1.05421013e-005, 1, 0.922534889, -0.385913692, -3.27865649e-005, 0.385913691, 0.92253489, -9.4244602e-006, 3.38837783e-005, -3.95839095e-006, 0.999999999, 0, 0, 0, 0, 0, 0, 0, 0.21854668, -0.0744444824, -0.287779736, 0.0363976471, 0.64661906, -0.761903311, -0.930541992, 0.299682617, 0.209838867, 0.364022246, 0.701427543, 0.612816712, 0, 0, -0, 0, 0, 0, 0, 0.282189258, -0.0429585938, -0.237641846, 0.226321323, 0.381244848, -0.896322439, 0.393676758, -0.877441406, -0.273803711, -0.890891345, -0.290843898, -0.348652922, 0, 2, 5, 1, 
