time, trialNum, realDorsalTactorPos, realVentralTactorPos, boxPosX, boxPosY, boxPosZ, boxLocalRot_11, boxLocalRot_12, boxLocalRot_13, boxLocalRot_21, boxLocalRot_22, boxLocalRot_23, boxLocalRot_31, boxLocalRot_32, boxLocalRot_33, boxGlobalRot_11, boxGlobalRot_12, boxGlobalRot_13, boxGlobalRot_21, boxGlobalRot_22, boxGlobalRot_23, boxGlobalRot_31, boxGlobalRot_32, boxGlobalRot_33, indexForceX, indexForceY, indexForceZ, indexForceGlobalX, indexForceGlobalY, indexForceGlobalZ, indexContact, indexPosX, indexPosY, indexPosZ, indexRot_11, indexRot_12, indexRot_13, indexRot_21, indexRot_22, indexRot_23, indexRot_31, indexRot_32, indexRot_33, thumbForceX, thumbForceY, thumbForceZ, thumbForceGlobalX, thumbForceGlobalY, thumbForceGlobalZ, thumbContact, thumbPosX, thumbPosY, thumbPosZ, thumbRot_11, thumbRot_12, thumbRot_13, thumbRot_21, thumbRot_22, thumbRot_23, thumbRot_31, thumbRot_32, thumbRot_33, manipForceTooHigh, cceExpType, mapping, trialSuccess, 
408.197291, 56, 0.1, 0.1, 0.0195816966, 0.369892718, -0.0199646361, 0.977783063, -0.209619372, -3.48379318e-005, -0.209619373, -0.977783063, -2.35186314e-005, -2.91339789e-005, 3.02988248e-005, -0.999999999, 0.977783077, -0.209619307, -3.5020041e-005, -0.209619307, -0.977783077, -2.42723151e-005, -2.91540576e-005, 3.10739357e-005, -0.999999999, 0, 0, 0, 0, 0, 0, 0, 0.332113965, -0.129811475, -0.173603613, 0.0371597803, 0.657214129, -0.752689936, -0.715698242, 0.54309082, 0.438964844, 0.697352575, 0.522518615, 0.490731729, 0, 0, -0, 0, 0, 0, 0, 0.391298535, -0.11037373, -0.129516309, 0.240294498, 0.475611943, -0.846028628, 0.260253906, -0.87121582, -0.415893555, -0.935082993, -0.120132566, -0.333179185, 0, 2, 5, 1, 
408.209303, 56, 0.1, 0.1, 0.0195817248, 0.369892725, -0.0199646289, 0.977779167, -0.209637508, -0.000123343708, -0.209637508, -0.977779175, 1.83771682e-005, -0.000124455453, 7.88865535e-006, -0.999999992, 0.977779192, -0.2096374, -0.000109761761, -0.209637397, -0.977779198, 3.44676611e-005, -0.000114548478, -1.06915918e-005, -0.999999993, 0, 0, 0, 0, 0, 0, 0, 0.337933862, -0.136808862, -0.167775635, 0.0124573277, 0.658552711, -0.75225185, -0.735717773, 0.51550293, 0.439208984, 0.677164632, 0.548137319, 0.491156711, 0, 0, -0, 0, 0, 0, 0, 0.39539624, -0.114712939, -0.128368018, 0.207408158, 0.477490168, -0.853770245, 0.290649414, -0.86340332, -0.412231445, -0.933998006, -0.162526877, -0.317913566, 0, 2, 5, 1, 
408.210093, 56, 0.1, 0.1, 0.0195817122, 0.369892726, -0.019972057, 0.977779074, -0.209637981, 1.67294523e-005, -0.209637981, -0.977779074, -5.19076984e-006, 1.74458908e-005, 1.56829754e-006, -1, 0.977779104, -0.209637836, -2.95231441e-005, -0.209637836, -0.977779105, 1.16860767e-005, -3.13169573e-005, -5.23723358e-006, -0.999999999, 0, 0, 0, 0, 0, 0, 0, 0.337933862, -0.136808862, -0.167775635, 0.0124573277, 0.658552711, -0.75225185, -0.735717773, 0.51550293, 0.439208984, 0.677164632, 0.548137319, 0.491156711, 0, 0, -0, 0, 0, 0, 0, 0.39539624, -0.114712939, -0.128368018, 0.207408158, 0.477490168, -0.853770245, 0.290649414, -0.86340332, -0.412231445, -0.933998006, -0.162526877, -0.317913566, 0, 2, 5, 1, 
408.210907, 56, 0.1, 0.1, 0.0195817323, 0.369892721, -0.0199768677, 0.977778959, -0.209638496, 8.91977572e-005, -0.209638496, -0.977778963, -9.99871848e-006, 8.93118069e-005, -8.92274715e-006, -0.999999996, 0.977778976, -0.209638413, 9.63231825e-005, -0.209638412, -0.977778981, -1.33469548e-005, 9.69808176e-005, -7.14266724e-006, -0.999999995, 0, 0, 0, 0, 0, 0, 0, 0.338719849, -0.138035767, -0.168378711, 0.0018511421, 0.660389675, -0.75083125, -0.739135742, 0.506591797, 0.443725586, 0.673406442, 0.554273153, 0.489201423, 0, 0, -0, 0, 0, 0, 0, 0.39539624, -0.114712939, -0.128368018, 0.19678242, 0.480025375, -0.85479796, 0.296264648, -0.860107422, -0.414916992, -0.934501103, -0.17146612, -0.311638963, 0, 2, 5, 1, 
408.211688, 56, 0.1, 0.1, 0.0195817357, 0.369892718, -0.0199774052, 0.977778859, -0.209638975, -5.09767772e-005, -0.209638975, -0.977778861, 1.04947198e-005, -5.20441174e-005, 4.25204107e-007, -0.999999999, 0.977778894, -0.209638816, -2.53150576e-005, -0.209638816, -0.977778895, -5.87951448e-006, -2.35199546e-005, 1.10558839e-005, -1, 0, 0, 0, 0, 0, 0, 0, 0.338719849, -0.138035767, -0.168378711, 0.0018511421, 0.660389675, -0.75083125, -0.739135742, 0.506591797, 0.443725586, 0.673406442, 0.554273153, 0.489201423, 0, 0, -0, 0, 0, 0, 0, 0.395575586, -0.115626172, -0.129420264, 0.19678242, 0.480025375, -0.85479796, 0.296264648, -0.860107422, -0.414916992, -0.934501103, -0.17146612, -0.311638963, 0, 2, 5, 1, 
408.212482, 56, 0.1, 0.1, 0.0195817228, 0.369892725, -0.0199740488, 0.977778646, -0.209639971, -4.00249827e-005, -0.209639971, -0.977778647, 1.38237331e-005, -4.20335804e-005, -5.12571481e-006, -0.999999999, 0.977778687, -0.209639775, -5.89010108e-005, -0.209639773, -0.977778689, 3.42685458e-005, -6.47762033e-005, -2.11590591e-005, -0.999999998, 0, 0, 0, 0, 0, 0, 0, 0.338719849, -0.138035767, -0.168378711, 0.0018511421, 0.660389675, -0.75083125, -0.739135742, 0.506591797, 0.443725586, 0.673406442, 0.554273153, 0.489201423, 0, 0, -0, 0, 0, 0, 0, 0.395575586, -0.115626172, -0.129420264, 0.19678242, 0.480025375, -0.85479796, 0.296264648, -0.860107422, -0.414916992, -0.934501103, -0.17146612, -0.311638963, 0, 2, 5, 1, 
408.213299, 56, 0.1, 0.1, 0.0195817337, 0.369892716, -0.0199678624, 0.977778519, -0.209640556, 7.48580119e-005, -0.209640555, -0.977778522, -2.11608624e-005, 7.76307311e-005, 4.99736152e-006, -0.999999997, 0.97777853, -0.209640503, 6.92609664e-005, -0.209640501, -0.977778533, -4.1022783e-005, 7.6321923e-005, 2.55912927e-005, -0.999999997, 0, 0, 0, 0, 0, 0, 0, 0.339588477, -0.140407935, -0.168989966, -0.00717456233, 0.661712169, -0.749594497, -0.741943359, 0.499023437, 0.447631836, 0.670263071, 0.559501735, 0.487646029, 0, 0, -0, 0, 0, 0, 0, 0.395575586, -0.115626172, -0.129420264, 0.188987198, 0.482120186, -0.855333873, 0.299682617, -0.857788086, -0.417358398, -0.935074928, -0.177383082, -0.306540096, 0, 2, 5, 1, 
408.214079, 56, 0.1, 0.1, 0.0195817355, 0.369892721, -0.0199615114, 0.977778581, -0.209640266, -7.28425783e-005, -0.209640265, -0.977778584, 2.31955093e-005, -7.60866258e-005, -7.40933475e-006, -0.999999997, 0.97777855, -0.209640419, -3.69377111e-005, -0.209640417, -0.97777855, 4.00613596e-005, -4.45153818e-005, -3.14275009e-005, -0.999999999, 0, 0, 0, 0, 0, 0, 0, 0.339588477, -0.140407935, -0.168989966, -0.00717456233, 0.661712169, -0.749594497, -0.741943359, 0.499023437, 0.447631836, 0.670263071, 0.559501735, 0.487646029, 0, 0, -0, 0, 0, 0, 0, 0.396163965, -0.118290918, -0.130018213, 0.188987198, 0.482120186, -0.855333873, 0.299682617, -0.857788086, -0.417358398, -0.935074928, -0.177383082, -0.306540096, 0, 2, 5, 1, 
408.214865, 56, 0.1, 0.1, 0.0195817225, 0.369892714, -0.0199570615, 0.977778846, -0.209639042, 5.57025153e-006, -0.209639042, -0.977778846, -2.28822395e-005, 1.02434849e-005, 2.12060275e-005, -1, 0.977778784, -0.209639325, -4.6369263e-005, -0.209639327, -0.977778784, -3.77298904e-005, -3.74292128e-005, 4.66123074e-005, -0.999999998, 0, 0, 0, 0, 0, 0, 0, 0.339588477, -0.140407935, -0.168989966, -0.00717456233, 0.661712169, -0.749594497, -0.741943359, 0.499023437, 0.447631836, 0.670263071, 0.559501735, 0.487646029, 0, 0, -0, 0, 0, 0, 0, 0.396163965, -0.118290918, -0.130018213, 0.188987198, 0.482120186, -0.855333873, 0.299682617, -0.857788086, -0.417358398, -0.935074928, -0.177383082, -0.306540096, 0, 2, 5, 1, 
408.215647, 56, 0.1, 0.1, 0.019581732, 0.369892718, -0.0199558214, 0.977779225, -0.209637273, -4.36620431e-006, -0.209637273, -0.977779225, 1.42948165e-005, -7.26591023e-006, -1.30618555e-005, -1, 0.977779148, -0.20963763, 3.51632156e-005, -0.209637631, -0.977779148, 3.14741065e-005, 2.77837019e-005, -3.81462582e-005, -0.999999999, 0, 0, 0, 0, 0, 0, 0, 0.339588477, -0.140407935, -0.168989966, -0.00717456233, 0.661712169, -0.749594497, -0.741943359, 0.499023437, 0.447631836, 0.670263071, 0.559501735, 0.487646029, 0, 0, -0, 0, 0, 0, 0, 0.396163965, -0.118290918, -0.130018213, 0.188987198, 0.482120186, -0.855333873, 0.299682617, -0.857788086, -0.417358398, -0.935074928, -0.177383082, -0.306540096, 0, 2, 5, 1, 
408.216435, 56, 0.1, 0.1, 0.0195817292, 0.369892709, -0.0199578371, 0.977779694, -0.209635088, 1.54599507e-005, -0.209635087, -0.977779694, -2.05936572e-005, 1.9433579e-005, 1.68951117e-005, -1, 0.977779595, -0.209635549, -4.54854956e-007, -0.209635549, -0.977779594, -4.4243909e-005, 8.83034826e-006, 4.33561452e-005, -0.999999999, 0, 0, 0, 0, 0, 0, 0, 0.339588477, -0.140407935, -0.168989966, -0.00717456233, 0.661712169, -0.749594497, -0.741943359, 0.499023437, 0.447631836, 0.670263071, 0.559501735, 0.487646029, 0, 0, -0, 0, 0, 0, 0, 0.396163965, -0.118290918, -0.130018213, 0.188987198, 0.482120186, -0.855333873, 0.299682617, -0.857788086, -0.417358398, -0.935074928, -0.177383082, -0.306540096, 0, 2, 5, 1, 
408.217218, 56, 0.1, 0.1, 0.0195817321, 0.369892717, -0.0199623562, 0.977780223, -0.20963262, 2.40557924e-006, -0.20963262, -0.977780223, 2.67350847e-005, -3.25241805e-006, -2.6645325e-005, -1, 0.977780126, -0.209633074, 1.07252938e-005, -0.209633075, -0.977780125, 4.59719083e-005, 8.4974664e-007, -4.71987946e-005, -0.999999999, 0, 0, 0, 0, 0, 0, 0, 0.339588477, -0.140407935, -0.168989966, -0.00717456233, 0.661712169, -0.749594497, -0.741943359, 0.499023437, 0.447631836, 0.670263071, 0.559501735, 0.487646029, 0, 0, -0, 0, 0, 0, 0, 0.396163965, -0.118290918, -0.130018213, 0.188987198, 0.482120186, -0.855333873, 0.299682617, -0.857788086, -0.417358398, -0.935074928, -0.177383082, -0.306540096, 0, 2, 5, 1, 
408.218, 56, 0.1, 0.1, 0.0195817308, 0.369892712, -0.0199677445, 0.977780664, -0.209630563, -9.63076623e-006, -0.209630563, -0.977780664, -5.30084848e-006, -8.30555715e-006, 7.20197009e-006, -1, 0.977780587, -0.209630923, -2.13296544e-005, -0.209630924, -0.977780587, -2.11264423e-005, -1.64269664e-005, 2.51283803e-005, -1, 0, 0, 0, 0, 0, 0, 0, 0.339588477, -0.140407935, -0.168989966, -0.00717456233, 0.661712169, -0.749594497, -0.741943359, 0.499023437, 0.447631836, 0.670263071, 0.559501735, 0.487646029, 0, 0, -0, 0, 0, 0, 0, 0.396163965, -0.118290918, -0.130018213, 0.188987198, 0.482120186, -0.855333873, 0.299682617, -0.857788086, -0.417358398, -0.935074928, -0.177383082, -0.306540096, 0, 2, 5, 1, 
408.218813, 56, 0.1, 0.1, 0.0195817355, 0.369892718, -0.0199718829, 0.977781038, -0.209628818, -9.94113708e-006, -0.209628817, -0.977781038, 2.25305568e-005, -1.44433093e-005, -1.99460024e-005, -1, 0.977780968, -0.209629147, 1.43578465e-005, -0.209629147, -0.977780967, 3.52638973e-005, 6.64648836e-006, -3.74901907e-005, -0.999999999, 0, 0, 0, 0, 0, 0, 0, 0.340332861, -0.142999194, -0.168703613, -0.014252092, 0.663161221, -0.748325543, -0.744873047, 0.49206543, 0.450439453, 0.666934732, 0.563968721, 0.48707427, 0, 0, -0, 0, 0, 0, 0, 0.396445508, -0.120715576, -0.129960596, 0.183083362, 0.484272599, -0.855397306, 0.303466797, -0.85546875, -0.419433594, -0.93495899, -0.182680276, -0.303600938, 0, 2, 5, 1, 
408.219595, 56, 0.1, 0.1, 0.0195817333, 0.369892713, -0.0199735611, 0.977781441, -0.209626938, 7.93896755e-006, -0.209626938, -0.977781441, -1.38394238e-005, 1.06636912e-005, 1.18677103e-005, -1, 0.977781357, -0.209627332, -2.97904269e-006, -0.209627332, -0.977781356, -2.51457593e-005, 2.35838604e-006, 2.52115434e-005, -1, 0, 0, 0, 0, 0, 0, 0, 0.340332861, -0.142999194, -0.168703613, -0.014252092, 0.663161221, -0.748325543, -0.744873047, 0.49206543, 0.450439453, 0.666934732, 0.563968721, 0.48707427, 0, 0, -0, 0, 0, 0, 0, 0.396445508, -0.120715576, -0.129960596, 0.183083362, 0.484272599, -0.855397306, 0.303466797, -0.85546875, -0.419433594, -0.93495899, -0.182680276, -0.303600938, 0, 2, 5, 1, 
408.220377, 56, 0.1, 0.1, 0.0195817357, 0.369892715, -0.0199725993, 0.977781869, -0.209624941, 4.79868477e-006, -0.209624941, -0.977781869, -3.19925679e-006, 5.36271098e-006, 2.12225128e-006, -1, 0.977781791, -0.209625306, 9.87118863e-006, -0.209625307, -0.977781791, 1.37965234e-005, 6.75976805e-006, -1.55592403e-005, -1, 0, 0, 0, 0, 0, 0, 0, 0.340332861, -0.142999194, -0.168703613, -0.014252092, 0.663161221, -0.748325543, -0.744873047, 0.49206543, 0.450439453, 0.666934732, 0.563968721, 0.48707427, 0, 0, -0, 0, 0, 0, 0, 0.396445508, -0.120715576, -0.129960596, 0.183083362, 0.484272599, -0.855397306, 0.303466797, -0.85546875, -0.419433594, -0.93495899, -0.182680276, -0.303600938, 0, 2, 5, 1, 
408.221158, 56, 0.1, 0.1, 0.0195817359, 0.369892714, -0.0199695262, 0.97778221, -0.209623353, -9.73656865e-006, -0.209623353, -0.97778221, 1.88710276e-006, -9.91582442e-006, 1.95836659e-007, -1, 0.977782146, -0.209623653, 3.33496747e-006, -0.209623653, -0.977782146, 7.91941795e-006, 1.60077433e-006, -8.44255354e-006, -1, 0, 0, 0, 0, 0, 0, 0, 0.340332861, -0.142999194, -0.168703613, -0.014252092, 0.663161221, -0.748325543, -0.744873047, 0.49206543, 0.450439453, 0.666934732, 0.563968721, 0.48707427, 0, 0, -0, 0, 0, 0, 0, 0.396445508, -0.120715576, -0.129960596, 0.183083362, 0.484272599, -0.855397306, 0.303466797, -0.85546875, -0.419433594, -0.93495899, -0.182680276, -0.303600938, 0, 2, 5, 1, 
408.222048, 56, 0.1, 0.1, 0.0195817348, 0.369892715, -0.0199642542, 0.977782546, -0.209621783, -1.34566015e-005, -0.209621783, -0.977782546, 2.38718733e-005, -1.81616947e-005, -2.05207043e-005, -1, 0.977782482, -0.209622085, -1.42173967e-005, -0.209622084, -0.977782482, 2.25323223e-005, -1.86247938e-005, -1.90514297e-005, -1, 0, 0, 0, 0, 0, 0, 0, 0.340332861, -0.142999194, -0.168703613, -0.014252092, 0.663161221, -0.748325543, -0.744873047, 0.49206543, 0.450439453, 0.666934732, 0.563968721, 0.48707427, 0, 0, -0, 0, 0, 0, 0, 0.396445508, -0.120715576, -0.129960596, 0.183083362, 0.484272599, -0.855397306, 0.303466797, -0.85546875, -0.419433594, -0.93495899, -0.182680276, -0.303600938, 0, 2, 5, 1, 
408.222993, 56, 0.1, 0.1, 0.0195817368, 0.369892715, -0.0199560564, 0.977782868, -0.209620281, 6.3892834e-006, -0.209620281, -0.977782868, -2.69690439e-006, 6.81265771e-006, 1.29766352e-006, -1, 0.977782817, -0.209620519, -5.07362564e-006, -0.209620519, -0.977782817, 1.53922514e-005, -8.1874357e-006, -1.39867429e-005, -1, 0, 0, 0, 0, 0, 0, 0, 0.340332861, -0.142999194, -0.168703613, -0.014252092, 0.663161221, -0.748325543, -0.744873047, 0.49206543, 0.450439453, 0.666934732, 0.563968721, 0.48707427, 0, 0, -0, 0, 0, 0, 0, 0.396445508, -0.120715576, -0.129960596, 0.183083362, 0.484272599, -0.855397306, 0.303466797, -0.85546875, -0.419433594, -0.93495899, -0.182680276, -0.303600938, 0, 2, 5, 1, 
408.223812, 56, 0.1, 0.1, 0.0195817369, 0.369892714, -0.0199524271, 0.977783109, -0.209619158, -6.9586302e-006, -0.209619158, -0.977783109, -3.21902078e-005, -5.63468262e-008, 3.29337036e-005, -0.999999999, 0.97778307, -0.209619339, 1.5368201e-006, -0.209619339, -0.97778307, 6.89424998e-008, 1.488225e-006, -3.89558023e-007, -1, 0, 0, 0, 0, 0, 0, 0, 0.341259961, -0.145140674, -0.168403101, -0.0220410434, 0.664623379, -0.746821446, -0.748901367, 0.483886719, 0.452758789, 0.662235968, 0.569298776, 0.487206821, 0, 0, -0, 0, 0, 0, 0, 0.397175977, -0.122072852, -0.129252539, 0.176611165, 0.487523089, -0.854949979, 0.313598633, -0.851196289, -0.420654297, -0.932938906, -0.193753708, -0.303185694, 0, 2, 5, 1, 
408.224596, 56, 0.1, 0.1, 0.0195817381, 0.36989271, -0.0199535351, 0.977783297, -0.20961828, 1.4087721e-005, -0.20961828, -0.977783297, 3.05056456e-005, 7.38019739e-006, -3.27809546e-005, -0.999999999, 0.977783273, -0.209618393, -3.88058065e-006, -0.209618393, -0.977783273, 1.53750106e-005, -7.01725186e-006, -1.42199871e-005, -1, 0, 0, 0, 0, 0, 0, 0, 0.341259961, -0.145140674, -0.168403101, -0.0220410434, 0.664623379, -0.746821446, -0.748901367, 0.483886719, 0.452758789, 0.662235968, 0.569298776, 0.487206821, 0, 0, -0, 0, 0, 0, 0, 0.397175977, -0.122072852, -0.129252539, 0.176611165, 0.487523089, -0.854949979, 0.313598633, -0.851196289, -0.420654297, -0.932938906, -0.193753708, -0.303185694, 0, 2, 5, 1, 
408.225381, 56, 0.1, 0.1, 0.0195817385, 0.369892709, -0.0199585999, 0.977783449, -0.209617574, -2.87190769e-006, -0.209617574, -0.977783449, -2.12223625e-005, 1.64047632e-006, 2.13528771e-005, -1, 0.977783413, -0.20961774, -2.56460212e-006, -0.20961774, -0.977783413, -2.30614819e-005, 2.32647031e-006, 2.30867206e-005, -1, 0, 0, 0, 0, 0, 0, 0, 0.341259961, -0.145140674, -0.168403101, -0.0220410434, 0.664623379, -0.746821446, -0.748901367, 0.483886719, 0.452758789, 0.662235968, 0.569298776, 0.487206821, 0, 0, -0, 0, 0, 0, 0, 0.397175977, -0.122072852, -0.129252539, 0.176611165, 0.487523089, -0.854949979, 0.313598633, -0.851196289, -0.420654297, -0.932938906, -0.193753708, -0.303185694, 0, 2, 5, 1, 
408.226194, 56, 0.1, 0.1, 0.0195817419, 0.369892713, -0.0199655222, 0.977783559, -0.209617057, 3.95554619e-005, -0.209617058, -0.977783559, 1.80663703e-005, 3.48896609e-005, -2.59564994e-005, -0.999999999, 0.977783551, -0.209617096, 3.14014165e-005, -0.209617097, -0.977783551, 3.30214511e-005, 2.37819278e-005, -3.88701054e-005, -0.999999999, 0, 0, 0, 0, 0, 0, 0, 0.341531372, -0.14799314, -0.168132251, -0.0296641221, 0.665329931, -0.745806732, -0.751098633, 0.477416992, 0.455810547, 0.659364811, 0.57375977, 0.485810186, 0, 0, -0, 0, 0, 0, 0, 0.397976025, -0.12434043, -0.128337842, 0.171269861, 0.489802734, -0.854745455, 0.321655273, -0.84777832, -0.421508789, -0.931168188, -0.202597068, -0.302795969, 0, 2, 5, 1, 
408.226978, 56, 0.1, 0.1, 0.0195817416, 0.369892704, -0.0199717318, 0.977783523, -0.209617227, -2.98635916e-005, -0.209617228, -0.977783522, -5.18972141e-005, -1.83215776e-005, 5.70041641e-005, -0.999999998, 0.977783536, -0.209617164, -2.80737584e-005, -0.209617165, -0.977783535, -5.5278356e-005, -1.58627665e-005, 5.9935008e-005, -0.999999998, 0, 0, 0, 0, 0, 0, 0, 0.341531372, -0.14799314, -0.168132251, -0.0296641221, 0.665329931, -0.745806732, -0.751098633, 0.477416992, 0.455810547, 0.659364811, 0.57375977, 0.485810186, 0, 0, -0, 0, 0, 0, 0, 0.397976025, -0.12434043, -0.128337842, 0.171269861, 0.489802734, -0.854745455, 0.321655273, -0.84777832, -0.421508789, -0.931168188, -0.202597068, -0.302795969, 0, 2, 5, 1, 
408.22776, 56, 0.1, 0.1, 0.0195817429, 0.369892703, -0.0199755737, 0.977783487, -0.209617397, 5.18103976e-006, -0.209617397, -0.977783486, 4.14056236e-005, -3.61340392e-006, -4.1571771e-005, -0.999999999, 0.977783483, -0.209617413, 1.34492568e-005, -0.209617413, -0.977783483, 2.86640053e-005, 7.14198652e-006, -3.08463894e-005, -0.999999999, 0, 0, 0, 0, 0, 0, 0, 0.341531372, -0.14799314, -0.168132251, -0.0296641221, 0.665329931, -0.745806732, -0.751098633, 0.477416992, 0.455810547, 0.659364811, 0.57375977, 0.485810186, 0, 0, -0, 0, 0, 0, 0, 0.397976025, -0.12434043, -0.128337842, 0.171269861, 0.489802734, -0.854745455, 0.321655273, -0.84777832, -0.421508789, -0.931168188, -0.202597068, -0.302795969, 0, 2, 5, 1, 
408.228546, 56, 0.1, 0.1, 0.0195817461, 0.369892705, -0.0199759712, 0.977783491, -0.209617377, 9.18167011e-006, -0.209617377, -0.977783491, -2.39361786e-005, 1.39951244e-005, 2.14797627e-005, -1, 0.977783497, -0.209617347, 1.63505914e-005, -0.209617347, -0.977783497, -1.01221076e-005, 1.81091078e-005, 6.46986221e-006, -1, 0, 0, 0, 0, 0, 0, 0, 0.341531372, -0.14799314, -0.168132251, -0.0296641221, 0.665329931, -0.745806732, -0.751098633, 0.477416992, 0.455810547, 0.659364811, 0.57375977, 0.485810186, 0, 0, -0, 0, 0, 0, 0, 0.397976025, -0.12434043, -0.128337842, 0.171269861, 0.489802734, -0.854745455, 0.321655273, -0.84777832, -0.421508789, -0.931168188, -0.202597068, -0.302795969, 0, 2, 5, 1, 
408.229331, 56, 0.1, 0.1, 0.0195817426, 0.369892704, -0.019972994, 0.977783396, -0.209617819, -1.40519748e-005, -0.209617818, -0.977783396, 2.60381338e-005, -1.91978445e-005, -2.25141106e-005, -1, 0.977783424, -0.209617689, -2.60338057e-005, -0.209617689, -0.977783424, 1.71157162e-005, -2.90431806e-005, -1.12783174e-005, -1, 0, 0, 0, 0, 0, 0, 0, 0.341531372, -0.14799314, -0.168132251, -0.0296641221, 0.665329931, -0.745806732, -0.751098633, 0.477416992, 0.455810547, 0.659364811, 0.57375977, 0.485810186, 0, 0, -0, 0, 0, 0, 0, 0.397976025, -0.12434043, -0.128337842, 0.171269861, 0.489802734, -0.854745455, 0.321655273, -0.84777832, -0.421508789, -0.931168188, -0.202597068, -0.302795969, 0, 2, 5, 1, 
408.230123, 56, 0.1, 0.1, 0.0195817435, 0.369892703, -0.0199677739, 0.977783205, -0.209618713, -1.09733719e-005, -0.209618713, -0.977783205, -1.04454498e-005, -8.54001703e-006, 1.25136095e-005, -1, 0.977783247, -0.209618515, -1.02754835e-005, -0.209618515, -0.977783247, -1.42068918e-005, -7.06916807e-006, 1.60451924e-005, -1, 0, 0, 0, 0, 0, 0, 0, 0.341531372, -0.14799314, -0.168132251, -0.0296641221, 0.665329931, -0.745806732, -0.751098633, 0.477416992, 0.455810547, 0.659364811, 0.57375977, 0.485810186, 0, 0, -0, 0, 0, 0, 0, 0.397976025, -0.12434043, -0.128337842, 0.171269861, 0.489802734, -0.854745455, 0.321655273, -0.84777832, -0.421508789, -0.931168188, -0.202597068, -0.302795969, 0, 2, 5, 1, 
408.230944, 56, 0.1, 0.1, 0.0195817451, 0.369892703, -0.0199618002, 0.977782998, -0.209619676, -5.983734e-006, -0.209619676, -0.977782998, 1.64601841e-005, -9.30117183e-006, -1.48401798e-005, -1, 0.977783035, -0.209619502, 6.79552326e-006, -0.209619502, -0.977783035, -2.98692502e-006, 7.2706651e-006, 1.49609041e-006, -1, 0, 0, 0, 0, 0, 0, 0, 0.341910913, -0.150685718, -0.16771189, -0.0394645277, 0.664628988, -0.746144469, -0.754394531, 0.469848633, 0.458374023, 0.655231814, 0.581039121, 0.482897472, 0, 0, -0, 0, 0, 0, 0, 0.398689893, -0.126556641, -0.12725752, 0.16455486, 0.490248228, -0.855761144, 0.330810547, -0.844726563, -0.420410156, -0.929173623, -0.213842574, -0.301307067, 0, 2, 5, 1, 
408.231729, 56, 0.1, 0.1, 0.0195817453, 0.369892699, -0.0199575265, 0.977782822, -0.209620498, -1.5132612e-006, -0.209620497, -0.977782822, -2.70873098e-005, 4.19841454e-006, 2.68027167e-005, -1, 0.977782855, -0.209620346, 1.07078288e-006, -0.209620345, -0.977782854, -3.34056314e-005, 8.04949314e-006, 3.24389958e-005, -0.999999999, 0, 0, 0, 0, 0, 0, 0, 0.341910913, -0.150685718, -0.16771189, -0.0394645277, 0.664628988, -0.746144469, -0.754394531, 0.469848633, 0.458374023, 0.655231814, 0.581039121, 0.482897472, 0, 0, -0, 0, 0, 0, 0, 0.398689893, -0.126556641, -0.12725752, 0.16455486, 0.490248228, -0.855761144, 0.330810547, -0.844726563, -0.420410156, -0.929173623, -0.213842574, -0.301307067, 0, 2, 5, 1, 
408.232517, 56, 0.1, 0.1, 0.0195817485, 0.369892705, -0.0199562401, 0.977782604, -0.209621512, 3.99777135e-005, -0.209621513, -0.977782604, 2.29593428e-005, 3.42767407e-005, -3.08294347e-005, -0.999999999, 0.977782658, -0.209621259, 3.27732466e-005, -0.20962126, -0.977782658, 4.06409168e-005, 2.3525912e-005, -4.6607953e-005, -0.999999999, 0, 0, 0, 0, 0, 0, 0, 0.341910913, -0.150685718, -0.16771189, -0.0394645277, 0.664628988, -0.746144469, -0.754394531, 0.469848633, 0.458374023, 0.655231814, 0.581039121, 0.482897472, 0, 0, -0, 0, 0, 0, 0, 0.398689893, -0.126556641, -0.12725752, 0.16455486, 0.490248228, -0.855761144, 0.330810547, -0.844726563, -0.420410156, -0.929173623, -0.213842574, -0.301307067, 0, 2, 5, 1, 
408.233302, 56, 0.1, 0.1, 0.019581743, 0.369892693, -0.0199581347, 0.977782257, -0.209623124, -6.37582496e-005, -0.209623127, -0.977782257, -5.74311218e-005, -5.0302794e-005, 6.95203355e-005, -0.999999996, 0.977782332, -0.209622774, -6.17434738e-005, -0.209622778, -0.977782331, -6.62154968e-005, -4.64914016e-005, 7.76871814e-005, -0.999999996, 0, 0, 0, 0, 0, 0, 0, 0.341910913, -0.150685718, -0.16771189, -0.0394645277, 0.664628988, -0.746144469, -0.754394531, 0.469848633, 0.458374023, 0.655231814, 0.581039121, 0.482897472, 0, 0, -0, 0, 0, 0, 0, 0.398689893, -0.126556641, -0.12725752, 0.16455486, 0.490248228, -0.855761144, 0.330810547, -0.844726563, -0.420410156, -0.929173623, -0.213842574, -0.301307067, 0, 2, 5, 1, 
408.234084, 56, 0.1, 0.1, 0.0195817482, 0.369892699, -0.0199623957, 0.977781878, -0.209624888, 7.16911786e-005, -0.209624893, -0.977781876, 7.99195942e-005, 5.33451992e-005, -9.31721866e-005, -0.999999994, 0.977781948, -0.209624567, 5.93370358e-005, -0.20962457, -0.977781947, 6.51438017e-005, 4.43629411e-005, -7.61349339e-005, -0.999999996, 0, 0, 0, 0, 0, 0, 0, 0.341910913, -0.150685718, -0.16771189, -0.0394645277, 0.664628988, -0.746144469, -0.754394531, 0.469848633, 0.458374023, 0.655231814, 0.581039121, 0.482897472, 0, 0, -0, 0, 0, 0, 0, 0.398689893, -0.126556641, -0.12725752, 0.16455486, 0.490248228, -0.855761144, 0.330810547, -0.844726563, -0.420410156, -0.929173623, -0.213842574, -0.301307067, 0, 2, 5, 1, 
408.23487, 56, 0.1, 0.1, 0.0195817517, 0.369892707, -0.0199675316, 0.977781574, -0.20962631, -5.56127941e-005, -0.209626312, -0.977781575, -1.78839396e-005, -5.06282211e-005, 2.91444915e-005, -0.999999998, 0.97778162, -0.209626103, -2.34267583e-005, -0.209626102, -0.97778162, 2.36789167e-005, -2.78699727e-005, -1.82419495e-005, -0.999999999, 0, 0, 0, 0, 0, 0, 0, 0.341910913, -0.150685718, -0.16771189, -0.0394645277, 0.664628988, -0.746144469, -0.754394531, 0.469848633, 0.458374023, 0.655231814, 0.581039121, 0.482897472, 0, 0, -0, 0, 0, 0, 0, 0.398689893, -0.126556641, -0.12725752, 0.16455486, 0.490248228, -0.855761144, 0.330810547, -0.844726563, -0.420410156, -0.929173623, -0.213842574, -0.301307067, 0, 2, 5, 1, 
408.235684, 56, 0.1, 0.1, 0.01958174, 0.36989269, -0.0199716715, 0.977781436, -0.209626963, -1.16251687e-005, -0.209626963, -0.977781433, -6.76435859e-005, 2.8130454e-006, 6.85775913e-005, -0.999999998, 0.977781455, -0.209626867, -4.58174971e-005, -0.20962687, -0.977781453, -7.93393659e-005, -2.81678362e-005, 8.71811392e-005, -0.999999996, 0, 0, 0, 0, 0, 0, 0, 0.342294604, -0.153646338, -0.167087939, -0.0491383745, 0.663020793, -0.746863004, -0.75793457, 0.462158203, 0.460205078, 0.65033722, 0.588832942, 0.479921479, 0, 0, -0, 0, 0, 0, 0, 0.398689893, -0.126556641, -0.12725752, 0.158006103, 0.490444355, -0.856955837, 0.341308594, -0.841430664, -0.418579102, -0.92642513, -0.226218974, -0.300450693, 0, 2, 5, 1, 
408.236465, 56, 0.1, 0.1, 0.0195817459, 0.369892695, -0.0199732607, 0.977781495, -0.209626687, 1.25977802e-005, -0.209626688, -0.977781491, 8.77015564e-005, -6.0667104e-006, -8.83937899e-005, -0.999999996, 0.977781465, -0.209626826, 2.79026016e-005, -0.209626827, -0.977781463, 6.50990786e-005, 1.36361334e-005, -6.95018063e-005, -0.999999997, 0, 0, 0, 0, 0, 0, 0, 0.342294604, -0.153646338, -0.167087939, -0.0491383745, 0.663020793, -0.746863004, -0.75793457, 0.462158203, 0.460205078, 0.65033722, 0.588832942, 0.479921479, 0, 0, -0, 0, 0, 0, 0, 0.399653857, -0.128813135, -0.125979102, 0.158006103, 0.490444355, -0.856955837, 0.341308594, -0.841430664, -0.418579102, -0.92642513, -0.226218974, -0.300450693, 0, 2, 5, 1, 
408.237249, 56, 0.1, 0.1, 0.0195817486, 0.369892709, -0.0199724344, 0.977781644, -0.20962599, 1.49552235e-005, -0.20962599, -0.977781644, 1.26201612e-005, 1.19774292e-005, -1.54747655e-005, -1, 0.977781622, -0.209626096, 1.62840738e-005, -0.209626096, -0.977781621, 4.7981036e-005, 5.86419083e-006, -5.0328542e-005, -0.999999999, 0, 0, 0, 0, 0, 0, 0, 0.342294604, -0.153646338, -0.167087939, -0.0491383745, 0.663020793, -0.746863004, -0.75793457, 0.462158203, 0.460205078, 0.65033722, 0.588832942, 0.479921479, 0, 0, -0, 0, 0, 0, 0, 0.399653857, -0.128813135, -0.125979102, 0.158006103, 0.490444355, -0.856955837, 0.341308594, -0.841430664, -0.418579102, -0.92642513, -0.226218974, -0.300450693, 0, 2, 5, 1, 
408.238079, 56, 0.1, 0.1, 0.0195817469, 0.369892693, -0.0199692044, 0.977781688, -0.209625786, 1.6304789e-006, -0.209625785, -0.977781685, -7.77594558e-005, 1.78946394e-005, 7.56899815e-005, -0.999999997, 0.977781676, -0.209625843, -1.84926517e-005, -0.209625844, -0.977781672, -8.18302804e-005, -9.28034426e-007, 8.38886864e-005, -0.999999996, 0, 0, 0, 0, 0, 0, 0, 0.342294604, -0.153646338, -0.167087939, -0.0491383745, 0.663020793, -0.746863004, -0.75793457, 0.462158203, 0.460205078, 0.65033722, 0.588832942, 0.479921479, 0, 0, -0, 0, 0, 0, 0, 0.399653857, -0.128813135, -0.125979102, 0.158006103, 0.490444355, -0.856955837, 0.341308594, -0.841430664, -0.418579102, -0.92642513, -0.226218974, -0.300450693, 0, 2, 5, 1, 
408.238972, 56, 0.1, 0.1, 0.0195817498, 0.369892696, -0.0199628602, 0.977781822, -0.20962516, 8.86005411e-006, -0.20962516, -0.97778182, 7.41076325e-005, -6.87162452e-006, -7.43183863e-005, -0.999999997, 0.977781802, -0.209625253, 5.99568028e-007, -0.209625253, -0.9777818, 6.44951062e-005, -1.29335562e-005, -6.31878258e-005, -0.999999998, 0, 0, 0, 0, 0, 0, 0, 0.343204712, -0.154303613, -0.166395752, -0.0613905641, 0.662657587, -0.746374743, -0.764404297, 0.449462891, 0.462036133, 0.64164887, 0.599025007, 0.479102594, 0, 0, -0, 0, 0, 0, 0, 0.400693848, -0.128857227, -0.124895605, 0.148888957, 0.491706845, -0.857811845, 0.35559082, -0.83605957, -0.417602539, -0.922596415, -0.242902032, -0.299313236, 0, 2, 5, 1, 
408.239751, 56, 0.1, 0.1, 0.019581751, 0.369892698, -0.0199585832, 0.977781856, -0.209625, -3.54830042e-005, -0.209625002, -0.977781855, -4.96907614e-005, -2.42782118e-005, 5.60248497e-005, -0.999999998, 0.977781852, -0.209625019, -2.12140727e-005, -0.20962502, -0.977781852, -2.28706425e-005, -1.59484764e-005, 2.68094996e-005, -1, 0, 0, 0, 0, 0, 0, 0, 0.343204712, -0.154303613, -0.166395752, -0.0613905641, 0.662657587, -0.746374743, -0.764404297, 0.449462891, 0.462036133, 0.64164887, 0.599025007, 0.479102594, 0, 0, -0, 0, 0, 0, 0, 0.400693848, -0.128857227, -0.124895605, 0.148888957, 0.491706845, -0.857811845, 0.35559082, -0.83605957, -0.417602539, -0.922596415, -0.242902032, -0.299313236, 0, 2, 5, 1, 
408.240529, 56, 0.1, 0.1, 0.01958175, 0.369892691, -0.0199570645, 0.977781927, -0.209624672, 1.01937755e-005, -0.209624672, -0.977781926, 3.76217123e-005, 2.08085035e-006, -3.89226972e-005, -0.999999999, 0.977781915, -0.209624727, -4.93886562e-006, -0.209624727, -0.977781915, -7.84923597e-006, -3.18373953e-006, 8.71014934e-006, -1, 0, 0, 0, 0, 0, 0, 0, 0.343204712, -0.154303613, -0.166395752, -0.0613905641, 0.662657587, -0.746374743, -0.764404297, 0.449462891, 0.462036133, 0.64164887, 0.599025007, 0.479102594, 0, 0, -0, 0, 0, 0, 0, 0.400693848, -0.128857227, -0.124895605, 0.148888957, 0.491706845, -0.857811845, 0.35559082, -0.83605957, -0.417602539, -0.922596415, -0.242902032, -0.299313236, 0, 2, 5, 1, 
408.241307, 56, 0.1, 0.1, 0.0195817555, 0.369892703, -0.0199586758, 0.977781983, -0.209624409, 1.66072648e-005, -0.209624409, -0.977781983, 2.30956175e-005, 1.13968791e-005, -2.60637668e-005, -1, 0.977781982, -0.209624411, 3.35590819e-005, -0.209624413, -0.977781981, 5.42880034e-005, 2.14333748e-005, -6.01166345e-005, -0.999999998, 0, 0, 0, 0, 0, 0, 0, 0.343204712, -0.154303613, -0.166395752, -0.0613905641, 0.662657587, -0.746374743, -0.764404297, 0.449462891, 0.462036133, 0.64164887, 0.599025007, 0.479102594, 0, 0, -0, 0, 0, 0, 0, 0.400693848, -0.128857227, -0.124895605, 0.148888957, 0.491706845, -0.857811845, 0.35559082, -0.83605957, -0.417602539, -0.922596415, -0.242902032, -0.299313236, 0, 2, 5, 1, 
408.242089, 56, 0.1, 0.1, 0.0195817527, 0.369892691, -0.0199625997, 0.977782002, -0.209624323, 1.5160065e-005, -0.209624321, -0.977782001, -5.75156063e-005, 2.68799087e-005, 5.30598063e-005, -0.999999998, 0.977781991, -0.209624372, -1.5508959e-005, -0.209624373, -0.977781989, -6.59367625e-005, -1.34242833e-006, 6.77228347e-005, -0.999999998, 0, 0, 0, 0, 0, 0, 0, 0.343204712, -0.154303613, -0.166395752, -0.0613905641, 0.662657587, -0.746374743, -0.764404297, 0.449462891, 0.462036133, 0.64164887, 0.599025007, 0.479102594, 0, 0, -0, 0, 0, 0, 0, 0.400693848, -0.128857227, -0.124895605, 0.148888957, 0.491706845, -0.857811845, 0.35559082, -0.83605957, -0.417602539, -0.922596415, -0.242902032, -0.299313236, 0, 2, 5, 1, 
408.242872, 56, 0.1, 0.1, 0.0195817587, 0.369892695, -0.019967354, 0.977782182, -0.209623482, -1.51304088e-005, -0.209623481, -0.977782181, 5.18628192e-005, -2.56659088e-005, -4.75388516e-005, -0.999999999, 0.977782132, -0.209623715, 1.74081729e-005, -0.209623715, -0.977782131, 4.66988051e-005, 7.23222341e-006, -4.93104231e-005, -0.999999999, 0, 0, 0, 0, 0, 0, 0, 0.343204712, -0.154303613, -0.166395752, -0.0613905641, 0.662657587, -0.746374743, -0.764404297, 0.449462891, 0.462036133, 0.64164887, 0.599025007, 0.479102594, 0, 0, -0, 0, 0, 0, 0, 0.400693848, -0.128857227, -0.124895605, 0.148888957, 0.491706845, -0.857811845, 0.35559082, -0.83605957, -0.417602539, -0.922596415, -0.242902032, -0.299313236, 0, 2, 5, 1, 
408.243681, 56, 0.1, 0.1, 0.0195817497, 0.369892693, -0.019971092, 0.977782535, -0.209621833, -2.18429615e-005, -0.209621834, -0.977782534, -5.08334081e-005, -1.0701874e-005, 5.42827803e-005, -0.999999998, 0.977782455, -0.209622206, -4.40568862e-005, -0.209622208, -0.977782455, -3.74386453e-005, -3.52300789e-005, 4.58421523e-005, -0.999999998, 0, 0, 0, 0, 0, 0, 0, 0.343426416, -0.155013477, -0.167305176, -0.0742122686, 0.665903168, -0.742319634, -0.767700195, 0.436889648, 0.46875, 0.636387705, 0.604690554, 0.478954696, 0, 0, -0, 0, 0, 0, 0, 0.400939941, -0.128401709, -0.126318408, 0.135030585, 0.496407225, -0.857389304, 0.366699219, -0.828979492, -0.422119141, -0.920370707, -0.25725987, -0.293990888, 0, 2, 5, 1, 
408.244462, 56, 0.1, 0.1, 0.0195817594, 0.369892687, -0.0199726705, 0.977783011, -0.209619612, 4.81652207e-005, -0.209619613, -0.977783011, 2.5033002e-005, 4.18477263e-005, -3.4573219e-005, -0.999999999, 0.977782906, -0.209620097, 5.52872449e-005, -0.209620097, -0.977782908, 3.35016269e-006, 5.33566617e-005, -1.48650495e-005, -0.999999998, 0, 0, 0, 0, 0, 0, 0, 0.343426416, -0.155013477, -0.167305176, -0.0742122686, 0.665903168, -0.742319634, -0.767700195, 0.436889648, 0.46875, 0.636387705, 0.604690554, 0.478954696, 0, 0, -0, 0, 0, 0, 0, 0.400939941, -0.128401709, -0.126318408, 0.135030585, 0.496407225, -0.857389304, 0.366699219, -0.828979492, -0.422119141, -0.920370707, -0.25725987, -0.293990888, 0, 2, 5, 1, 
408.245245, 56, 0.1, 0.1, 0.0195817573, 0.369892692, -0.0199719569, 0.977783595, -0.209616887, -3.79978222e-005, -0.209616888, -0.977783596, -1.26285284e-005, -3.45064944e-005, 2.03129531e-005, -0.999999999, 0.977783472, -0.209617463, -3.42158252e-005, -0.209617463, -0.977783472, 1.70272419e-005, -3.70248756e-005, -9.47672128e-006, -0.999999999, 0, 0, 0, 0, 0, 0, 0, 0.343426416, -0.155013477, -0.167305176, -0.0742122686, 0.665903168, -0.742319634, -0.767700195, 0.436889648, 0.46875, 0.636387705, 0.604690554, 0.478954696, 0, 0, -0, 0, 0, 0, 0, 0.400939941, -0.128401709, -0.126318408, 0.135030585, 0.496407225, -0.857389304, 0.366699219, -0.828979492, -0.422119141, -0.920370707, -0.25725987, -0.293990888, 0, 2, 5, 1, 
408.246028, 56, 0.1, 0.1, 0.0195817568, 0.369892685, -0.0199693362, 0.977784252, -0.209613825, 1.762554e-006, -0.209613825, -0.977784252, -5.95754746e-007, 1.84827598e-006, 2.13063922e-007, -1, 0.977784122, -0.209614435, 6.22085072e-006, -0.209614435, -0.977784121, -2.77897923e-005, 1.19077907e-005, 2.58684375e-005, -1, 0, 0, 0, 0, 0, 0, 0, 0.343426416, -0.155013477, -0.167305176, -0.0742122686, 0.665903168, -0.742319634, -0.767700195, 0.436889648, 0.46875, 0.636387705, 0.604690554, 0.478954696, 0, 0, -0, 0, 0, 0, 0, 0.400939941, -0.128401709, -0.126318408, 0.135030585, 0.496407225, -0.857389304, 0.366699219, -0.828979492, -0.422119141, -0.920370707, -0.25725987, -0.293990888, 0, 2, 5, 1, 
408.246809, 56, 0.1, 0.1, 0.0195817568, 0.369892696, -0.0199658038, 0.977784854, -0.209611018, 2.07433756e-005, -0.209611019, -0.977784853, 3.98751519e-005, 1.19242873e-005, -4.33373597e-005, -0.999999999, 0.977784743, -0.209611537, 5.19145752e-007, -0.209611537, -0.977784741, 6.27980355e-005, -1.265558e-005, -6.15117799e-005, -0.999999998, 0, 0, 0, 0, 0, 0, 0, 0.343426416, -0.155013477, -0.167305176, -0.0742122686, 0.665903168, -0.742319634, -0.767700195, 0.436889648, 0.46875, 0.636387705, 0.604690554, 0.478954696, 0, 0, -0, 0, 0, 0, 0, 0.400939941, -0.128401709, -0.126318408, 0.135030585, 0.496407225, -0.857389304, 0.366699219, -0.828979492, -0.422119141, -0.920370707, -0.25725987, -0.293990888, 0, 2, 5, 1, 
408.247587, 56, 0.1, 0.1, 0.0195817559, 0.369892687, -0.0199626111, 0.977785233, -0.209609245, -4.29960594e-005, -0.209609247, -0.977785232, -5.2175118e-005, -3.11045249e-005, 6.00284315e-005, -0.999999998, 0.977785176, -0.209609514, -3.20070587e-005, -0.209609515, -0.977785175, -5.86434613e-005, -1.90038001e-005, 6.40496912e-005, -0.999999998, 0, 0, 0, 0, 0, 0, 0, 0.343426416, -0.155013477, -0.167305176, -0.0742122686, 0.665903168, -0.742319634, -0.767700195, 0.436889648, 0.46875, 0.636387705, 0.604690554, 0.478954696, 0, 0, -0, 0, 0, 0, 0, 0.400939941, -0.128401709, -0.126318408, 0.135030585, 0.496407225, -0.857389304, 0.366699219, -0.828979492, -0.422119141, -0.920370707, -0.25725987, -0.293990888, 0, 2, 5, 1, 
408.248397, 56, 0.1, 0.1, 0.0195817593, 0.369892692, -0.0199604151, 0.977785473, -0.209608126, 4.47407425e-005, -0.209608129, -0.977785471, 7.12388365e-005, 2.8814609e-005, -7.90343228e-005, -0.999999996, 0.977785428, -0.209608337, 4.28381169e-005, -0.20960834, -0.977785427, 6.04061247e-005, 2.92248591e-005, -6.8043455e-005, -0.999999997, 0, 0, 0, 0, 0, 0, 0, 0.34390127, -0.155560522, -0.167813525, -0.0864060484, 0.667917988, -0.739146689, -0.771362305, 0.424560547, 0.473876953, 0.630409126, 0.611168994, 0.478699334, 0, 0, -0, 0, 0, 0, 0, 0.40145249, -0.12821582, -0.127537988, 0.121766461, 0.500353675, -0.857184047, 0.377319336, -0.822021484, -0.426269531, -0.917959798, -0.271451464, -0.288936864, 0, 2, 5, 1, 
408.249179, 56, 0.1, 0.1, 0.0195817589, 0.369892695, -0.0199601781, 0.97778576, -0.209606794, -1.46473806e-005, -0.209606795, -0.977785758, -5.45277703e-005, -2.89260901e-006, 5.63866678e-005, -0.999999998, 0.977785686, -0.209607135, -2.47160174e-005, -0.209607135, -0.977785686, -2.20914446e-005, -1.95364436e-005, 2.6781352e-005, -0.999999999, 0, 0, 0, 0, 0, 0, 0, 0.34390127, -0.155560522, -0.167813525, -0.0864060484, 0.667917988, -0.739146689, -0.771362305, 0.424560547, 0.473876953, 0.630409126, 0.611168994, 0.478699334, 0, 0, -0, 0, 0, 0, 0, 0.40145249, -0.12821582, -0.127537988, 0.121766461, 0.500353675, -0.857184047, 0.377319336, -0.822021484, -0.426269531, -0.917959798, -0.271451464, -0.288936864, 0, 2, 5, 1, 
408.249959, 56, 0.1, 0.1, 0.0195817639, 0.369892684, -0.0199618602, 0.977786183, -0.209604821, 7.16913785e-006, -0.209604821, -0.977786182, 2.15860333e-005, 2.48534728e-006, -2.26092109e-005, -1, 0.977786094, -0.209605232, 2.39119439e-005, -0.209605231, -0.977786094, -2.55769782e-005, 2.87418347e-005, 1.99967451e-005, -0.999999999, 0, 0, 0, 0, 0, 0, 0, 0.34390127, -0.155560522, -0.167813525, -0.0864060484, 0.667917988, -0.739146689, -0.771362305, 0.424560547, 0.473876953, 0.630409126, 0.611168994, 0.478699334, 0, 0, -0, 0, 0, 0, 0, 0.40145249, -0.12821582, -0.127537988, 0.121766461, 0.500353675, -0.857184047, 0.377319336, -0.822021484, -0.426269531, -0.917959798, -0.271451464, -0.288936864, 0, 2, 5, 1, 
408.25077, 56, 0.1, 0.1, 0.0195817547, 0.369892697, -0.0199647277, 0.977786705, -0.209602381, -3.93564624e-005, -0.20960238, -0.977786706, 2.41594617e-005, -4.35461064e-005, -1.53735923e-005, -0.999999999, 0.977786594, -0.209602894, -5.30544973e-005, -0.209602891, -0.977786595, 5.61507006e-005, -6.36453256e-005, -4.37830263e-005, -0.999999997, 0, 0, 0, 0, 0, 0, 0, 0.344638062, -0.156556738, -0.168312476, -0.0978131443, 0.669894615, -0.735840072, -0.775268555, 0.412231445, 0.478393555, 0.623935173, 0.6174063, 0.479287945, 0, 0, -0, 0, 0, 0, 0, 0.40145249, -0.12821582, -0.127537988, 0.108572699, 0.504434288, -0.856442145, 0.388305664, -0.814575195, -0.430541992, -0.915050524, -0.285751699, -0.284317406, 0, 2, 5, 1, 
