time, trialNum, realDorsalTactorPos, realVentralTactorPos, boxPosX, boxPosY, boxPosZ, boxLocalRot_11, boxLocalRot_12, boxLocalRot_13, boxLocalRot_21, boxLocalRot_22, boxLocalRot_23, boxLocalRot_31, boxLocalRot_32, boxLocalRot_33, boxGlobalRot_11, boxGlobalRot_12, boxGlobalRot_13, boxGlobalRot_21, boxGlobalRot_22, boxGlobalRot_23, boxGlobalRot_31, boxGlobalRot_32, boxGlobalRot_33, indexForceX, indexForceY, indexForceZ, indexForceGlobalX, indexForceGlobalY, indexForceGlobalZ, indexContact, indexPosX, indexPosY, indexPosZ, indexRot_11, indexRot_12, indexRot_13, indexRot_21, indexRot_22, indexRot_23, indexRot_31, indexRot_32, indexRot_33, thumbForceX, thumbForceY, thumbForceZ, thumbForceGlobalX, thumbForceGlobalY, thumbForceGlobalZ, thumbContact, thumbPosX, thumbPosY, thumbPosZ, thumbRot_11, thumbRot_12, thumbRot_13, thumbRot_21, thumbRot_22, thumbRot_23, thumbRot_31, thumbRot_32, thumbRot_33, manipForceTooHigh, cceExpType, mapping, trialSuccess, 
809.339577, 54, 0.1, 0.1, 0.0323391423, 0.356781275, -0.0199608157, 0.994569103, -7.19591234e-005, 0.104078307, 0.104078304, -3.57359621e-005, -0.994569105, 7.52876594e-005, 0.999999997, -2.80525003e-005, 0.994569134, -5.58607491e-005, 0.104078026, 0.104078025, -2.00705882e-005, -0.994569135, 5.76462841e-005, 0.999999998, -1.41477111e-005, 0, 0, 0, 0, 0, 0, 0, 0.316931982, -0.142579565, -0.185333716, -0.0101135893, 0.583719884, -0.811864244, -0.969726562, 0.192016602, 0.150146484, 0.243594843, 0.788881936, 0.564248232, 0, 0, -0, 0, 0, 0, 0, 0.346179932, -0.11598208, -0.164614502, 0.208664958, -0.120173517, -0.970495672, 0.584960937, -0.779785156, 0.222412109, -0.783628834, -0.614192767, -0.0925520168, 0, 2, 5, 1, 
809.358714, 54, 0.1, 0.1, 0.0323391437, 0.356781265, -0.0199609731, 0.994568373, 2.00159201e-005, 0.104085308, 0.104085308, -5.46626347e-006, -0.994568373, -1.93382434e-005, 1, -7.51993597e-006, 0.994568373, 2.69600397e-005, 0.104085306, 0.104085306, 9.07089247e-006, -0.994568373, -2.77577495e-005, 1, 6.2154788e-006, 0, 0, 0, 0, 0, 0, 0, 0.312974902, -0.147174902, -0.182677417, -0.0539230084, 0.603748685, -0.795265636, -0.962402344, 0.180541992, 0.202392578, 0.265858973, 0.776440291, 0.571506626, 0, 0, -0, 0, 0, 0, 0, 0.342406055, -0.120558057, -0.163323389, 0.173645161, -0.108757037, -0.978753512, 0.602905273, -0.774047852, 0.192993164, -0.778594831, -0.623548719, -0.0688714087, 0, 2, 5, 1, 
809.359597, 54, 0.1, 0.1, 0.0323391438, 0.356781265, -0.0199637489, 0.994568404, 1.64019491e-005, 0.104085015, 0.104085015, -1.92643776e-006, -0.994568404, -1.6112347e-005, 1, -3.62317124e-006, 0.994568398, 1.14360864e-005, 0.104085073, 0.104085073, -2.194535e-006, -0.994568398, -1.11455518e-005, 1, -3.37294105e-006, 0, 0, 0, 0, 0, 0, 0, 0.312974902, -0.147174902, -0.182677417, -0.0539230084, 0.603748685, -0.795265636, -0.962402344, 0.180541992, 0.202392578, 0.265858973, 0.776440291, 0.571506626, 0, 0, -0, 0, 0, 0, 0, 0.342452295, -0.121205322, -0.162199609, 0.170565645, -0.10782447, -0.979360153, 0.60534668, -0.772705078, 0.190551758, -0.777322846, -0.625414586, -0.0666030578, 0, 2, 5, 1, 
809.360385, 54, 0.1, 0.1, 0.0323391449, 0.356781264, -0.0199663217, 0.994568412, 4.69039853e-006, 0.104084931, 0.104084931, 6.11395273e-006, -0.994568412, -5.30129257e-006, 1, 5.59254445e-006, 0.994568413, -1.17541783e-005, 0.104084924, 0.104084924, -6.85777102e-006, -0.994568413, 1.2404125e-005, 1, -5.59708969e-006, 0, 0, 0, 0, 0, 0, 0, 0.312974902, -0.147174902, -0.182677417, -0.0539230084, 0.603748685, -0.795265636, -0.962402344, 0.180541992, 0.202392578, 0.265858973, 0.776440291, 0.571506626, 0, 0, -0, 0, 0, 0, 0, 0.342452295, -0.121205322, -0.162199609, 0.170565645, -0.10782447, -0.979360153, 0.60534668, -0.772705078, 0.190551758, -0.777322846, -0.625414586, -0.0666030578, 0, 2, 5, 1, 
809.36118, 54, 0.1, 0.1, 0.0323391457, 0.356781265, -0.0199683897, 0.994568425, -1.14521181e-005, 0.104084807, 0.104084807, 1.57107867e-006, -0.994568425, 1.12263896e-005, 1, 2.75453674e-006, 0.99456842, -1.78725358e-005, 0.104084855, 0.104084855, 1.41250355e-006, -0.99456842, 1.76284394e-005, 1, 3.26509173e-006, 0, 0, 0, 0, 0, 0, 0, 0.312974902, -0.147174902, -0.182677417, -0.0539230084, 0.603748685, -0.795265636, -0.962402344, 0.180541992, 0.202392578, 0.265858973, 0.776440291, 0.571506626, 0, 0, -0, 0, 0, 0, 0, 0.342452295, -0.121205322, -0.162199609, 0.170565645, -0.10782447, -0.979360153, 0.60534668, -0.772705078, 0.190551758, -0.777322846, -0.625414586, -0.0666030578, 0, 2, 5, 1, 
809.362174, 54, 0.1, 0.1, 0.032339145, 0.356781265, -0.019967175, 0.994568443, -1.73257084e-005, 0.104084638, 0.104084638, -9.76734265e-006, -0.994568443, 1.82482331e-005, 1, -7.91095069e-006, 0.994568444, -1.37549699e-005, 0.104084628, 0.104084628, 3.24590034e-006, -0.994568444, 1.33424107e-005, 1, 4.65995097e-006, 0, 0, 0, 0, 0, 0, 0, 0.312974902, -0.147174902, -0.182677417, -0.0539230084, 0.603748685, -0.795265636, -0.962402344, 0.180541992, 0.202392578, 0.265858973, 0.776440291, 0.571506626, 0, 0, -0, 0, 0, 0, 0, 0.34181709, -0.122079004, -0.161297363, 0.167390247, -0.107051584, -0.979979555, 0.607666016, -0.771484375, 0.187988281, -0.776306424, -0.626929008, -0.0642133053, 0, 2, 5, 1, 
809.36297, 54, 0.1, 0.1, 0.0323391441, 0.356781266, -0.0199646399, 0.994568436, -9.02439043e-006, 0.104084703, 0.104084703, -8.90013489e-006, -0.994568436, 9.90174178e-006, 1, -7.91249225e-006, 0.994568435, 9.62983634e-006, 0.104084713, 0.104084713, -7.48279373e-006, -0.994568435, -8.79868683e-006, 1, -8.4444692e-006, 0, 0, 0, 0, 0, 0, 0, 0.312974902, -0.147174902, -0.182677417, -0.0539230084, 0.603748685, -0.795265636, -0.962402344, 0.180541992, 0.202392578, 0.265858973, 0.776440291, 0.571506626, 0, 0, -0, 0, 0, 0, 0, 0.34181709, -0.122079004, -0.161297363, 0.167390247, -0.107051584, -0.979979555, 0.607666016, -0.771484375, 0.187988281, -0.776306424, -0.626929008, -0.0642133053, 0, 2, 5, 1, 
809.363762, 54, 0.1, 0.1, 0.0323391428, 0.356781266, -0.0199625581, 0.994568455, 1.22904553e-005, 0.104084526, 0.104084526, 6.42372678e-006, -0.994568455, -1.28923097e-005, 1, 5.10958981e-006, 0.994568452, 2.09355469e-005, 0.104084554, 0.104084555, -5.92135677e-006, -0.994568452, -2.02055127e-005, 1, -8.06826171e-006, 0, 0, 0, 0, 0, 0, 0, 0.312974902, -0.147174902, -0.182677417, -0.0539230084, 0.603748685, -0.795265636, -0.962402344, 0.180541992, 0.202392578, 0.265858973, 0.776440291, 0.571506626, 0, 0, -0, 0, 0, 0, 0, 0.34181709, -0.122079004, -0.161297363, 0.167390247, -0.107051584, -0.979979555, 0.607666016, -0.771484375, 0.187988281, -0.776306424, -0.626929008, -0.0642133053, 0, 2, 5, 1, 
809.364568, 54, 0.1, 0.1, 0.0323391425, 0.356781266, -0.0199613626, 0.994568444, 1.94846131e-005, 0.104084624, 0.104084624, 6.67852266e-006, -0.994568445, -2.00739129e-005, 1, 4.61419925e-006, 0.994568447, 1.29520947e-005, 0.104084599, 0.104084599, 5.99020597e-006, -0.994568447, -1.35052329e-005, 1, 4.60955627e-006, 0, 0, 0, 0, 0, 0, 0, 0.312124634, -0.147953125, -0.181230298, -0.0575711099, 0.606089641, -0.793227973, -0.961669922, 0.179443359, 0.20690918, 0.267796287, 0.7748336, 0.572666995, 0, 0, -0, 0, 0, 0, 0, 0.34181709, -0.122079004, -0.161297363, 0.167390247, -0.107051584, -0.979979555, 0.607666016, -0.771484375, 0.187988281, -0.776306424, -0.626929008, -0.0642133053, 0, 2, 5, 1, 
809.365369, 54, 0.1, 0.1, 0.0323391426, 0.356781266, -0.0199614852, 0.994568454, 1.33229061e-005, 0.104084533, 0.104084533, -6.57719721e-006, -0.994568454, -1.25659577e-005, 1, -7.92818133e-006, 0.99456845, -8.79138336e-006, 0.104084576, 0.104084576, 4.44974745e-006, -0.99456845, 8.28048244e-006, 1, 5.34062583e-006, 0, 0, 0, 0, 0, 0, 0, 0.312124634, -0.147953125, -0.181230298, -0.0575711099, 0.606089641, -0.793227973, -0.961669922, 0.179443359, 0.20690918, 0.267796287, 0.7748336, 0.572666995, 0, 0, -0, 0, 0, 0, 0, 0.34181709, -0.122079004, -0.161297363, 0.167390247, -0.107051584, -0.979979555, 0.607666016, -0.771484375, 0.187988281, -0.776306424, -0.626929008, -0.0642133053, 0, 2, 5, 1, 
809.366161, 54, 0.1, 0.1, 0.0323391424, 0.356781267, -0.0199628909, 0.994568456, -7.48808968e-006, 0.104084511, 0.104084511, -7.71447973e-006, -0.994568456, 8.25037565e-006, 1, -6.89318405e-006, 0.994568459, -1.44772357e-005, 0.104084486, 0.104084486, -8.77823553e-006, -0.994568459, 1.53122801e-005, 1, -7.22370055e-006, 0, 0, 0, 0, 0, 0, 0, 0.312124634, -0.147953125, -0.181230298, -0.0602666548, 0.608049799, -0.791507828, -0.960571289, 0.180053711, 0.211425781, 0.271065833, 0.773163631, 0.573383286, 0, 0, -0, 0, 0, 0, 0, 0.34181709, -0.122079004, -0.161297363, 0.167390247, -0.107051584, -0.979979555, 0.607666016, -0.771484375, 0.187988281, -0.776306424, -0.626929008, -0.0642133053, 0, 2, 5, 1, 
809.366994, 54, 0.1, 0.1, 0.032339141, 0.356781266, -0.0199646279, 0.994568451, -1.47971848e-005, 0.104084566, 0.104084567, 6.08807433e-006, -0.994568451, 1.40831386e-005, 1, 7.59516522e-006, 0.994568448, -7.35203499e-006, 0.104084591, 0.104084591, -5.82220493e-006, -0.994568448, 7.91810384e-006, 1, -5.02534777e-006, 0, 0, 0, 0, 0, 0, 0, 0.310880615, -0.149197485, -0.179800757, -0.0602666548, 0.608049799, -0.791507828, -0.960571289, 0.180053711, 0.211425781, 0.271065833, 0.773163631, 0.573383286, 0, 0, -0, 0, 0, 0, 0, 0.340910547, -0.122739453, -0.160393164, 0.16347368, -0.10638734, -0.980796916, 0.610107422, -0.770263672, 0.185302734, -0.775245159, -0.628577591, -0.061107903, 0, 2, 5, 1, 
809.367786, 54, 0.1, 0.1, 0.03233914, 0.356781265, -0.0199662772, 0.994568464, -9.97796147e-006, 0.104084439, 0.104084439, 5.79432979e-006, -0.994568464, 9.32066625e-006, 1, 6.8014082e-006, 0.994568464, 8.29639598e-006, 0.104084442, 0.104084442, 8.19180932e-006, -0.994568464, -9.10397371e-006, 1, 7.28378946e-006, 0, 0, 0, 0, 0, 0, 0, 0.310880615, -0.149197485, -0.179800757, -0.0602666548, 0.608049799, -0.791507828, -0.960571289, 0.180053711, 0.211425781, 0.271065833, 0.773163631, 0.573383286, 0, 0, -0, 0, 0, 0, 0, 0.340910547, -0.122739453, -0.160393164, 0.16347368, -0.10638734, -0.980796916, 0.610107422, -0.770263672, 0.185302734, -0.775245159, -0.628577591, -0.061107903, 0, 2, 5, 1, 
809.368575, 54, 0.1, 0.1, 0.0323391397, 0.356781265, -0.0199675428, 0.994568453, 6.95897047e-006, 0.104084547, 0.104084547, -5.08749439e-006, -0.994568453, -6.39164295e-006, 1, -5.78418271e-006, 0.994568454, 1.23235648e-005, 0.104084531, 0.104084531, 6.91283008e-006, -0.994568454, -1.29761475e-005, 1, 5.59259027e-006, 0, 0, 0, 0, 0, 0, 0, 0.310880615, -0.149197485, -0.179800757, -0.0602666548, 0.608049799, -0.791507828, -0.960571289, 0.180053711, 0.211425781, 0.271065833, 0.773163631, 0.573383286, 0, 0, -0, 0, 0, 0, 0, 0.340910547, -0.122739453, -0.160393164, 0.16347368, -0.10638734, -0.980796916, 0.610107422, -0.770263672, 0.185302734, -0.775245159, -0.628577591, -0.061107903, 0, 2, 5, 1, 
809.369364, 54, 0.1, 0.1, 0.0323391405, 0.356781265, -0.019968054, 0.994568465, 1.25273123e-005, 0.104084433, 0.104084433, -4.05063892e-006, -0.994568465, -1.20376613e-005, 1, -5.33253593e-006, 0.994568462, 7.21312627e-006, 0.104084459, 0.10408446, -4.7732373e-006, -0.994568462, -6.67712808e-006, 1, -5.49808563e-006, 0, 0, 0, 0, 0, 0, 0, 0.310880615, -0.149197485, -0.179800757, -0.0602666548, 0.608049799, -0.791507828, -0.960571289, 0.180053711, 0.211425781, 0.271065833, 0.773163631, 0.573383286, 0, 0, -0, 0, 0, 0, 0, 0.340910547, -0.122739453, -0.160393164, 0.16347368, -0.10638734, -0.980796916, 0.610107422, -0.770263672, 0.185302734, -0.775245159, -0.628577591, -0.061107903, 0, 2, 5, 1, 
809.370159, 54, 0.1, 0.1, 0.0323391413, 0.356781265, -0.0199676584, 0.99456846, 8.43348053e-006, 0.104084479, 0.104084479, 6.21905104e-006, -0.99456846, -9.03498042e-006, 1, 5.30747759e-006, 0.994568463, -8.37482253e-006, 0.104084448, 0.104084448, -6.84876408e-006, -0.994568463, 9.04218421e-006, 1, -5.93987598e-006, 0, 0, 0, 0, 0, 0, 0, 0.310880615, -0.149197485, -0.179800757, -0.0602666548, 0.608049799, -0.791507828, -0.960571289, 0.180053711, 0.211425781, 0.271065833, 0.773163631, 0.573383286, 0, 0, -0, 0, 0, 0, 0, 0.340910547, -0.122739453, -0.160393164, 0.16347368, -0.10638734, -0.980796916, 0.610107422, -0.770263672, 0.185302734, -0.775245159, -0.628577591, -0.061107903, 0, 2, 5, 1, 
809.370949, 54, 0.1, 0.1, 0.0323391413, 0.356781265, -0.0199665732, 0.994568461, -6.92532445e-006, 0.104084464, 0.104084464, 4.14176777e-006, -0.994568461, 6.4566156e-006, 1, 4.84009028e-006, 0.994568458, -1.41077031e-005, 0.104084493, 0.104084493, 3.70946079e-006, -0.994568458, 1.36449792e-005, 1, 5.15770583e-006, 0, 0, 0, 0, 0, 0, 0, 0.310880615, -0.149197485, -0.179800757, -0.0602666548, 0.608049799, -0.791507828, -0.960571289, 0.180053711, 0.211425781, 0.271065833, 0.773163631, 0.573383286, 0, 0, -0, 0, 0, 0, 0, 0.340910547, -0.122739453, -0.160393164, 0.16347368, -0.10638734, -0.980796916, 0.610107422, -0.770263672, 0.185302734, -0.775245159, -0.628577591, -0.061107903, 0, 2, 5, 1, 
809.37177, 54, 0.1, 0.1, 0.0323391394, 0.356781266, -0.0199647539, 0.994568469, -1.02140647e-005, 0.104084389, 0.104084389, -1.07694518e-005, -0.994568469, 1.12795185e-005, 1, -9.64783254e-006, 0.994568471, -5.70360732e-006, 0.104084369, 0.104084369, 2.46728795e-006, -0.994568471, 5.41582191e-006, 1, 3.04754318e-006, 0, 0, 0, 0, 0, 0, 0, 0.309996411, -0.150475171, -0.179068652, -0.0645999689, 0.609299656, -0.790283058, -0.959716797, 0.178955078, 0.216430664, 0.273358858, 0.772471305, 0.573312894, 0, 0, -0, 0, 0, 0, 0, 0.340478809, -0.123659766, -0.159695605, 0.159895798, -0.106183183, -0.981371475, 0.612670898, -0.768798828, 0.183105469, -0.773902812, -0.630520016, -0.0579769811, 0, 2, 5, 1, 
809.372557, 54, 0.1, 0.1, 0.0323391376, 0.356781266, -0.019963369, 0.994568458, -7.19133471e-006, 0.104084493, 0.104084493, -8.8586737e-006, -0.994568458, 8.07432524e-006, 1, -8.06205102e-006, 0.994568458, 1.32657477e-005, 0.104084495, 0.104084495, -7.57119572e-006, -0.994568458, -1.24056501e-005, 1, -8.9108311e-006, 0, 0, 0, 0, 0, 0, 0, 0.309996411, -0.150475171, -0.179068652, -0.0645999689, 0.609299656, -0.790283058, -0.959716797, 0.178955078, 0.216430664, 0.273358858, 0.772471305, 0.573312894, 0, 0, -0, 0, 0, 0, 0, 0.340478809, -0.123659766, -0.159695605, 0.159895798, -0.106183183, -0.981371475, 0.612670898, -0.768798828, 0.183105469, -0.773902812, -0.630520016, -0.0579769811, 0, 2, 5, 1, 
809.373345, 54, 0.1, 0.1, 0.0323391368, 0.356781266, -0.0199628102, 0.994568474, 8.54096655e-006, 0.104084344, 0.104084344, 7.72160093e-006, -0.994568474, -9.29827384e-006, 1, 6.79067995e-006, 0.994568471, 1.77859278e-005, 0.104084368, 0.104084368, -4.61039804e-006, -0.994568471, -1.72094527e-005, 1, -6.43659358e-006, 0, 0, 0, 0, 0, 0, 0, 0.309996411, -0.150475171, -0.179068652, -0.0645999689, 0.609299656, -0.790283058, -0.959716797, 0.178955078, 0.216430664, 0.273358858, 0.772471305, 0.573312894, 0, 0, -0, 0, 0, 0, 0, 0.340478809, -0.123659766, -0.159695605, 0.159895798, -0.106183183, -0.981371475, 0.612670898, -0.768798828, 0.183105469, -0.773902812, -0.630520016, -0.0579769811, 0, 2, 5, 1, 
809.374135, 54, 0.1, 0.1, 0.0323391376, 0.356781266, -0.0199631856, 0.994568462, 1.33514266e-005, 0.104084455, 0.104084455, 8.3120131e-006, -0.994568462, -1.41440592e-005, 1, 6.87719012e-006, 0.994568465, 7.35815662e-006, 0.104084428, 0.104084428, 7.74398689e-006, -0.994568465, -8.12421898e-006, 1, 6.93605563e-006, 0, 0, 0, 0, 0, 0, 0, 0.309996411, -0.150475171, -0.179068652, -0.0645999689, 0.609299656, -0.790283058, -0.959716797, 0.178955078, 0.216430664, 0.273358858, 0.772471305, 0.573312894, 0, 0, -0, 0, 0, 0, 0, 0.340478809, -0.123659766, -0.159695605, 0.159895798, -0.106183183, -0.981371475, 0.612670898, -0.768798828, 0.183105469, -0.773902812, -0.630520016, -0.0579769811, 0, 2, 5, 1, 
809.374923, 54, 0.1, 0.1, 0.0323391387, 0.356781266, -0.0199643236, 0.994568469, 8.0837027e-006, 0.104084387, 0.104084387, -4.07018682e-006, -0.994568469, -7.61615292e-006, 1, -4.88946672e-006, 0.994568466, -1.25113835e-005, 0.104084423, 0.104084423, 6.18782803e-006, -0.994568466, 1.1799371e-005, 1, 7.45645876e-006, 0, 0, 0, 0, 0, 0, 0, 0.309996411, -0.150475171, -0.179068652, -0.0645999689, 0.609299656, -0.790283058, -0.959716797, 0.178955078, 0.216430664, 0.273358858, 0.772471305, 0.573312894, 0, 0, -0, 0, 0, 0, 0, 0.340478809, -0.123659766, -0.159695605, 0.159895798, -0.106183183, -0.981371475, 0.612670898, -0.768798828, 0.183105469, -0.773902812, -0.630520016, -0.0579769811, 0, 2, 5, 1, 
809.375711, 54, 0.1, 0.1, 0.0323391392, 0.356781266, -0.019965789, 0.99456847, -8.23268921e-006, 0.104084381, 0.10408438, -6.24066785e-006, -0.99456847, 8.83752916e-006, 1, -5.34987712e-006, 0.994568473, -1.53376322e-005, 0.104084355, 0.104084355, -6.96143749e-006, -0.994568473, 1.59789022e-005, 1, -5.3272187e-006, 0, 0, 0, 0, 0, 0, 0, 0.309996411, -0.150475171, -0.179068652, -0.0645999689, 0.609299656, -0.790283058, -0.959716797, 0.178955078, 0.216430664, 0.273358858, 0.772471305, 0.573312894, 0, 0, -0, 0, 0, 0, 0, 0.340478809, -0.123659766, -0.159695605, 0.159895798, -0.106183183, -0.981371475, 0.612670898, -0.768798828, 0.183105469, -0.773902812, -0.630520016, -0.0579769811, 0, 2, 5, 1, 
809.376536, 54, 0.1, 0.1, 0.0323391377, 0.356781265, -0.019966727, 0.994568464, -1.16179696e-005, 0.104084443, 0.104084443, 7.08932003e-006, -0.994568464, 1.08169782e-005, 1, 8.26006402e-006, 0.994568461, -4.82423625e-006, 0.104084464, 0.104084464, -4.45607132e-006, -0.994568461, 5.26184102e-006, 1, -3.92973995e-006, 0, 0, 0, 0, 0, 0, 0, 0.309830029, -0.152250244, -0.177932666, -0.068012927, 0.609521695, -0.789832989, -0.958618164, 0.179077148, 0.220825195, 0.27600048, 0.772312546, 0.572252874, 0, 0, -0, 0, 0, 0, 0, 0.340185107, -0.125059033, -0.158752832, 0.155487061, -0.107020235, -0.98192671, 0.613647461, -0.768432617, 0.181030273, -0.773997961, -0.630730737, -0.0538620866, 0, 2, 5, 1, 
809.377323, 54, 0.1, 0.1, 0.0323391361, 0.356781264, -0.0199670536, 0.994568475, -6.5318832e-006, 0.104084333, 0.104084333, 5.29664868e-006, -0.994568475, 5.94510697e-006, 1, 5.9477465e-006, 0.994568475, 1.1414077e-005, 0.104084334, 0.104084334, 8.02800881e-006, -0.994568475, -1.21876711e-005, 1, 6.79637787e-006, 0, 0, 0, 0, 0, 0, 0, 0.309830029, -0.152250244, -0.177932666, -0.068012927, 0.609521695, -0.789832989, -0.958618164, 0.179077148, 0.220825195, 0.27600048, 0.772312546, 0.572252874, 0, 0, -0, 0, 0, 0, 0, 0.340185107, -0.125059033, -0.158752832, 0.155487061, -0.107020235, -0.98192671, 0.613647461, -0.768432617, 0.181030273, -0.773997961, -0.630730737, -0.0538620866, 0, 2, 5, 1, 
809.378202, 54, 0.1, 0.1, 0.0323391349, 0.356781265, -0.019966101, 0.99456846, 9.59871478e-006, 0.104084478, 0.104084478, -9.87528121e-006, -0.99456846, -8.51871549e-006, 1, -1.08207204e-005, 0.994568462, 1.6914132e-005, 0.104084454, 0.104084454, 4.8754698e-006, -0.994568462, -1.73297229e-005, 1, 3.08849032e-006, 0, 0, 0, 0, 0, 0, 0, 0.309830029, -0.152250244, -0.177932666, -0.068012927, 0.609521695, -0.789832989, -0.958618164, 0.179077148, 0.220825195, 0.27600048, 0.772312546, 0.572252874, 0, 0, -0, 0, 0, 0, 0, 0.340185107, -0.125059033, -0.158752832, 0.155487061, -0.107020235, -0.98192671, 0.613647461, -0.768432617, 0.181030273, -0.773997961, -0.630730737, -0.0538620866, 0, 2, 5, 1, 
809.379052, 54, 0.1, 0.1, 0.0323391364, 0.356781265, -0.0199636092, 0.994568476, 1.32555774e-005, 0.104084323, 0.104084323, -4.77178091e-006, -0.994568476, -1.26869118e-005, 1, -6.12556067e-006, 0.994568473, 6.90897633e-006, 0.104084357, 0.104084357, -6.17262792e-006, -0.994568473, -6.22897602e-006, 1, -6.85821748e-006, 0, 0, 0, 0, 0, 0, 0, 0.309750049, -0.152670972, -0.177216064, -0.0740472896, 0.610023061, -0.788862458, -0.957763672, 0.176757812, 0.2265625, 0.277697781, 0.772356729, 0.571357606, 0, 0, -0, 0, 0, 0, 0, 0.339875293, -0.125800781, -0.158258008, 0.150465119, -0.107582767, -0.982654387, 0.616210937, -0.767089844, 0.178344727, -0.772930133, -0.632385517, -0.0492743455, 0, 2, 5, 1, 
809.379842, 54, 0.1, 0.1, 0.0323391375, 0.356781265, -0.0199619958, 0.994568472, 1.01637679e-005, 0.104084365, 0.104084365, 9.03242398e-006, -0.994568472, -1.10486972e-005, 1, 7.92547478e-006, 0.994568475, -9.92175293e-006, 0.104084332, 0.104084332, -6.76700541e-006, -0.994568475, 1.05722019e-005, 1, -5.69755123e-006, 0, 0, 0, 0, 0, 0, 0, 0.309750049, -0.152670972, -0.177216064, -0.0740472896, 0.610023061, -0.788862458, -0.957763672, 0.176757812, 0.2265625, 0.277697781, 0.772356729, 0.571357606, 0, 0, -0, 0, 0, 0, 0, 0.339875293, -0.125800781, -0.158258008, 0.150465119, -0.107582767, -0.982654387, 0.616210937, -0.767089844, 0.178344727, -0.772930133, -0.632385517, -0.0492743455, 0, 2, 5, 1, 
809.380632, 54, 0.1, 0.1, 0.0323391373, 0.356781264, -0.0199616611, 0.994568475, -6.81440224e-006, 0.104084337, 0.104084337, 8.33102333e-006, -0.994568475, 5.9102606e-006, 1, 8.99504571e-006, 0.994568471, -1.4946688e-005, 0.104084373, 0.104084373, 7.55711106e-006, -0.994568471, 1.40789274e-005, 1, 9.07178103e-006, 0, 0, 0, 0, 0, 0, 0, 0.309750049, -0.152670972, -0.177216064, -0.0740472896, 0.610023061, -0.788862458, -0.957763672, 0.176757812, 0.2265625, 0.277697781, 0.772356729, 0.571357606, 0, 0, -0, 0, 0, 0, 0, 0.339875293, -0.125800781, -0.158258008, 0.150465119, -0.107582767, -0.982654387, 0.616210937, -0.767089844, 0.178344727, -0.772930133, -0.632385517, -0.0492743455, 0, 2, 5, 1, 
809.381418, 54, 0.1, 0.1, 0.0323391356, 0.356781264, -0.0199626426, 0.994568484, -1.0925737e-005, 0.104084244, 0.104084244, -7.60993597e-006, -0.994568484, 1.16584681e-005, 1, -6.4314054e-006, 0.994568486, -5.91602248e-006, 0.104084227, 0.104084227, 6.65461801e-006, -0.994568486, 5.19124875e-006, 1, 7.23423799e-006, 0, 0, 0, 0, 0, 0, 0, 0.309750049, -0.152670972, -0.177216064, -0.0740472896, 0.610023061, -0.788862458, -0.957763672, 0.176757812, 0.2265625, 0.277697781, 0.772356729, 0.571357606, 0, 0, -0, 0, 0, 0, 0, 0.339875293, -0.125800781, -0.158258008, 0.150465119, -0.107582767, -0.982654387, 0.616210937, -0.767089844, 0.178344727, -0.772930133, -0.632385517, -0.0492743455, 0, 2, 5, 1, 
809.382204, 54, 0.1, 0.1, 0.0323391338, 0.356781264, -0.0199645591, 0.994568474, -6.64752079e-006, 0.104084339, 0.104084339, -7.22597436e-006, -0.994568474, 7.36352538e-006, 1, -6.49482349e-006, 0.994568474, 1.30674981e-005, 0.104084342, 0.104084342, -5.48250547e-006, -0.994568474, -1.24258787e-005, 1, -6.81284904e-006, 0, 0, 0, 0, 0, 0, 0, 0.309750049, -0.152670972, -0.177216064, -0.0740472896, 0.610023061, -0.788862458, -0.957763672, 0.176757812, 0.2265625, 0.277697781, 0.772356729, 0.571357606, 0, 0, -0, 0, 0, 0, 0, 0.339875293, -0.125800781, -0.158258008, 0.150465119, -0.107582767, -0.982654387, 0.616210937, -0.767089844, 0.178344727, -0.772930133, -0.632385517, -0.0492743455, 0, 2, 5, 1, 
809.382995, 54, 0.1, 0.1, 0.0323391333, 0.356781264, -0.0199666594, 0.99456849, 7.38758066e-006, 0.104084191, 0.104084191, 6.20195841e-006, -0.99456849, -7.99298076e-006, 1, 5.39934206e-006, 0.994568487, 1.55955421e-005, 0.104084215, 0.104084215, -4.55914906e-006, -0.994568487, -1.50362992e-005, 1, -6.15763574e-006, 0, 0, 0, 0, 0, 0, 0, 0.309750049, -0.152670972, -0.177216064, -0.0740472896, 0.610023061, -0.788862458, -0.957763672, 0.176757812, 0.2265625, 0.277697781, 0.772356729, 0.571357606, 0, 0, -0, 0, 0, 0, 0, 0.339875293, -0.125800781, -0.158258008, 0.150465119, -0.107582767, -0.982654387, 0.616210937, -0.767089844, 0.178344727, -0.772930133, -0.632385517, -0.0492743455, 0, 2, 5, 1, 
809.383817, 54, 0.1, 0.1, 0.0323391341, 0.356781264, -0.0199679423, 0.99456848, 1.15266233e-005, 0.104084288, 0.104084288, 4.73459404e-006, -0.99456848, -1.1956813e-005, 1, 3.50913762e-006, 0.994568482, 6.34709657e-006, 0.104084264, 0.104084264, 4.38836203e-006, -0.994568482, -6.76938164e-006, 1, 3.70389369e-006, 0, 0, 0, 0, 0, 0, 0, 0.309019019, -0.152982324, -0.177294287, -0.079883579, 0.612788999, -0.786057207, -0.955932617, 0.176147461, 0.23449707, 0.282206325, 0.770311952, 0.571902033, 0, 0, -0, 0, 0, 0, 0, 0.33949541, -0.12665249, -0.158006445, 0.144682685, -0.106790558, -0.983599347, 0.617919922, -0.766601562, 0.174194336, -0.772801435, -0.632915966, -0.0449549272, 0, 2, 5, 1, 
809.38461, 54, 0.1, 0.1, 0.032339135, 0.356781264, -0.0199681165, 0.994568486, 8.52330898e-006, 0.104084226, 0.104084226, -6.05394726e-006, -0.994568486, -7.8468941e-006, 1, -6.90820718e-006, 0.994568483, -1.04073698e-005, 0.104084259, 0.104084259, 3.20741044e-006, -0.994568483, 1.0017001e-005, 1, 4.27323271e-006, 0, 0, 0, 0, 0, 0, 0, 0.309019019, -0.152982324, -0.177294287, -0.079883579, 0.612788999, -0.786057207, -0.955932617, 0.176147461, 0.23449707, 0.282206325, 0.770311952, 0.571902033, 0, 0, -0, 0, 0, 0, 0, 0.33949541, -0.12665249, -0.158006445, 0.144682685, -0.106790558, -0.983599347, 0.617919922, -0.766601562, 0.174194336, -0.772801435, -0.632915966, -0.0449549272, 0, 2, 5, 1, 
809.385401, 54, 0.1, 0.1, 0.0323391353, 0.356781265, -0.0199673818, 0.994568486, -6.9313034e-006, 0.104084225, 0.104084225, -6.83568436e-006, -0.994568486, 7.60514284e-006, 1, -6.0771169e-006, 0.994568489, -1.37561417e-005, 0.1040842, 0.1040842, -7.95280667e-006, -0.994568489, 1.45091866e-005, 1, -6.47781391e-006, 0, 0, 0, 0, 0, 0, 0, 0.309019019, -0.152982324, -0.177294287, -0.079883579, 0.612788999, -0.786057207, -0.955932617, 0.176147461, 0.23449707, 0.282206325, 0.770311952, 0.571902033, 0, 0, -0, 0, 0, 0, 0, 0.33949541, -0.12665249, -0.158006445, 0.144682685, -0.106790558, -0.983599347, 0.617919922, -0.766601562, 0.174194336, -0.772801435, -0.632915966, -0.0449549272, 0, 2, 5, 1, 
809.386206, 54, 0.1, 0.1, 0.0323391345, 0.356781264, -0.0199660255, 0.994568481, -1.41167358e-005, 0.104084276, 0.104084276, 6.91397708e-006, -0.994568481, 1.33204242e-005, 1, 8.3457539e-006, 0.994568479, -7.17026733e-006, 0.104084299, 0.104084299, -5.50047877e-006, -0.994568479, 7.70383534e-006, 1, -4.72429055e-006, 0, 0, 0, 0, 0, 0, 0, 0.309019019, -0.152982324, -0.177294287, -0.079883579, 0.612788999, -0.786057207, -0.955932617, 0.176147461, 0.23449707, 0.282206325, 0.770311952, 0.571902033, 0, 0, -0, 0, 0, 0, 0, 0.33949541, -0.12665249, -0.158006445, 0.144682685, -0.106790558, -0.983599347, 0.617919922, -0.766601562, 0.174194336, -0.772801435, -0.632915966, -0.0449549272, 0, 2, 5, 1, 
809.387007, 54, 0.1, 0.1, 0.0323391329, 0.356781263, -0.0199642608, 0.994568494, -8.17097396e-006, 0.104084152, 0.104084152, 6.17703387e-006, -0.994568494, 7.48366194e-006, 1, 6.99395217e-006, 0.994568494, 1.12388778e-005, 0.104084154, 0.104084154, 8.93214149e-006, -0.994568494, -1.21075282e-005, 1, 7.71383743e-006, 0, 0, 0, 0, 0, 0, 0, 0.309019019, -0.152982324, -0.177294287, -0.079883579, 0.612788999, -0.786057207, -0.955932617, 0.176147461, 0.23449707, 0.282206325, 0.770311952, 0.571902033, 0, 0, -0, 0, 0, 0, 0, 0.33949541, -0.12665249, -0.158006445, 0.144682685, -0.106790558, -0.983599347, 0.617919922, -0.766601562, 0.174194336, -0.772801435, -0.632915966, -0.0449549272, 0, 2, 5, 1, 
809.3878, 54, 0.1, 0.1, 0.0323391318, 0.356781263, -0.0199630408, 0.99456848, 1.1604594e-005, 0.104084282, 0.104084282, -5.64928206e-006, -0.99456848, -1.0953562e-005, 1, -6.82645371e-006, 0.994568482, 1.80570361e-005, 0.104084262, 0.104084262, 8.19263699e-006, -0.994568483, -1.88116836e-005, 1, 6.26868526e-006, 0, 0, 0, 0, 0, 0, 0, 0.309019019, -0.152982324, -0.177294287, -0.079883579, 0.612788999, -0.786057207, -0.955932617, 0.176147461, 0.23449707, 0.282206325, 0.770311952, 0.571902033, 0, 0, -0, 0, 0, 0, 0, 0.33949541, -0.12665249, -0.158006445, 0.144682685, -0.106790558, -0.983599347, 0.617919922, -0.766601562, 0.174194336, -0.772801435, -0.632915966, -0.0449549272, 0, 2, 5, 1, 
809.388618, 54, 0.1, 0.1, 0.0323391322, 0.356781263, -0.0199623905, 0.994568495, 1.7569296e-005, 0.104084139, 0.104084139, -3.86629625e-006, -0.994568495, -1.70714481e-005, 1, -5.67398148e-006, 0.994568492, 1.1572354e-005, 0.104084172, 0.104084172, -4.58456851e-006, -0.994568492, -1.10323176e-005, 1, -5.76416627e-006, 0, 0, 0, 0, 0, 0, 0, 0.308505249, -0.153292334, -0.177151343, -0.085771165, 0.615574032, -0.783315235, -0.954467773, 0.174560547, 0.241699219, 0.285610665, 0.768387743, 0.572827258, 0, 0, -0, 0, 0, 0, 0, 0.338935498, -0.127537402, -0.157528467, 0.139494499, -0.106483956, -0.984384626, 0.619384766, -0.766235352, 0.170776367, -0.772487536, -0.633497454, -0.040986954, 0, 2, 5, 1, 
809.389407, 54, 0.1, 0.1, 0.032339133, 0.356781263, -0.0199627083, 0.99456849, 8.92794308e-006, 0.104084186, 0.104084186, 7.45233904e-006, -0.99456849, -9.65512152e-006, 1, 6.48260389e-006, 0.994568494, -9.73576206e-006, 0.104084153, 0.104084153, -7.49851864e-006, -0.994568494, 1.04633592e-005, 1, -6.44445184e-006, 0, 0, 0, 0, 0, 0, 0, 0.308505249, -0.153292334, -0.177151343, -0.085771165, 0.615574032, -0.783315235, -0.954467773, 0.174560547, 0.241699219, 0.285610665, 0.768387743, 0.572827258, 0, 0, -0, 0, 0, 0, 0, 0.338935498, -0.127537402, -0.157528467, 0.139494499, -0.106483956, -0.984384626, 0.619384766, -0.766235352, 0.170776367, -0.772487536, -0.633497454, -0.040986954, 0, 2, 5, 1, 
809.390193, 54, 0.1, 0.1, 0.0323391335, 0.356781263, -0.0199639642, 0.994568492, -1.05111254e-005, 0.104084171, 0.104084171, 4.93258006e-006, -0.994568492, 9.9406306e-006, 1, 5.99983049e-006, 0.994568489, -1.75223071e-005, 0.104084202, 0.104084202, 4.41328833e-006, -0.994568489, 1.69677809e-005, 1, 6.21311286e-006, 0, 0, 0, 0, 0, 0, 0, 0.308505249, -0.153292334, -0.177151343, -0.085771165, 0.615574032, -0.783315235, -0.954467773, 0.174560547, 0.241699219, 0.285610665, 0.768387743, 0.572827258, 0, 0, -0, 0, 0, 0, 0, 0.338935498, -0.127537402, -0.157528467, 0.139494499, -0.106483956, -0.984384626, 0.619384766, -0.766235352, 0.170776367, -0.772487536, -0.633497454, -0.040986954, 0, 2, 5, 1, 
809.391012, 54, 0.1, 0.1, 0.0323391331, 0.356781263, -0.0199654989, 0.9945685, -1.63821382e-005, 0.104084095, 0.104084095, -8.23539479e-006, -0.9945685, 1.71503323e-005, 1, -6.48554421e-006, 0.994568502, -1.228319e-005, 0.104084076, 0.104084076, 4.5061322e-006, -0.994568502, 1.17474572e-005, 1, 5.76014163e-006, 0, 0, 0, 0, 0, 0, 0, 0.307849536, -0.154279517, -0.176793945, -0.0900973659, 0.618219402, -0.780732022, -0.952880859, 0.174316406, 0.248046875, 0.289509259, 0.766362063, 0.573530445, 0, 0, -0, 0, 0, 0, 0, 0.338423437, -0.128618701, -0.15706416, 0.135232683, -0.106011109, -0.985067826, 0.619873047, -0.766479492, 0.167602539, -0.772812728, -0.633325013, -0.0379901935, 0, 2, 5, 1, 
809.391805, 54, 0.1, 0.1, 0.0323391323, 0.356781263, -0.0199666473, 0.994568489, -8.33307747e-006, 0.104084199, 0.104084199, -7.4729108e-006, -0.994568489, 9.0656282e-006, 1, -6.56497991e-006, 0.994568489, 9.16522109e-006, 0.1040842, 0.1040842, -5.99841127e-006, -0.994568489, -8.49110026e-006, 1, -6.91978554e-006, 0, 0, 0, 0, 0, 0, 0, 0.307849536, -0.154279517, -0.176793945, -0.0900973659, 0.618219402, -0.780732022, -0.952880859, 0.174316406, 0.248046875, 0.289509259, 0.766362063, 0.573530445, 0, 0, -0, 0, 0, 0, 0, 0.338423437, -0.128618701, -0.15706416, 0.135232683, -0.106011109, -0.985067826, 0.619873047, -0.766479492, 0.167602539, -0.772812728, -0.633325013, -0.0379901935, 0, 2, 5, 1, 
809.392595, 54, 0.1, 0.1, 0.0323391315, 0.356781263, -0.0199673055, 0.994568502, 9.74392609e-006, 0.104084073, 0.104084073, 5.91746882e-006, -0.994568502, -1.03069162e-005, 1, 4.87114059e-006, 0.9945685, 1.7140247e-005, 0.104084092, 0.104084092, -4.69471473e-006, -0.9945685, -1.65585047e-005, 1, -6.45324245e-006, 0, 0, 0, 0, 0, 0, 0, 0.307849536, -0.154279517, -0.176793945, -0.0900973659, 0.618219402, -0.780732022, -0.952880859, 0.174316406, 0.248046875, 0.289509259, 0.766362063, 0.573530445, 0, 0, -0, 0, 0, 0, 0, 0.338423437, -0.128618701, -0.15706416, 0.135232683, -0.106011109, -0.985067826, 0.619873047, -0.766479492, 0.167602539, -0.772812728, -0.633325013, -0.0379901935, 0, 2, 5, 1, 
809.393383, 54, 0.1, 0.1, 0.0323391313, 0.356781263, -0.0199673602, 0.994568492, 1.64395143e-005, 0.104084171, 0.104084171, 6.24484205e-006, -0.994568492, -1.70002121e-005, 1, 4.49982993e-006, 0.994568495, 1.11768959e-005, 0.104084146, 0.104084146, 5.71538017e-006, -0.994568495, -1.1711069e-005, 1, 4.52099938e-006, 0, 0, 0, 0, 0, 0, 0, 0.307849536, -0.154279517, -0.176793945, -0.0900973659, 0.618219402, -0.780732022, -0.952880859, 0.174316406, 0.248046875, 0.289509259, 0.766362063, 0.573530445, 0, 0, -0, 0, 0, 0, 0, 0.338423437, -0.128618701, -0.15706416, 0.135232683, -0.106011109, -0.985067826, 0.619873047, -0.766479492, 0.167602539, -0.772812728, -0.633325013, -0.0379901935, 0, 2, 5, 1, 
809.39432, 54, 0.1, 0.1, 0.032339133, 0.356781263, -0.0199649354, 0.994568505, 8.40253836e-006, 0.104084047, 0.104084047, -2.45833797e-006, -0.994568505, -8.10102625e-006, 1, -3.31955572e-006, 0.9945685, -1.28586749e-005, 0.104084096, 0.104084096, 7.51671517e-006, -0.9945685, 1.20064625e-005, 1, 8.81427168e-006, 0, 0, 0, 0, 0, 0, 0, 0.307849536, -0.154279517, -0.176793945, -0.0900973659, 0.618219402, -0.780732022, -0.952880859, 0.174316406, 0.248046875, 0.289509259, 0.766362063, 0.573530445, 0, 0, -0, 0, 0, 0, 0, 0.338423437, -0.128618701, -0.15706416, 0.135232683, -0.106011109, -0.985067826, 0.619873047, -0.766479492, 0.167602539, -0.772812728, -0.633325013, -0.0379901935, 0, 2, 5, 1, 
809.39511, 54, 0.1, 0.1, 0.0323391333, 0.356781263, -0.0199625994, 0.99456851, -6.27299569e-006, 0.104083995, 0.104083995, -3.61859926e-006, -0.99456851, 6.61556225e-006, 1, -2.94602643e-006, 0.994568512, -1.48122084e-005, 0.104083976, 0.104083976, -4.72822358e-006, -0.994568512, 1.52238884e-005, 1, -3.16082875e-006, 0, 0, 0, 0, 0, 0, 0, 0.307849536, -0.154279517, -0.176793945, -0.0900973659, 0.618219402, -0.780732022, -0.952880859, 0.174316406, 0.248046875, 0.289509259, 0.766362063, 0.573530445, 0, 0, -0, 0, 0, 0, 0, 0.338423437, -0.128618701, -0.15706416, 0.135232683, -0.106011109, -0.985067826, 0.619873047, -0.766479492, 0.167602539, -0.772812728, -0.633325013, -0.0379901935, 0, 2, 5, 1, 
809.395933, 54, 0.1, 0.1, 0.0323391315, 0.356781261, -0.019961026, 0.994568509, -1.28430034e-005, 0.10408401, 0.10408401, 8.84070453e-006, -0.994568509, 1.18530708e-005, 1, 1.01294376e-005, 0.994568505, -5.30088843e-006, 0.104084044, 0.104084044, -4.46962738e-006, -0.994568505, 5.73731358e-006, 1, -3.89361272e-006, 0, 0, 0, 0, 0, 0, 0, 0.307610767, -0.155152832, -0.17563562, -0.0948436788, 0.618600201, -0.779862963, -0.952026367, 0.172485352, 0.252563477, 0.290755368, 0.766425342, 0.57277484, 0, 0, -0, 0, 0, 0, 0, 0.338163184, -0.129803271, -0.156348047, 0.131124352, -0.106784361, -0.985597542, 0.621459961, -0.765625, 0.165771484, -0.77226259, -0.634142741, -0.0341181021, 0, 2, 5, 1, 
809.396721, 54, 0.1, 0.1, 0.0323391294, 0.35678126, -0.0199609993, 0.994568527, -6.88849913e-006, 0.104083835, 0.104083835, 7.43683611e-006, -0.994568527, 6.07703e-006, 1, 8.11342455e-006, 0.994568526, 1.45607691e-005, 0.104083845, 0.104083845, 1.05830587e-005, -0.994568526, -1.55832081e-005, 1, 9.01003622e-006, 0, 0, 0, 0, 0, 0, 0, 0.307610767, -0.155152832, -0.17563562, -0.0948436788, 0.618600201, -0.779862963, -0.952026367, 0.172485352, 0.252563477, 0.290755368, 0.766425342, 0.57277484, 0, 0, -0, 0, 0, 0, 0, 0.338163184, -0.129803271, -0.156348047, 0.131124352, -0.106784361, -0.985597542, 0.621459961, -0.765625, 0.165771484, -0.77226259, -0.634142741, -0.0341181021, 0, 2, 5, 1, 
809.397509, 54, 0.1, 0.1, 0.0323391283, 0.35678126, -0.0199624761, 0.994568516, 1.13126849e-005, 0.104083939, 0.104083939, -6.76885995e-006, -0.994568516, -1.05467107e-005, 1, -7.90956381e-006, 0.994568518, 1.81045943e-005, 0.104083923, 0.104083923, 7.52166404e-006, -0.994568518, -1.87891438e-005, 1, 5.59641305e-006, 0, 0, 0, 0, 0, 0, 0, 0.307610767, -0.155152832, -0.17563562, -0.0948436788, 0.618600201, -0.779862963, -0.952026367, 0.172485352, 0.252563477, 0.290755368, 0.766425342, 0.57277484, 0, 0, -0, 0, 0, 0, 0, 0.338163184, -0.129803271, -0.156348047, 0.131124352, -0.106784361, -0.985597542, 0.621459961, -0.765625, 0.165771484, -0.77226259, -0.634142741, -0.0341181021, 0, 2, 5, 1, 
809.398298, 54, 0.1, 0.1, 0.032339129, 0.356781261, -0.0199648481, 0.994568532, 1.37343234e-005, 0.104083792, 0.104083792, -6.09090609e-006, -0.994568532, -1.30257612e-005, 1, -7.48734398e-006, 0.994568528, 8.0640738e-006, 0.104083825, 0.104083825, -6.91899596e-006, -0.994568528, -7.30011845e-006, 1, -7.72075528e-006, 0, 0, 0, 0, 0, 0, 0, 0.307610767, -0.155152832, -0.17563562, -0.0948436788, 0.618600201, -0.779862963, -0.952026367, 0.172485352, 0.252563477, 0.290755368, 0.766425342, 0.57277484, 0, 0, -0, 0, 0, 0, 0, 0.338163184, -0.129803271, -0.156348047, 0.131124352, -0.106784361, -0.985597542, 0.621459961, -0.765625, 0.165771484, -0.77226259, -0.634142741, -0.0341181021, 0, 2, 5, 1, 
809.399089, 54, 0.1, 0.1, 0.0323391303, 0.356781261, -0.0199672403, 0.994568529, 5.4241268e-006, 0.104083818, 0.104083818, 5.45667376e-006, -0.994568529, -5.96261725e-006, 1, 4.86247217e-006, 0.994568532, -1.10734854e-005, 0.104083791, 0.104083791, -7.84783583e-006, -0.994568532, 1.18301727e-005, 1, -6.65264021e-006, 0, 0, 0, 0, 0, 0, 0, 0.307610767, -0.155152832, -0.17563562, -0.0948436788, 0.618600201, -0.779862963, -0.952026367, 0.172485352, 0.252563477, 0.290755368, 0.766425342, 0.57277484, 0, 0, -0, 0, 0, 0, 0, 0.338163184, -0.129803271, -0.156348047, 0.131124352, -0.106784361, -0.985597542, 0.621459961, -0.765625, 0.165771484, -0.77226259, -0.634142741, -0.0341181021, 0, 2, 5, 1, 
809.399878, 54, 0.1, 0.1, 0.032339131, 0.356781261, -0.0199688911, 0.994568531, -9.42009128e-006, 0.104083794, 0.104083795, 4.81703364e-006, -0.994568531, 8.86755121e-006, 1, 5.77134892e-006, 0.994568528, -1.59183864e-005, 0.104083823, 0.104083823, 4.03926548e-006, -0.994568528, 1.54115039e-005, 1, 5.67417284e-006, 0, 0, 0, 0, 0, 0, 0, 0.307610767, -0.155152832, -0.17563562, -0.0948436788, 0.618600201, -0.779862963, -0.952026367, 0.172485352, 0.252563477, 0.290755368, 0.766425342, 0.57277484, 0, 0, -0, 0, 0, 0, 0, 0.338163184, -0.129803271, -0.156348047, 0.131124352, -0.106784361, -0.985597542, 0.621459961, -0.765625, 0.165771484, -0.77226259, -0.634142741, -0.0341181021, 0, 2, 5, 1, 
809.4007, 54, 0.1, 0.1, 0.0323391304, 0.356781261, -0.0199690563, 0.994568539, -1.27585785e-005, 0.104083721, 0.104083721, -6.41826105e-006, -0.994568539, 1.33573173e-005, 1, -5.05544019e-006, 0.994568541, -9.42082882e-006, 0.104083705, 0.104083705, 4.96574523e-006, -0.994568541, 8.85280681e-006, 1, 5.91932876e-006, 0, 0, 0, 0, 0, 0, 0, 0.307430225, -0.156522192, -0.174527344, -0.0984917803, 0.617972276, -0.779908268, -0.951049805, 0.17199707, 0.256469727, 0.292692682, 0.767142755, 0.570928137, 0, 0, -0, 0, 0, 0, 0, 0.337887793, -0.131237451, -0.155611914, 0.126945658, -0.108094259, -0.985909974, 0.622436523, -0.765136719, 0.1640625, -0.772210817, -0.634525903, -0.029977688, 0, 2, 5, 1, 
809.401491, 54, 0.1, 0.1, 0.0323391292, 0.356781261, -0.0199678346, 0.99456853, -6.63529444e-006, 0.10408381, 0.10408381, -4.83567969e-006, -0.99456853, 7.102571e-006, 1, -4.11878812e-006, 0.994568529, 1.07860258e-005, 0.104083813, 0.104083813, -3.6558286e-006, -0.99456853, -1.03469292e-005, 1, -4.75862276e-006, 0, 0, 0, 0, 0, 0, 0, 0.307430225, -0.156522192, -0.174527344, -0.0984917803, 0.617972276, -0.779908268, -0.951049805, 0.17199707, 0.256469727, 0.292692682, 0.767142755, 0.570928137, 0, 0, -0, 0, 0, 0, 0, 0.337887793, -0.131237451, -0.155611914, 0.126945658, -0.108094259, -0.985909974, 0.622436523, -0.765136719, 0.1640625, -0.772210817, -0.634525903, -0.029977688, 0, 2, 5, 1, 
