time, trialNum, realDorsalTactorPos, realVentralTactorPos, box1PosX, box1PosY, box1PosZ, box1LocalRot_11, box1LocalRot_12, box1LocalRot_13, box1LocalRot_21, box1LocalRot_22, box1LocalRot_23, box1LocalRot_31, box1LocalRot_32, box1LocalRot_33, box1GlobalRot_11, box1GlobalRot_12, box1GlobalRot_13, box1GlobalRot_21, box1GlobalRot_22, box1GlobalRot_23, box1GlobalRot_31, box1GlobalRot_32, box1GlobalRot_33, indexForceX, indexForceY, indexForceZ, indexForceGlobalX, indexForceGlobalY, indexForceGlobalZ, indexContact, indexPosX, indexPosY, indexPosZ, indexRot_11, indexRot_12, indexRot_13, indexRot_21, indexRot_22, indexRot_23, indexRot_31, indexRot_32, indexRot_33, thumbForceX, thumbForceY, thumbForceZ, thumbForceGlobalX, thumbForceGlobalY, thumbForceGlobalZ, thumbContact, thumbPosX, thumbPosY, thumbPosZ, thumbRot_11, thumbRot_12, thumbRot_13, thumbRot_21, thumbRot_22, thumbRot_23, thumbRot_31, thumbRot_32, thumbRot_33, manipForceTooHigh, cceExpType, mapping, trialSuccess, 
417.075591, 27, 0.1, 0.1, 0.0118751145, 0.369163972, -0.0199668373, 0.82812176, -0.560548259, -1.02875911e-005, 0.560548258, 0.82812176, -1.73600699e-005, 1.8250535e-005, 8.60956035e-006, 1, 0.828122138, -0.5605477, -1.65453007e-005, 0.5605477, 0.828122138, -1.51397634e-005, 2.21880894e-005, 3.26314302e-006, 1, 0, 0, 0, 0, 0, 0, 0, 0.294589551, -0.0880748779, -0.169650537, -0.0257745055, 0.542049957, -0.839906637, -0.997802734, 0.0368652344, 0.0543212891, 0.0604402027, 0.839480533, 0.540139974, 0, 0, -0, 0, 0, 0, 0, 0.318410742, -0.0337225586, -0.145100488, -0.118391315, 0.198519905, -0.97293093, 0.559448242, -0.796142578, -0.23046875, -0.820335945, -0.571491035, -0.0168302353, 0, 2, 1, 1, 
417.118911, 27, 0.1, 0.1, 0.0118751659, 0.369164077, -0.0199586165, 0.828106295, -0.560571104, 3.59366669e-005, 0.560571105, 0.828106295, -1.57745459e-005, -2.09166255e-005, 3.32080578e-005, 0.999999999, 0.828106638, -0.560570599, 3.69626696e-006, 0.560570599, 0.828106637, -2.14334621e-005, 8.9540655e-006, 1.98212108e-005, 1, 0, 0, 0, 0, 0, 0, 0, 0.295826465, -0.088202417, -0.168014844, -0.0275028851, 0.543985027, -0.838598369, -0.997924805, 0.0318603516, 0.0533447266, 0.0557702737, 0.838432496, 0.54215742, 0, 0, -0, 0, 0, 0, 0, 0.319008447, -0.0335104492, -0.144179199, -0.121521137, 0.197885911, -0.972592245, 0.567993164, -0.789672852, -0.231567383, -0.813914054, -0.580640631, -0.0165491526, 0, 2, 1, 1, 
417.119702, 27, 0.1, 0.1, 0.0118751663, 0.369164078, -0.0199575753, 0.82810453, -0.560573711, -4.10427618e-005, 0.560573712, 0.828104531, 6.31524145e-006, 3.04475387e-005, -2.82371734e-005, 0.999999999, 0.828104891, -0.560573178, -2.94449356e-005, 0.560573179, 0.828104891, 1.6515879e-005, 1.51251364e-005, -3.01829214e-005, 0.999999999, 0, 0, 0, 0, 0, 0, 0, 0.295826465, -0.088202417, -0.168014844, -0.0275028851, 0.543985027, -0.838598369, -0.997924805, 0.0318603516, 0.0533447266, 0.0557702737, 0.838432496, 0.54215742, 0, 0, -0, 0, 0, 0, 0, 0.319008447, -0.0335104492, -0.144179199, -0.121521137, 0.197885911, -0.972592245, 0.567993164, -0.789672852, -0.231567383, -0.813914054, -0.580640631, -0.0165491526, 0, 2, 1, 1, 
417.120491, 27, 0.1, 0.1, 0.0118751641, 0.369164083, -0.0199592423, 0.828102658, -0.560576477, 3.2634858e-005, 0.560576477, 0.828102659, 4.86666006e-006, -2.97531478e-005, 1.42642396e-005, 0.999999999, 0.828103035, -0.56057592, 4.23652138e-005, 0.560575921, 0.828103035, -8.44104312e-006, -3.03509167e-005, 3.07389722e-005, 0.999999999, 0, 0, 0, 0, 0, 0, 0, 0.295826465, -0.088202417, -0.168014844, -0.0275028851, 0.543985027, -0.838598369, -0.997924805, 0.0318603516, 0.0533447266, 0.0557702737, 0.838432496, 0.54215742, 0, 0, -0, 0, 0, 0, 0, 0.319008447, -0.0335104492, -0.144179199, -0.121521137, 0.197885911, -0.972592245, 0.567993164, -0.789672852, -0.231567383, -0.813914054, -0.580640631, -0.0165491526, 0, 2, 1, 1, 
417.121288, 27, 0.1, 0.1, 0.0118751699, 0.369164084, -0.0199628491, 0.828100684, -0.560579394, -4.96306848e-006, 0.560579394, 0.828100684, -1.72429478e-005, 1.37759616e-005, 1.14967029e-005, 1, 0.828101081, -0.560578807, -3.1836388e-005, 0.560578807, 0.828101082, -2.78059653e-006, 2.79224908e-005, -1.55441894e-005, 0.999999999, 0, 0, 0, 0, 0, 0, 0, 0.295826465, -0.088202417, -0.168014844, -0.0275028851, 0.543985027, -0.838598369, -0.997924805, 0.0318603516, 0.0533447266, 0.0557702737, 0.838432496, 0.54215742, 0, 0, -0, 0, 0, 0, 0, 0.319008447, -0.0335104492, -0.144179199, -0.121521137, 0.197885911, -0.972592245, 0.567993164, -0.789672852, -0.231567383, -0.813914054, -0.580640631, -0.0165491526, 0, 2, 1, 1, 
417.122092, 27, 0.1, 0.1, 0.0118751677, 0.369164086, -0.0199668611, 0.828098631, -0.560582427, -2.21434751e-005, 0.560582427, 0.828098631, 1.30071534e-005, 1.10453998e-005, -2.31844489e-005, 1, 0.828099035, -0.560581831, 3.90441124e-006, 0.56058183, 0.828099035, 1.74303923e-005, -1.30044004e-005, -1.22453491e-005, 1, 0, 0, 0, 0, 0, 0, 0, 0.295826465, -0.088202417, -0.168014844, -0.0275028851, 0.543985027, -0.838598369, -0.997924805, 0.0318603516, 0.0533447266, 0.0557702737, 0.838432496, 0.54215742, 0, 0, -0, 0, 0, 0, 0, 0.319008447, -0.0335104492, -0.144179199, -0.121521137, 0.197885911, -0.972592245, 0.567993164, -0.789672852, -0.231567383, -0.813914054, -0.580640631, -0.0165491526, 0, 2, 1, 1, 
417.122912, 27, 0.1, 0.1, 0.0118751688, 0.36916409, -0.0199699347, 0.82809653, -0.56058553, 3.20137494e-005, 0.56058553, 0.82809653, -6.43559707e-006, -2.29027722e-005, 2.32757403e-005, 0.999999999, 0.828096938, -0.560584927, 2.43651022e-005, 0.560584927, 0.828096938, -1.32785456e-005, -1.2732914e-005, 2.4654632e-005, 1, 0, 0, 0, 0, 0, 0, 0, 0.29573772, -0.0877281006, -0.168213062, -0.0292039336, 0.544549672, -0.838141187, -0.997924805, 0.0303955078, 0.0544433594, 0.0551745498, 0.838095882, 0.542702969, 0, 0, -0, 0, 0, 0, 0, 0.318952539, -0.0333194336, -0.144377295, -0.12275411, 0.197943147, -0.972413241, 0.569580078, -0.788330078, -0.232421875, -0.812693475, -0.582353013, -0.015916625, 0, 2, 1, 1, 
417.1237, 27, 0.1, 0.1, 0.0118751717, 0.369164091, -0.0199710032, 0.828094529, -0.560588486, -2.16199781e-005, 0.560588486, 0.828094529, -3.34896776e-006, 1.97807783e-005, -9.34664889e-006, 1, 0.82809492, -0.560587909, -2.81840377e-005, 0.560587909, 0.82809492, 5.51941185e-006, 2.02449429e-005, -2.03702276e-005, 1, 0, 0, 0, 0, 0, 0, 0, 0.29573772, -0.0877281006, -0.168213062, -0.0292039336, 0.544549672, -0.838141187, -0.997924805, 0.0303955078, 0.0544433594, 0.0551745498, 0.838095882, 0.542702969, 0, 0, -0, 0, 0, 0, 0, 0.318952539, -0.0333194336, -0.144377295, -0.12275411, 0.197943147, -0.972413241, 0.569580078, -0.788330078, -0.232421875, -0.812693475, -0.582353013, -0.015916625, 0, 2, 1, 1, 
417.124522, 27, 0.1, 0.1, 0.0118751689, 0.369164095, -0.0199697302, 0.828092461, -0.560591542, 1.22445516e-006, 0.560591542, 0.828092461, 1.46195535e-005, -9.20956012e-006, -1.14199228e-005, 1, 0.828092848, -0.56059097, 2.44071234e-005, 0.56059097, 0.828092848, 3.59764143e-006, -2.22281696e-005, 1.07032318e-005, 1, 0, 0, 0, 0, 0, 0, 0, 0.29573772, -0.0877281006, -0.168213062, -0.0292039336, 0.544549672, -0.838141187, -0.997924805, 0.0303955078, 0.0544433594, 0.0551745498, 0.838095882, 0.542702969, 0, 0, -0, 0, 0, 0, 0, 0.318952539, -0.0333194336, -0.144377295, -0.12275411, 0.197943147, -0.972413241, 0.569580078, -0.788330078, -0.232421875, -0.812693475, -0.582353013, -0.015916625, 0, 2, 1, 1, 
417.125316, 27, 0.1, 0.1, 0.0118751727, 0.369164099, -0.0199671166, 0.82809046, -0.560594497, 2.33077946e-005, 0.560594497, 0.82809046, -1.43167314e-005, -1.12750815e-005, 2.49217701e-005, 1, 0.828090857, -0.56059391, -1.67331494e-006, 0.56059391, 0.828090857, -1.92043956e-005, 1.2151524e-005, 1.49649343e-005, 1, 0, 0, 0, 0, 0, 0, 0, 0.29573772, -0.0877281006, -0.168213062, -0.0292039336, 0.544549672, -0.838141187, -0.997924805, 0.0303955078, 0.0544433594, 0.0551745498, 0.838095882, 0.542702969, 0, 0, -0, 0, 0, 0, 0, 0.318952539, -0.0333194336, -0.144377295, -0.12275411, 0.197943147, -0.972413241, 0.569580078, -0.788330078, -0.232421875, -0.812693475, -0.582353013, -0.015916625, 0, 2, 1, 1, 
417.126109, 27, 0.1, 0.1, 0.011875175, 0.369164099, -0.0199641536, 0.82808845, -0.560597465, -4.2113145e-005, 0.560597466, 0.82808845, 4.44651909e-006, 3.23807017e-005, -2.72906335e-005, 0.999999999, 0.828088854, -0.560596868, -3.29233522e-005, 0.560596868, 0.828088855, 1.30646989e-005, 1.99394317e-005, -2.92754597e-005, 0.999999999, 0, 0, 0, 0, 0, 0, 0, 0.29573772, -0.0877281006, -0.168213062, -0.0292039336, 0.544549672, -0.838141187, -0.997924805, 0.0303955078, 0.0544433594, 0.0551745498, 0.838095882, 0.542702969, 0, 0, -0, 0, 0, 0, 0, 0.318952539, -0.0333194336, -0.144377295, -0.12275411, 0.197943147, -0.972413241, 0.569580078, -0.788330078, -0.232421875, -0.812693475, -0.582353013, -0.015916625, 0, 2, 1, 1, 
417.126898, 27, 0.1, 0.1, 0.0118751739, 0.369164104, -0.0199618879, 0.828086418, -0.560600467, 2.54612506e-005, 0.560600467, 0.828086418, 6.61349915e-006, -2.47916465e-005, 8.79704013e-006, 1, 0.828086831, -0.560599856, 3.4811717e-005, 0.560599857, 0.828086832, -5.37720094e-006, -2.58126663e-005, 2.39682328e-005, 0.999999999, 0, 0, 0, 0, 0, 0, 0, 0.29573772, -0.0877281006, -0.168213062, -0.0292039336, 0.544549672, -0.838141187, -0.997924805, 0.0303955078, 0.0544433594, 0.0551745498, 0.838095882, 0.542702969, 0, 0, -0, 0, 0, 0, 0, 0.318952539, -0.0333194336, -0.144377295, -0.12275411, 0.197943147, -0.972413241, 0.569580078, -0.788330078, -0.232421875, -0.812693475, -0.582353013, -0.015916625, 0, 2, 1, 1, 
417.127717, 27, 0.1, 0.1, 0.0118751803, 0.369164105, -0.0199606881, 0.828084264, -0.560603649, -1.69255674e-006, 0.560603649, 0.828084264, -2.10048168e-005, 1.31769565e-005, 1.64449048e-005, 1, 0.828084673, -0.560603044, -3.13234313e-005, 0.560603044, 0.828084674, -6.67954899e-006, 2.96830289e-005, -1.20287788e-005, 0.999999999, 0, 0, 0, 0, 0, 0, 0, 0.295440503, -0.0877111328, -0.168421411, -0.0306949261, 0.544892279, -0.83786186, -0.997924805, 0.0301513672, 0.0561523438, 0.0559050676, 0.837918026, 0.542905912, 0, 0, -0, 0, 0, 0, 0, 0.318604785, -0.0335558594, -0.144774951, -0.124575134, 0.197674824, -0.972227674, 0.568847656, -0.788574219, -0.233154297, -0.812884872, -0.58213573, -0.0141787231, 0, 2, 1, 1, 
417.12851, 27, 0.1, 0.1, 0.0118751775, 0.369164106, -0.0199609876, 0.82808211, -0.560606831, -2.64004857e-005, 0.560606831, 0.82808211, 1.59739272e-005, 1.29066772e-005, -2.8028016e-005, 1, 0.828082552, -0.560606179, 4.69352382e-006, 0.560606178, 0.828082552, 2.10440695e-005, -1.56840605e-005, -1.47950083e-005, 1, 0, 0, 0, 0, 0, 0, 0, 0.295440503, -0.0877111328, -0.168421411, -0.0306949261, 0.544892279, -0.83786186, -0.997924805, 0.0301513672, 0.0561523438, 0.0559050676, 0.837918026, 0.542905912, 0, 0, -0, 0, 0, 0, 0, 0.318604785, -0.0335558594, -0.144774951, -0.124575134, 0.197674824, -0.972227674, 0.568847656, -0.788574219, -0.233154297, -0.812884872, -0.58213573, -0.0141787231, 0, 2, 1, 1, 
417.129298, 27, 0.1, 0.1, 0.0118751785, 0.36916411, -0.0199627343, 0.828079935, -0.560610043, 3.82878269e-005, 0.560610043, 0.828079935, -5.06690058e-006, -2.88648259e-005, 2.5660339e-005, 0.999999999, 0.828080372, -0.560609398, 2.8373599e-005, 0.560609399, 0.828080372, -1.37911197e-005, -1.57641891e-005, 2.73266618e-005, 1, 0, 0, 0, 0, 0, 0, 0, 0.295440503, -0.0877111328, -0.168421411, -0.0306949261, 0.544892279, -0.83786186, -0.997924805, 0.0301513672, 0.0561523438, 0.0559050676, 0.837918026, 0.542905912, 0, 0, -0, 0, 0, 0, 0, 0.318604785, -0.0335558594, -0.144774951, -0.124575134, 0.197674824, -0.972227674, 0.568847656, -0.788574219, -0.233154297, -0.812884872, -0.58213573, -0.0141787231, 0, 2, 1, 1, 
417.130102, 27, 0.1, 0.1, 0.0118751822, 0.369164111, -0.019965243, 0.828077703, -0.56061334, -2.79446422e-005, 0.56061334, 0.828077704, -3.75936947e-006, 2.52478878e-005, -1.25530892e-005, 1, 0.828078137, -0.560612698, -3.59164743e-005, 0.560612698, 0.828078138, 6.68621307e-006, 2.59932712e-005, -2.56719384e-005, 0.999999999, 0, 0, 0, 0, 0, 0, 0, 0.295187354, -0.0876894043, -0.168627075, -0.0313228507, 0.545336356, -0.837544341, -0.997802734, 0.0303955078, 0.0571289063, 0.0566224807, 0.837600507, 0.543349989, 0, 0, -0, 0, 0, 0, 0, 0.318604785, -0.0335558594, -0.144774951, -0.124575134, 0.197674824, -0.972227674, 0.568847656, -0.788574219, -0.233154297, -0.812884872, -0.58213573, -0.0141787231, 0, 2, 1, 1, 
417.130907, 27, 0.1, 0.1, 0.0118751792, 0.369164114, -0.0199673135, 0.828075479, -0.560616626, 2.78442616e-006, 0.560616626, 0.828075479, 1.65774068e-005, -1.15992849e-005, -1.21663485e-005, 1, 0.828075905, -0.560615996, 2.6589285e-005, 0.560615996, 0.828075905, 4.4553529e-006, -2.45156884e-005, 1.12170081e-005, 1, 0, 0, 0, 0, 0, 0, 0, 0.295187354, -0.0876894043, -0.168627075, -0.0313228507, 0.545336356, -0.837544341, -0.997802734, 0.0303955078, 0.0571289063, 0.0566224807, 0.837600507, 0.543349989, 0, 0, -0, 0, 0, 0, 0, 0.318267529, -0.0329149414, -0.145181152, -0.126657917, 0.19770654, -0.971978307, 0.569946289, -0.787475586, -0.23449707, -0.811753612, -0.583605309, -0.0130478293, 0, 2, 1, 1, 
417.13169, 27, 0.1, 0.1, 0.0118751828, 0.369164116, -0.019968665, 0.828073319, -0.560619815, 2.23262898e-005, 0.560619815, 0.828073319, -1.17248215e-005, -1.19146376e-005, 2.22255723e-005, 1, 0.828073754, -0.560619174, -1.87166884e-006, 0.560619174, 0.828073754, -1.59496875e-005, 1.04915805e-005, 1.21582241e-005, 1, 0, 0, 0, 0, 0, 0, 0, 0.295187354, -0.0876894043, -0.168627075, -0.0313228507, 0.545336356, -0.837544341, -0.997802734, 0.0303955078, 0.0571289063, 0.0566224807, 0.837600507, 0.543349989, 0, 0, -0, 0, 0, 0, 0, 0.318267529, -0.0329149414, -0.145181152, -0.126657917, 0.19770654, -0.971978307, 0.569946289, -0.787475586, -0.23449707, -0.811753612, -0.583605309, -0.0130478293, 0, 2, 1, 1, 
417.132481, 27, 0.1, 0.1, 0.0118751839, 0.369164117, -0.0199689271, 0.828071168, -0.560622992, -3.27371777e-005, 0.560622993, 0.828071168, 4.88436228e-006, 2.43704272e-005, -2.23978141e-005, 0.999999999, 0.828071601, -0.560622353, -2.45563533e-005, 0.560622354, 0.828071601, 1.2340195e-005, 1.34162296e-005, -2.39854056e-005, 1, 0, 0, 0, 0, 0, 0, 0, 0.295187354, -0.0876894043, -0.168627075, -0.0313228507, 0.545336356, -0.837544341, -0.997802734, 0.0303955078, 0.0571289063, 0.0566224807, 0.837600507, 0.543349989, 0, 0, -0, 0, 0, 0, 0, 0.318267529, -0.0329149414, -0.145181152, -0.126657917, 0.19770654, -0.971978307, 0.569946289, -0.787475586, -0.23449707, -0.811753612, -0.583605309, -0.0130478293, 0, 2, 1, 1, 
417.13327, 27, 0.1, 0.1, 0.0118751826, 0.36916412, -0.0199680264, 0.828069049, -0.560626122, 2.27182953e-005, 0.560626122, 0.82806905, 5.6020405e-006, -2.19529674e-005, 8.09759343e-006, 1, 0.82806947, -0.5606255, 3.09965572e-005, 0.5606255, 0.828069471, -4.22247653e-006, -2.33000747e-005, 2.08739643e-005, 1, 0, 0, 0, 0, 0, 0, 0, 0.295187354, -0.0876894043, -0.168627075, -0.0313228507, 0.545336356, -0.837544341, -0.997802734, 0.0303955078, 0.0571289063, 0.0566224807, 0.837600507, 0.543349989, 0, 0, -0, 0, 0, 0, 0, 0.318267529, -0.0329149414, -0.145181152, -0.126657917, 0.19770654, -0.971978307, 0.569946289, -0.787475586, -0.23449707, -0.811753612, -0.583605309, -0.0130478293, 0, 2, 1, 1, 
417.13406, 27, 0.1, 0.1, 0.0118751876, 0.369164122, -0.0199663904, 0.828066946, -0.560629229, -6.57871557e-007, 0.560629229, 0.828066946, -1.76500122e-005, 1.04398744e-005, 1.42465697e-005, 1, 0.828067365, -0.56062861, -2.60548679e-005, 0.56062861, 0.828067365, -5.11327854e-006, 2.44418361e-005, -1.03729653e-005, 1, 0, 0, 0, 0, 0, 0, 0, 0.295187354, -0.0876894043, -0.168627075, -0.0313228507, 0.545336356, -0.837544341, -0.997802734, 0.0303955078, 0.0571289063, 0.0566224807, 0.837600507, 0.543349989, 0, 0, -0, 0, 0, 0, 0, 0.318267529, -0.0329149414, -0.145181152, -0.126657917, 0.19770654, -0.971978307, 0.569946289, -0.787475586, -0.23449707, -0.811753612, -0.583605309, -0.0130478293, 0, 2, 1, 1, 
417.134865, 27, 0.1, 0.1, 0.0118751861, 0.369164123, -0.0199644874, 0.828064786, -0.560632419, -3.03233192e-005, 0.56063242, 0.828064786, 1.37063157e-005, 1.74254679e-005, -2.83499532e-005, 0.999999999, 0.828065257, -0.560631725, -6.9643329e-008, 0.560631725, 0.828065256, 1.92690978e-005, -1.07451983e-005, -1.59951147e-005, 1, 0, 0, 0, 0, 0, 0, 0, 0.295187354, -0.0876894043, -0.168627075, -0.0309098518, 0.54612304, -0.837048967, -0.997802734, 0.0314941406, 0.0573730469, 0.0576693955, 0.837105133, 0.544136673, 0, 0, -0, 0, 0, 0, 0, 0.318267529, -0.0329149414, -0.145181152, -0.126657917, 0.19770654, -0.971978307, 0.569946289, -0.787475586, -0.23449707, -0.811753612, -0.583605309, -0.0130478293, 0, 2, 1, 1, 
417.135665, 27, 0.1, 0.1, 0.0118751877, 0.369164127, -0.0199627264, 0.828062615, -0.560635625, 3.60843339e-005, 0.560635626, 0.828062616, -5.97732867e-006, -2.65289845e-005, 2.51797655e-005, 0.999999999, 0.828063045, -0.56063499, 2.61138528e-005, 0.560634991, 0.828063045, -1.49804531e-005, -1.32253503e-005, 2.70450993e-005, 1, 0, 0, 0, 0, 0, 0, 0, 0.295211646, -0.0878739502, -0.168599365, -0.0309098518, 0.54612304, -0.837048967, -0.997802734, 0.0314941406, 0.0573730469, 0.0576693955, 0.837105133, 0.544136673, 0, 0, -0, 0, 0, 0, 0, 0.318023047, -0.0322457031, -0.145396094, -0.127232843, 0.198076942, -0.971856906, 0.570922852, -0.786499023, -0.235107422, -0.81095484, -0.584793805, -0.0130350695, 0, 2, 1, 1, 
417.136455, 27, 0.1, 0.1, 0.0118751917, 0.369164127, -0.0199620655, 0.828060452, -0.560638821, -2.92336577e-005, 0.560638821, 0.828060452, -5.41910762e-006, 2.72453979e-005, -1.19021747e-005, 1, 0.82806088, -0.560638187, -3.90625057e-005, 0.560638188, 0.828060881, 6.00423523e-006, 2.89799293e-005, -2.68718047e-005, 0.999999999, 0, 0, 0, 0, 0, 0, 0, 0.295211646, -0.0878739502, -0.168599365, -0.0309098518, 0.54612304, -0.837048967, -0.997802734, 0.0314941406, 0.0573730469, 0.0576693955, 0.837105133, 0.544136673, 0, 0, -0, 0, 0, 0, 0, 0.318023047, -0.0322457031, -0.145396094, -0.127232843, 0.198076942, -0.971856906, 0.570922852, -0.786499023, -0.235107422, -0.81095484, -0.584793805, -0.0130350695, 0, 2, 1, 1, 
417.137245, 27, 0.1, 0.1, 0.0118751878, 0.36916413, -0.0199625877, 0.828058261, -0.560642057, 4.3912619e-006, 0.560642057, 0.828058261, 1.99411475e-005, -1.48160667e-005, -1.40505058e-005, 1, 0.828058693, -0.560641419, 3.15403867e-005, 0.560641419, 0.828058693, 6.01398399e-006, -2.94889799e-005, 1.27029154e-005, 0.999999999, 0, 0, 0, 0, 0, 0, 0, 0.295211646, -0.0878739502, -0.168599365, -0.0309098518, 0.54612304, -0.837048967, -0.997802734, 0.0314941406, 0.0573730469, 0.0576693955, 0.837105133, 0.544136673, 0, 0, -0, 0, 0, 0, 0, 0.318023047, -0.0322457031, -0.145396094, -0.127232843, 0.198076942, -0.971856906, 0.570922852, -0.786499023, -0.235107422, -0.81095484, -0.584793805, -0.0130350695, 0, 2, 1, 1, 
417.138034, 27, 0.1, 0.1, 0.0118751915, 0.369164133, -0.0199640551, 0.828056045, -0.56064533, 2.6631299e-005, 0.56064533, 0.828056045, -1.31316657e-005, -1.46900011e-005, 2.58044686e-005, 1, 0.828056493, -0.560644669, -1.17866996e-006, 0.560644669, 0.828056493, -1.79073945e-005, 1.10156906e-005, 1.41675192e-005, 1, 0, 0, 0, 0, 0, 0, 0, 0.295211646, -0.0878739502, -0.168599365, -0.0309098518, 0.54612304, -0.837048967, -0.997802734, 0.0314941406, 0.0573730469, 0.0576693955, 0.837105133, 0.544136673, 0, 0, -0, 0, 0, 0, 0, 0.318023047, -0.0322457031, -0.145396094, -0.127232843, 0.198076942, -0.971856906, 0.570922852, -0.786499023, -0.235107422, -0.81095484, -0.584793805, -0.0130350695, 0, 2, 1, 1, 
417.138824, 27, 0.1, 0.1, 0.011875192, 0.369164133, -0.0199658884, 0.828053828, -0.560648603, -3.46517393e-005, 0.560648603, 0.828053829, 6.5933249e-006, 2.4996967e-005, -2.48870772e-005, 0.999999999, 0.828054273, -0.560647947, -2.5158544e-005, 0.560647947, 0.828054273, 1.45849509e-005, 1.26556171e-005, -2.6182217e-005, 1, 0, 0, 0, 0, 0, 0, 0, 0.295211646, -0.0878739502, -0.168599365, -0.0309098518, 0.54612304, -0.837048967, -0.997802734, 0.0314941406, 0.0573730469, 0.0576693955, 0.837105133, 0.544136673, 0, 0, -0, 0, 0, 0, 0, 0.318023047, -0.0322457031, -0.145396094, -0.127232843, 0.198076942, -0.971856906, 0.570922852, -0.786499023, -0.235107422, -0.81095484, -0.584793805, -0.0130350695, 0, 2, 1, 1, 
417.139631, 27, 0.1, 0.1, 0.0118751907, 0.369164136, -0.0199674254, 0.828051577, -0.560651928, 2.25871702e-005, 0.560651929, 0.828051578, 6.26826205e-006, -2.22176551e-005, 7.47309626e-006, 1, 0.828052057, -0.56065122, 3.14041639e-005, 0.56065122, 0.828052057, -4.48720287e-006, -2.34885268e-005, 2.13224204e-005, 0.999999999, 0, 0, 0, 0, 0, 0, 0, 0.295211646, -0.0878739502, -0.168599365, -0.0297041775, 0.546345079, -0.837010775, -0.997802734, 0.0319824219, 0.0562744141, 0.0574784355, 0.836946374, 0.544377808, 0, 0, -0, 0, 0, 0, 0, 0.318023047, -0.0322457031, -0.145396094, -0.127232843, 0.198076942, -0.971856906, 0.570922852, -0.786499023, -0.235107422, -0.81095484, -0.584793805, -0.0130350695, 0, 2, 1, 1, 
417.140457, 27, 0.1, 0.1, 0.011875197, 0.369164137, -0.0199675175, 0.828049294, -0.560655301, -7.60942105e-006, 0.560655301, 0.828049294, -1.62433064e-005, 1.54078716e-005, 9.18399616e-006, 1, 0.828049725, -0.560654664, -3.19372568e-005, 0.560654665, 0.828049725, -2.93062423e-006, 2.80887049e-005, -1.54790694e-005, 0.999999999, 0, 0, 0, 0, 0, 0, 0, 0.295049438, -0.0878630859, -0.168373437, -0.0297041775, 0.546345079, -0.837010775, -0.997802734, 0.0319824219, 0.0562744141, 0.0574784355, 0.836946374, 0.544377808, 0, 0, -0, 0, 0, 0, 0, 0.317770264, -0.031797998, -0.145387793, -0.127929169, 0.198434583, -0.971735504, 0.571899414, -0.785644531, -0.235717773, -0.810168828, -0.5858609, -0.0130223097, 0, 2, 1, 1, 
417.141246, 27, 0.1, 0.1, 0.011875196, 0.369164138, -0.019966946, 0.828047111, -0.560658525, -2.6574377e-005, 0.560658525, 0.828047111, 9.98517018e-006, 1.64065653e-005, -2.31673424e-005, 1, 0.828047549, -0.560657878, -1.74900861e-006, 0.560657878, 0.828047549, 1.48491649e-005, -6.877039e-006, -1.32764101e-005, 1, 0, 0, 0, 0, 0, 0, 0, 0.295049438, -0.0878630859, -0.168373437, -0.0297041775, 0.546345079, -0.837010775, -0.997802734, 0.0319824219, 0.0562744141, 0.0574784355, 0.836946374, 0.544377808, 0, 0, -0, 0, 0, 0, 0, 0.317770264, -0.031797998, -0.145387793, -0.127929169, 0.198434583, -0.971735504, 0.571899414, -0.785644531, -0.235717773, -0.810168828, -0.5858609, -0.0130223097, 0, 2, 1, 1, 
417.142035, 27, 0.1, 0.1, 0.0118751963, 0.369164142, -0.0199659655, 0.828044945, -0.560661722, 3.81440452e-005, 0.560661723, 0.828044946, -8.27050214e-006, -2.69480299e-005, 2.82342536e-005, 0.999999999, 0.82804538, -0.560661081, 2.86514944e-005, 0.560661081, 0.82804538, -1.64611779e-005, -1.44955958e-005, 2.96943802e-005, 0.999999999, 0, 0, 0, 0, 0, 0, 0, 0.295049438, -0.0878630859, -0.168373437, -0.0297041775, 0.546345079, -0.837010775, -0.997802734, 0.0319824219, 0.0562744141, 0.0574784355, 0.836946374, 0.544377808, 0, 0, -0, 0, 0, 0, 0, 0.317770264, -0.031797998, -0.145387793, -0.127929169, 0.198434583, -0.971735504, 0.571899414, -0.785644531, -0.235717773, -0.810168828, -0.5858609, -0.0130223097, 0, 2, 1, 1, 
417.142836, 27, 0.1, 0.1, 0.0118751991, 0.369164143, -0.0199648016, 0.828042741, -0.560664979, -2.27853679e-005, 0.56066498, 0.828042741, -4.36237586e-006, 2.13130899e-005, -9.16272419e-006, 1, 0.828043175, -0.560664337, -3.20404882e-005, 0.560664338, 0.828043175, 5.54383564e-006, 2.34226767e-005, -2.25544944e-005, 0.999999999, 0, 0, 0, 0, 0, 0, 0, 0.295049438, -0.0878630859, -0.168373437, -0.0297041775, 0.546345079, -0.837010775, -0.997802734, 0.0319824219, 0.0562744141, 0.0574784355, 0.836946374, 0.544377808, 0, 0, -0, 0, 0, 0, 0, 0.317967139, -0.031806543, -0.145599316, -0.128465815, 0.198498383, -0.971639622, 0.572387695, -0.78515625, -0.236083984, -0.80973426, -0.586467908, -0.0127667466, 0, 2, 1, 1, 
417.143623, 27, 0.1, 0.1, 0.0118751947, 0.369164145, -0.019963916, 0.828040578, -0.560668174, 5.45526709e-006, 0.560668173, 0.828040578, 2.33687835e-005, -1.76193157e-005, -1.62917064e-005, 1, 0.828041004, -0.560667543, 3.21329881e-005, 0.560667543, 0.828041005, 9.5892175e-006, -3.19837947e-005, 1.00756582e-005, 0.999999999, 0, 0, 0, 0, 0, 0, 0, 0.295049438, -0.0878630859, -0.168373437, -0.0297041775, 0.546345079, -0.837010775, -0.997802734, 0.0319824219, 0.0562744141, 0.0574784355, 0.836946374, 0.544377808, 0, 0, -0, 0, 0, 0, 0, 0.317967139, -0.031806543, -0.145599316, -0.128465815, 0.198498383, -0.971639622, 0.572387695, -0.78515625, -0.236083984, -0.80973426, -0.586467908, -0.0127667466, 0, 2, 1, 1, 
417.144413, 27, 0.1, 0.1, 0.0118751981, 0.369164146, -0.0199636524, 0.828038371, -0.560671433, 2.71849539e-005, 0.560671433, 0.828038371, -1.10535868e-005, -1.63127546e-005, 2.43946211e-005, 1, 0.828038815, -0.560670777, -3.6912378e-007, 0.560670777, 0.828038815, -1.53087763e-005, 8.88883232e-006, 1.24693041e-005, 1, 0, 0, 0, 0, 0, 0, 0, 0.295049438, -0.0878630859, -0.168373437, -0.0297041775, 0.546345079, -0.837010775, -0.997802734, 0.0319824219, 0.0562744141, 0.0574784355, 0.836946374, 0.544377808, 0, 0, -0, 0, 0, 0, 0, 0.317967139, -0.031806543, -0.145599316, -0.128465815, 0.198498383, -0.971639622, 0.572387695, -0.78515625, -0.236083984, -0.80973426, -0.586467908, -0.0127667466, 0, 2, 1, 1, 
417.145216, 27, 0.1, 0.1, 0.011875199, 0.369164146, -0.0199638365, 0.828036127, -0.560674746, -3.96116696e-005, 0.560674747, 0.828036127, 5.77292686e-006, 2.95631592e-005, -2.69894548e-005, 0.999999999, 0.828036569, -0.560674093, -2.94664817e-005, 0.560674094, 0.828036569, 1.50131125e-005, 1.59818611e-005, -2.89524991e-005, 0.999999999, 0, 0, 0, 0, 0, 0, 0, 0.295265356, -0.0876120117, -0.168354517, -0.0297745702, 0.546909724, -0.83667416, -0.997924805, 0.0307617187, 0.0556640625, 0.0562536652, 0.836609759, 0.544942453, 0, 0, -0, 0, 0, 0, 0, 0.317967139, -0.031806543, -0.145599316, -0.128465815, 0.198498383, -0.971639622, 0.572387695, -0.78515625, -0.236083984, -0.80973426, -0.586467908, -0.0127667466, 0, 2, 1, 1, 
417.146002, 27, 0.1, 0.1, 0.0118751979, 0.36916415, -0.0199645985, 0.828033919, -0.560678008, 2.39361812e-005, 0.560678008, 0.828033919, 3.01665766e-006, -2.15113435e-005, 1.09225955e-005, 1, 0.828034357, -0.560677361, 3.21019171e-005, 0.560677361, 0.828034357, -8.06208753e-006, -2.20612604e-005, 2.46745036e-005, 0.999999999, 0, 0, 0, 0, 0, 0, 0, 0.295265356, -0.0876120117, -0.168354517, -0.0297745702, 0.546909724, -0.83667416, -0.997924805, 0.0307617187, 0.0556640625, 0.0562536652, 0.836609759, 0.544942453, 0, 0, -0, 0, 0, 0, 0, 0.317967139, -0.031806543, -0.145599316, -0.128465815, 0.198498383, -0.971639622, 0.572387695, -0.78515625, -0.236083984, -0.80973426, -0.586467908, -0.0127667466, 0, 2, 1, 1, 
417.146787, 27, 0.1, 0.1, 0.011875203, 0.369164151, -0.0199656713, 0.828031723, -0.560681252, -2.84785002e-006, 0.560681252, 0.828031723, -1.7570931e-005, 1.22098017e-005, 1.29525522e-005, 1, 0.828032157, -0.56068061, -2.83816136e-005, 0.56068061, 0.828032157, -5.22486545e-006, 2.64303695e-005, -1.15866638e-005, 1, 0, 0, 0, 0, 0, 0, 0, 0.295265356, -0.0876120117, -0.168354517, -0.0297745702, 0.546909724, -0.83667416, -0.997924805, 0.0307617187, 0.0556640625, 0.0562536652, 0.836609759, 0.544942453, 0, 0, -0, 0, 0, 0, 0, 0.317967139, -0.031806543, -0.145599316, -0.128465815, 0.198498383, -0.971639622, 0.572387695, -0.78515625, -0.236083984, -0.80973426, -0.586467908, -0.0127667466, 0, 2, 1, 1, 
417.147598, 27, 0.1, 0.1, 0.0118752006, 0.369164152, -0.0199664221, 0.828029448, -0.560684611, -2.32507504e-005, 0.560684611, 0.828029448, 1.60367159e-005, 1.02607662e-005, -2.6315211e-005, 1, 0.828029884, -0.560683968, 2.08928381e-006, 0.560683967, 0.828029884, 2.0368279e-005, -1.31501569e-005, -1.56941157e-005, 1, 0, 0, 0, 0, 0, 0, 0, 0.29575957, -0.0876276367, -0.16769834, -0.0286905851, 0.546586214, -0.836934391, -0.998046875, 0.029296875, 0.0533447266, 0.0537337321, 0.836908182, 0.544860078, 0, 0, -0, 0, 0, 0, 0, 0.31837959, -0.0318182617, -0.144778613, -0.125660818, 0.198402501, -0.972016953, 0.573364258, -0.78503418, -0.234375, -0.809562186, -0.586723471, -0.0150157745, 0, 2, 1, 1, 
417.14839, 27, 0.1, 0.1, 0.011875201, 0.369164155, -0.0199666891, 0.828027237, -0.560687875, 3.59866643e-005, 0.560687876, 0.828027238, -5.44398045e-006, -2.67455644e-005, 2.46850504e-005, 0.999999999, 0.828027673, -0.560687232, 2.73225736e-005, 0.560687232, 0.828027673, -1.2489414e-005, -1.56211921e-005, 2.56609986e-005, 1, 0, 0, 0, 0, 0, 0, 0, 0.29575957, -0.0876276367, -0.16769834, -0.0286905851, 0.546586214, -0.836934391, -0.998046875, 0.029296875, 0.0533447266, 0.0537337321, 0.836908182, 0.544860078, 0, 0, -0, 0, 0, 0, 0, 0.31837959, -0.0318182617, -0.144778613, -0.125660818, 0.198402501, -0.972016953, 0.573364258, -0.78503418, -0.234375, -0.809562186, -0.586723471, -0.0150157745, 0, 2, 1, 1, 
417.14918, 27, 0.1, 0.1, 0.011875204, 0.369164156, -0.0199665544, 0.828025056, -0.560691097, -2.47650625e-005, 0.560691097, 0.828025057, -8.47941223e-006, 2.52604232e-005, -6.86438423e-006, 1, 0.828025488, -0.560690459, -3.26636156e-005, 0.560690459, 0.828025488, 2.13532241e-006, 2.58490513e-005, -2.0082279e-005, 0.999999999, 0, 0, 0, 0, 0, 0, 0, 0.29575957, -0.0876276367, -0.16769834, -0.0286905851, 0.546586214, -0.836934391, -0.998046875, 0.029296875, 0.0533447266, 0.0537337321, 0.836908182, 0.544860078, 0, 0, -0, 0, 0, 0, 0, 0.31837959, -0.0318182617, -0.144778613, -0.125660818, 0.198402501, -0.972016953, 0.573364258, -0.78503418, -0.234375, -0.809562186, -0.586723471, -0.0150157745, 0, 2, 1, 1, 
417.149972, 27, 0.1, 0.1, 0.0118752009, 0.369164159, -0.0199660672, 0.828022878, -0.560694314, 6.37853709e-008, 0.560694314, 0.828022878, 1.49605193e-005, -8.44109383e-006, -1.23518881e-005, 1, 0.828023301, -0.560693688, 2.51321177e-005, 0.560693688, 0.828023302, 1.74951446e-006, -2.17909208e-005, 1.26427811e-005, 1, 0, 0, 0, 0, 0, 0, 0, 0.29575957, -0.0876276367, -0.16769834, -0.0286905851, 0.546586214, -0.836934391, -0.998046875, 0.029296875, 0.0533447266, 0.0537337321, 0.836908182, 0.544860078, 0, 0, -0, 0, 0, 0, 0, 0.31837959, -0.0318182617, -0.144778613, -0.125660818, 0.198402501, -0.972016953, 0.573364258, -0.78503418, -0.234375, -0.809562186, -0.586723471, -0.0150157745, 0, 2, 1, 1, 
417.15076, 27, 0.1, 0.1, 0.0118752047, 0.369164161, -0.0199654606, 0.828020702, -0.560697527, 2.4525409e-005, 0.560697527, 0.828020702, -1.2435539e-005, -1.33349704e-005, 2.40482199e-005, 1, 0.828021143, -0.560696877, -2.51869199e-006, 0.560696877, 0.828021142, -1.79957469e-005, 1.21756893e-005, 1.34886362e-005, 1, 0, 0, 0, 0, 0, 0, 0, 0.29575957, -0.0876276367, -0.16769834, -0.0286905851, 0.546586214, -0.836934391, -0.998046875, 0.029296875, 0.0533447266, 0.0537337321, 0.836908182, 0.544860078, 0, 0, -0, 0, 0, 0, 0, 0.31837959, -0.0318182617, -0.144778613, -0.125660818, 0.198402501, -0.972016953, 0.573364258, -0.78503418, -0.234375, -0.809562186, -0.586723471, -0.0150157745, 0, 2, 1, 1, 
417.15155, 27, 0.1, 0.1, 0.0118752058, 0.369164161, -0.0199649078, 0.828018524, -0.560700742, -3.75465191e-005, 0.560700742, 0.828018525, 9.0765768e-006, 2.59999701e-005, -2.85679349e-005, 0.999999999, 0.828018962, -0.560700096, -2.8415766e-005, 0.560700096, 0.828018962, 1.70464658e-005, 1.3970838e-005, -3.00475197e-005, 0.999999999, 0, 0, 0, 0, 0, 0, 0, 0.29575957, -0.0876276367, -0.16769834, -0.0286905851, 0.546586214, -0.836934391, -0.998046875, 0.029296875, 0.0533447266, 0.0537337321, 0.836908182, 0.544860078, 0, 0, -0, 0, 0, 0, 0, 0.31837959, -0.0318182617, -0.144778613, -0.125660818, 0.198402501, -0.972016953, 0.573364258, -0.78503418, -0.234375, -0.809562186, -0.586723471, -0.0150157745, 0, 2, 1, 1, 
417.152369, 27, 0.1, 0.1, 0.0118752033, 0.369164164, -0.0199642784, 0.828016256, -0.560704091, 2.89236078e-005, 0.560704092, 0.828016257, 5.41918051e-006, -2.69877741e-005, 1.17304157e-005, 1, 0.82801669, -0.56070345, 3.82937431e-005, 0.560703451, 0.828016691, -4.93941155e-006, -2.89383133e-005, 2.55613491e-005, 0.999999999, 0, 0, 0, 0, 0, 0, 0, 0.296459448, -0.0871811523, -0.167027271, -0.027924119, 0.546586214, -0.836915295, -0.998291016, 0.0272216797, 0.0510253906, 0.0507697213, 0.836908182, 0.544980645, 0, 0, -0, 0, 0, 0, 0, 0.319055322, -0.0316318848, -0.143753223, -0.122421255, 0.198127615, -0.972439127, 0.575073242, -0.784423828, -0.232177734, -0.808853466, -0.587611562, -0.0180059718, 0, 2, 1, 1, 
417.153153, 27, 0.1, 0.1, 0.0118752081, 0.369164165, -0.0199640429, 0.828014082, -0.560707303, -2.12329574e-006, 0.560707303, 0.828014082, -2.08643633e-005, 1.34569196e-005, 1.60854392e-005, 1, 0.828014508, -0.560706674, -2.7853471e-005, 0.560706674, 0.828014508, -7.35996438e-006, 2.71898592e-005, -9.5234698e-006, 1, 0, 0, 0, 0, 0, 0, 0, 0.296459448, -0.0871811523, -0.167027271, -0.027924119, 0.546586214, -0.836915295, -0.998291016, 0.0272216797, 0.0510253906, 0.0507697213, 0.836908182, 0.544980645, 0, 0, -0, 0, 0, 0, 0, 0.319055322, -0.0316318848, -0.143753223, -0.122421255, 0.198127615, -0.972439127, 0.575073242, -0.784423828, -0.232177734, -0.808853466, -0.587611562, -0.0180059718, 0, 2, 1, 1, 
417.153942, 27, 0.1, 0.1, 0.0118752062, 0.369164167, -0.0199643706, 0.82801187, -0.560710569, -2.81253529e-005, 0.56071057, 0.82801187, 1.3603301e-005, 1.56606115e-005, -2.70338773e-005, 1, 0.828012315, -0.560709912, -2.79544741e-007, 0.560709912, 0.828012315, 1.76820806e-005, -9.68305139e-006, -1.4797724e-005, 1, 0, 0, 0, 0, 0, 0, 0, 0.296459448, -0.0871811523, -0.167027271, -0.027924119, 0.546586214, -0.836915295, -0.998291016, 0.0272216797, 0.0510253906, 0.0507697213, 0.836908182, 0.544980645, 0, 0, -0, 0, 0, 0, 0, 0.319055322, -0.0316318848, -0.143753223, -0.122421255, 0.198127615, -0.972439127, 0.575073242, -0.784423828, -0.232177734, -0.808853466, -0.587611562, -0.0180059718, 0, 2, 1, 1, 
417.154734, 27, 0.1, 0.1, 0.0118752073, 0.369164169, -0.0199650863, 0.828009668, -0.560713821, 3.44284835e-005, 0.560713822, 0.828009668, -2.729332e-006, -2.6976743e-005, 2.15644398e-005, 0.999999999, 0.828010112, -0.560713166, 2.46310075e-005, 0.560713166, 0.828010112, -1.1357244e-005, -1.4026567e-005, 2.32148431e-005, 1, 0, 0, 0, 0, 0, 0, 0, 0.296459448, -0.0871811523, -0.167027271, -0.027924119, 0.546586214, -0.836915295, -0.998291016, 0.0272216797, 0.0510253906, 0.0507697213, 0.836908182, 0.544980645, 0, 0, -0, 0, 0, 0, 0, 0.319055322, -0.0316318848, -0.143753223, -0.122421255, 0.198127615, -0.972439127, 0.575073242, -0.784423828, -0.232177734, -0.808853466, -0.587611562, -0.0180059718, 0, 2, 1, 1, 
417.155525, 27, 0.1, 0.1, 0.0118752104, 0.369164169, -0.0199657979, 0.828007441, -0.560717109, -2.47740108e-005, 0.560717109, 0.828007442, -1.53345351e-006, 2.13728989e-005, -1.26215008e-005, 1, 0.828007879, -0.560716462, -3.34621034e-005, 0.560716463, 0.828007879, 9.73429343e-006, 2.22487067e-005, -2.68228239e-005, 0.999999999, 0, 0, 0, 0, 0, 0, 0, 0.296459448, -0.0871811523, -0.167027271, -0.027924119, 0.546586214, -0.836915295, -0.998291016, 0.0272216797, 0.0510253906, 0.0507697213, 0.836908182, 0.544980645, 0, 0, -0, 0, 0, 0, 0, 0.319055322, -0.0316318848, -0.143753223, -0.122421255, 0.198127615, -0.972439127, 0.575073242, -0.784423828, -0.232177734, -0.808853466, -0.587611562, -0.0180059718, 0, 2, 1, 1, 
417.156309, 27, 0.1, 0.1, 0.0118752068, 0.369164171, -0.0199664207, 0.828005263, -0.560720327, 3.94185085e-006, 0.560720327, 0.828005263, 1.63973978e-005, -1.24582275e-005, -1.13668558e-005, 1, 0.828005694, -0.56071969, 2.84417604e-005, 0.56071969, 0.828005694, 4.73444919e-006, -2.62046385e-005, 1.20277042e-005, 1, 0, 0, 0, 0, 0, 0, 0, 0.296459448, -0.0871811523, -0.167027271, -0.027924119, 0.546586214, -0.836915295, -0.998291016, 0.0272216797, 0.0510253906, 0.0507697213, 0.836908182, 0.544980645, 0, 0, -0, 0, 0, 0, 0, 0.319055322, -0.0316318848, -0.143753223, -0.122421255, 0.198127615, -0.972439127, 0.575073242, -0.784423828, -0.232177734, -0.808853466, -0.587611562, -0.0180059718, 0, 2, 1, 1, 
417.157126, 27, 0.1, 0.1, 0.0118752101, 0.369164174, -0.0199664474, 0.82800299, -0.560723682, 2.56269788e-005, 0.560723683, 0.82800299, -1.82646149e-005, -1.0977813e-005, 2.94928096e-005, 1, 0.828003426, -0.560723039, 1.48813999e-007, 0.560723039, 0.828003426, -2.25478385e-005, 1.2519874e-005, 1.8753131e-005, 1, 0, 0, 0, 0, 0, 0, 0, 0.296973193, -0.0874308838, -0.166381226, -0.0265286065, 0.546040665, -0.837353381, -0.998291016, 0.0269775391, 0.0491943359, 0.0494363664, 0.837365364, 0.544555664, 0, 0, -0, 0, 0, 0, 0, 0.319540283, -0.0322793945, -0.142734424, -0.118140483, 0.197961737, -0.972995463, 0.574462891, -0.785644531, -0.229614258, -0.809876451, -0.586033341, -0.0208875273, 0, 2, 1, 1, 
417.157912, 27, 0.1, 0.1, 0.0118752108, 0.369164175, -0.0199661064, 0.828000812, -0.560726898, -3.50636118e-005, 0.560726898, 0.828000813, 2.92765841e-006, 2.73910823e-005, -2.20852138e-005, 0.999999999, 0.828001249, -0.560726253, -2.60709723e-005, 0.560726254, 0.828001249, 1.0088042e-005, 1.59301676e-005, -2.297159e-005, 1, 0, 0, 0, 0, 0, 0, 0, 0.296973193, -0.0874308838, -0.166381226, -0.0265286065, 0.546040665, -0.837353381, -0.998291016, 0.0269775391, 0.0491943359, 0.0494363664, 0.837365364, 0.544555664, 0, 0, -0, 0, 0, 0, 0, 0.319540283, -0.0322793945, -0.142734424, -0.118140483, 0.197961737, -0.972995463, 0.574462891, -0.785644531, -0.229614258, -0.809876451, -0.586033341, -0.0208875273, 0, 2, 1, 1, 
417.158699, 27, 0.1, 0.1, 0.011875209, 0.369164178, -0.0199656444, 0.827998651, -0.56073009, 2.46262892e-005, 0.56073009, 0.827998651, 7.15309966e-006, -2.44014925e-005, 7.88594452e-006, 1, 0.827999078, -0.560729459, 3.3352754e-005, 0.560729459, 0.827999078, -3.95781671e-006, -2.53967852e-005, 2.19789403e-005, 0.999999999, 0, 0, 0, 0, 0, 0, 0, 0.296973193, -0.0874308838, -0.166381226, -0.0265286065, 0.546040665, -0.837353381, -0.998291016, 0.0269775391, 0.0491943359, 0.0494363664, 0.837365364, 0.544555664, 0, 0, -0, 0, 0, 0, 0, 0.319540283, -0.0322793945, -0.142734424, -0.118140483, 0.197961737, -0.972995463, 0.574462891, -0.785644531, -0.229614258, -0.809876451, -0.586033341, -0.0208875273, 0, 2, 1, 1, 
417.159517, 27, 0.1, 0.1, 0.0118752144, 0.369164178, -0.0199649454, 0.827996396, -0.560733419, -2.9314234e-006, 0.560733419, 0.827996396, -1.70862904e-005, 1.2008062e-005, 1.25036398e-005, 1, 0.827996826, -0.560732785, -2.87586612e-005, 0.560732785, 0.827996826, -3.6309118e-006, 2.58480515e-005, -1.31195407e-005, 1, 0, 0, 0, 0, 0, 0, 0, 0.29670918, -0.0873874268, -0.166569312, -0.0273785699, 0.54692882, -0.836718343, -0.998291016, 0.0272216797, 0.0504150391, 0.050312539, 0.836730326, 0.545443819, 0, 0, -0, 0, 0, 0, 0, 0.319303369, -0.0328988281, -0.142734424, -0.118038404, 0.198319745, -0.972995463, 0.573120117, -0.786499023, -0.229858398, -0.810847664, -0.584768286, -0.0208875273, 0, 2, 1, 1, 
417.160305, 27, 0.1, 0.1, 0.0118752126, 0.369164179, -0.0199643148, 0.827994211, -0.560736646, -2.87297587e-005, 0.560736646, 0.827994211, 1.32427141e-005, 1.63623988e-005, -2.70747191e-005, 0.999999999, 0.827994649, -0.560735999, -9.23180127e-007, 0.560735999, 0.827994649, 1.8501829e-005, -9.61025334e-006, -1.58370757e-005, 1, 0, 0, 0, 0, 0, 0, 0, 0.29670918, -0.0873874268, -0.166569312, -0.0273785699, 0.54692882, -0.836718343, -0.998291016, 0.0272216797, 0.0504150391, 0.050312539, 0.836730326, 0.545443819, 0, 0, -0, 0, 0, 0, 0, 0.319303369, -0.0328988281, -0.142734424, -0.118038404, 0.198319745, -0.972995463, 0.573120117, -0.786499023, -0.229858398, -0.810847664, -0.584768286, -0.0208875273, 0, 2, 1, 1, 
