time, trialNum, realDorsalTactorPos, realVentralTactorPos, box1PosX, box1PosY, box1PosZ, box1LocalRot_11, box1LocalRot_12, box1LocalRot_13, box1LocalRot_21, box1LocalRot_22, box1LocalRot_23, box1LocalRot_31, box1LocalRot_32, box1LocalRot_33, box1GlobalRot_11, box1GlobalRot_12, box1GlobalRot_13, box1GlobalRot_21, box1GlobalRot_22, box1GlobalRot_23, box1GlobalRot_31, box1GlobalRot_32, box1GlobalRot_33, indexForceX, indexForceY, indexForceZ, indexForceGlobalX, indexForceGlobalY, indexForceGlobalZ, indexContact, indexPosX, indexPosY, indexPosZ, indexRot_11, indexRot_12, indexRot_13, indexRot_21, indexRot_22, indexRot_23, indexRot_31, indexRot_32, indexRot_33, thumbForceX, thumbForceY, thumbForceZ, thumbForceGlobalX, thumbForceGlobalY, thumbForceGlobalZ, thumbContact, thumbPosX, thumbPosY, thumbPosZ, thumbRot_11, thumbRot_12, thumbRot_13, thumbRot_21, thumbRot_22, thumbRot_23, thumbRot_31, thumbRot_32, thumbRot_33, manipForceTooHigh, cceExpType, mapping, trialSuccess, 
235.339957, 27, 0.1, 0.1, 0.00645375736, 0.346917073, -0.0199663792, 0.972325858, -1.43729666e-005, -0.233628821, 0.233628821, 1.43159388e-005, 0.972325858, -1.06305912e-005, -1, 1.72776967e-005, 0.972325778, -2.5733377e-006, -0.233629153, 0.233629153, 9.1669126e-006, 0.972325778, -3.60464557e-007, -1, 9.51443213e-006, 0, 0, 0, 0, 0, 0, 0, 0.254467041, -0.127382056, -0.189658643, -0.057395346, 0.460220599, -0.885897437, -0.997924805, -0.00451660157, 0.0622558594, 0.0246631135, 0.887788323, 0.459673928, 0, 0, -0, 0, 0, 0, 0, 0.289030176, -0.073401709, -0.156773828, 0.111149259, 0.103687696, -0.988306029, 0.660766602, -0.750488281, -0.00427246093, -0.742203466, -0.652526331, -0.151990292, 0, 2, 1, 1, 
235.37191, 27, 0.1, 0.1, 0.00645375338, 0.346917059, -0.0199760931, 0.972320648, 4.70374295e-006, -0.233650503, 0.233650502, 4.74910769e-005, 0.972320647, 1.56698604e-005, -0.999999999, 4.50775228e-005, 0.972320509, -1.81987038e-005, -0.233651081, 0.233651081, 1.70512473e-005, 0.972320509, -1.37109305e-005, -1, 2.08314243e-005, 0, 0, 0, 0, 0, 0, 0, 0.269790381, -0.14330481, -0.184350659, -0.0677446408, 0.452314445, -0.889250481, -0.997314453, -0.0538330078, 0.0485839844, -0.0258535155, 0.890152862, 0.454890545, 0, 0, -0, 0, 0, 0, 0, 0.302337061, -0.0911656738, -0.152179687, 0.116489499, 0.0605270274, -0.991304954, 0.694335937, -0.718505859, 0.0377197266, -0.710097308, -0.692658086, -0.125793066, 0, 2, 1, 1, 
235.372694, 27, 0.1, 0.1, 0.00645375752, 0.34691707, -0.0199703606, 0.972321269, 6.90846426e-006, -0.233647919, 0.233647919, -8.3846673e-008, 0.972321269, 6.69765613e-006, -1, -1.6956742e-006, 0.972321147, 2.14429636e-005, -0.233648427, 0.233648426, 3.42670357e-005, 0.972321147, 2.88558859e-005, -0.999999999, 2.83084487e-005, 0, 0, 0, 0, 0, 0, 0, 0.27075083, -0.144745312, -0.185379712, -0.0677446408, 0.452314445, -0.889250481, -0.997314453, -0.0538330078, 0.0485839844, -0.0258535155, 0.890152862, 0.454890545, 0, 0, -0, 0, 0, 0, 0, 0.302337061, -0.0911656738, -0.152179687, 0.116489499, 0.0605270274, -0.991304954, 0.694335937, -0.718505859, 0.0377197266, -0.710097308, -0.692658086, -0.125793066, 0, 2, 1, 1, 
235.373612, 27, 0.1, 0.1, 0.00645374792, 0.346917066, -0.0199611642, 0.972322043, -1.88139506e-005, -0.233644697, 0.233644697, 5.10554581e-006, 0.972322043, -1.71003352e-005, -1, 9.36001451e-006, 0.972321905, -4.15011658e-005, -0.233645267, 0.233645267, -5.10525049e-006, 0.972321906, -4.15453103e-005, -0.999999999, 4.73260407e-006, 0, 0, 0, 0, 0, 0, 0, 0.27075083, -0.144745312, -0.185379712, -0.0677446408, 0.452314445, -0.889250481, -0.997314453, -0.0538330078, 0.0485839844, -0.0258535155, 0.890152862, 0.454890545, 0, 0, -0, 0, 0, 0, 0, 0.302337061, -0.0911656738, -0.152179687, 0.116489499, 0.0605270274, -0.991304954, 0.694335937, -0.718505859, 0.0377197266, -0.710097308, -0.692658086, -0.125793066, 0, 2, 1, 1, 
235.374425, 27, 0.1, 0.1, 0.00645375432, 0.346917067, -0.0199544746, 0.972322708, 4.49382121e-006, -0.233641932, 0.233641932, -1.03081114e-005, 0.972322708, 1.96103734e-006, -1, -1.10727559e-005, 0.972322578, 3.17030271e-005, -0.233642467, 0.233642467, 7.82695976e-006, 0.972322579, 3.26542793e-005, -0.999999999, 2.03156227e-007, 0, 0, 0, 0, 0, 0, 0, 0.27075083, -0.144745312, -0.185379712, -0.0704424293, 0.454249516, -0.888043685, -0.997070312, -0.0563964844, 0.0501708984, -0.0272801068, 0.889104826, 0.457047654, 0, 0, -0, 0, 0, 0, 0, 0.302337061, -0.0911656738, -0.152179687, 0.116489499, 0.0605270274, -0.991304954, 0.694335937, -0.718505859, 0.0377197266, -0.710097308, -0.692658086, -0.125793066, 0, 2, 1, 1, 
235.375222, 27, 0.1, 0.1, 0.00645374155, 0.346917067, -0.0199516591, 0.972323363, -2.46647362e-005, -0.233639203, 0.233639203, -2.09672932e-005, 0.972323363, -2.88808809e-005, -0.999999999, -1.46243397e-005, 0.972323237, -6.14129683e-005, -0.233639722, 0.233639722, -1.86412978e-006, 0.972323239, -6.01487909e-005, -0.999999998, 1.25359721e-005, 0, 0, 0, 0, 0, 0, 0, 0.271948071, -0.146435547, -0.186650928, -0.0704424293, 0.454249516, -0.888043685, -0.997070312, -0.0563964844, 0.0501708984, -0.0272801068, 0.889104826, 0.457047654, 0, 0, -0, 0, 0, 0, 0, 0.30330459, -0.092675293, -0.153033105, 0.113748668, 0.0586801172, -0.99178363, 0.696411133, -0.716552734, 0.0375976563, -0.70854424, -0.69493883, -0.122406581, 0, 2, 1, 1, 
235.376005, 27, 0.1, 0.1, 0.00645375029, 0.346917069, -0.0199538258, 0.972323801, 2.34872848e-005, -0.233637381, 0.233637381, 1.07874405e-005, 0.972323801, 2.53575954e-005, -1, 5.00137744e-006, 0.972323729, 4.48965874e-005, -0.233637676, 0.233637675, 2.53640449e-005, 0.97232373, 4.95800138e-005, -0.999999999, 1.41725284e-005, 0, 0, 0, 0, 0, 0, 0, 0.271948071, -0.146435547, -0.186650928, -0.0704424293, 0.454249516, -0.888043685, -0.997070312, -0.0563964844, 0.0501708984, -0.0272801068, 0.889104826, 0.457047654, 0, 0, -0, 0, 0, 0, 0, 0.30330459, -0.092675293, -0.153033105, 0.113748668, 0.0586801172, -0.99178363, 0.696411133, -0.716552734, 0.0375976563, -0.70854424, -0.69493883, -0.122406581, 0, 2, 1, 1, 
235.376787, 27, 0.1, 0.1, 0.00645374443, 0.346917067, -0.0199597826, 0.972324146, -1.80590888e-005, -0.233635946, 0.233635946, 2.96353002e-005, 0.972324145, -1.06354166e-005, -0.999999999, 3.30343703e-005, 0.972324074, -3.33801102e-005, -0.233636242, 0.233636241, -8.44574327e-006, 0.972324075, -3.44295165e-005, -0.999999999, -4.1319603e-007, 0, 0, 0, 0, 0, 0, 0, 0.271948071, -0.146435547, -0.186650928, -0.0704424293, 0.454249516, -0.888043685, -0.997070312, -0.0563964844, 0.0501708984, -0.0272801068, 0.889104826, 0.457047654, 0, 0, -0, 0, 0, 0, 0, 0.30330459, -0.092675293, -0.153033105, 0.113748668, 0.0586801172, -0.99178363, 0.696411133, -0.716552734, 0.0375976563, -0.70854424, -0.69493883, -0.122406581, 0, 2, 1, 1, 
235.37757, 27, 0.1, 0.1, 0.00645375176, 0.346917076, -0.0199673036, 0.972324584, 3.39853988e-005, -0.233634119, 0.233634119, -1.48598e-006, 0.972324585, 3.26976631e-005, -0.999999999, -9.38500361e-006, 0.972324493, 4.36294061e-005, -0.233634498, 0.233634496, 3.327845e-005, 0.972324494, 5.01969342e-005, -0.999999998, 2.21641177e-005, 0, 0, 0, 0, 0, 0, 0, 0.271948071, -0.146435547, -0.186650928, -0.0704424293, 0.454249516, -0.888043685, -0.997070312, -0.0563964844, 0.0501708984, -0.0272801068, 0.889104826, 0.457047654, 0, 0, -0, 0, 0, 0, 0, 0.30330459, -0.092675293, -0.153033105, 0.113748668, 0.0586801172, -0.99178363, 0.696411133, -0.716552734, 0.0375976563, -0.70854424, -0.69493883, -0.122406581, 0, 2, 1, 1, 
235.378354, 27, 0.1, 0.1, 0.00645374296, 0.346917069, -0.0199737928, 0.972325151, -7.07124091e-005, -0.233631752, 0.233631752, -1.93206556e-005, 0.972325154, -7.32693727e-005, -0.999999997, -2.26529535e-006, 0.972325031, -6.40999592e-005, -0.233632254, 0.233632252, -3.84005258e-005, 0.972325033, -7.12975963e-005, -0.999999997, -2.23619746e-005, 0, 0, 0, 0, 0, 0, 0, 0.271948071, -0.146435547, -0.186650928, -0.0704424293, 0.454249516, -0.888043685, -0.997070312, -0.0563964844, 0.0501708984, -0.0272801068, 0.889104826, 0.457047654, 0, 0, -0, 0, 0, 0, 0, 0.30330459, -0.092675293, -0.153033105, 0.113748668, 0.0586801172, -0.99178363, 0.696411133, -0.716552734, 0.0375976563, -0.70854424, -0.69493883, -0.122406581, 0, 2, 1, 1, 
235.379149, 27, 0.1, 0.1, 0.00645373721, 0.346917078, -0.0199772423, 0.972325834, 2.6394979e-005, -0.233628919, 0.233628917, 4.87019306e-005, 0.972325834, 3.70426994e-005, -0.999999998, 4.1187515e-005, 0.972325677, -1.14085885e-006, -0.233629576, 0.233629575, 5.28104586e-005, 0.972325675, 1.12287987e-005, -0.999999999, 5.16155033e-005, 0, 0, 0, 0, 0, 0, 0, 0.271948071, -0.146435547, -0.186650928, -0.0720337714, 0.454611218, -0.887745262, -0.997070312, -0.0543212891, 0.0531005859, -0.0240618566, 0.889047538, 0.457371164, 0, 0, -0, 0, 0, 0, 0, 0.30330459, -0.092675293, -0.153033105, 0.113748668, 0.0586801172, -0.99178363, 0.696411133, -0.716552734, 0.0375976563, -0.70854424, -0.69493883, -0.122406581, 0, 2, 1, 1, 
235.379952, 27, 0.1, 0.1, 0.0064537476, 0.346917079, -0.0199763495, 0.972326626, 2.37517088e-005, -0.233625623, 0.233625624, -2.01943635e-005, 0.972326626, 1.83764981e-005, -1, -2.51845251e-005, 0.972326469, 4.51727844e-005, -0.233626275, 0.233626276, -1.62861984e-005, 0.972326469, 4.01178101e-005, -0.999999999, -2.63890512e-005, 0, 0, 0, 0, 0, 0, 0, 0.272323022, -0.149319385, -0.187527661, -0.0720337714, 0.454611218, -0.887745262, -0.997070312, -0.0543212891, 0.0531005859, -0.0240618566, 0.889047538, 0.457371164, 0, 0, -0, 0, 0, 0, 0, 0.304003467, -0.0949054199, -0.153641309, 0.11079675, 0.0555619551, -0.992242984, 0.696899414, -0.716064453, 0.0377197266, -0.708486271, -0.69563479, -0.118036124, 0, 2, 1, 1, 
235.380864, 27, 0.1, 0.1, 0.00645374123, 0.346917079, -0.0199707301, 0.972327526, -1.37157756e-005, -0.23362188, 0.23362188, -8.37840685e-006, 0.972327526, -1.52936053e-005, -1, -4.94225033e-006, 0.97232726, -3.91854764e-005, -0.233622982, 0.233622982, 3.77693846e-006, 0.972327261, -3.72187273e-005, -0.999999999, 1.28270481e-005, 0, 0, 0, 0, 0, 0, 0, 0.272323022, -0.149319385, -0.187527661, -0.0720337714, 0.454611218, -0.887745262, -0.997070312, -0.0543212891, 0.0531005859, -0.0240618566, 0.889047538, 0.457371164, 0, 0, -0, 0, 0, 0, 0, 0.304003467, -0.0949054199, -0.153641309, 0.11079675, 0.0555619551, -0.992242984, 0.696899414, -0.716064453, 0.0377197266, -0.708486271, -0.69563479, -0.118036124, 0, 2, 1, 1, 
235.381822, 27, 0.1, 0.1, 0.00645374353, 0.346917081, -0.0199598722, 0.972328317, -2.73273346e-005, -0.233618584, 0.233618584, -1.09993933e-005, 0.972328318, -2.91408039e-005, -1, -4.31084833e-006, 0.97232819, 3.12991696e-006, -0.233619114, 0.233619114, -4.94711185e-006, 0.97232819, 1.88756661e-006, -1, -5.54142474e-006, 0, 0, 0, 0, 0, 0, 0, 0.272323022, -0.149319385, -0.187527661, -0.0720337714, 0.454611218, -0.887745262, -0.997070312, -0.0543212891, 0.0531005859, -0.0240618566, 0.889047538, 0.457371164, 0, 0, -0, 0, 0, 0, 0, 0.304003467, -0.0949054199, -0.153641309, 0.11079675, 0.0555619551, -0.992242984, 0.696899414, -0.716064453, 0.0377197266, -0.708486271, -0.69563479, -0.118036124, 0, 2, 1, 1, 
235.382614, 27, 0.1, 0.1, 0.00645374046, 0.346917082, -0.0199529639, 0.972328913, 2.59785762e-005, -0.233616104, 0.233616103, 2.06194434e-005, 0.972328913, 3.00767548e-005, -0.999999999, 1.39798673e-005, 0.972328813, 1.39835407e-005, -0.233616521, 0.233616521, 5.49171006e-008, 0.972328813, 1.36094291e-005, -1, -3.21338866e-006, 0, 0, 0, 0, 0, 0, 0, 0.272323022, -0.149319385, -0.187527661, -0.0720337714, 0.454611218, -0.887745262, -0.997070312, -0.0543212891, 0.0531005859, -0.0240618566, 0.889047538, 0.457371164, 0, 0, -0, 0, 0, 0, 0, 0.304003467, -0.0949054199, -0.153641309, 0.11079675, 0.0555619551, -0.992242984, 0.696899414, -0.716064453, 0.0377197266, -0.708486271, -0.69563479, -0.118036124, 0, 2, 1, 1, 
235.3834, 27, 0.1, 0.1, 0.00645373706, 0.346917083, -0.0199507824, 0.972329415, -4.17311425e-005, -0.233614015, 0.233614015, 6.25991694e-006, 0.972329415, -3.9114013e-005, -0.999999999, 1.58356811e-005, 0.972329311, -4.42292618e-005, -0.233614445, 0.233614445, 5.59494103e-006, 0.972329312, -4.16983486e-005, -0.999999999, 1.57727196e-005, 0, 0, 0, 0, 0, 0, 0, 0.272323022, -0.149319385, -0.187527661, -0.0720337714, 0.454611218, -0.887745262, -0.997070312, -0.0543212891, 0.0531005859, -0.0240618566, 0.889047538, 0.457371164, 0, 0, -0, 0, 0, 0, 0, 0.304003467, -0.0949054199, -0.153641309, 0.11079675, 0.0555619551, -0.992242984, 0.696899414, -0.716064453, 0.0377197266, -0.708486271, -0.69563479, -0.118036124, 0, 2, 1, 1, 
235.384276, 27, 0.1, 0.1, 0.00645374219, 0.346917087, -0.019953295, 0.972329875, 2.13046648e-005, -0.233612099, 0.233612099, 7.39057157e-006, 0.972329876, 2.2441689e-005, -1, 2.20904607e-006, 0.972329795, 3.60346588e-005, -0.233612433, 0.233612432, 2.88964554e-005, 0.972329795, 4.17881436e-005, -0.999999999, 1.96787403e-005, 0, 0, 0, 0, 0, 0, 0, 0.273562158, -0.152913013, -0.185669116, -0.0695089687, 0.449675067, -0.890393997, -0.997192383, -0.0545654297, 0.0501708984, -0.0260684412, 0.891436042, 0.452352637, 0, 0, -0, 0, 0, 0, 0, 0.304003467, -0.0949054199, -0.153641309, 0.112758498, 0.0496067136, -0.992293657, 0.697753906, -0.71484375, 0.0435791016, -0.707298142, -0.697365396, -0.115218367, 0, 2, 1, 1, 
235.385064, 27, 0.1, 0.1, 0.00645374023, 0.346917082, -0.0199587575, 0.972330221, 8.92207642e-006, -0.233610661, 0.233610661, 1.31764513e-005, 0.972330221, 1.1753364e-005, -1, 1.07275696e-005, 0.972330154, -1.0182301e-005, -0.233610942, 0.233610942, -2.504815e-005, 0.972330153, -1.57520802e-005, -1, -2.19763747e-005, 0, 0, 0, 0, 0, 0, 0, 0.273562158, -0.152913013, -0.185669116, -0.0695089687, 0.449675067, -0.890393997, -0.997192383, -0.0545654297, 0.0501708984, -0.0260684412, 0.891436042, 0.452352637, 0, 0, -0, 0, 0, 0, 0, 0.305051221, -0.0975682617, -0.152469189, 0.112758498, 0.0496067136, -0.992293657, 0.697753906, -0.71484375, 0.0435791016, -0.707298142, -0.697365396, -0.115218367, 0, 2, 1, 1, 
235.385854, 27, 0.1, 0.1, 0.00645374001, 0.346917085, -0.0199660905, 0.972330521, -2.48939052e-005, -0.233609413, 0.233609413, -1.9296613e-005, 0.972330521, -2.87129743e-005, -1, -1.29472352e-005, 0.972330465, -1.53347308e-005, -0.233609646, 0.233609646, -6.11591345e-006, 0.972330465, -1.63391623e-005, -1, -2.36434793e-006, 0, 0, 0, 0, 0, 0, 0, 0.273562158, -0.152913013, -0.185669116, -0.0695089687, 0.449675067, -0.890393997, -0.997192383, -0.0545654297, 0.0501708984, -0.0260684412, 0.891436042, 0.452352637, 0, 0, -0, 0, 0, 0, 0, 0.305051221, -0.0975682617, -0.152469189, 0.112758498, 0.0496067136, -0.992293657, 0.697753906, -0.71484375, 0.0435791016, -0.707298142, -0.697365396, -0.115218367, 0, 2, 1, 1, 
235.386726, 27, 0.1, 0.1, 0.00645374063, 0.346917084, -0.0199726329, 0.972330847, 2.12796481e-005, -0.233608054, 0.233608054, -3.48694265e-006, 0.972330848, 1.98762804e-005, -1, -8.3615591e-006, 0.972330779, 2.16170624e-005, -0.233608337, 0.233608337, -4.3842127e-006, 0.97233078, 1.99947464e-005, -1, -9.31283094e-006, 0, 0, 0, 0, 0, 0, 0, 0.274544238, -0.155997046, -0.183776147, -0.0676001077, 0.446007869, -0.892451879, -0.997192383, -0.0561523438, 0.0474853516, -0.0288426137, 0.893252789, 0.448723632, 0, 0, -0, 0, 0, 0, 0, 0.305051221, -0.0975682617, -0.152469189, 0.114221881, 0.0438942753, -0.992491251, 0.698852539, -0.713500977, 0.048828125, -0.70603965, -0.699070482, -0.112170567, 0, 2, 1, 1, 
235.387514, 27, 0.1, 0.1, 0.00645373895, 0.346917084, -0.0199752298, 0.972331108, -7.488285e-006, -0.233606971, 0.233606971, 2.46881326e-006, 0.972331108, -6.70436046e-006, -1, 4.14981951e-006, 0.972331061, -1.47394744e-005, -0.233607166, 0.233607166, -8.73831584e-006, 0.972331061, -1.6372982e-005, -1, -5.05328906e-006, 0, 0, 0, 0, 0, 0, 0, 0.274544238, -0.155997046, -0.183776147, -0.0676001077, 0.446007869, -0.892451879, -0.997192383, -0.0561523438, 0.0474853516, -0.0288426137, 0.893252789, 0.448723632, 0, 0, -0, 0, 0, 0, 0, 0.30606748, -0.0999912598, -0.151078711, 0.114221881, 0.0438942753, -0.992491251, 0.698852539, -0.713500977, 0.048828125, -0.70603965, -0.699070482, -0.112170567, 0, 2, 1, 1, 
235.388307, 27, 0.1, 0.1, 0.00645374099, 0.346917086, -0.0199744307, 0.972331365, -1.12629896e-005, -0.233605901, 0.233605901, 3.54793518e-006, 0.972331365, -1.01225395e-005, -1, 6.0808695e-006, 0.972331319, 7.00738666e-006, -0.233606093, 0.233606093, 8.02760662e-006, 0.972331319, 8.68879933e-006, -1, 6.16852511e-006, 0, 0, 0, 0, 0, 0, 0, 0.274544238, -0.155997046, -0.183776147, -0.0676001077, 0.446007869, -0.892451879, -0.997192383, -0.0561523438, 0.0474853516, -0.0288426137, 0.893252789, 0.448723632, 0, 0, -0, 0, 0, 0, 0, 0.30606748, -0.0999912598, -0.151078711, 0.114221881, 0.0438942753, -0.992491251, 0.698852539, -0.713500977, 0.048828125, -0.70603965, -0.699070482, -0.112170567, 0, 2, 1, 1, 
235.389152, 27, 0.1, 0.1, 0.00645374082, 0.346917087, -0.0199699364, 0.972331582, 2.6303286e-005, -0.233604996, 0.233604996, 4.14310854e-006, 0.972331582, 2.65433665e-005, -1, -2.11610373e-006, 0.972331537, 1.48556158e-005, -0.233605186, 0.233605186, 1.25451311e-005, 0.972331537, 1.73751914e-005, -1, 8.72767768e-006, 0, 0, 0, 0, 0, 0, 0, 0.274544238, -0.155997046, -0.183776147, -0.0676001077, 0.446007869, -0.892451879, -0.997192383, -0.0561523438, 0.0474853516, -0.0288426137, 0.893252789, 0.448723632, 0, 0, -0, 0, 0, 0, 0, 0.30606748, -0.0999912598, -0.151078711, 0.114221881, 0.0438942753, -0.992491251, 0.698852539, -0.713500977, 0.048828125, -0.70603965, -0.699070482, -0.112170567, 0, 2, 1, 1, 
235.389944, 27, 0.1, 0.1, 0.00645373908, 0.346917087, -0.0199643498, 0.972331768, -2.46389775e-005, -0.233604221, 0.233604221, -9.97618032e-006, 0.972331768, -2.62877384e-005, -1, -3.94438791e-006, 0.972331739, -2.62558922e-005, -0.23360434, 0.23360434, -1.04562391e-005, 0.97233174, -2.79720602e-005, -1, -4.03344283e-006, 0, 0, 0, 0, 0, 0, 0, 0.274544238, -0.155997046, -0.183776147, -0.0676001077, 0.446007869, -0.892451879, -0.997192383, -0.0561523438, 0.0474853516, -0.0288426137, 0.893252789, 0.448723632, 0, 0, -0, 0, 0, 0, 0, 0.30606748, -0.0999912598, -0.151078711, 0.114221881, 0.0438942753, -0.992491251, 0.698852539, -0.713500977, 0.048828125, -0.70603965, -0.699070482, -0.112170567, 0, 2, 1, 1, 
235.390738, 27, 0.1, 0.1, 0.00645374208, 0.346917089, -0.0199594973, 0.972331948, 7.83252547e-006, -0.233603476, 0.233603475, 9.73866069e-006, 0.972331948, 9.89079973e-006, -1, 7.63950574e-006, 0.972331908, 2.77511607e-005, -0.233603638, 0.233603638, 1.59829075e-007, 0.972331909, 2.70206757e-005, -1, -6.3273652e-006, 0, 0, 0, 0, 0, 0, 0, 0.274544238, -0.155997046, -0.183776147, -0.0676001077, 0.446007869, -0.892451879, -0.997192383, -0.0561523438, 0.0474853516, -0.0288426137, 0.893252789, 0.448723632, 0, 0, -0, 0, 0, 0, 0, 0.30606748, -0.0999912598, -0.151078711, 0.114221881, 0.0438942753, -0.992491251, 0.698852539, -0.713500977, 0.048828125, -0.70603965, -0.699070482, -0.112170567, 0, 2, 1, 1, 
235.391606, 27, 0.1, 0.1, 0.0064537369, 0.346917088, -0.0199559211, 0.972332067, 1.41304226e-005, -0.233602976, 0.233602976, 7.13320366e-006, 0.972332068, 1.54058006e-005, -1, 3.63493389e-006, 0.972332043, -1.82336877e-005, -0.233603079, 0.233603079, 5.36346299e-007, 0.972332043, -1.76039066e-005, -1, 4.78095227e-006, 0, 0, 0, 0, 0, 0, 0, 0.27640769, -0.15767168, -0.181833862, -0.0655860275, 0.443774376, -0.893639579, -0.997070312, -0.0625, 0.0421142578, -0.0371950884, 0.893977315, 0.44668709, 0, 0, -0, 0, 0, 0, 0, 0.307633984, -0.101675684, -0.1499271, 0.116560961, 0.0398683329, -0.992388806, 0.701904297, -0.710083008, 0.0539550781, -0.702602492, -0.702807678, -0.11080963, 0, 2, 1, 1, 
235.392393, 27, 0.1, 0.1, 0.00645373831, 0.346917087, -0.0199557722, 0.972332203, -2.91381097e-005, -0.23360241, 0.23360241, -2.24836504e-005, 0.972332203, -3.35841573e-005, -0.999999999, -1.50548447e-005, 0.972332188, -1.83800595e-005, -0.233602472, 0.233602472, -3.5502518e-006, 0.972332189, -1.87008711e-005, -1, 8.41603237e-007, 0, 0, 0, 0, 0, 0, 0, 0.27640769, -0.15767168, -0.181833862, -0.0655860275, 0.443774376, -0.893639579, -0.997070312, -0.0625, 0.0421142578, -0.0371950884, 0.893977315, 0.44668709, 0, 0, -0, 0, 0, 0, 0, 0.307633984, -0.101675684, -0.1499271, 0.116560961, 0.0398683329, -0.992388806, 0.701904297, -0.710083008, 0.0539550781, -0.702602492, -0.702807678, -0.11080963, 0, 2, 1, 1, 
235.393186, 27, 0.1, 0.1, 0.00645373904, 0.346917092, -0.0199588516, 0.972332268, 2.50303198e-005, -0.233602141, 0.233602139, 4.49613381e-005, 0.972332268, 3.48408525e-005, -0.999999999, 3.78702236e-005, 0.972332255, 2.31206262e-005, -0.233602196, 0.233602194, 4.78702671e-005, 0.972332254, 3.36635301e-005, -0.999999999, 4.11447757e-005, 0, 0, 0, 0, 0, 0, 0, 0.27640769, -0.15767168, -0.181833862, -0.0655860275, 0.443774376, -0.893639579, -0.997070312, -0.0625, 0.0421142578, -0.0371950884, 0.893977315, 0.44668709, 0, 0, -0, 0, 0, 0, 0, 0.307633984, -0.101675684, -0.1499271, 0.116560961, 0.0398683329, -0.992388806, 0.701904297, -0.710083008, 0.0539550781, -0.702602492, -0.702807678, -0.11080963, 0, 2, 1, 1, 
235.394035, 27, 0.1, 0.1, 0.006453738, 0.346917087, -0.0199634495, 0.972332343, -3.17936189e-006, -0.233601829, 0.233601829, -2.65295039e-005, 0.972332343, -9.28873701e-006, -1, -2.50527899e-005, 0.972332331, -1.35080143e-005, -0.23360188, 0.233601879, -4.16532885e-005, 0.97233233, -2.28645655e-005, -0.999999999, -3.73453416e-005, 0, 0, 0, 0, 0, 0, 0, 0.27640769, -0.15767168, -0.181833862, -0.0655860275, 0.443774376, -0.893639579, -0.997070312, -0.0625, 0.0421142578, -0.0371950884, 0.893977315, 0.44668709, 0, 0, -0, 0, 0, 0, 0, 0.307633984, -0.101675684, -0.1499271, 0.116560961, 0.0398683329, -0.992388806, 0.701904297, -0.710083008, 0.0539550781, -0.702602492, -0.702807678, -0.11080963, 0, 2, 1, 1, 
235.394827, 27, 0.1, 0.1, 0.00645374108, 0.346917089, -0.0199679881, 0.972332405, -9.07237446e-006, -0.233601573, 0.233601573, -2.00762046e-006, 0.972332405, -9.29034697e-006, -1, 1.67246513e-007, 0.972332388, 1.36877661e-005, -0.23360164, 0.23360164, 3.18113126e-006, 0.972332388, 1.40521758e-005, -1, -1.04367668e-007, 0, 0, 0, 0, 0, 0, 0, 0.27640769, -0.15767168, -0.181833862, -0.0655860275, 0.443774376, -0.893639579, -0.997070312, -0.0625, 0.0421142578, -0.0371950884, 0.893977315, 0.44668709, 0, 0, -0, 0, 0, 0, 0, 0.307633984, -0.101675684, -0.1499271, 0.116560961, 0.0398683329, -0.992388806, 0.701904297, -0.710083008, 0.0539550781, -0.702602492, -0.702807678, -0.11080963, 0, 2, 1, 1, 
235.395612, 27, 0.1, 0.1, 0.00645374045, 0.346917089, -0.0199713817, 0.972332469, 2.18023426e-005, -0.233601303, 0.233601303, -3.42114459e-006, 0.972332469, 2.03999417e-005, -1, -8.41954561e-006, 0.97233245, 1.0224215e-005, -0.233601386, 0.233601386, 3.66592643e-006, 0.97233245, 1.07977015e-005, -1, 1.17610845e-006, 0, 0, 0, 0, 0, 0, 0, 0.27640769, -0.15767168, -0.181833862, -0.0655860275, 0.443774376, -0.893639579, -0.997070312, -0.0625, 0.0421142578, -0.0371950884, 0.893977315, 0.44668709, 0, 0, -0, 0, 0, 0, 0, 0.307633984, -0.101675684, -0.1499271, 0.116560961, 0.0398683329, -0.992388806, 0.701904297, -0.710083008, 0.0539550781, -0.702602492, -0.702807678, -0.11080963, 0, 2, 1, 1, 
235.396481, 27, 0.1, 0.1, 0.00645373837, 0.346917088, -0.0199718176, 0.972332544, -2.44678536e-005, -0.23360099, 0.23360099, -1.06868157e-005, 0.972332545, -2.6287341e-005, -1, -4.67542391e-006, 0.972332537, -2.58611687e-005, -0.233601019, 0.233601019, -1.13825087e-005, 0.972332538, -2.78046215e-005, -1, -5.02638819e-006, 0, 0, 0, 0, 0, 0, 0, 0.277717358, -0.159027368, -0.180729858, -0.0657732398, 0.443475953, -0.893880713, -0.996826172, -0.0686035156, 0.0393066406, -0.0438394014, 0.893653805, 0.446725282, 0, 0, -0, 0, 0, 0, 0, 0.308847852, -0.103113672, -0.149203174, 0.116932095, 0.0362193552, -0.992426719, 0.705322266, -0.706542969, 0.0573730469, -0.699126688, -0.706627997, -0.108113275, 0, 2, 1, 1, 
235.397695, 27, 0.1, 0.1, 0.00645374454, 0.34691709, -0.0199638365, 0.972332695, 1.7171489e-006, -0.233600365, 0.233600365, 8.59133767e-006, 0.972332695, 3.67657964e-006, -1, 7.95251189e-006, 0.972332655, 3.25447665e-005, -0.233600528, 0.233600528, -5.514333e-006, 0.972332656, 3.03561882e-005, -0.999999999, -1.29642407e-005, 0, 0, 0, 0, 0, 0, 0, 0.277717358, -0.159027368, -0.180729858, -0.0657732398, 0.443475953, -0.893880713, -0.996826172, -0.0686035156, 0.0393066406, -0.0438394014, 0.893653805, 0.446725282, 0, 0, -0, 0, 0, 0, 0, 0.308847852, -0.103113672, -0.149203174, 0.116932095, 0.0362193552, -0.992426719, 0.705322266, -0.706542969, 0.0573730469, -0.699126688, -0.706627997, -0.108113275, 0, 2, 1, 1, 
235.398979, 27, 0.1, 0.1, 0.00645373697, 0.346917088, -0.0199469491, 0.972332731, 5.22187116e-005, -0.23360021, 0.233600209, 2.04312432e-005, 0.972332732, 5.55467052e-005, -0.999999998, 7.6676645e-006, 0.972332708, -1.71153095e-005, -0.233600308, 0.233600309, 7.37105777e-006, 0.972332708, -1.49198939e-005, -1, 1.11652621e-005, 0, 0, 0, 0, 0, 0, 0, 0.277717358, -0.159027368, -0.180729858, -0.0657732398, 0.443475953, -0.893880713, -0.996826172, -0.0686035156, 0.0393066406, -0.0438394014, 0.893653805, 0.446725282, 0, 0, -0, 0, 0, 0, 0, 0.308847852, -0.103113672, -0.149203174, 0.120683518, 0.0310111131, -0.992202872, 0.709716797, -0.701416016, 0.064453125, -0.693945432, -0.711962371, -0.106739578, 0, 2, 1, 1, 
235.400229, 27, 0.1, 0.1, 0.00645374098, 0.346917085, -0.0199316475, 0.97233288, -7.83663394e-005, -0.23359958, 0.233599576, -5.19456293e-005, 0.972332883, -8.83326459e-005, -0.999999996, -3.22020997e-005, 0.972332895, -5.23812384e-005, -0.233599524, 0.233599524, -5.18382708e-006, 0.972332897, -5.21429408e-005, -0.999999999, 7.19582678e-006, 0, 0, 0, 0, 0, 0, 0, 0.277717358, -0.159027368, -0.180729858, -0.0657732398, 0.443475953, -0.893880713, -0.996826172, -0.0686035156, 0.0393066406, -0.0438394014, 0.893653805, 0.446725282, 0, 0, -0, 0, 0, 0, 0, 0.310990967, -0.104240186, -0.147596777, 0.120683518, 0.0310111131, -0.992202872, 0.709716797, -0.701416016, 0.064453125, -0.693945432, -0.711962371, -0.106739578, 0, 2, 1, 1, 
235.401312, 27, 0.1, 0.1, 0.0064537459, 0.346917083, -0.0199264096, 0.972332918, 8.64237888e-005, -0.233599418, 0.23359942, -8.36122938e-006, 0.972332922, 8.20795168e-005, -0.999999996, -2.83184455e-005, 0.972332892, 8.92746035e-005, -0.233599527, 0.233599529, -7.30494884e-006, 0.972332896, 8.50982011e-005, -0.999999996, -2.79573473e-005, 0, 0, 0, 0, 0, 0, 0, 0.280909155, -0.160076343, -0.178362695, -0.0637482986, 0.440379392, -0.89544322, -0.996337891, -0.0784912109, 0.0323486328, -0.0560249463, 0.894391436, 0.443882961, 0, 0, -0, 0, 0, 0, 0, 0.310990967, -0.104240186, -0.147596777, 0.120683518, 0.0310111131, -0.992202872, 0.709716797, -0.701416016, 0.064453125, -0.693945432, -0.711962371, -0.106739578, 0, 2, 1, 1, 
235.402115, 27, 0.1, 0.1, 0.00645374101, 0.346917093, -0.0199350218, 0.972333047, -3.06144552e-005, -0.233598896, 0.233598897, 3.05350146e-005, 0.972333047, -2.26345008e-005, -0.999999999, 3.68417067e-005, 0.972333028, -5.48613721e-005, -0.233598973, 0.233598976, 5.38874379e-005, 0.972333027, -4.07554739e-005, -0.999999997, 6.5212096e-005, 0, 0, 0, 0, 0, 0, 0, 0.280909155, -0.160076343, -0.178362695, -0.0637482986, 0.440379392, -0.89544322, -0.996337891, -0.0784912109, 0.0323486328, -0.0560249463, 0.894391436, 0.443882961, 0, 0, -0, 0, 0, 0, 0, 0.310990967, -0.104240186, -0.147596777, 0.120683518, 0.0310111131, -0.992202872, 0.709716797, -0.701416016, 0.064453125, -0.693945432, -0.711962371, -0.106739578, 0, 2, 1, 1, 
235.402906, 27, 0.1, 0.1, 0.00645374552, 0.346917088, -0.0199525088, 0.972333145, -2.22944131e-005, -0.233598492, 0.233598491, -1.08847918e-005, 0.972333145, -2.42202678e-005, -1, -5.37570253e-006, 0.972333123, 1.86247182e-005, -0.233598582, 0.233598582, -3.114287e-005, 0.972333123, 1.08345001e-005, -0.999999999, -3.46319518e-005, 0, 0, 0, 0, 0, 0, 0, 0.280909155, -0.160076343, -0.178362695, -0.0637482986, 0.440379392, -0.89544322, -0.996337891, -0.0784912109, 0.0323486328, -0.0560249463, 0.894391436, 0.443882961, 0, 0, -0, 0, 0, 0, 0, 0.310990967, -0.104240186, -0.147596777, 0.120683518, 0.0310111131, -0.992202872, 0.709716797, -0.701416016, 0.064453125, -0.693945432, -0.711962371, -0.106739578, 0, 2, 1, 1, 
235.403727, 27, 0.1, 0.1, 0.00645373627, 0.346917102, -0.0199728859, 0.972333389, -3.38903908e-006, -0.233597474, 0.233597474, 6.64263102e-005, 0.972333387, 1.22217424e-005, -0.999999998, 6.53801903e-005, 0.972333329, -3.54359389e-005, -0.233597723, 0.233597726, 7.22986318e-005, 0.972333326, -1.75667486e-005, -0.999999997, 7.8576124e-005, 0, 0, 0, 0, 0, 0, 0, 0.283880273, -0.160701904, -0.176014453, -0.0617544362, 0.436819658, -0.897342342, -0.995727539, -0.0871582031, 0.0261230469, -0.0668460575, 0.895326018, 0.440475994, 0, 0, -0, 0, 0, 0, 0, 0.310990967, -0.104240186, -0.147596777, 0.124588059, 0.0249213436, -0.991800021, 0.712768555, -0.697631836, 0.0720214844, -0.690220995, -0.715916485, -0.104733354, 0, 2, 1, 1, 
235.404512, 27, 0.1, 0.1, 0.00645374485, 0.346917101, -0.01998782, 0.97233377, 4.47465592e-005, -0.233595885, 0.233595887, -5.04878519e-005, 0.972333769, 3.17148361e-005, -0.999999998, -5.95436556e-005, 0.972333682, 4.72049936e-005, -0.23359625, 0.233596251, -3.01166884e-005, 0.972333683, 3.88638598e-005, -0.999999998, -4.031038e-005, 0, 0, 0, 0, 0, 0, 0, 0.283880273, -0.160701904, -0.176014453, -0.0617544362, 0.436819658, -0.897342342, -0.995727539, -0.0871582031, 0.0261230469, -0.0668460575, 0.895326018, 0.440475994, 0, 0, -0, 0, 0, 0, 0, 0.312890332, -0.10584248, -0.145965234, 0.124588059, 0.0249213436, -0.991800021, 0.712768555, -0.697631836, 0.0720214844, -0.690220995, -0.715916485, -0.104733354, 0, 2, 1, 1, 
235.405305, 27, 0.1, 0.1, 0.00645374848, 0.346917083, -0.0199941098, 0.972334253, -4.37426233e-006, -0.23359388, 0.233593879, -8.41842725e-005, 0.97233425, -2.39181759e-005, -0.999999996, -8.08334508e-005, 0.972334155, 5.39421692e-006, -0.233594288, 0.233594288, -8.61819613e-005, 0.972334151, -1.48866326e-005, -0.999999996, -8.50577228e-005, 0, 0, 0, 0, 0, 0, 0, 0.283880273, -0.160701904, -0.176014453, -0.0617544362, 0.436819658, -0.897342342, -0.995727539, -0.0871582031, 0.0261230469, -0.0668460575, 0.895326018, 0.440475994, 0, 0, -0, 0, 0, 0, 0, 0.312890332, -0.10584248, -0.145965234, 0.124588059, 0.0249213436, -0.991800021, 0.712768555, -0.697631836, 0.0720214844, -0.690220995, -0.715916485, -0.104733354, 0, 2, 1, 1, 
235.406101, 27, 0.1, 0.1, 0.00645374314, 0.346917072, -0.0199904543, 0.972334771, -2.88332351e-005, -0.233591722, 0.233591722, -1.4972806e-005, 0.972334771, -3.15330806e-005, -0.999999999, -7.82337487e-006, 0.972334665, -2.92366923e-005, -0.233592161, 0.23359216, -3.61849361e-005, 0.972334665, -3.68803668e-005, -0.999999999, -2.83544056e-005, 0, 0, 0, 0, 0, 0, 0, 0.283880273, -0.160701904, -0.176014453, -0.0617544362, 0.436819658, -0.897342342, -0.995727539, -0.0871582031, 0.0261230469, -0.0668460575, 0.895326018, 0.440475994, 0, 0, -0, 0, 0, 0, 0, 0.312890332, -0.10584248, -0.145965234, 0.124588059, 0.0249213436, -0.991800021, 0.712768555, -0.697631836, 0.0720214844, -0.690220995, -0.715916485, -0.104733354, 0, 2, 1, 1, 
235.406889, 27, 0.1, 0.1, 0.006453743, 0.346917081, -0.0199790569, 0.972335338, 1.8633568e-005, -0.233589364, 0.233589363, 4.6488706e-005, 0.972335337, 2.89773439e-005, -0.999999999, 4.08500084e-005, 0.972335223, 1.30398303e-005, -0.23358984, 0.233589839, 5.1091599e-005, 0.972335222, 2.46135648e-005, -0.999999999, 4.66321895e-005, 0, 0, 0, 0, 0, 0, 0, 0.283880273, -0.160701904, -0.176014453, -0.0617544362, 0.436819658, -0.897342342, -0.995727539, -0.0871582031, 0.0261230469, -0.0668460575, 0.895326018, 0.440475994, 0, 0, -0, 0, 0, 0, 0, 0.312890332, -0.10584248, -0.145965234, 0.124588059, 0.0249213436, -0.991800021, 0.712768555, -0.697631836, 0.0720214844, -0.690220995, -0.715916485, -0.104733354, 0, 2, 1, 1, 
235.407682, 27, 0.1, 0.1, 0.00645374314, 0.346917076, -0.0199644363, 0.9723359, -8.29103615e-006, -0.233587021, 0.23358702, -6.17318048e-005, 0.972335899, -2.24814205e-005, -0.999999998, -5.80873716e-005, 0.972335793, -1.07618588e-005, -0.23358747, 0.233587469, -5.63571491e-005, 0.972335791, -2.36284643e-005, -0.999999998, -5.22842379e-005, 0, 0, 0, 0, 0, 0, 0, 0.283880273, -0.160701904, -0.176014453, -0.0617544362, 0.436819658, -0.897342342, -0.995727539, -0.0871582031, 0.0261230469, -0.0668460575, 0.895326018, 0.440475994, 0, 0, -0, 0, 0, 0, 0, 0.312890332, -0.10584248, -0.145965234, 0.124588059, 0.0249213436, -0.991800021, 0.712768555, -0.697631836, 0.0720214844, -0.690220995, -0.715916485, -0.104733354, 0, 2, 1, 1, 
235.4085, 27, 0.1, 0.1, 0.00645374583, 0.346917078, -0.0199511968, 0.972336329, -9.52257115e-006, -0.233585238, 0.233585239, 4.00823625e-005, 0.972336328, 1.03506342e-007, -0.999999999, 4.11978693e-005, 0.972336261, 1.46966592e-005, -0.23358552, 0.23358552, 4.33912063e-005, 0.97233626, 2.44256522e-005, -0.999999999, 3.87579165e-005, 0, 0, 0, 0, 0, 0, 0, 0.287256128, -0.161445508, -0.173283203, -0.0604218208, 0.430905862, -0.900346789, -0.994873047, -0.0986328125, 0.0196533203, -0.08028146, 0.897004223, 0.434772255, 0, 0, -0, 0, 0, 0, 0, 0.312890332, -0.10584248, -0.145965234, 0.127930434, 0.0181542038, -0.99162065, 0.716308594, -0.693115234, 0.0797119141, -0.685819188, -0.720432764, -0.101768676, 0, 2, 1, 1, 
235.409291, 27, 0.1, 0.1, 0.00645373822, 0.346917076, -0.0199440415, 0.972336513, 7.96441497e-006, -0.23358447, 0.23358447, 8.92096398e-006, 0.972336513, 9.82789013e-006, -1, 6.81381536e-006, 0.972336489, -2.74504762e-005, -0.233584568, 0.233584568, -2.52734296e-005, 0.97233649, -3.25945828e-005, -0.999999999, -1.81622701e-005, 0, 0, 0, 0, 0, 0, 0, 0.287256128, -0.161445508, -0.173283203, -0.0604218208, 0.430905862, -0.900346789, -0.994873047, -0.0986328125, 0.0196533203, -0.08028146, 0.897004223, 0.434772255, 0, 0, -0, 0, 0, 0, 0, 0.31498999, -0.107501416, -0.14432832, 0.127930434, 0.0181542038, -0.99162065, 0.716308594, -0.693115234, 0.0797119141, -0.685819188, -0.720432764, -0.101768676, 0, 2, 1, 1, 
235.410318, 27, 0.1, 0.1, 0.00645373255, 0.346917073, -0.0199433269, 0.972336702, -7.57130481e-005, -0.233583672, 0.23358367, -3.18946606e-005, 0.972336705, -8.10686476e-005, -0.999999997, -1.33270174e-005, 0.972336656, -5.02683609e-005, -0.233583873, 0.233583871, -3.34208024e-005, 0.972336657, -5.66843305e-005, -0.999999998, -2.07543929e-005, 0, 0, 0, 0, 0, 0, 0, 0.287256128, -0.161445508, -0.173283203, -0.0604218208, 0.430905862, -0.900346789, -0.994873047, -0.0986328125, 0.0196533203, -0.08028146, 0.897004223, 0.434772255, 0, 0, -0, 0, 0, 0, 0, 0.31498999, -0.107501416, -0.14432832, 0.127930434, 0.0181542038, -0.99162065, 0.716308594, -0.693115234, 0.0797119141, -0.685819188, -0.720432764, -0.101768676, 0, 2, 1, 1, 
235.411562, 27, 0.1, 0.1, 0.00645374031, 0.34691707, -0.0199444369, 0.972337186, 9.13255175e-005, -0.233581652, 0.233581657, -5.33759513e-005, 0.972337188, 7.6331554e-005, -0.999999994, -7.3231388e-005, 0.972337056, 8.61939718e-005, -0.233582194, 0.233582197, -3.26700989e-005, 0.972337059, 7.61784397e-005, -0.999999996, -5.18997251e-005, 0, 0, 0, 0, 0, 0, 0, 0.287256128, -0.161445508, -0.173283203, -0.0604218208, 0.430905862, -0.900346789, -0.994873047, -0.0986328125, 0.0196533203, -0.08028146, 0.897004223, 0.434772255, 0, 0, -0, 0, 0, 0, 0, 0.31498999, -0.107501416, -0.14432832, 0.127930434, 0.0181542038, -0.99162065, 0.716308594, -0.693115234, 0.0797119141, -0.685819188, -0.720432764, -0.101768676, 0, 2, 1, 1, 
235.41283, 27, 0.1, 0.1, 0.00645373419, 0.346917078, -0.0199459644, 0.972338037, -2.3411323e-005, -0.233578127, 0.233578128, 7.65471835e-005, 0.972338034, -4.88397201e-006, -0.999999997, 7.98981111e-005, 0.972337821, -5.76426547e-005, -0.233579018, 0.233579022, 6.88009428e-005, 0.97233782, -3.99776765e-005, -0.999999996, 8.03618738e-005, 0, 0, 0, 0, 0, 0, 0, 0.287256128, -0.161445508, -0.173283203, -0.0604218208, 0.430905862, -0.900346789, -0.994873047, -0.0986328125, 0.0196533203, -0.08028146, 0.897004223, 0.434772255, 0, 0, -0, 0, 0, 0, 0, 0.31498999, -0.107501416, -0.14432832, 0.127930434, 0.0181542038, -0.99162065, 0.716308594, -0.693115234, 0.0797119141, -0.685819188, -0.720432764, -0.101768676, 0, 2, 1, 1, 
235.414132, 27, 0.1, 0.1, 0.00645375314, 0.346917076, -0.0199453459, 0.972339252, -2.89786029e-005, -0.233573067, 0.233573067, -2.03367136e-005, 0.972339253, -3.29271416e-005, -0.999999999, -1.30055637e-005, 0.972339008, 4.51253727e-005, -0.23357408, 0.233574082, -3.84895779e-005, 0.972339008, 3.48869924e-005, -0.999999998, -4.79650355e-005, 0, 0, 0, 0, 0, 0, 0, 0.290164136, -0.162852734, -0.170761646, -0.059696912, 0.425112635, -0.903091004, -0.994018555, -0.107299805, 0.0151367188, -0.0905308128, 0.898663332, 0.429150891, 0, 0, -0, 0, 0, 0, 0, 0.316852979, -0.109413379, -0.142891211, 0.131189688, 0.0108759379, -0.991249516, 0.719604492, -0.688720703, 0.0876464844, -0.681794345, -0.724757279, -0.0982928722, 0, 2, 1, 1, 
235.41518, 27, 0.1, 0.1, 0.00645373933, 0.34691709, -0.0199460604, 0.972340468, 4.66112894e-005, -0.233568001, 0.233568001, 1.7958483e-005, 0.97234047, 4.951657e-005, -0.999999999, 6.57485407e-006, 0.972340291, -1.47490753e-005, -0.233568745, 0.233568746, 4.71759913e-005, 0.97234029, -3.32228307e-006, -0.999999999, 4.93160401e-005, 0, 0, 0, 0, 0, 0, 0, 0.290164136, -0.162852734, -0.170761646, -0.059696912, 0.425112635, -0.903091004, -0.994018555, -0.107299805, 0.0151367188, -0.0905308128, 0.898663332, 0.429150891, 0, 0, -0, 0, 0, 0, 0, 0.316852979, -0.109413379, -0.142891211, 0.131189688, 0.0108759379, -0.991249516, 0.719604492, -0.688720703, 0.0876464844, -0.681794345, -0.724757279, -0.0982928722, 0, 2, 1, 1, 
235.415992, 27, 0.1, 0.1, 0.0064537587, 0.346917074, -0.0199523341, 0.972341499, 3.50248334e-005, -0.233563713, 0.233563715, -7.5551066e-005, 0.972341496, 1.64101114e-005, -0.999999997, -8.16419669e-005, 0.972341299, 7.85552894e-005, -0.233564533, 0.23356454, -8.89063594e-005, 0.972341297, 5.56171796e-005, -0.999999993, -0.000104795055, 0, 0, 0, 0, 0, 0, 0, 0.292637134, -0.164494067, -0.168473462, -0.0587750519, 0.419097368, -0.906013075, -0.993164062, -0.115722656, 0.0108642578, -0.100316992, 0.9004812, 0.423186921, 0, 0, -0, 0, 0, 0, 0, 0.318734521, -0.111085742, -0.141232568, 0.134493784, 0.00402567595, -0.990865621, 0.723510742, -0.68359375, 0.0954589844, -0.677028333, -0.729650523, -0.0949384701, 0, 2, 1, 1, 
235.416776, 27, 0.1, 0.1, 0.00645374087, 0.346917079, -0.0199620638, 0.972342551, -9.53753614e-005, -0.233559317, 0.233559323, 6.15568644e-005, 0.972342552, -7.8360343e-005, -0.999999994, 8.21301634e-005, 0.972342334, -0.000106788544, -0.233560214, 0.23356022, 4.96735895e-005, 0.972342337, -9.22332485e-005, -0.999999993, 7.32412899e-005, 0, 0, 0, 0, 0, 0, 0, 0.292637134, -0.164494067, -0.168473462, -0.0587750519, 0.419097368, -0.906013075, -0.993164062, -0.115722656, 0.0108642578, -0.100316992, 0.9004812, 0.423186921, 0, 0, -0, 0, 0, 0, 0, 0.318734521, -0.111085742, -0.141232568, 0.134493784, 0.00402567595, -0.990865621, 0.723510742, -0.68359375, 0.0954589844, -0.677028333, -0.729650523, -0.0949384701, 0, 2, 1, 1, 
235.417563, 27, 0.1, 0.1, 0.00645374462, 0.346917084, -0.0199719573, 0.972343633, 8.72117283e-005, -0.233554817, 0.23355482, -2.35279268e-005, 0.972343635, 7.93047083e-005, -0.999999996, -4.32459493e-005, 0.972343416, 6.16527155e-005, -0.233555728, 0.233555728, -2.37673909e-007, 0.972343418, 5.9892102e-005, -0.999999998, -1.46304455e-005, 0, 0, 0, 0, 0, 0, 0, 0.292637134, -0.164494067, -0.168473462, -0.0587750519, 0.419097368, -0.906013075, -0.993164062, -0.115722656, 0.0108642578, -0.100316992, 0.9004812, 0.423186921, 0, 0, -0, 0, 0, 0, 0, 0.318734521, -0.111085742, -0.141232568, 0.134493784, 0.00402567595, -0.990865621, 0.723510742, -0.68359375, 0.0954589844, -0.677028333, -0.729650523, -0.0949384701, 0, 2, 1, 1, 
