time, trialNum, realDorsalTactorPos, realVentralTactorPos, box1PosX, box1PosY, box1PosZ, box1LocalRot_11, box1LocalRot_12, box1LocalRot_13, box1LocalRot_21, box1LocalRot_22, box1LocalRot_23, box1LocalRot_31, box1LocalRot_32, box1LocalRot_33, box1GlobalRot_11, box1GlobalRot_12, box1GlobalRot_13, box1GlobalRot_21, box1GlobalRot_22, box1GlobalRot_23, box1GlobalRot_31, box1GlobalRot_32, box1GlobalRot_33, indexForceX, indexForceY, indexForceZ, indexForceGlobalX, indexForceGlobalY, indexForceGlobalZ, indexContact, indexPosX, indexPosY, indexPosZ, indexRot_11, indexRot_12, indexRot_13, indexRot_21, indexRot_22, indexRot_23, indexRot_31, indexRot_32, indexRot_33, thumbForceX, thumbForceY, thumbForceZ, thumbForceGlobalX, thumbForceGlobalY, thumbForceGlobalZ, thumbContact, thumbPosX, thumbPosY, thumbPosZ, thumbRot_11, thumbRot_12, thumbRot_13, thumbRot_21, thumbRot_22, thumbRot_23, thumbRot_31, thumbRot_32, thumbRot_33, manipForceTooHigh, cceExpType, mapping, trialSuccess, 
804.991657, 56, 0.1, 0.1, 0.00492507622, 0.35424257, -0.0199632844, 0.967118118, -1.56412799e-005, -0.254327634, 0.254327634, -2.71572616e-005, 0.967118118, -2.20338073e-005, -1, -2.228627e-005, 0.967118117, -1.61509234e-005, -0.25432764, 0.254327639, -2.83898587e-005, 0.967118116, -2.28401764e-005, -0.999999999, -2.33487205e-005, 0, -0, 0, 0, 0, 0, 0, 0.319810986, -0.127789209, -0.175995557, -0.0813019628, 0.333356337, -0.939222606, -0.963256836, -0.268188477, -0.0118408203, -0.255811899, 0.903803115, 0.343044768, 0, 0, -0, 0, 0, 0, 0, 0.339653369, -0.0627192383, -0.158967578, 0.0914865642, 0.0239928443, -0.995445333, 0.646728516, -0.761474609, 0.0411376953, -0.757158083, -0.647523642, -0.0852321723, 0, 2, 5, 1, 
805.018433, 56, 0.1, 0.1, 0.00492508198, 0.354242601, -0.0199595484, 0.967118186, 2.82595083e-005, -0.254327374, 0.254327373, 3.94105226e-005, 0.967118186, 3.73534592e-005, -0.999999999, 3.09274667e-005, 0.96711812, -9.0133938e-006, -0.254327626, 0.254327626, 2.56169543e-005, 0.96711812, -2.2019173e-006, -1, 2.70669757e-005, 0, 0, 0, 0, 0, 0, 0, 0.318862476, -0.1260427, -0.174051611, -0.104753079, 0.354916567, -0.929005097, -0.963256836, -0.268188477, 0.00598144532, -0.247030338, 0.895568224, 0.370099802, 0, 0, -0, 0, 0, 0, 0, 0.338612354, -0.0615625977, -0.158412695, 0.0737695937, 0.0306429463, -0.996804804, 0.65612793, -0.754150391, 0.025390625, -0.750919193, -0.655907649, -0.0758011271, 0, 2, 5, 1, 
805.019215, 56, 0.1, 0.1, 0.00492509178, 0.354242604, -0.0199601428, 0.967118603, -4.39908875e-006, -0.25432579, 0.25432579, 1.2423065e-005, 0.967118603, -1.09493474e-006, -1, 1.3133379e-005, 0.967118514, 3.57904261e-005, -0.254326127, 0.254326127, 3.63663935e-006, 0.967118514, 3.55384761e-005, -0.999999999, -5.58537922e-006, 0, 0, 0, 0, 0, 0, 0, 0.318862476, -0.1260427, -0.174051611, -0.104753079, 0.354916567, -0.929005097, -0.963256836, -0.268188477, 0.00598144532, -0.247030338, 0.895568224, 0.370099802, 0, 0, -0, 0, 0, 0, 0, 0.338612354, -0.0615625977, -0.158412695, 0.0737695937, 0.0306429463, -0.996804804, 0.65612793, -0.754150391, 0.025390625, -0.750919193, -0.655907649, -0.0758011271, 0, 2, 5, 1, 
805.019996, 56, 0.1, 0.1, 0.0049250902, 0.354242603, -0.0199626307, 0.96711894, 3.24357152e-005, -0.254324505, 0.254324506, -6.2905733e-006, 0.967118941, 2.97693476e-005, -0.999999999, -1.43329298e-005, 0.96711889, 2.96804774e-006, -0.254324698, 0.254324698, -2.0363781e-005, 0.96711889, -2.30855741e-006, -1, -2.04490451e-005, 0, 0, 0, 0, 0, 0, 0, 0.318862476, -0.1260427, -0.174051611, -0.104753079, 0.354916567, -0.929005097, -0.963256836, -0.268188477, 0.00598144532, -0.247030338, 0.895568224, 0.370099802, 0, 0, -0, 0, 0, 0, 0, 0.338612354, -0.0615625977, -0.158412695, 0.0737695937, 0.0306429463, -0.996804804, 0.65612793, -0.754150391, 0.025390625, -0.750919193, -0.655907649, -0.0758011271, 0, 2, 5, 1, 
805.020775, 56, 0.1, 0.1, 0.00492509684, 0.354242604, -0.0199660472, 0.967119131, -8.95291782e-006, -0.254323784, 0.254323784, -2.37704715e-005, 0.96711913, -1.47039344e-005, -1, -2.07119378e-005, 0.967119087, 2.20849151e-005, -0.254323951, 0.254323951, -9.84576582e-006, 0.967119087, 1.88547288e-005, -1, -1.51387509e-005, 0, 0, 0, 0, 0, 0, 0, 0.318862476, -0.1260427, -0.174051611, -0.104753079, 0.354916567, -0.929005097, -0.963256836, -0.268188477, 0.00598144532, -0.247030338, 0.895568224, 0.370099802, 0, 0, -0, 0, 0, 0, 0, 0.338612354, -0.0615625977, -0.158412695, 0.0737695937, 0.0306429463, -0.996804804, 0.65612793, -0.754150391, 0.025390625, -0.750919193, -0.655907649, -0.0758011271, 0, 2, 5, 1, 
805.021552, 56, 0.1, 0.1, 0.00492509139, 0.354242603, -0.0199692201, 0.967119411, 6.35589253e-006, -0.254322717, 0.254322717, -1.10232874e-005, 0.967119411, 3.34343463e-006, -1, -1.22772831e-005, 0.967119351, -2.27551239e-005, -0.254322943, 0.254322943, -2.74657809e-006, 0.967119352, -2.27054385e-005, -1, 3.13088127e-006, 0, 0, 0, 0, 0, 0, 0, 0.318862476, -0.1260427, -0.174051611, -0.104753079, 0.354916567, -0.929005097, -0.963256836, -0.268188477, 0.00598144532, -0.247030338, 0.895568224, 0.370099802, 0, 0, -0, 0, 0, 0, 0, 0.338612354, -0.0615625977, -0.158412695, 0.0737695937, 0.0306429463, -0.996804804, 0.65612793, -0.754150391, 0.025390625, -0.750919193, -0.655907649, -0.0758011271, 0, 2, 5, 1, 
805.022364, 56, 0.1, 0.1, 0.00492509371, 0.354242603, -0.0199708936, 0.96711965, -1.09115691e-005, -0.25432181, 0.25432181, 3.69143997e-006, 0.96711965, -9.6139792e-006, -1, 6.34511413e-006, 0.967119615, -5.9630479e-006, -0.254321942, 0.254321942, 1.06346453e-005, 0.967119615, -3.06235694e-006, -1, 1.1801508e-005, 0, 0, 0, 0, 0, 0, 0, 0.318849902, -0.126793945, -0.173981421, -0.105202026, 0.357708713, -0.927804292, -0.963989258, -0.265258789, 0.00708007813, -0.24362225, 0.895249584, 0.372999411, 0, 0, -0, 0, 0, 0, 0, 0.338841943, -0.0619722168, -0.157748096, 0.0740889559, 0.0309178324, -0.996766524, 0.655395508, -0.754760742, 0.025390625, -0.751622083, -0.655019558, -0.0761653319, 0, 2, 5, 1, 
805.023144, 56, 0.1, 0.1, 0.00492509425, 0.354242604, -0.0199706215, 0.96711976, -1.61455385e-005, -0.254321391, 0.254321391, 9.75587703e-006, 0.96711976, -1.31335411e-005, -1, 1.35412573e-005, 0.967119748, 1.37692215e-006, -0.254321438, 0.254321438, 9.44711867e-006, 0.967119748, 3.7342534e-006, -1, 8.7863142e-006, 0, 0, 0, 0, 0, 0, 0, 0.318849902, -0.126793945, -0.173981421, -0.105202026, 0.357708713, -0.927804292, -0.963989258, -0.265258789, 0.00708007813, -0.24362225, 0.895249584, 0.372999411, 0, 0, -0, 0, 0, 0, 0, 0.338841943, -0.0619722168, -0.157748096, 0.0740889559, 0.0309178324, -0.996766524, 0.655395508, -0.754760742, 0.025390625, -0.751622083, -0.655019558, -0.0761653319, 0, 2, 5, 1, 
805.02392, 56, 0.1, 0.1, 0.00492509336, 0.354242603, -0.0199689016, 0.967119765, -4.19182138e-006, -0.254321373, 0.254321373, 9.74802107e-006, 0.967119765, -1.57486321e-006, -1, 1.04935736e-005, 0.967119771, 6.4821648e-006, -0.254321351, 0.254321351, -4.70181036e-006, 0.967119771, 5.07325898e-006, -1, -6.19576666e-006, 0, 0, 0, 0, 0, 0, 0, 0.318849902, -0.126793945, -0.173981421, -0.105202026, 0.357708713, -0.927804292, -0.963989258, -0.265258789, 0.00708007813, -0.24362225, 0.895249584, 0.372999411, 0, 0, -0, 0, 0, 0, 0, 0.338841943, -0.0619722168, -0.157748096, 0.0740889559, 0.0309178324, -0.996766524, 0.655395508, -0.754760742, 0.025390625, -0.751622083, -0.655019558, -0.0761653319, 0, 2, 5, 1, 
805.024734, 56, 0.1, 0.1, 0.00492509339, 0.354242603, -0.0199659366, 0.967119744, 1.31085746e-006, -0.254321452, 0.254321452, -8.7723533e-006, 0.967119744, -9.63241495e-007, -1, -8.81729525e-006, 0.967119747, -1.98643891e-006, -0.254321441, 0.254321441, -1.71422178e-005, 0.967119747, -6.28075782e-006, -1, -1.60733833e-005, 0, 0, 0, 0, 0, 0, 0, 0.318795459, -0.126827246, -0.174117627, -0.106381491, 0.361490487, -0.926330152, -0.964355469, -0.263916016, 0.0076904297, -0.241705154, 0.894156242, 0.376844464, 0, 0, -0, 0, 0, 0, 0, 0.338810449, -0.0623391113, -0.157308447, 0.0735905896, 0.032157368, -0.996715485, 0.655517578, -0.754760742, 0.0240478516, -0.751551721, -0.655134763, -0.0766509383, 0, 2, 5, 1, 
805.025512, 56, 0.1, 0.1, 0.00492509425, 0.354242604, -0.0199631519, 0.967119728, -1.45705668e-005, -0.254321513, 0.254321512, -1.83425983e-005, 0.967119728, -1.87563999e-005, -1, -1.40338801e-005, 0.967119731, -8.379477e-006, -0.2543215, 0.2543215, -1.11747806e-005, 0.967119731, -1.09459445e-005, -1, -8.67626965e-006, 0, 0, 0, 0, 0, 0, 0, 0.318795459, -0.126827246, -0.174117627, -0.106381491, 0.361490487, -0.926330152, -0.964355469, -0.263916016, 0.0076904297, -0.241705154, 0.894156242, 0.376844464, 0, 0, -0, 0, 0, 0, 0, 0.338810449, -0.0623391113, -0.157308447, 0.0735905896, 0.032157368, -0.996715485, 0.655517578, -0.754760742, 0.0240478516, -0.751551721, -0.655134763, -0.0766509383, 0, 2, 5, 1, 
805.026294, 56, 0.1, 0.1, 0.00492509366, 0.354242606, -0.019961483, 0.967119715, -1.55994281e-005, -0.254321561, 0.254321561, -1.36831955e-005, 0.967119715, -1.85664461e-005, -1, -9.26601722e-006, 0.967119718, -3.78702483e-007, -0.254321552, 0.254321552, 1.23838635e-005, 0.967119718, 2.78323274e-006, -1, 1.20729908e-005, 0, 0, 0, 0, 0, 0, 0, 0.318795459, -0.126827246, -0.174117627, -0.106381491, 0.361490487, -0.926330152, -0.964355469, -0.263916016, 0.0076904297, -0.241705154, 0.894156242, 0.376844464, 0, 0, -0, 0, 0, 0, 0, 0.338810449, -0.0623391113, -0.157308447, 0.0735905896, 0.032157368, -0.996715485, 0.655517578, -0.754760742, 0.0240478516, -0.751551721, -0.655134763, -0.0766509383, 0, 2, 5, 1, 
805.02707, 56, 0.1, 0.1, 0.00492509279, 0.354242606, -0.0199614119, 0.967119702, 2.09476988e-006, -0.254321611, 0.254321611, 6.86365268e-006, 0.967119702, 3.77146843e-006, -1, 6.10522849e-006, 0.967119704, 6.19797168e-006, -0.254321604, 0.254321604, 1.67704081e-005, 0.967119704, 1.02592576e-005, -1, 1.46427141e-005, 0, 0, 0, 0, 0, 0, 0, 0.318795459, -0.126827246, -0.174117627, -0.106381491, 0.361490487, -0.926330152, -0.964355469, -0.263916016, 0.0076904297, -0.241705154, 0.894156242, 0.376844464, 0, 0, -0, 0, 0, 0, 0, 0.338810449, -0.0623391113, -0.157308447, 0.0735905896, 0.032157368, -0.996715485, 0.655517578, -0.754760742, 0.0240478516, -0.751551721, -0.655134763, -0.0766509383, 0, 2, 5, 1, 
805.027852, 56, 0.1, 0.1, 0.00492509234, 0.354242604, -0.0199628119, 0.967119691, 1.15501365e-005, -0.254321652, 0.254321652, 1.15410775e-005, 0.967119691, 1.41055103e-005, -1, 8.22415348e-006, 0.967119694, 6.41548325e-006, -0.254321643, 0.254321643, 3.94713821e-006, 0.967119694, 7.20838287e-006, -1, 2.18575886e-006, 0, 0, 0, 0, 0, 0, 0, 0.318795459, -0.126827246, -0.174117627, -0.106381491, 0.361490487, -0.926330152, -0.964355469, -0.263916016, 0.0076904297, -0.241705154, 0.894156242, 0.376844464, 0, 0, -0, 0, 0, 0, 0, 0.338810449, -0.0623391113, -0.157308447, 0.0735905896, 0.032157368, -0.996715485, 0.655517578, -0.754760742, 0.0240478516, -0.751551721, -0.655134763, -0.0766509383, 0, 2, 5, 1, 
805.028635, 56, 0.1, 0.1, 0.00492509221, 0.354242602, -0.0199650831, 0.967119682, 6.49209459e-006, -0.254321685, 0.254321685, 5.44624898e-006, 0.967119682, 7.66373168e-006, -1, 3.61609415e-006, 0.967119684, -6.12378405e-006, -0.254321681, 0.254321681, -1.79669076e-005, 0.967119684, -1.04918063e-005, -1, -1.5818739e-005, 0, 0, 0, 0, 0, 0, 0, 0.318795459, -0.126827246, -0.174117627, -0.106381491, 0.361490487, -0.926330152, -0.964355469, -0.263916016, 0.0076904297, -0.241705154, 0.894156242, 0.376844464, 0, 0, -0, 0, 0, 0, 0, 0.338810449, -0.0623391113, -0.157308447, 0.0735905896, 0.032157368, -0.996715485, 0.655517578, -0.754760742, 0.0240478516, -0.751551721, -0.655134763, -0.0766509383, 0, 2, 5, 1, 
805.029443, 56, 0.1, 0.1, 0.00492509184, 0.354242602, -0.0199673832, 0.967119673, -8.27604853e-006, -0.254321723, 0.254321723, -9.38311579e-006, 0.967119673, -1.03902595e-005, -1, -6.96981695e-006, 0.967119674, -1.28152025e-005, -0.254321717, 0.254321716, -1.84960215e-005, 0.967119674, -1.70977744e-005, -1, -1.4628682e-005, 0, 0, 0, 0, 0, 0, 0, 0.318682788, -0.126647437, -0.174014355, -0.108659168, 0.365094405, -0.924557589, -0.964477539, -0.263793945, 0.00915527345, -0.240479262, 0.892720294, 0.381013028, 0, 0, -0, 0, 0, 0, 0, 0.338810449, -0.0623391113, -0.157308447, 0.0727662981, 0.0330775415, -0.996715485, 0.655151367, -0.755126953, 0.0228271484, -0.751883843, -0.654547078, -0.0766509383, 0, 2, 5, 1, 
805.030223, 56, 0.1, 0.1, 0.00492509215, 0.354242603, -0.0199687016, 0.967119666, -9.74058806e-006, -0.254321749, 0.254321749, -1.29928617e-005, 0.967119666, -1.27246816e-005, -1, -1.00884087e-005, 0.967119667, -6.7889259e-006, -0.254321744, 0.254321744, -6.88585459e-006, 0.967119667, -8.3169263e-006, -1, -4.93287393e-006, 0, 0, 0, 0, 0, 0, 0, 0.318682788, -0.126647437, -0.174014355, -0.108659168, 0.365094405, -0.924557589, -0.964477539, -0.263793945, 0.00915527345, -0.240479262, 0.892720294, 0.381013028, 0, 0, -0, 0, 0, 0, 0, 0.338748926, -0.0629355957, -0.156861963, 0.0727662981, 0.0330775415, -0.996715485, 0.655151367, -0.755126953, 0.0228271484, -0.751883843, -0.654547078, -0.0766509383, 0, 2, 5, 1, 
805.031002, 56, 0.1, 0.1, 0.00492509347, 0.354242605, -0.0199690249, 0.967119659, -2.09579714e-006, -0.254321776, 0.254321776, -6.95261334e-006, 0.967119659, -3.79508759e-006, -1, -6.19100219e-006, 0.96711966, 9.08689876e-006, -0.254321772, 0.254321772, 1.29021933e-005, 0.96711966, 1.20694271e-005, -1, 1.01669686e-005, 0, 0, 0, 0, 0, 0, 0, 0.318682788, -0.126647437, -0.174014355, -0.108659168, 0.365094405, -0.924557589, -0.964477539, -0.263793945, 0.00915527345, -0.240479262, 0.892720294, 0.381013028, 0, 0, -0, 0, 0, 0, 0, 0.338748926, -0.0629355957, -0.156861963, 0.0727662981, 0.0330775415, -0.996715485, 0.655151367, -0.755126953, 0.0228271484, -0.751883843, -0.654547078, -0.0766509383, 0, 2, 5, 1, 
805.031781, 56, 0.1, 0.1, 0.00492509488, 0.354242607, -0.0199683536, 0.967119653, 8.462417e-006, -0.254321796, 0.254321796, 1.30978993e-005, 0.967119653, 1.15152511e-005, -1, 1.05150587e-005, 0.967119655, 1.36203357e-005, -0.254321791, 0.254321791, 2.05283728e-005, 0.967119655, 1.83933069e-005, -1, 1.63894447e-005, 0, 0, 0, 0, 0, 0, 0, 0.318682788, -0.126647437, -0.174014355, -0.108659168, 0.365094405, -0.924557589, -0.964477539, -0.263793945, 0.00915527345, -0.240479262, 0.892720294, 0.381013028, 0, 0, -0, 0, 0, 0, 0, 0.338748926, -0.0629355957, -0.156861963, 0.0727662981, 0.0330775415, -0.996715485, 0.655151367, -0.755126953, 0.0228271484, -0.751883843, -0.654547078, -0.0766509383, 0, 2, 5, 1, 
805.032558, 56, 0.1, 0.1, 0.00492509503, 0.354242607, -0.019966944, 0.967119647, 1.02045419e-005, -0.254321819, 0.254321819, 2.07561635e-005, 0.967119647, 1.51477583e-005, -1, 1.74784558e-005, 0.967119648, 6.64316981e-006, -0.254321815, 0.254321815, 1.45962883e-005, 0.967119648, 1.01368946e-005, -1, 1.24268542e-005, 0, 0, 0, 0, 0, 0, 0, 0.318682788, -0.126647437, -0.174014355, -0.108659168, 0.365094405, -0.924557589, -0.964477539, -0.263793945, 0.00915527345, -0.240479262, 0.892720294, 0.381013028, 0, 0, -0, 0, 0, 0, 0, 0.338748926, -0.0629355957, -0.156861963, 0.0727662981, 0.0330775415, -0.996715485, 0.655151367, -0.755126953, 0.0228271484, -0.751883843, -0.654547078, -0.0766509383, 0, 2, 5, 1, 
805.033339, 56, 0.1, 0.1, 0.00492509486, 0.354242607, -0.0199653173, 0.967119643, 8.20106598e-006, -0.254321837, 0.254321837, 1.13177179e-005, 0.967119643, 1.08097548e-005, -1, 8.85987717e-006, 0.967119644, -5.44464281e-006, -0.254321832, 0.254321832, -1.07093207e-005, 0.967119644, -7.98923507e-006, -1, -8.97250288e-006, 0, 0, 0, 0, 0, 0, 0, 0.318682788, -0.126647437, -0.174014355, -0.108659168, 0.365094405, -0.924557589, -0.964477539, -0.263793945, 0.00915527345, -0.240479262, 0.892720294, 0.381013028, 0, 0, -0, 0, 0, 0, 0, 0.338748926, -0.0629355957, -0.156861963, 0.0727662981, 0.0330775415, -0.996715485, 0.655151367, -0.755126953, 0.0228271484, -0.751883843, -0.654547078, -0.0766509383, 0, 2, 5, 1, 
805.034144, 56, 0.1, 0.1, 0.00492509486, 0.354242606, -0.0199638365, 0.967119637, -6.7987349e-006, -0.254321857, 0.254321857, -1.31146709e-005, 0.967119637, -9.91053748e-006, -1, -1.09543889e-005, 0.967119638, -1.15588045e-005, -0.254321854, 0.254321854, -2.27576175e-005, 0.967119638, -1.69665063e-005, -1, -1.90696822e-005, 0, 0, 0, 0, 0, 0, 0, 0.318682788, -0.126647437, -0.174014355, -0.111845217, 0.367111851, -0.923375881, -0.963867187, -0.265625, 0.0112304688, -0.241086968, 0.891412026, 0.38379207, 0, 0, -0, 0, 0, 0, 0, 0.338748926, -0.0629355957, -0.156861963, 0.0727662981, 0.0330775415, -0.996715485, 0.655151367, -0.755126953, 0.0228271484, -0.751883843, -0.654547078, -0.0766509383, 0, 2, 5, 1, 
805.034937, 56, 0.1, 0.1, 0.00492509513, 0.354242607, -0.0199627869, 0.967119635, -1.35030991e-005, -0.254321868, 0.254321867, -2.10326679e-005, 0.967119634, -1.84081796e-005, -1, -1.69069727e-005, 0.967119635, -9.23378041e-006, -0.254321865, 0.254321865, -1.34318943e-005, 0.967119635, -1.23461947e-005, -1, -1.06418964e-005, 0, 0, 0, 0, 0, 0, 0, 0.3189646, -0.126325073, -0.173945508, -0.111845217, 0.367111851, -0.923375881, -0.963867187, -0.265625, 0.0112304688, -0.241086968, 0.891412026, 0.38379207, 0, 0, -0, 0, 0, 0, 0, 0.338907471, -0.0633771973, -0.156405225, 0.0717823255, 0.0332244627, -0.996792044, 0.655273437, -0.755004883, 0.0220947266, -0.75186452, -0.654777121, -0.0759225287, 0, 2, 5, 1, 
805.035716, 56, 0.1, 0.1, 0.00492509582, 0.354242608, -0.019962794, 0.96711963, -7.35080343e-006, -0.254321885, 0.254321885, -1.37924885e-005, 0.96711963, -1.0616838e-005, -1, -1.14695162e-005, 0.967119631, 6.75614181e-006, -0.254321882, 0.254321882, 1.02501621e-005, 0.967119631, 9.1408379e-006, -1, 8.19489832e-006, 0, 0, 0, 0, 0, 0, 0, 0.3189646, -0.126325073, -0.173945508, -0.111845217, 0.367111851, -0.923375881, -0.963867187, -0.265625, 0.0112304688, -0.241086968, 0.891412026, 0.38379207, 0, 0, -0, 0, 0, 0, 0, 0.338907471, -0.0633771973, -0.156405225, 0.0717823255, 0.0332244627, -0.996792044, 0.655273437, -0.755004883, 0.0220947266, -0.75186452, -0.654777121, -0.0759225287, 0, 2, 5, 1, 
805.036493, 56, 0.1, 0.1, 0.00492509616, 0.354242609, -0.0199638463, 0.967119628, 5.56099384e-006, -0.254321893, 0.254321893, 1.08759288e-005, 0.967119628, 8.14413311e-006, -1, 9.10404177e-006, 0.967119628, 1.01866503e-005, -0.254321892, 0.254321892, 1.90907847e-005, 0.967119628, 1.47069139e-005, -1, 1.58723844e-005, 0, 0, 0, 0, 0, 0, 0, 0.3189646, -0.126325073, -0.173945508, -0.111845217, 0.367111851, -0.923375881, -0.963867187, -0.265625, 0.0112304688, -0.241086968, 0.891412026, 0.38379207, 0, 0, -0, 0, 0, 0, 0, 0.338907471, -0.0633771973, -0.156405225, 0.0717823255, 0.0332244627, -0.996792044, 0.655273437, -0.755004883, 0.0220947266, -0.75186452, -0.654777121, -0.0759225287, 0, 2, 5, 1, 
805.037304, 56, 0.1, 0.1, 0.00492509594, 0.354242608, -0.0199652709, 0.967119626, 1.06460448e-005, -0.2543219, 0.2543219, 1.8078035e-005, 0.967119626, 1.48936391e-005, -1, 1.47761001e-005, 0.967119626, 6.68086386e-006, -0.254321898, 0.254321898, 1.08426783e-005, 0.967119626, 9.21872509e-006, -1, 8.78707703e-006, 0, 0, 0, 0, 0, 0, 0, 0.319077368, -0.12628772, -0.173689185, -0.113990344, 0.367879439, -0.922804122, -0.963623047, -0.266723633, 0.0126953125, -0.241365173, 0.890796084, 0.385061023, 0, 0, -0, 0, 0, 0, 0, 0.339090918, -0.0640486328, -0.155953613, 0.0711625577, 0.0332372226, -0.996830323, 0.655395508, -0.754882813, 0.0216064453, -0.751806917, -0.654898523, -0.0755583239, 0, 2, 5, 1, 
805.03808, 56, 0.1, 0.1, 0.00492509558, 0.354242608, -0.0199666418, 0.967119622, 6.15875806e-006, -0.254321914, 0.254321914, 1.10159483e-005, 0.967119622, 8.75785284e-006, -1, 9.08743266e-006, 0.967119623, -6.77205151e-006, -0.254321911, 0.254321911, -1.04010125e-005, 0.967119623, -9.19458929e-006, -1, -8.33674225e-006, 0, 0, 0, 0, 0, 0, 0, 0.319077368, -0.12628772, -0.173689185, -0.113990344, 0.367879439, -0.922804122, -0.963623047, -0.266723633, 0.0126953125, -0.241365173, 0.890796084, 0.385061023, 0, 0, -0, 0, 0, 0, 0, 0.339090918, -0.0640486328, -0.155953613, 0.0711625577, 0.0332372226, -0.996830323, 0.655395508, -0.754882813, 0.0216064453, -0.751806917, -0.654898523, -0.0755583239, 0, 2, 5, 1, 
805.03886, 56, 0.1, 0.1, 0.00492509566, 0.354242607, -0.0199677003, 0.96711962, -5.62821962e-006, -0.254321924, 0.254321924, -9.65388402e-006, 0.96711962, -7.89835598e-006, -1, -7.90508101e-006, 0.96711962, -9.69788778e-006, -0.254321923, 0.254321923, -1.74443203e-005, 0.96711962, -1.38154906e-005, -1, -1.44043589e-005, 0, 0, 0, 0, 0, 0, 0, 0.319077368, -0.12628772, -0.173689185, -0.113990344, 0.367879439, -0.922804122, -0.963623047, -0.266723633, 0.0126953125, -0.241365173, 0.890796084, 0.385061023, 0, 0, -0, 0, 0, 0, 0, 0.339090918, -0.0640486328, -0.155953613, 0.0711625577, 0.0332372226, -0.996830323, 0.655395508, -0.754882813, 0.0216064453, -0.751806917, -0.654898523, -0.0755583239, 0, 2, 5, 1, 
805.039635, 56, 0.1, 0.1, 0.00492509613, 0.354242608, -0.0199681273, 0.967119619, -9.89373256e-006, -0.254321927, 0.254321926, -1.61705809e-005, 0.967119619, -1.36809562e-005, -1, -1.31226929e-005, 0.967119619, -6.46873829e-006, -0.254321926, 0.254321926, -9.66817623e-006, 0.967119619, -8.7148729e-006, -1, -7.70514094e-006, 0, 0, 0, 0, 0, 0, 0, 0.319077368, -0.12628772, -0.173689185, -0.113990344, 0.367879439, -0.922804122, -0.963623047, -0.266723633, 0.0126953125, -0.241365173, 0.890796084, 0.385061023, 0, 0, -0, 0, 0, 0, 0, 0.339090918, -0.0640486328, -0.155953613, 0.0711625577, 0.0332372226, -0.996830323, 0.655395508, -0.754882813, 0.0216064453, -0.751806917, -0.654898523, -0.0755583239, 0, 2, 5, 1, 
805.040422, 56, 0.1, 0.1, 0.00492509706, 0.35424261, -0.0199677378, 0.967119616, -5.65372134e-006, -0.254321937, 0.254321937, -1.03825228e-005, 0.967119616, -8.10832812e-006, -1, -8.60327608e-006, 0.967119617, 6.90054245e-006, -0.254321935, 0.254321935, 1.05303205e-005, 0.967119617, 9.35174147e-006, -1, 8.42912026e-006, 0, 0, 0, 0, 0, 0, 0, 0.319077368, -0.12628772, -0.173689185, -0.113990344, 0.367879439, -0.922804122, -0.963623047, -0.266723633, 0.0126953125, -0.241365173, 0.890796084, 0.385061023, 0, 0, -0, 0, 0, 0, 0, 0.339090918, -0.0640486328, -0.155953613, 0.0711625577, 0.0332372226, -0.996830323, 0.655395508, -0.754882813, 0.0216064453, -0.751806917, -0.654898523, -0.0755583239, 0, 2, 5, 1, 
805.041201, 56, 0.1, 0.1, 0.00492509765, 0.354242611, -0.0199667877, 0.967119615, 6.35725048e-006, -0.254321944, 0.254321943, 1.01457767e-005, 0.967119615, 8.72851527e-006, -1, 8.19539131e-006, 0.967119615, 1.06259117e-005, -0.254321943, 0.254321943, 1.83835591e-005, 0.967119615, 1.49518701e-005, -1, 1.50766981e-005, 0, 0, 0, 0, 0, 0, 0, 0.319077368, -0.12628772, -0.173689185, -0.113990344, 0.367879439, -0.922804122, -0.963623047, -0.266723633, 0.0126953125, -0.241365173, 0.890796084, 0.385061023, 0, 0, -0, 0, 0, 0, 0, 0.339090918, -0.0640486328, -0.155953613, 0.0711625577, 0.0332372226, -0.996830323, 0.655395508, -0.754882813, 0.0216064453, -0.751806917, -0.654898523, -0.0755583239, 0, 2, 5, 1, 
805.042011, 56, 0.1, 0.1, 0.00492509777, 0.354242611, -0.0199653956, 0.967119615, 1.11788841e-005, -0.254321942, 0.254321942, 2.0249141e-005, 0.967119615, 1.5961119e-005, -1, 1.67403059e-005, 0.967119615, 7.49476183e-006, -0.254321942, 0.254321942, 1.27195505e-005, 0.967119615, 1.0483192e-005, -1, 1.03952444e-005, 0, 0, 0, 0, 0, 0, 0, 0.318999487, -0.12601626, -0.173208276, -0.115469353, 0.368869066, -0.922213268, -0.963256836, -0.267944336, 0.0134277344, -0.242119657, 0.890021383, 0.386450545, 0, 0, -0, 0, 0, 0, 0, 0.339090918, -0.0640486328, -0.155953613, 0.0706579948, 0.0340101082, -0.996817564, 0.656982422, -0.753540039, 0.0208740234, -0.750509779, -0.656412945, -0.0756797255, 0, 2, 5, 1, 
805.042791, 56, 0.1, 0.1, 0.0049250975, 0.35424261, -0.0199640715, 0.967119614, 7.8732842e-006, -0.254321947, 0.254321947, 1.25530837e-005, 0.967119614, 1.08069323e-005, -1, 1.01379845e-005, 0.967119614, -6.33179104e-006, -0.254321945, 0.254321945, -1.05578412e-005, 0.967119614, -8.80869002e-006, -1, -8.60038193e-006, 0, 0, 0, 0, 0, 0, 0, 0.318999487, -0.12601626, -0.173208276, -0.115469353, 0.368869066, -0.922213268, -0.963256836, -0.267944336, 0.0134277344, -0.242119657, 0.890021383, 0.386450545, 0, 0, -0, 0, 0, 0, 0, 0.339531299, -0.0638061035, -0.155285596, 0.0706579948, 0.0340101082, -0.996817564, 0.656982422, -0.753540039, 0.0208740234, -0.750509779, -0.656412945, -0.0756797255, 0, 2, 5, 1, 
805.043568, 56, 0.1, 0.1, 0.00492509748, 0.35424261, -0.0199634705, 0.967119612, -7.15559496e-006, -0.254321953, 0.254321953, -1.17085192e-005, 0.967119612, -9.89804969e-006, -1, -9.50371368e-006, 0.967119612, -1.14627355e-005, -0.254321953, 0.254321953, -2.03844605e-005, 0.967119612, -1.62700521e-005, -1, -1.67989862e-005, 0, 0, 0, 0, 0, 0, 0, 0.318999487, -0.12601626, -0.173208276, -0.115469353, 0.368869066, -0.922213268, -0.963256836, -0.267944336, 0.0134277344, -0.242119657, 0.890021383, 0.386450545, 0, 0, -0, 0, 0, 0, 0, 0.339531299, -0.0638061035, -0.155285596, 0.0706579948, 0.0340101082, -0.996817564, 0.656982422, -0.753540039, 0.0208740234, -0.750509779, -0.656412945, -0.0756797255, 0, 2, 5, 1, 
805.044347, 56, 0.1, 0.1, 0.00492509786, 0.354242611, -0.0199637139, 0.967119613, -1.17501328e-005, -0.254321951, 0.254321951, -2.00526787e-005, 0.967119613, -1.64636202e-005, -1, -1.64050221e-005, 0.967119613, -7.83708464e-006, -0.254321951, 0.254321951, -1.23887956e-005, 0.967119613, -1.07301409e-005, -1, -9.98830453e-006, 0, 0, 0, 0, 0, 0, 0, 0.318999487, -0.12601626, -0.173208276, -0.115469353, 0.368869066, -0.922213268, -0.963256836, -0.267944336, 0.0134277344, -0.242119657, 0.890021383, 0.386450545, 0, 0, -0, 0, 0, 0, 0, 0.339531299, -0.0638061035, -0.155285596, 0.0706579948, 0.0340101082, -0.996817564, 0.656982422, -0.753540039, 0.0208740234, -0.750509779, -0.656412945, -0.0756797255, 0, 2, 5, 1, 
805.045125, 56, 0.1, 0.1, 0.00492509874, 0.354242612, -0.0199646787, 0.967119611, -6.049294e-006, -0.254321958, 0.254321958, -1.31496933e-005, 0.967119611, -9.19464662e-006, -1, -1.1178858e-005, 0.967119611, 7.35989061e-006, -0.254321956, 0.254321956, 9.45149851e-006, 0.967119611, 9.52161814e-006, -1, 7.26894779e-006, 0, 0, 0, 0, 0, 0, 0, 0.318999487, -0.12601626, -0.173208276, -0.115469353, 0.368869066, -0.922213268, -0.963256836, -0.267944336, 0.0134277344, -0.242119657, 0.890021383, 0.386450545, 0, 0, -0, 0, 0, 0, 0, 0.339531299, -0.0638061035, -0.155285596, 0.0706579948, 0.0340101082, -0.996817564, 0.656982422, -0.753540039, 0.0208740234, -0.750509779, -0.656412945, -0.0756797255, 0, 2, 5, 1, 
805.045906, 56, 0.1, 0.1, 0.00492509904, 0.354242612, -0.0199659959, 0.967119611, 4.32481489e-006, -0.254321957, 0.254321957, 1.03768686e-005, 0.967119611, 6.82167883e-006, -1, 8.93577776e-006, 0.967119611, 9.13235667e-006, -0.254321957, 0.254321957, 1.79959944e-005, 0.967119611, 1.34088577e-005, -1, 1.50817203e-005, 0, 0, 0, 0, 0, 0, 0, 0.318999487, -0.12601626, -0.173208276, -0.115469353, 0.368869066, -0.922213268, -0.963256836, -0.267944336, 0.0134277344, -0.242119657, 0.890021383, 0.386450545, 0, 0, -0, 0, 0, 0, 0, 0.339531299, -0.0638061035, -0.155285596, 0.0706579948, 0.0340101082, -0.996817564, 0.656982422, -0.753540039, 0.0208740234, -0.750509779, -0.656412945, -0.0756797255, 0, 2, 5, 1, 
805.046699, 56, 0.1, 0.1, 0.00492509872, 0.354242612, -0.019967172, 0.96711961, 1.03066012e-005, -0.254321961, 0.254321961, 1.71273791e-005, 0.96711961, 1.43235848e-005, -1, 1.39430291e-005, 0.96711961, 5.36182496e-006, -0.254321961, 0.25432196, 1.02146174e-005, 0.96711961, 7.78332759e-006, -1, 8.51512695e-006, 0, 0, 0, 0, 0, 0, 0, 0.318999487, -0.12601626, -0.173208276, -0.117499904, 0.371045271, -0.921190319, -0.963134766, -0.268310547, 0.0147705078, -0.241674457, 0.888935155, 0.389007548, 0, 0, -0, 0, 0, 0, 0, 0.339531299, -0.0638061035, -0.155285596, 0.0706579948, 0.0340101082, -0.996817564, 0.656982422, -0.753540039, 0.0208740234, -0.750509779, -0.656412945, -0.0756797255, 0, 2, 5, 1, 
805.047488, 56, 0.1, 0.1, 0.00492509855, 0.354242611, -0.0199675111, 0.967119611, 6.22733819e-006, -0.254321958, 0.254321958, 1.01416611e-005, 0.967119611, 8.601828e-006, -1, 8.22445047e-006, 0.96711961, -5.6668902e-006, -0.25432196, 0.25432196, -1.11119304e-005, 0.96711961, -8.30656856e-006, -1, -9.30535118e-006, 0, 0, 0, 0, 0, 0, 0, 0.31889707, -0.125685107, -0.17337146, -0.117499904, 0.371045271, -0.921190319, -0.963134766, -0.268310547, 0.0147705078, -0.241674457, 0.888935155, 0.389007548, 0, 0, -0, 0, 0, 0, 0, 0.339319385, -0.0632739258, -0.155939697, 0.0671056322, 0.0357542067, -0.997117603, 0.658569336, -0.752197266, 0.0173339844, -0.749410235, -0.657825288, -0.0739928629, 0, 2, 5, 1, 
805.048266, 56, 0.1, 0.1, 0.00492509837, 0.354242611, -0.0199673343, 0.967119611, -5.9991772e-006, -0.254321959, 0.254321959, -9.71332567e-006, 0.967119611, -8.27223393e-006, -1, -7.86822524e-006, 0.967119611, -1.08366581e-005, -0.254321958, 0.254321958, -1.7291145e-005, 0.967119611, -1.48778624e-005, -1, -1.39666053e-005, 0, 0, 0, 0, 0, 0, 0, 0.31889707, -0.125685107, -0.17337146, -0.117499904, 0.371045271, -0.921190319, -0.963134766, -0.268310547, 0.0147705078, -0.241674457, 0.888935155, 0.389007548, 0, 0, -0, 0, 0, 0, 0, 0.339319385, -0.0632739258, -0.155939697, 0.0671056322, 0.0357542067, -0.997117603, 0.658569336, -0.752197266, 0.0173339844, -0.749410235, -0.657825288, -0.0739928629, 0, 2, 5, 1, 
805.049045, 56, 0.1, 0.1, 0.00492509902, 0.354242612, -0.0199667368, 0.967119609, -9.95481542e-006, -0.254321965, 0.254321965, -1.68776907e-005, 0.967119609, -1.39198647e-005, -1, -1.37910174e-005, 0.967119609, -5.85035948e-006, -0.254321964, 0.254321964, -1.05615117e-005, 0.967119609, -8.34402176e-006, -1, -8.72637011e-006, 0, 0, 0, 0, 0, 0, 0, 0.31889707, -0.125685107, -0.17337146, -0.117499904, 0.371045271, -0.921190319, -0.963134766, -0.268310547, 0.0147705078, -0.241674457, 0.888935155, 0.389007548, 0, 0, -0, 0, 0, 0, 0, 0.339319385, -0.0632739258, -0.155939697, 0.0671056322, 0.0357542067, -0.997117603, 0.658569336, -0.752197266, 0.0173339844, -0.749410235, -0.657825288, -0.0739928629, 0, 2, 5, 1, 
805.049865, 56, 0.1, 0.1, 0.00492510004, 0.354242614, -0.0199656008, 0.967119608, -6.77648935e-006, -0.254321968, 0.254321968, -1.1347319e-005, 0.967119608, -9.43954821e-006, -1, -9.25080457e-006, 0.967119608, 7.56349386e-006, -0.254321967, 0.254321967, 1.26821158e-005, 0.967119608, 1.05401438e-005, -1, 1.03415602e-005, 0, 0, 0, 0, 0, 0, 0, 0.318814185, -0.125607104, -0.173318115, -0.119218926, 0.372593551, -0.92026285, -0.963378906, -0.267456055, 0.0164794922, -0.240042679, 0.888566339, 0.390961714, 0, 0, -0, 0, 0, 0, 0, 0.339117236, -0.0632128906, -0.156363965, 0.0638471121, 0.0369488997, -0.99728348, 0.659667969, -0.751342773, 0.0145263672, -0.748770778, -0.658681662, -0.0724146421, 0, 2, 5, 1, 
805.050645, 56, 0.1, 0.1, 0.00492510058, 0.354242615, -0.0199643875, 0.967119607, 6.42800532e-006, -0.254321973, 0.254321972, 1.07440028e-005, 0.967119607, 8.94908598e-006, -1, 8.75595281e-006, 0.967119607, 1.12237548e-005, -0.254321972, 0.254321971, 1.93028942e-005, 0.967119607, 1.57638634e-005, -1, 1.58137601e-005, 0, 0, 0, 0, 0, 0, 0, 0.318814185, -0.125607104, -0.173318115, -0.119218926, 0.372593551, -0.92026285, -0.963378906, -0.267456055, 0.0164794922, -0.240042679, 0.888566339, 0.390961714, 0, 0, -0, 0, 0, 0, 0, 0.339117236, -0.0632128906, -0.156363965, 0.0638471121, 0.0369488997, -0.99728348, 0.659667969, -0.751342773, 0.0145263672, -0.748770778, -0.658681662, -0.0724146421, 0, 2, 5, 1, 
805.051425, 56, 0.1, 0.1, 0.00492510042, 0.354242614, -0.0199637724, 0.967119606, 1.1152856e-005, -0.254321976, 0.254321976, 1.89635424e-005, 0.967119606, 1.56089912e-005, -1, 1.55035973e-005, 0.967119606, 6.84812202e-006, -0.254321975, 0.254321975, 1.18153826e-005, 0.967119606, 9.6278645e-006, -1, 9.68526021e-006, 0, 0, 0, 0, 0, 0, 0, 0.318814185, -0.125607104, -0.173318115, -0.119218926, 0.372593551, -0.92026285, -0.963378906, -0.267456055, 0.0164794922, -0.240042679, 0.888566339, 0.390961714, 0, 0, -0, 0, 0, 0, 0, 0.339117236, -0.0632128906, -0.156363965, 0.0638471121, 0.0369488997, -0.99728348, 0.659667969, -0.751342773, 0.0145263672, -0.748770778, -0.658681662, -0.0724146421, 0, 2, 5, 1, 
805.052204, 56, 0.1, 0.1, 0.00492509997, 0.354242613, -0.0199638936, 0.967119605, 6.46876941e-006, -0.25432198, 0.25432198, 1.11127554e-005, 0.967119605, 9.08229168e-006, -1, 9.10221339e-006, 0.967119605, -7.13063502e-006, -0.254321979, 0.254321979, -1.20718358e-005, 0.967119605, -9.96631011e-006, -1, -9.8614319e-006, 0, 0, 0, 0, 0, 0, 0, 0.318814185, -0.125607104, -0.173318115, -0.119218926, 0.372593551, -0.92026285, -0.963378906, -0.267456055, 0.0164794922, -0.240042679, 0.888566339, 0.390961714, 0, 0, -0, 0, 0, 0, 0, 0.339117236, -0.0632128906, -0.156363965, 0.0638471121, 0.0369488997, -0.99728348, 0.659667969, -0.751342773, 0.0145263672, -0.748770778, -0.658681662, -0.0724146421, 0, 2, 5, 1, 
805.052981, 56, 0.1, 0.1, 0.00492509983, 0.354242613, -0.0199646946, 0.967119604, -6.48467548e-006, -0.254321984, 0.254321984, -1.14413848e-005, 0.967119604, -9.18125246e-006, -1, -9.415992e-006, 0.967119604, -1.15078557e-005, -0.254321983, 0.254321982, -1.94932565e-005, 0.967119604, -1.60870365e-005, -1, -1.59256098e-005, 0, 0, 0, 0, 0, 0, 0, 0.318814185, -0.125607104, -0.173318115, -0.119218926, 0.372593551, -0.92026285, -0.963378906, -0.267456055, 0.0164794922, -0.240042679, 0.888566339, 0.390961714, 0, 0, -0, 0, 0, 0, 0, 0.339117236, -0.0632128906, -0.156363965, 0.0638471121, 0.0369488997, -0.99728348, 0.659667969, -0.751342773, 0.0145263672, -0.748770778, -0.658681662, -0.0724146421, 0, 2, 5, 1, 
805.053756, 56, 0.1, 0.1, 0.00492510031, 0.354242614, -0.0199658995, 0.967119602, -1.08704557e-005, -0.254321993, 0.254321993, -1.77414022e-005, 0.967119602, -1.50250596e-005, -1, -1.43934619e-005, 0.967119602, -6.82945889e-006, -0.254321991, 0.254321991, -1.08366466e-005, 0.967119602, -9.36090109e-006, -1, -8.74345174e-006, 0, 0, 0, 0, 0, 0, 0, 0.318814185, -0.125607104, -0.173318115, -0.119218926, 0.372593551, -0.92026285, -0.963378906, -0.267456055, 0.0164794922, -0.240042679, 0.888566339, 0.390961714, 0, 0, -0, 0, 0, 0, 0, 0.339117236, -0.0632128906, -0.156363965, 0.0638471121, 0.0369488997, -0.99728348, 0.659667969, -0.751342773, 0.0145263672, -0.748770778, -0.658681662, -0.0724146421, 0, 2, 5, 1, 
805.054563, 56, 0.1, 0.1, 0.00492510097, 0.354242615, -0.0199669616, 0.967119598, -7.63024385e-006, -0.254322008, 0.254322007, -1.32976834e-005, 0.967119598, -1.07612519e-005, -1, -1.09199113e-005, 0.967119599, 6.14248025e-006, -0.254322004, 0.254322004, 9.77890942e-006, 0.967119599, 8.42750488e-006, -1, 7.89520707e-006, 0, 0, 0, 0, 0, 0, 0, 0.318512695, -0.125761865, -0.17327356, -0.120905748, 0.373938889, -0.91949414, -0.963745117, -0.26574707, 0.0186767578, -0.237427266, 0.888476851, 0.392693841, 0, 0, -0, 0, 0, 0, 0, 0.339117236, -0.0632128906, -0.156363965, 0.0605630723, 0.0380604705, -0.997340716, 0.661010742, -0.75012207, 0.0114746094, -0.747888517, -0.659915001, -0.0707022599, 0, 2, 5, 1, 
805.055345, 56, 0.1, 0.1, 0.00492510119, 0.354242615, -0.0199672515, 0.967119595, 5.53691374e-006, -0.254322017, 0.254322017, 8.72622843e-006, 0.967119595, 7.57412979e-006, -1, 7.03114744e-006, 0.967119596, 9.41912929e-006, -0.254322016, 0.254322016, 1.63398791e-005, 0.967119595, 1.32650155e-005, -1, 1.34071253e-005, 0, 0, 0, 0, 0, 0, 0, 0.318512695, -0.125761865, -0.17327356, -0.120905748, 0.373938889, -0.91949414, -0.963745117, -0.26574707, 0.0186767578, -0.237427266, 0.888476851, 0.392693841, 0, 0, -0, 0, 0, 0, 0, 0.338695264, -0.0627187988, -0.156778223, 0.0605630723, 0.0380604705, -0.997340716, 0.661010742, -0.75012207, 0.0114746094, -0.747888517, -0.659915001, -0.0707022599, 0, 2, 5, 1, 
805.056122, 56, 0.1, 0.1, 0.0049251011, 0.354242615, -0.019967124, 0.967119595, 9.88864593e-006, -0.254322019, 0.254322018, 1.75456633e-005, 0.967119595, 1.40257517e-005, -1, 1.44538544e-005, 0.967119595, 6.40224104e-006, -0.254322018, 0.254322018, 1.05337231e-005, 0.967119595, 8.87069049e-006, -1, 8.55913918e-006, 0, 0, 0, 0, 0, 0, 0, 0.318512695, -0.125761865, -0.17327356, -0.120905748, 0.373938889, -0.91949414, -0.963745117, -0.26574707, 0.0186767578, -0.237427266, 0.888476851, 0.392693841, 0, 0, -0, 0, 0, 0, 0, 0.338695264, -0.0627187988, -0.156778223, 0.0605630723, 0.0380604705, -0.997340716, 0.661010742, -0.75012207, 0.0114746094, -0.747888517, -0.659915001, -0.0707022599, 0, 2, 5, 1, 
805.056899, 56, 0.1, 0.1, 0.00492510082, 0.354242614, -0.0199666547, 0.967119593, 7.51832349e-006, -0.254322025, 0.254322025, 1.18628325e-005, 0.967119593, 1.02880975e-005, -1, 9.56070245e-006, 0.967119594, -5.65541321e-006, -0.254322023, 0.254322023, -9.63622381e-006, 0.967119594, -7.92016486e-006, -1, -7.88108473e-006, 0, 0, 0, 0, 0, 0, 0, 0.318512695, -0.125761865, -0.17327356, -0.120905748, 0.373938889, -0.91949414, -0.963745117, -0.26574707, 0.0186767578, -0.237427266, 0.888476851, 0.392693841, 0, 0, -0, 0, 0, 0, 0, 0.338695264, -0.0627187988, -0.156778223, 0.0605630723, 0.0380604705, -0.997340716, 0.661010742, -0.75012207, 0.0114746094, -0.747888517, -0.659915001, -0.0707022599, 0, 2, 5, 1, 
805.057686, 56, 0.1, 0.1, 0.00492510088, 0.354242614, -0.0199659207, 0.967119591, -6.0250929e-006, -0.254322033, 0.254322033, -9.57912605e-006, 0.967119591, -8.2631682e-006, -1, -7.73184659e-006, 0.967119591, -1.02457923e-005, -0.254322033, 0.254322033, -1.80685298e-005, 0.967119591, -1.45041317e-005, -1, -1.48686984e-005, 0, 0, 0, 0, 0, 0, 0, 0.318512695, -0.125761865, -0.17327356, -0.120905748, 0.373938889, -0.91949414, -0.963745117, -0.26574707, 0.0186767578, -0.237427266, 0.888476851, 0.392693841, 0, 0, -0, 0, 0, 0, 0, 0.338695264, -0.0627187988, -0.156778223, 0.0605630723, 0.0380604705, -0.997340716, 0.661010742, -0.75012207, 0.0114746094, -0.747888517, -0.659915001, -0.0707022599, 0, 2, 5, 1, 
805.058465, 56, 0.1, 0.1, 0.00492510146, 0.354242615, -0.0199651887, 0.967119591, -9.90962555e-006, -0.254322033, 0.254322032, -1.6860125e-005, 0.967119591, -1.38716943e-005, -1, -1.37855211e-005, 0.967119591, -6.29227285e-006, -0.254322032, 0.254322032, -9.69391144e-006, 0.967119591, -8.55075561e-006, -1, -7.77490805e-006, 0, 0, 0, 0, 0, 0, 0, 0.318512695, -0.125761865, -0.17327356, -0.120905748, 0.373938889, -0.91949414, -0.963745117, -0.26574707, 0.0186767578, -0.237427266, 0.888476851, 0.392693841, 0, 0, -0, 0, 0, 0, 0, 0.338695264, -0.0627187988, -0.156778223, 0.0605630723, 0.0380604705, -0.997340716, 0.661010742, -0.75012207, 0.0114746094, -0.747888517, -0.659915001, -0.0707022599, 0, 2, 5, 1, 
805.059244, 56, 0.1, 0.1, 0.00492510264, 0.354242617, -0.0199647755, 0.967119589, -4.86920415e-006, -0.254322041, 0.254322041, -1.05494816e-005, 0.967119589, -7.3920684e-006, -1, -8.96426434e-006, 0.96711959, 8.73739178e-006, -0.254322039, 0.254322039, 1.21630168e-005, 0.96711959, 1.1543426e-005, -1, 9.5409805e-006, 0, 0, 0, 0, 0, 0, 0, 0.318512695, -0.125761865, -0.17327356, -0.120905748, 0.373938889, -0.91949414, -0.963745117, -0.26574707, 0.0186767578, -0.237427266, 0.888476851, 0.392693841, 0, 0, -0, 0, 0, 0, 0, 0.338695264, -0.0627187988, -0.156778223, 0.0605630723, 0.0380604705, -0.997340716, 0.661010742, -0.75012207, 0.0114746094, -0.747888517, -0.659915001, -0.0707022599, 0, 2, 5, 1, 
805.060056, 56, 0.1, 0.1, 0.00492510332, 0.354242618, -0.0199644028, 0.967119589, 7.12350295e-006, -0.254322041, 0.25432204, 1.38863894e-005, 0.967119589, 1.04208941e-005, -1, 1.16181354e-005, 0.967119589, 1.20651723e-005, -0.254322041, 0.254322041, 2.25918173e-005, 0.967119589, 1.74140616e-005, -1, 1.87805498e-005, 0, 0, 0, 0, 0, 0, 0, 0.318032642, -0.126118872, -0.173450903, -0.12175459, 0.375684121, -0.918706334, -0.964355469, -0.263305664, 0.0201416016, -0.234203025, 0.888571209, 0.394546536, 0, 0, -0, 0, 0, 0, 0, 0.338599316, -0.0624179199, -0.156773096, 0.0588955327, 0.0394979667, -0.997378996, 0.661865234, -0.749389648, 0.00952148439, -0.747204583, -0.660745856, -0.0703380551, 0, 2, 5, 1, 
