time, trialNum, realDorsalTactorPos, realVentralTactorPos, box1PosX, box1PosY, box1PosZ, box1LocalRot_11, box1LocalRot_12, box1LocalRot_13, box1LocalRot_21, box1LocalRot_22, box1LocalRot_23, box1LocalRot_31, box1LocalRot_32, box1LocalRot_33, box1GlobalRot_11, box1GlobalRot_12, box1GlobalRot_13, box1GlobalRot_21, box1GlobalRot_22, box1GlobalRot_23, box1GlobalRot_31, box1GlobalRot_32, box1GlobalRot_33, indexForceX, indexForceY, indexForceZ, indexForceGlobalX, indexForceGlobalY, indexForceGlobalZ, indexContact, indexPosX, indexPosY, indexPosZ, indexRot_11, indexRot_12, indexRot_13, indexRot_21, indexRot_22, indexRot_23, indexRot_31, indexRot_32, indexRot_33, thumbForceX, thumbForceY, thumbForceZ, thumbForceGlobalX, thumbForceGlobalY, thumbForceGlobalZ, thumbContact, thumbPosX, thumbPosY, thumbPosZ, thumbRot_11, thumbRot_12, thumbRot_13, thumbRot_21, thumbRot_22, thumbRot_23, thumbRot_31, thumbRot_32, thumbRot_33, manipForceTooHigh, cceExpType, mapping, trialSuccess, 
832.863088, 61, 0.1, 0.1, -0.000623520053, 0.373904946, -0.0199644142, 0.861439068, -0.507860938, 2.32591911e-006, 0.507860938, 0.861439068, 4.99825861e-006, -4.5420579e-006, -3.12445177e-006, 1, 0.861439061, -0.507860949, -4.67366121e-006, 0.507860949, 0.861439061, -2.82974084e-005, 1.8397223e-005, 2.20029229e-005, 1, 0, 0, 0, 0, 0, 0, 0, 0.190631396, 0.0166472656, -0.217500732, -0.216060674, 0.601728231, -0.768854257, -0.955810547, 0.0300292969, 0.292114258, 0.198845105, 0.798018112, 0.568930169, 0, 0, -0, 0, 0, 0, 0, 0.242505029, 0.0712117187, -0.190017139, -0.12218732, 0.432924347, -0.893019528, 0.298339844, -0.842163086, -0.44909668, -0.946546199, -0.321253035, -0.0262289014, 0, 2, 5, 1, 
832.911955, 61, 0.1, 0.1, -0.000623538262, 0.373904946, -0.0199650454, 0.861446348, -0.507848589, -5.83095656e-006, 0.507848589, 0.861446347, 4.28286486e-005, -1.67274125e-005, -3.9855826e-005, 0.999999999, 0.861446389, -0.507848519, 1.52081097e-005, 0.507848518, 0.861446389, 3.39397446e-005, -3.03372203e-005, -2.15138545e-005, 0.999999999, 0, 0, 0, 0, 0, 0, 0, 0.20860271, -0.00781394043, -0.21078125, -0.212712856, 0.576270148, -0.789038427, -0.960449219, 0.0250244141, 0.277099609, 0.179405297, 0.816757716, 0.548397377, 0, 0, -0, 0, 0, 0, 0, 0.258240869, 0.0471762207, -0.184387158, -0.123917192, 0.386251062, -0.914008145, 0.329467773, -0.852783203, -0.405029297, -0.935926658, -0.35132085, -0.0215613022, 0, 2, 5, 1, 
832.91274, 61, 0.1, 0.1, -0.000623536252, 0.373904946, -0.0199640353, 0.861445952, -0.50784926, 3.7013498e-005, 0.507849261, 0.861445952, -2.23657714e-005, -2.05266876e-005, 3.80641809e-005, 0.999999999, 0.861446061, -0.507849076, 5.43477067e-006, 0.507849076, 0.861446061, -1.93111715e-005, 5.12539881e-006, 1.93955759e-005, 1, 0, 0, 0, 0, 0, 0, 0, 0.20860271, -0.00781394043, -0.21078125, -0.212712856, 0.576270148, -0.789038427, -0.960449219, 0.0250244141, 0.277099609, 0.179405297, 0.816757716, 0.548397377, 0, 0, -0, 0, 0, 0, 0, 0.258240869, 0.0471762207, -0.184387158, -0.123917192, 0.386251062, -0.914008145, 0.329467773, -0.852783203, -0.405029297, -0.935926658, -0.35132085, -0.0215613022, 0, 2, 5, 1, 
832.91352, 61, 0.1, 0.1, -0.000623539041, 0.373904946, -0.0199637001, 0.861445396, -0.507850203, -3.77712839e-005, 0.507850204, 0.861445396, 2.57809382e-005, 1.94450439e-005, -4.13910247e-005, 0.999999999, 0.861445503, -0.507850022, -1.72267559e-005, 0.507850022, 0.861445503, 1.55004005e-005, 6.96803263e-006, -2.21013586e-005, 1, 0, 0, 0, 0, 0, 0, 0, 0.20860271, -0.00781394043, -0.21078125, -0.212712856, 0.576270148, -0.789038427, -0.960449219, 0.0250244141, 0.277099609, 0.179405297, 0.816757716, 0.548397377, 0, 0, -0, 0, 0, 0, 0, 0.258240869, 0.0471762207, -0.184387158, -0.123917192, 0.386251062, -0.914008145, 0.329467773, -0.852783203, -0.405029297, -0.935926658, -0.35132085, -0.0215613022, 0, 2, 5, 1, 
832.914304, 61, 0.1, 0.1, -0.00062353964, 0.373904943, -0.0199640991, 0.861444981, -0.507850906, 3.9389258e-005, 0.507850907, 0.861444981, -1.82691382e-005, -2.46536802e-005, 3.57417278e-005, 0.999999999, 0.861445034, -0.507850818, 3.24152617e-005, 0.507850818, 0.861445034, -2.20352356e-007, -2.78120601e-005, 1.66519386e-005, 0.999999999, 0, 0, 0, 0, 0, 0, 0, 0.20860271, -0.00781394043, -0.21078125, -0.212712856, 0.576270148, -0.789038427, -0.960449219, 0.0250244141, 0.277099609, 0.179405297, 0.816757716, 0.548397377, 0, 0, -0, 0, 0, 0, 0, 0.258240869, 0.0471762207, -0.184387158, -0.123917192, 0.386251062, -0.914008145, 0.329467773, -0.852783203, -0.405029297, -0.935926658, -0.35132085, -0.0215613022, 0, 2, 5, 1, 
832.915122, 61, 0.1, 0.1, -0.000623536205, 0.373904947, -0.0199647651, 0.861444945, -0.507850967, -3.79113086e-005, 0.507850968, 0.861444945, 2.71095001e-005, 1.88909193e-005, -4.26066366e-005, 0.999999999, 0.861444916, -0.507851017, -4.02295653e-005, 0.507851018, 0.861444916, 4.5020434e-006, 3.23691871e-005, -2.43088881e-005, 0.999999999, 0, 0, 0, 0, 0, 0, 0, 0.209626147, -0.00917854004, -0.21033269, -0.214471193, 0.575743695, -0.788975147, -0.960205078, 0.0233154297, 0.277954102, 0.178447871, 0.817335466, 0.548016578, 0, 0, -0, 0, 0, 0, 0, 0.259092578, 0.0454072266, -0.183981689, -0.124709401, 0.383573663, -0.914985555, 0.330566406, -0.853393555, -0.402832031, -0.935396208, -0.352706941, -0.020436605, 0, 2, 5, 1, 
832.915904, 61, 0.1, 0.1, -0.000623535996, 0.373904945, -0.0199655335, 0.861445282, -0.507850397, -2.40648728e-007, 0.507850396, 0.861445282, -3.94417295e-005, 2.02378037e-005, 3.38546782e-005, 0.999999999, 0.861445186, -0.50785056, 1.11912103e-005, 0.50785056, 0.861445186, -1.13338714e-005, -3.88470131e-006, 1.54469714e-005, 1, 0, 0, 0, 0, 0, 0, 0, 0.209626147, -0.00917854004, -0.21033269, -0.214471193, 0.575743695, -0.788975147, -0.960205078, 0.0233154297, 0.277954102, 0.178447871, 0.817335466, 0.548016578, 0, 0, -0, 0, 0, 0, 0, 0.259092578, 0.0454072266, -0.183981689, -0.124709401, 0.383573663, -0.914985555, 0.330566406, -0.853393555, -0.402832031, -0.935396208, -0.352706941, -0.020436605, 0, 2, 5, 1, 
832.916688, 61, 0.1, 0.1, -0.000623534343, 0.373904947, -0.019966332, 0.861445778, -0.507849556, -4.16475082e-006, 0.507849556, 0.861445777, 4.01251257e-005, -1.67898202e-005, -3.6680687e-005, 0.999999999, 0.861445683, -0.507849717, -5.38633254e-006, 0.507849717, 0.861445683, 1.91364757e-005, -5.07842087e-006, -1.92204818e-005, 1, 0, 0, 0, 0, 0, 0, 0, 0.209626147, -0.00917854004, -0.21033269, -0.214471193, 0.575743695, -0.788975147, -0.960205078, 0.0233154297, 0.277954102, 0.178447871, 0.817335466, 0.548016578, 0, 0, -0, 0, 0, 0, 0, 0.259092578, 0.0454072266, -0.183981689, -0.124709401, 0.383573663, -0.914985555, 0.330566406, -0.853393555, -0.402832031, -0.935396208, -0.352706941, -0.020436605, 0, 2, 5, 1, 
832.91747, 61, 0.1, 0.1, -0.000623531949, 0.373904948, -0.0199669125, 0.861446145, -0.507848933, -2.00819736e-006, 0.507848933, 0.861446144, -4.19951859e-005, 2.30571642e-005, 3.51567301e-005, 0.999999999, 0.8614461, -0.50784901, -1.35857925e-005, 0.50784901, 0.8614461, -2.83311144e-005, 2.60913564e-005, 1.75061967e-005, 1, 0, 0, 0, 0, 0, 0, 0, 0.209626147, -0.00917854004, -0.21033269, -0.214471193, 0.575743695, -0.788975147, -0.960205078, 0.0233154297, 0.277954102, 0.178447871, 0.817335466, 0.548016578, 0, 0, -0, 0, 0, 0, 0, 0.259092578, 0.0454072266, -0.183981689, -0.124709401, 0.383573663, -0.914985555, 0.330566406, -0.853393555, -0.402832031, -0.935396208, -0.352706941, -0.020436605, 0, 2, 5, 1, 
832.918278, 61, 0.1, 0.1, -0.000623536329, 0.373904947, -0.0199668174, 0.861446167, -0.507848896, -2.81493526e-006, 0.507848895, 0.861446167, 3.86135404e-005, -1.71849287e-005, -3.46930481e-005, 0.999999999, 0.861446196, -0.507848847, 1.68281724e-005, 0.507848846, 0.861446196, 3.03050765e-005, -2.98869633e-005, -1.75600249e-005, 0.999999999, 0, 0, 0, 0, 0, 0, 0, 0.209626147, -0.00917854004, -0.21033269, -0.214471193, 0.575743695, -0.788975147, -0.960205078, 0.0233154297, 0.277954102, 0.178447871, 0.817335466, 0.548016578, 0, 0, -0, 0, 0, 0, 0, 0.25997749, 0.0439244629, -0.18334834, -0.125016003, 0.381892997, -0.915630842, 0.33215332, -0.853515625, -0.401367187, -0.93481472, -0.354233755, -0.0201361993, 0, 2, 5, 1, 
832.919064, 61, 0.1, 0.1, -0.000623534885, 0.373904948, -0.0199663298, 0.86144584, -0.507849449, 3.61657005e-005, 0.50784945, 0.86144584, -2.26944685e-005, -1.96294189e-005, 3.79167866e-005, 0.999999999, 0.861445932, -0.507849295, 7.22964064e-006, 0.507849295, 0.861445932, -1.99254705e-005, 3.89119163e-006, 2.08362834e-005, 1, 0, 0, 0, 0, 0, 0, 0, 0.209626147, -0.00917854004, -0.21033269, -0.214471193, 0.575743695, -0.788975147, -0.960205078, 0.0233154297, 0.277954102, 0.178447871, 0.817335466, 0.548016578, 0, 0, -0, 0, 0, 0, 0, 0.25997749, 0.0439244629, -0.18334834, -0.125016003, 0.381892997, -0.915630842, 0.33215332, -0.853515625, -0.401367187, -0.93481472, -0.354233755, -0.0201361993, 0, 2, 5, 1, 
832.919861, 61, 0.1, 0.1, -0.00062353747, 0.373904948, -0.0199656829, 0.861445349, -0.507850283, -3.67550971e-005, 0.507850284, 0.861445349, 2.4143935e-005, 1.94010032e-005, -3.9464767e-005, 0.999999999, 0.861445451, -0.507850111, -1.56654667e-005, 0.507850111, 0.86144545, 1.34780133e-005, 6.65013445e-006, -1.95662822e-005, 1, 0, 0, 0, 0, 0, 0, 0, 0.209626147, -0.00917854004, -0.21033269, -0.215728164, 0.575299617, -0.788892772, -0.960083008, 0.0219726562, 0.278442383, 0.177534628, 0.817652985, 0.547756347, 0, 0, -0, 0, 0, 0, 0, 0.25997749, 0.0439244629, -0.18334834, -0.125016003, 0.381892997, -0.915630842, 0.33215332, -0.853515625, -0.401367187, -0.93481472, -0.354233755, -0.0201361993, 0, 2, 5, 1, 
832.920643, 61, 0.1, 0.1, -0.000623538061, 0.373904946, -0.0199649969, 0.861445, -0.507850875, 3.79171624e-005, 0.507850875, 0.861445, -1.87175465e-005, -2.31578276e-005, 3.5380401e-005, 0.999999999, 0.861445041, -0.507850806, 3.13021061e-005, 0.507850806, 0.861445041, -1.29062961e-006, -2.63095968e-005, 1.70086063e-005, 1, 0, 0, 0, 0, 0, 0, 0, 0.210675342, -0.0105397217, -0.209882788, -0.215728164, 0.575299617, -0.788892772, -0.960083008, 0.0219726562, 0.278442383, 0.177534628, 0.817652985, 0.547756347, 0, 0, -0, 0, 0, 0, 0, 0.25997749, 0.0439244629, -0.18334834, -0.125016003, 0.381892997, -0.915630842, 0.33215332, -0.853515625, -0.401367187, -0.93481472, -0.354233755, -0.0201361993, 0, 2, 5, 1, 
832.921429, 61, 0.1, 0.1, -0.000623535209, 0.373904949, -0.0199646185, 0.861445009, -0.50785086, -3.46800459e-005, 0.507850861, 0.861445008, 2.62864232e-005, 1.65253698e-005, -4.02565992e-005, 0.999999999, 0.861444972, -0.507850922, -3.69619424e-005, 0.507850922, 0.861444972, 3.38788598e-006, 3.01201384e-005, -2.16896339e-005, 0.999999999, 0, 0, 0, 0, 0, 0, 0, 0.210675342, -0.0105397217, -0.209882788, -0.215728164, 0.575299617, -0.788892772, -0.960083008, 0.0219726562, 0.278442383, 0.177534628, 0.817652985, 0.547756347, 0, 0, -0, 0, 0, 0, 0, 0.25997749, 0.0439244629, -0.18334834, -0.125016003, 0.381892997, -0.915630842, 0.33215332, -0.853515625, -0.401367187, -0.93481472, -0.354233755, -0.0201361993, 0, 2, 5, 1, 
832.922228, 61, 0.1, 0.1, -0.000623535648, 0.373904947, -0.0199646179, 0.861445393, -0.50785021, 9.17080807e-007, 0.507850209, 0.861445392, -4.39927589e-005, 2.15517168e-005, 3.83630991e-005, 0.999999999, 0.861445278, -0.507850405, 1.42124452e-005, 0.507850405, 0.861445277, -1.2862049e-005, -5.711247e-006, 1.82977474e-005, 1, 0, 0, 0, 0, 0, 0, 0, 0.210675342, -0.0105397217, -0.209882788, -0.217130789, 0.57517905, -0.788651637, -0.959838867, 0.0208740234, 0.279541016, 0.177262415, 0.817672081, 0.547718155, 0, 0, -0, 0, 0, 0, 0, 0.25997749, 0.0439244629, -0.18334834, -0.125016003, 0.381892997, -0.915630842, 0.33215332, -0.853515625, -0.401367187, -0.93481472, -0.354233755, -0.0201361993, 0, 2, 5, 1, 
832.923027, 61, 0.1, 0.1, -0.000623533808, 0.373904951, -0.0199646119, 0.861445948, -0.507849267, -5.27354953e-006, 0.507849267, 0.861445948, 4.20024849e-005, -1.67880533e-005, -3.88610387e-005, 0.999999999, 0.861445843, -0.507849445, -6.2922913e-006, 0.507849445, 0.861445843, 1.94191262e-005, -4.44152428e-006, -1.99240622e-005, 1, 0, 0, 0, 0, 0, 0, 0, 0.211495801, -0.0118852783, -0.209424097, -0.217130789, 0.57517905, -0.788651637, -0.959838867, 0.0208740234, 0.279541016, 0.177262415, 0.817672081, 0.547718155, 0, 0, -0, 0, 0, 0, 0, 0.260772803, 0.0424399902, -0.18289624, -0.126670783, 0.380225091, -0.916039523, 0.333129883, -0.853515625, -0.400390625, -0.934252188, -0.355881972, -0.0185834982, 0, 2, 5, 1, 
832.92381, 61, 0.1, 0.1, -0.00062353098, 0.373904951, -0.0199650306, 0.861446352, -0.507848582, -3.61743752e-006, 0.507848581, 0.861446352, -4.31585187e-005, 2.50342208e-005, 3.5341638e-005, 0.999999999, 0.861446301, -0.507848669, -1.58969332e-005, 0.507848669, 0.861446301, -2.88577012e-005, 2.83496994e-005, 1.67861236e-005, 0.999999999, 0, 0, 0, 0, 0, 0, 0, 0.211495801, -0.0118852783, -0.209424097, -0.217130789, 0.57517905, -0.788651637, -0.959838867, 0.0208740234, 0.279541016, 0.177262415, 0.817672081, 0.547718155, 0, 0, -0, 0, 0, 0, 0, 0.260772803, 0.0424399902, -0.18289624, -0.126670783, 0.380225091, -0.916039523, 0.333129883, -0.853515625, -0.400390625, -0.934252188, -0.355881972, -0.0185834982, 0, 2, 5, 1, 
832.924592, 61, 0.1, 0.1, -0.000623534749, 0.37390495, -0.0199656778, 0.861446394, -0.507848511, -5.23780692e-006, 0.507848511, 0.861446393, 4.11491171e-005, -1.6385428e-005, -3.8107771e-005, 0.999999999, 0.861446419, -0.507848468, 1.46827124e-005, 0.507848467, 0.861446419, 3.20636054e-005, -2.89318229e-005, -2.01644851e-005, 0.999999999, 0, 0, 0, 0, 0, 0, 0, 0.211495801, -0.0118852783, -0.209424097, -0.217130789, 0.57517905, -0.788651637, -0.959838867, 0.0208740234, 0.279541016, 0.177262415, 0.817672081, 0.547718155, 0, 0, -0, 0, 0, 0, 0, 0.260772803, 0.0424399902, -0.18289624, -0.126670783, 0.380225091, -0.916039523, 0.333129883, -0.853515625, -0.400390625, -0.934252188, -0.355881972, -0.0185834982, 0, 2, 5, 1, 
832.925384, 61, 0.1, 0.1, -0.000623532547, 0.37390495, -0.0199662423, 0.861446075, -0.507849051, 3.3611319e-005, 0.507849052, 0.861446075, -1.99296e-005, -1.88331104e-005, 3.42377522e-005, 0.999999999, 0.861446166, -0.507848898, 4.08405546e-006, 0.507848898, 0.861446166, -1.7120141e-005, 5.17625083e-006, 1.68221629e-005, 1, 0, 0, 0, 0, 0, 0, 0, 0.211495801, -0.0118852783, -0.209424097, -0.217130789, 0.57517905, -0.788651637, -0.959838867, 0.0208740234, 0.279541016, 0.177262415, 0.817672081, 0.547718155, 0, 0, -0, 0, 0, 0, 0, 0.260772803, 0.0424399902, -0.18289624, -0.126670783, 0.380225091, -0.916039523, 0.333129883, -0.853515625, -0.400390625, -0.934252188, -0.355881972, -0.0185834982, 0, 2, 5, 1, 
832.926172, 61, 0.1, 0.1, -0.000623535307, 0.373904949, -0.0199665769, 0.861445596, -0.507849864, -3.40600055e-005, 0.507849865, 0.861445595, 2.49155548e-005, 1.66874806e-005, -3.87607642e-005, 0.999999999, 0.861445688, -0.507849708, -1.53942603e-005, 0.507849709, 0.861445688, 1.54314728e-005, 5.42445021e-006, -2.11113464e-005, 1, 0, 0, 0, 0, 0, 0, 0, 0.211495801, -0.0118852783, -0.209424097, -0.217130789, 0.57517905, -0.788651637, -0.959838867, 0.0208740234, 0.279541016, 0.177262415, 0.817672081, 0.547718155, 0, 0, -0, 0, 0, 0, 0, 0.260772803, 0.0424399902, -0.18289624, -0.126670783, 0.380225091, -0.916039523, 0.333129883, -0.853515625, -0.400390625, -0.934252188, -0.355881972, -0.0185834982, 0, 2, 5, 1, 
832.926971, 61, 0.1, 0.1, -0.000623536439, 0.373904947, -0.0199665768, 0.861445245, -0.507850458, 3.86918877e-005, 0.507850459, 0.861445245, -1.78600623e-005, -2.42607018e-005, 3.50351587e-005, 0.999999999, 0.861445289, -0.507850384, 3.16410808e-005, 0.507850384, 0.86144529, 4.90494333e-007, -2.75061578e-005, 1.5646401e-005, 0.999999999, 0, 0, 0, 0, 0, 0, 0, 0.211495801, -0.0118852783, -0.209424097, -0.218692174, 0.575198146, -0.788150271, -0.959594727, 0.01953125, 0.280517578, 0.176768162, 0.817792648, 0.547762339, 0, 0, -0, 0, 0, 0, 0, 0.260772803, 0.0424399902, -0.18289624, -0.126670783, 0.380225091, -0.916039523, 0.333129883, -0.853515625, -0.400390625, -0.934252188, -0.355881972, -0.0185834982, 0, 2, 5, 1, 
832.92777, 61, 0.1, 0.1, -0.000623534244, 0.37390495, -0.0199659576, 0.861445249, -0.507850453, -3.11466741e-005, 0.507850454, 0.861445249, 2.4577367e-005, 1.43495275e-005, -3.69899086e-005, 0.999999999, 0.861445214, -0.507850512, -3.3445485e-005, 0.507850512, 0.861445214, 2.41754678e-006, 2.75837006e-005, -1.90678908e-005, 0.999999999, 0, 0, 0, 0, 0, 0, 0, 0.212307471, -0.0132233887, -0.208951855, -0.218692174, 0.575198146, -0.788150271, -0.959594727, 0.01953125, 0.280517578, 0.176768162, 0.817792648, 0.547762339, 0, 0, -0, 0, 0, 0, 0, 0.261376611, 0.0411799805, -0.182466113, -0.128012397, 0.378914827, -0.916467527, 0.335571289, -0.852905273, -0.399536133, -0.93316577, -0.358597283, -0.0180147696, 0, 2, 5, 1, 
832.928555, 61, 0.1, 0.1, -0.000623535229, 0.373904949, -0.0199653348, 0.861445606, -0.507849848, 3.68123647e-006, 0.507849848, 0.861445605, -4.16904566e-005, 1.80013071e-005, 3.7783576e-005, 0.999999999, 0.861445505, -0.507850019, 1.59871828e-005, 0.507850019, 0.861445505, -1.35665885e-005, -6.88229456e-006, 1.98059678e-005, 1, 0, 0, 0, 0, 0, 0, 0, 0.212307471, -0.0132233887, -0.208951855, -0.218692174, 0.575198146, -0.788150271, -0.959594727, 0.01953125, 0.280517578, 0.176768162, 0.817792648, 0.547762339, 0, 0, -0, 0, 0, 0, 0, 0.261376611, 0.0411799805, -0.182466113, -0.128012397, 0.378914827, -0.916467527, 0.335571289, -0.852905273, -0.399536133, -0.93316577, -0.358597283, -0.0180147696, 0, 2, 5, 1, 
832.929338, 61, 0.1, 0.1, -0.000623534099, 0.373904951, -0.0199649041, 0.861446122, -0.507848972, -2.76960947e-006, 0.507848971, 0.861446122, 4.40521712e-005, -1.99859805e-005, -3.93551154e-005, 0.999999999, 0.861446023, -0.50784914, -3.51800961e-006, 0.50784914, 0.861446023, 2.19658278e-005, -8.12475141e-006, -2.07089932e-005, 1, 0, 0, 0, 0, 0, 0, 0, 0.212307471, -0.0132233887, -0.208951855, -0.218692174, 0.575198146, -0.788150271, -0.959594727, 0.01953125, 0.280517578, 0.176768162, 0.817792648, 0.547762339, 0, 0, -0, 0, 0, 0, 0, 0.261376611, 0.0411799805, -0.182466113, -0.128012397, 0.378914827, -0.916467527, 0.335571289, -0.852905273, -0.399536133, -0.93316577, -0.358597283, -0.0180147696, 0, 2, 5, 1, 
832.930123, 61, 0.1, 0.1, -0.000623531652, 0.373904951, -0.0199648007, 0.861446502, -0.507848327, -2.30091624e-006, 0.507848327, 0.861446502, -4.28008195e-005, 2.37184408e-005, 3.57020998e-005, 0.999999999, 0.861446456, -0.507848406, -1.43682132e-005, 0.507848406, 0.861446456, -2.82901114e-005, 2.67445343e-005, 1.7073542e-005, 0.999999999, 0, 0, 0, 0, 0, 0, 0, 0.212307471, -0.0132233887, -0.208951855, -0.218692174, 0.575198146, -0.788150271, -0.959594727, 0.01953125, 0.280517578, 0.176768162, 0.817792648, 0.547762339, 0, 0, -0, 0, 0, 0, 0, 0.261376611, 0.0411799805, -0.182466113, -0.128012397, 0.378914827, -0.916467527, 0.335571289, -0.852905273, -0.399536133, -0.93316577, -0.358597283, -0.0180147696, 0, 2, 5, 1, 
832.930904, 61, 0.1, 0.1, -0.000623535458, 0.37390495, -0.0199650705, 0.861446521, -0.507848296, -6.15059627e-006, 0.507848296, 0.86144652, 4.17607478e-005, -1.59097149e-005, -3.90982208e-005, 0.999999999, 0.861446551, -0.507848244, 1.4445179e-005, 0.507848244, 0.861446551, 3.27528727e-005, -2.90772385e-005, -2.08788905e-005, 0.999999999, 0, 0, 0, 0, 0, 0, 0, 0.212307471, -0.0132233887, -0.208951855, -0.218692174, 0.575198146, -0.788150271, -0.959594727, 0.01953125, 0.280517578, 0.176768162, 0.817792648, 0.547762339, 0, 0, -0, 0, 0, 0, 0, 0.261376611, 0.0411799805, -0.182466113, -0.128012397, 0.378914827, -0.916467527, 0.335571289, -0.852905273, -0.399536133, -0.93316577, -0.358597283, -0.0180147696, 0, 2, 5, 1, 
832.931684, 61, 0.1, 0.1, -0.000623533209, 0.37390495, -0.0199656097, 0.861446182, -0.507848869, 3.33134903e-005, 0.50784887, 0.861446182, -2.09531374e-005, -1.80567519e-005, 3.49682187e-005, 0.999999999, 0.861446278, -0.507848708, 3.53043175e-006, 0.507848708, 0.861446278, -1.78716883e-005, 6.03483651e-006, 1.71884245e-005, 1, 0, 0, 0, 0, 0, 0, 0, 0.212307471, -0.0132233887, -0.208951855, -0.218692174, 0.575198146, -0.788150271, -0.959594727, 0.01953125, 0.280517578, 0.176768162, 0.817792648, 0.547762339, 0, 0, -0, 0, 0, 0, 0, 0.261376611, 0.0411799805, -0.182466113, -0.128012397, 0.378914827, -0.916467527, 0.335571289, -0.852905273, -0.399536133, -0.93316577, -0.358597283, -0.0180147696, 0, 2, 5, 1, 
832.932499, 61, 0.1, 0.1, -0.000623536265, 0.37390495, -0.0199658158, 0.861445661, -0.507849754, -3.54996705e-005, 0.507849755, 0.861445661, 2.43749669e-005, 1.82022162e-005, -3.90262084e-005, 0.999999999, 0.861445758, -0.50784959, -1.63581166e-005, 0.507849591, 0.861445757, 1.4899566e-005, 6.52489169e-006, -2.11426307e-005, 1, 0, 0, 0, 0, 0, 0, 0, 0.212902002, -0.0145519775, -0.208258447, -0.220132992, 0.575420185, -0.787712185, -0.959350586, 0.0181884766, 0.28137207, 0.176254814, 0.817633889, 0.548187321, 0, 0, -0, 0, 0, 0, 0, 0.262210254, 0.0401581055, -0.182031104, -0.12921985, 0.377860125, -0.91674861, 0.338012695, -0.852294922, -0.398925781, -0.932187994, -0.361408476, -0.0176760845, 0, 2, 5, 1, 
832.933284, 61, 0.1, 0.1, -0.000623537032, 0.373904948, -0.0199659485, 0.86144529, -0.507850382, 3.81139804e-005, 0.507850383, 0.86144529, -1.8332207e-005, -2.35230906e-005, 3.51483929e-005, 0.999999999, 0.861445336, -0.507850305, 3.14365815e-005, 0.507850305, 0.861445336, -9.61291474e-007, -2.65927044e-005, 1.67931776e-005, 1, 0, 0, 0, 0, 0, 0, 0, 0.212902002, -0.0145519775, -0.208258447, -0.220132992, 0.575420185, -0.787712185, -0.959350586, 0.0181884766, 0.28137207, 0.176254814, 0.817633889, 0.548187321, 0, 0, -0, 0, 0, 0, 0, 0.262210254, 0.0401581055, -0.182031104, -0.12921985, 0.377860125, -0.91674861, 0.338012695, -0.852294922, -0.398925781, -0.932187994, -0.361408476, -0.0176760845, 0, 2, 5, 1, 
832.934077, 61, 0.1, 0.1, -0.000623534492, 0.373904951, -0.0199659602, 0.861445276, -0.507850406, -3.2595151e-005, 0.507850407, 0.861445276, 2.47248103e-005, 1.55224339e-005, -3.78525317e-005, 0.999999999, 0.861445245, -0.507850459, -3.481682e-005, 0.50785046, 0.861445245, 2.8886754e-006, 2.85257689e-005, -2.01701738e-005, 0.999999999, 0, 0, 0, 0, 0, 0, 0, 0.212902002, -0.0145519775, -0.208258447, -0.220132992, 0.575420185, -0.787712185, -0.959350586, 0.0181884766, 0.28137207, 0.176254814, 0.817633889, 0.548187321, 0, 0, -0, 0, 0, 0, 0, 0.262210254, 0.0401581055, -0.182031104, -0.12921985, 0.377860125, -0.91674861, 0.338012695, -0.852294922, -0.398925781, -0.932187994, -0.361408476, -0.0176760845, 0, 2, 5, 1, 
832.934889, 61, 0.1, 0.1, -0.000623535559, 0.373904949, -0.0199655299, 0.861445633, -0.507849801, 4.42266572e-006, 0.507849801, 0.861445633, -4.24944362e-005, 1.77709049e-005, 3.88526964e-005, 0.999999999, 0.861445535, -0.507849967, 1.6587129e-005, 0.507849968, 0.861445535, -1.46081016e-005, -6.87018431e-006, 2.10078568e-005, 1, 0, 0, 0, 0, 0, 0, 0, 0.213698047, -0.0156512207, -0.207769971, -0.222017888, 0.575762791, -0.786912397, -0.958984375, 0.0167236328, 0.282836914, 0.176058984, 0.817456034, 0.548555014, 0, 0, -0, 0, 0, 0, 0, 0.263075391, 0.0387048828, -0.18137627, -0.129928936, 0.376875786, -0.917004173, 0.340209961, -0.85168457, -0.398193359, -0.931280581, -0.363721303, -0.0175802025, 0, 2, 5, 1, 
832.93567, 61, 0.1, 0.1, -0.000623534548, 0.373904952, -0.0199651721, 0.861446142, -0.507848938, -2.45689039e-006, 0.507848938, 0.861446142, 4.18723914e-005, -1.91483707e-005, -3.73185392e-005, 0.999999999, 0.861446044, -0.507849105, -3.08880757e-006, 0.507849105, 0.861446044, 1.99074637e-005, -7.44914658e-006, -1.8717854e-005, 1, 0, 0, 0, 0, 0, 0, 0, 0.213698047, -0.0156512207, -0.207769971, -0.222017888, 0.575762791, -0.786912397, -0.958984375, 0.0167236328, 0.282836914, 0.176058984, 0.817456034, 0.548555014, 0, 0, -0, 0, 0, 0, 0, 0.263075391, 0.0387048828, -0.18137627, -0.129928936, 0.376875786, -0.917004173, 0.340209961, -0.85168457, -0.398193359, -0.931280581, -0.363721303, -0.0175802025, 0, 2, 5, 1, 
832.936457, 61, 0.1, 0.1, -0.000623532084, 0.373904952, -0.0199650362, 0.861446516, -0.507848304, -2.635945e-006, 0.507848304, 0.861446515, -4.41096519e-005, 2.46717376e-005, 3.66594458e-005, 0.999999999, 0.86144647, -0.507848381, -1.45126824e-005, 0.507848381, 0.86144647, -2.97866516e-005, 2.76290019e-005, 1.82893636e-005, 0.999999999, 0, 0, 0, 0, 0, 0, 0, 0.213698047, -0.0156512207, -0.207769971, -0.222017888, 0.575762791, -0.786912397, -0.958984375, 0.0167236328, 0.282836914, 0.176058984, 0.817456034, 0.548555014, 0, 0, -0, 0, 0, 0, 0, 0.263075391, 0.0387048828, -0.18137627, -0.129928936, 0.376875786, -0.917004173, 0.340209961, -0.85168457, -0.398193359, -0.931280581, -0.363721303, -0.0175802025, 0, 2, 5, 1, 
832.93724, 61, 0.1, 0.1, -0.000623535808, 0.373904952, -0.0199651645, 0.861446531, -0.507848279, -6.60696432e-006, 0.507848279, 0.86144653, 4.07940388e-005, -1.50256359e-005, -3.84972186e-005, 0.999999999, 0.861446562, -0.507848226, 1.41454721e-005, 0.507848226, 0.861446562, 3.16602439e-005, -2.8264167e-005, -2.00898554e-005, 0.999999999, 0, 0, 0, 0, 0, 0, 0, 0.213698047, -0.0156512207, -0.207769971, -0.222017888, 0.575762791, -0.786912397, -0.958984375, 0.0167236328, 0.282836914, 0.176058984, 0.817456034, 0.548555014, 0, 0, -0, 0, 0, 0, 0, 0.263075391, 0.0387048828, -0.18137627, -0.129928936, 0.376875786, -0.917004173, 0.340209961, -0.85168457, -0.398193359, -0.931280581, -0.363721303, -0.0175802025, 0, 2, 5, 1, 
832.938022, 61, 0.1, 0.1, -0.00062353346, 0.373904952, -0.019965541, 0.861446188, -0.50784886, 3.30442297e-005, 0.507848861, 0.861446188, -2.13338283e-005, -1.76314653e-005, 3.51594195e-005, 0.999999999, 0.861446285, -0.507848696, 2.96233645e-006, 0.507848696, 0.861446285, -1.84043318e-005, 6.79472218e-006, 1.73587619e-005, 1, 0, 0, 0, 0, 0, 0, 0, 0.213698047, -0.0156512207, -0.207769971, -0.222017888, 0.575762791, -0.786912397, -0.958984375, 0.0167236328, 0.282836914, 0.176058984, 0.817456034, 0.548555014, 0, 0, -0, 0, 0, 0, 0, 0.263075391, 0.0387048828, -0.18137627, -0.129928936, 0.376875786, -0.917004173, 0.340209961, -0.85168457, -0.398193359, -0.931280581, -0.363721303, -0.0175802025, 0, 2, 5, 1, 
832.938805, 61, 0.1, 0.1, -0.000623535871, 0.373904952, -0.0199659892, 0.861445685, -0.507849712, -3.6327355e-005, 0.507849713, 0.861445685, 2.3966176e-005, 1.91228276e-005, -3.90943957e-005, 0.999999999, 0.861445783, -0.507849547, -1.70142827e-005, 0.507849548, 0.861445783, 1.42166692e-005, 7.43695302e-006, -2.08875855e-005, 1, 0, 0, 0, 0, 0, 0, 0, 0.213698047, -0.0156512207, -0.207769971, -0.222017888, 0.575762791, -0.786912397, -0.958984375, 0.0167236328, 0.282836914, 0.176058984, 0.817456034, 0.548555014, 0, 0, -0, 0, 0, 0, 0, 0.263075391, 0.0387048828, -0.18137627, -0.129928936, 0.376875786, -0.917004173, 0.340209961, -0.85168457, -0.398193359, -0.931280581, -0.363721303, -0.0175802025, 0, 2, 5, 1, 
832.939614, 61, 0.1, 0.1, -0.000623536904, 0.37390495, -0.0199661801, 0.861445308, -0.507850352, 3.9894127e-005, 0.507850353, 0.861445308, -1.95844548e-005, -2.44206363e-005, 3.71311832e-005, 0.999999999, 0.861445352, -0.507850278, 3.35542318e-005, 0.507850278, 0.861445352, -2.55750604e-006, -2.76063069e-005, 1.92436776e-005, 0.999999999, 0, 0, 0, 0, 0, 0, 0, 0.214556592, -0.0170185059, -0.207109033, -0.222608742, 0.575198146, -0.787071156, -0.959106445, 0.0153808594, 0.282592773, 0.174669463, 0.817792648, 0.548332975, 0, 0, -0, 0, 0, 0, 0, 0.263695557, 0.0372438477, -0.180941016, -0.130842547, 0.375399644, -0.917470456, 0.341064453, -0.851928711, -0.397216797, -0.930762892, -0.364858394, -0.0166472692, 0, 2, 5, 1, 
832.940402, 61, 0.1, 0.1, -0.000623534791, 0.373904953, -0.0199659841, 0.861445297, -0.507850371, -3.13014668e-005, 0.507850371, 0.861445297, 2.35123314e-005, 1.50237552e-005, -3.61510488e-005, 0.999999999, 0.861445266, -0.507850424, -3.32004278e-005, 0.507850425, 0.861445266, 1.58420977e-006, 2.77958097e-005, -1.82255613e-005, 0.999999999, 0, 0, 0, 0, 0, 0, 0, 0.214556592, -0.0170185059, -0.207109033, -0.222608742, 0.575198146, -0.787071156, -0.959106445, 0.0153808594, 0.282592773, 0.174669463, 0.817792648, 0.548332975, 0, 0, -0, 0, 0, 0, 0, 0.263695557, 0.0372438477, -0.180941016, -0.130842547, 0.375399644, -0.917470456, 0.341064453, -0.851928711, -0.397216797, -0.930762892, -0.364858394, -0.0166472692, 0, 2, 5, 1, 
832.941185, 61, 0.1, 0.1, -0.000623535524, 0.373904951, -0.0199657602, 0.861445637, -0.507849796, 2.42775097e-006, 0.507849795, 0.861445636, -4.06660228e-005, 1.85608559e-005, 3.62645007e-005, 0.999999999, 0.861445542, -0.507849956, 1.45211128e-005, 0.507849956, 0.861445542, -1.34548901e-005, -5.67608251e-006, 1.89652016e-005, 1, 0, 0, 0, 0, 0, 0, 0, 0.214556592, -0.0170185059, -0.207109033, -0.222608742, 0.575198146, -0.787071156, -0.959106445, 0.0153808594, 0.282592773, 0.174669463, 0.817792648, 0.548332975, 0, 0, -0, 0, 0, 0, 0, 0.263695557, 0.0372438477, -0.180941016, -0.130842547, 0.375399644, -0.917470456, 0.341064453, -0.851928711, -0.397216797, -0.930762892, -0.364858394, -0.0166472692, 0, 2, 5, 1, 
832.941969, 61, 0.1, 0.1, -0.000623534068, 0.373904954, -0.0199655793, 0.861446137, -0.507848947, -4.37460646e-006, 0.507848946, 0.861446136, 4.4320985e-005, -1.87398777e-005, -4.04017806e-005, 0.999999999, 0.861446041, -0.50784911, -5.05370162e-006, 0.50784911, 0.861446041, 2.26329487e-005, -7.14063161e-006, -2.20635819e-005, 1, 0, 0, 0, 0, 0, 0, 0, 0.214556592, -0.0170185059, -0.207109033, -0.222608742, 0.575198146, -0.787071156, -0.959106445, 0.0153808594, 0.282592773, 0.174669463, 0.817792648, 0.548332975, 0, 0, -0, 0, 0, 0, 0, 0.263695557, 0.0372438477, -0.180941016, -0.130842547, 0.375399644, -0.917470456, 0.341064453, -0.851928711, -0.397216797, -0.930762892, -0.364858394, -0.0166472692, 0, 2, 5, 1, 
832.942753, 61, 0.1, 0.1, -0.000623531333, 0.373904953, -0.0199654849, 0.861446503, -0.507848327, -3.65988494e-006, 0.507848326, 0.861446502, -4.07636334e-005, 2.38545381e-005, 3.3257023e-005, 0.999999999, 0.861446458, -0.507848402, -1.55704713e-005, 0.507848402, 0.861446458, -2.64966403e-005, 2.68694038e-005, 1.49179979e-005, 1, 0, 0, 0, 0, 0, 0, 0, 0.214556592, -0.0170185059, -0.207109033, -0.222608742, 0.575198146, -0.787071156, -0.959106445, 0.0153808594, 0.282592773, 0.174669463, 0.817792648, 0.548332975, 0, 0, -0, 0, 0, 0, 0, 0.263695557, 0.0372438477, -0.180941016, -0.130842547, 0.375399644, -0.917470456, 0.341064453, -0.851928711, -0.397216797, -0.930762892, -0.364858394, -0.0166472692, 0, 2, 5, 1, 
832.943535, 61, 0.1, 0.1, -0.00062353489, 0.373904952, -0.0199655167, 0.861446515, -0.507848306, -6.70230574e-006, 0.507848306, 0.861446514, 4.19279945e-005, -1.55193831e-005, -3.95224793e-005, 0.999999999, 0.861446545, -0.507848254, 1.34049009e-005, 0.507848253, 0.861446545, 3.32833528e-005, -2.84504982e-005, -2.18641738e-005, 0.999999999, 0, 0, 0, 0, 0, 0, 0, 0.214556592, -0.0170185059, -0.207109033, -0.222608742, 0.575198146, -0.787071156, -0.959106445, 0.0153808594, 0.282592773, 0.174669463, 0.817792648, 0.548332975, 0, 0, -0, 0, 0, 0, 0, 0.263695557, 0.0372438477, -0.180941016, -0.130842547, 0.375399644, -0.917470456, 0.341064453, -0.851928711, -0.397216797, -0.930762892, -0.364858394, -0.0166472692, 0, 2, 5, 1, 
832.944333, 61, 0.1, 0.1, -0.000623532931, 0.373904952, -0.0199655853, 0.861446164, -0.5078489, 3.63196708e-005, 0.507848901, 0.861446164, -2.31343674e-005, -1.95386781e-005, 3.8373917e-005, 0.999999999, 0.861446261, -0.507848736, 6.39983089e-006, 0.507848736, 0.861446261, -2.01194103e-005, 4.70450672e-006, 2.05819368e-005, 1, 0, 0, 0, 0, 0, 0, 0, 0.215411719, -0.0183953125, -0.206456885, -0.223281972, 0.574430558, -0.787388675, -0.959106445, 0.0144042969, 0.282470703, 0.173540173, 0.81840859, 0.547888898, 0, 0, -0, 0, 0, 0, 0, 0.263695557, 0.0372438477, -0.180941016, -0.130842547, 0.375399644, -0.917470456, 0.341064453, -0.851928711, -0.397216797, -0.930762892, -0.364858394, -0.0166472692, 0, 2, 5, 1, 
832.945134, 61, 0.1, 0.1, -0.000623536271, 0.373904953, -0.0199653729, 0.861445644, -0.507849782, -3.4533921e-005, 0.507849782, 0.861445644, 2.3366531e-005, 1.78824082e-005, -3.76670407e-005, 0.999999999, 0.861445743, -0.507849615, -1.48431955e-005, 0.507849615, 0.861445743, 1.34635224e-005, 5.94916293e-006, -1.91362051e-005, 1, 0, 0, 0, 0, 0, 0, 0, 0.215411719, -0.0183953125, -0.206456885, -0.223281972, 0.574430558, -0.787388675, -0.959106445, 0.0144042969, 0.282470703, 0.173540173, 0.81840859, 0.547888898, 0, 0, -0, 0, 0, 0, 0, 0.264504297, 0.0362021973, -0.180497461, -0.132414204, 0.373942458, -0.917815338, 0.343139648, -0.85144043, -0.396484375, -0.929823395, -0.367343662, -0.0157015761, 0, 2, 5, 1, 
832.945919, 61, 0.1, 0.1, -0.000623537223, 0.37390495, -0.0199652965, 0.861445272, -0.507850414, 3.91390958e-005, 0.507850414, 0.861445272, -1.87029361e-005, -2.42178952e-005, 3.59883619e-005, 0.999999999, 0.861445317, -0.507850336, 3.25508586e-005, 0.507850337, 0.861445318, -1.28814913e-006, -2.73865978e-005, 1.76406345e-005, 0.999999999, 0, 0, 0, 0, 0, 0, 0, 0.215411719, -0.0183953125, -0.206456885, -0.223281972, 0.574430558, -0.787388675, -0.959106445, 0.0144042969, 0.282470703, 0.173540173, 0.81840859, 0.547888898, 0, 0, -0, 0, 0, 0, 0, 0.264504297, 0.0362021973, -0.180497461, -0.132414204, 0.373942458, -0.917815338, 0.343139648, -0.85144043, -0.396484375, -0.929823395, -0.367343662, -0.0157015761, 0, 2, 5, 1, 
832.946701, 61, 0.1, 0.1, -0.000623534808, 0.373904954, -0.0199654228, 0.861445256, -0.507850441, -3.27938075e-005, 0.507850441, 0.861445256, 2.49502933e-005, 1.55790524e-005, -3.81476614e-005, 0.999999999, 0.861445225, -0.507850493, -3.47126466e-005, 0.507850493, 0.861445225, 2.70057584e-006, 2.85315549e-005, -1.99552329e-005, 0.999999999, 0, 0, 0, 0, 0, 0, 0, 0.215411719, -0.0183953125, -0.206456885, -0.223281972, 0.574430558, -0.787388675, -0.959106445, 0.0144042969, 0.282470703, 0.173540173, 0.81840859, 0.547888898, 0, 0, -0, 0, 0, 0, 0, 0.264504297, 0.0362021973, -0.180497461, -0.132414204, 0.373942458, -0.917815338, 0.343139648, -0.85144043, -0.396484375, -0.929823395, -0.367343662, -0.0157015761, 0, 2, 5, 1, 
832.947512, 61, 0.1, 0.1, -0.000623535767, 0.373904951, -0.01996538, 0.861445616, -0.507849832, 3.62371609e-006, 0.507849831, 0.861445615, -4.10833268e-005, 1.77425263e-005, 3.72313554e-005, 0.999999999, 0.861445517, -0.507849999, 1.6039202e-005, 0.507849999, 0.861445517, -1.30409823e-005, -7.19403584e-006, 1.93796044e-005, 1, 0, 0, 0, 0, 0, 0, 0, 0.216283081, -0.0199906006, -0.20581084, -0.223656778, 0.573764442, -0.787826761, -0.959228516, 0.013671875, 0.282226563, 0.172734393, 0.818884868, 0.547463916, 0, 0, -0, 0, 0, 0, 0, 0.265071484, 0.0352054687, -0.180032178, -0.134215905, 0.373066761, -0.917955696, 0.344604492, -0.850952148, -0.396240234, -0.92903082, -0.369522327, -0.0143661585, 0, 2, 5, 1, 
832.948297, 61, 0.1, 0.1, -0.000623534492, 0.373904954, -0.0199653724, 0.86144613, -0.507848959, -3.71512201e-006, 0.507848958, 0.861446129, 4.34462408e-005, -1.88637506e-005, -3.93133168e-005, 0.999999999, 0.861446031, -0.507849127, -4.31884621e-006, 0.507849127, 0.861446031, 2.15970383e-005, -7.2475841e-006, -2.07980052e-005, 1, 0, 0, 0, 0, 0, 0, 0, 0.216283081, -0.0199906006, -0.20581084, -0.223656778, 0.573764442, -0.787826761, -0.959228516, 0.013671875, 0.282226563, 0.172734393, 0.818884868, 0.547463916, 0, 0, -0, 0, 0, 0, 0, 0.265071484, 0.0352054687, -0.180032178, -0.134215905, 0.373066761, -0.917955696, 0.344604492, -0.850952148, -0.396240234, -0.92903082, -0.369522327, -0.0143661585, 0, 2, 5, 1, 
832.949084, 61, 0.1, 0.1, -0.000623531772, 0.373904954, -0.0199654835, 0.861446508, -0.507848318, -3.74830593e-006, 0.507848317, 0.861446507, -4.22815486e-005, 2.47015784e-005, 3.45197215e-005, 0.999999999, 0.861446462, -0.507848396, -1.55231276e-005, 0.507848396, 0.861446462, -2.80937507e-005, 2.76397096e-005, 1.63178667e-005, 0.999999999, 0, 0, 0, 0, 0, 0, 0, 0.216283081, -0.0199906006, -0.20581084, -0.223656778, 0.573764442, -0.787826761, -0.959228516, 0.013671875, 0.282226563, 0.172734393, 0.818884868, 0.547463916, 0, 0, -0, 0, 0, 0, 0, 0.265071484, 0.0352054687, -0.180032178, -0.134215905, 0.373066761, -0.917955696, 0.344604492, -0.850952148, -0.396240234, -0.92903082, -0.369522327, -0.0143661585, 0, 2, 5, 1, 
832.949882, 61, 0.1, 0.1, -0.000623535133, 0.373904953, -0.0199656461, 0.861446525, -0.507848289, -8.79788539e-006, 0.507848288, 0.861446524, 4.130559e-005, -1.33980654e-005, -4.0050548e-005, 0.999999999, 0.861446558, -0.507848232, 1.30606402e-005, 0.507848232, 0.861446558, 3.17608498e-005, -2.7380735e-005, -2.07274517e-005, 0.999999999, 0, 0, 0, 0, 0, 0, 0, 0.216283081, -0.0199906006, -0.20581084, -0.223656778, 0.573764442, -0.787826761, -0.959228516, 0.013671875, 0.282226563, 0.172734393, 0.818884868, 0.547463916, 0, 0, -0, 0, 0, 0, 0, 0.265071484, 0.0352054687, -0.180032178, -0.134215905, 0.373066761, -0.917955696, 0.344604492, -0.850952148, -0.396240234, -0.92903082, -0.369522327, -0.0143661585, 0, 2, 5, 1, 
832.950666, 61, 0.1, 0.1, -0.000623532495, 0.373904953, -0.019965706, 0.861446184, -0.507848866, 3.23307091e-005, 0.507848867, 0.861446184, -2.14592667e-005, -1.69531017e-005, 3.49051174e-005, 0.999999999, 0.861446281, -0.507848703, 2.12162611e-006, 0.507848703, 0.861446281, -1.84464259e-005, 7.54032655e-006, 1.69680701e-005, 1, 0, 0, 0, 0, 0, 0, 0, 0.216283081, -0.0199906006, -0.20581084, -0.223656778, 0.573764442, -0.787826761, -0.959228516, 0.013671875, 0.282226563, 0.172734393, 0.818884868, 0.547463916, 0, 0, -0, 0, 0, 0, 0, 0.265071484, 0.0352054687, -0.180032178, -0.134215905, 0.373066761, -0.917955696, 0.344604492, -0.850952148, -0.396240234, -0.92903082, -0.369522327, -0.0143661585, 0, 2, 5, 1, 
832.95145, 61, 0.1, 0.1, -0.000623534916, 0.373904953, -0.0199657746, 0.861445683, -0.507849715, -3.61256604e-005, 0.507849716, 0.861445683, 2.34483256e-005, 1.92120687e-005, -3.85458652e-005, 0.999999999, 0.86144578, -0.507849552, -1.71606899e-005, 0.507849553, 0.86144578, 1.38578199e-005, 7.74531625e-006, -2.06528092e-005, 1, 0, 0, 0, 0, 0, 0, 0, 0.216283081, -0.0199906006, -0.20581084, -0.223656778, 0.573764442, -0.787826761, -0.959228516, 0.013671875, 0.282226563, 0.172734393, 0.818884868, 0.547463916, 0, 0, -0, 0, 0, 0, 0, 0.265071484, 0.0352054687, -0.180032178, -0.134215905, 0.373066761, -0.917955696, 0.344604492, -0.850952148, -0.396240234, -0.92903082, -0.369522327, -0.0143661585, 0, 2, 5, 1, 
832.952261, 61, 0.1, 0.1, -0.00062353629, 0.373904951, -0.0199657009, 0.861445306, -0.507850354, 4.15822816e-005, 0.507850355, 0.861445307, -2.07748707e-005, -2.52703359e-005, 3.90139914e-005, 0.999999999, 0.861445354, -0.507850274, 3.43830625e-005, 0.507850274, 0.861445354, -2.06802983e-006, -2.85688799e-005, 1.92429424e-005, 0.999999999, 0, 0, 0, 0, 0, 0, 0, 0.217385864, -0.0213626465, -0.20494021, -0.223847739, 0.573098325, -0.788245751, -0.959350586, 0.0126953125, 0.281738281, 0.171528718, 0.819361147, 0.547159502, 0, 0, -0, 0, 0, 0, 0, 0.265071484, 0.0352054687, -0.180032178, -0.135314716, 0.371999299, -0.918224019, 0.347045898, -0.850219727, -0.395629883, -0.927918882, -0.372212119, -0.0141488749, 0, 2, 5, 1, 
832.953049, 61, 0.1, 0.1, -0.000623534445, 0.373904954, -0.019965403, 0.861445299, -0.507850367, -3.00692547e-005, 0.507850368, 0.861445299, 2.39317014e-005, 1.37492948e-005, -3.58865338e-005, 0.999999999, 0.861445266, -0.507850423, -3.21342847e-005, 0.507850424, 0.861445266, 1.40405825e-006, 2.69688758e-005, -1.75289294e-005, 0.999999999, 0, 0, 0, 0, 0, 0, 0, 0.217385864, -0.0213626465, -0.20494021, -0.223847739, 0.573098325, -0.788245751, -0.959350586, 0.0126953125, 0.281738281, 0.171528718, 0.819361147, 0.547159502, 0, 0, -0, 0, 0, 0, 0, 0.265691895, 0.0341853027, -0.179375635, -0.135314716, 0.371999299, -0.918224019, 0.347045898, -0.850219727, -0.395629883, -0.927918882, -0.372212119, -0.0141488749, 0, 2, 5, 1, 
