time, trialNum, realDorsalTactorPos, realVentralTactorPos, box1PosX, box1PosY, box1PosZ, box1LocalRot_11, box1LocalRot_12, box1LocalRot_13, box1LocalRot_21, box1LocalRot_22, box1LocalRot_23, box1LocalRot_31, box1LocalRot_32, box1LocalRot_33, box1GlobalRot_11, box1GlobalRot_12, box1GlobalRot_13, box1GlobalRot_21, box1GlobalRot_22, box1GlobalRot_23, box1GlobalRot_31, box1GlobalRot_32, box1GlobalRot_33, indexForceX, indexForceY, indexForceZ, indexForceGlobalX, indexForceGlobalY, indexForceGlobalZ, indexContact, indexPosX, indexPosY, indexPosZ, indexRot_11, indexRot_12, indexRot_13, indexRot_21, indexRot_22, indexRot_23, indexRot_31, indexRot_32, indexRot_33, thumbForceX, thumbForceY, thumbForceZ, thumbForceGlobalX, thumbForceGlobalY, thumbForceGlobalZ, thumbContact, thumbPosX, thumbPosY, thumbPosZ, thumbRot_11, thumbRot_12, thumbRot_13, thumbRot_21, thumbRot_22, thumbRot_23, thumbRot_31, thumbRot_32, thumbRot_33, manipForceTooHigh, cceExpType, mapping, trialSuccess, 
799.288388, 55, 0.1, 0.1, 0.000782723013, 0.359008287, -0.0199635734, 0.933282866, -0.359142158, 4.91848651e-005, 0.359142157, 0.933282867, 2.89522199e-005, -5.63013547e-005, -9.3562522e-006, 0.999999998, 0.933282869, -0.359142153, 2.7388528e-005, 0.359142153, 0.933282869, 1.53572483e-005, -3.10766792e-005, -4.49628183e-006, 1, 0, 0, 0, 0, 0, 0, 0, 0.299136499, -0.185339209, -0.199946167, -0.304481673, 0.374409176, -0.875858497, -0.941040039, -0.260375977, 0.215820313, -0.147173689, 0.889885468, 0.431758834, 0, 0, 0, 0, 0, 0, 0, 0.321775732, -0.120869141, -0.174000879, -0.194634678, 0.13184077, -0.97189988, 0.701171875, -0.674194336, -0.231811523, -0.685845159, -0.726527003, 0.0387578373, 0, 2, 5, 1, 
799.305787, 55, 0.1, 0.1, 0.000782702114, 0.359008305, -0.0199572451, 0.933289191, -0.359125723, -1.83823432e-005, 0.359125724, 0.933289191, 4.11429421e-006, 1.56784933e-005, -1.04413986e-005, 1, 0.933289058, -0.359126069, 5.72370791e-006, 0.359126069, 0.933289058, -7.59042149e-006, -2.61595573e-006, 9.13959005e-006, 1, 0, 0, 0, 0, 0, 0, 0, 0.299793286, -0.181936694, -0.203032349, -0.30439555, 0.384597875, -0.87141698, -0.940063477, -0.268188477, 0.210083008, -0.152872558, 0.883204467, 0.44341456, 0, 0, 0, 0, 0, 0, 0, 0.321820801, -0.120287256, -0.176162158, -0.190219744, 0.137048279, -0.972047901, 0.701293945, -0.673828125, -0.232177734, -0.686976786, -0.725856929, 0.0319914306, 0, 2, 5, 1, 
799.306568, 55, 0.1, 0.1, 0.000782698927, 0.359008307, -0.0199562433, 0.933289814, -0.359124103, 3.66505951e-005, 0.359124104, 0.933289814, -1.45549849e-005, -2.89785811e-005, 2.67461313e-005, 0.999999999, 0.933289699, -0.359124402, 4.34279245e-005, 0.359124403, 0.933289699, -1.78202907e-005, -3.41311333e-005, 3.22275212e-005, 0.999999999, 0, 0, 0, 0, 0, 0, 0, 0.299793286, -0.181936694, -0.203032349, -0.30439555, 0.384597875, -0.87141698, -0.940063477, -0.268188477, 0.210083008, -0.152872558, 0.883204467, 0.44341456, 0, 0, 0, 0, 0, 0, 0, 0.321820801, -0.120287256, -0.176162158, -0.190219744, 0.137048279, -0.972047901, 0.701293945, -0.673828125, -0.232177734, -0.686976786, -0.725856929, 0.0319914306, 0, 2, 5, 1, 
799.307371, 55, 0.1, 0.1, 0.000782708251, 0.359008303, -0.0199584359, 0.933290374, -0.359122647, -4.53997445e-005, 0.359122648, 0.933290374, 2.10204255e-005, 3.48222337e-005, -3.59222372e-005, 0.999999999, 0.933290259, -0.359122942, -6.36801487e-005, 0.359122944, 0.93329026, 2.80382632e-005, 4.9362879e-005, -4.90368404e-005, 0.999999998, 0, 0, 0, 0, 0, 0, 0, 0.299793286, -0.181936694, -0.203032349, -0.303336652, 0.384781722, -0.871759587, -0.940185547, -0.26953125, 0.208129883, -0.154770558, 0.882804573, 0.443592416, 0, 0, 0, 0, 0, 0, 0, 0.321820801, -0.120287256, -0.176162158, -0.190219744, 0.137048279, -0.972047901, 0.701293945, -0.673828125, -0.232177734, -0.686976786, -0.725856929, 0.0319914306, 0, 2, 5, 1, 
799.308169, 55, 0.1, 0.1, 0.000782696311, 0.359008308, -0.0199624557, 0.933290865, -0.359121366, 7.9115572e-005, 0.359121369, 0.933290866, -3.69357752e-005, -6.05734147e-005, 6.28839141e-005, 0.999999996, 0.933290773, -0.359121603, 8.58603207e-005, 0.359121607, 0.933290774, -3.95897642e-005, -6.59151056e-005, 6.77830579e-005, 0.999999996, 0, 0, 0, 0, 0, 0, 0, 0.299841626, -0.181482031, -0.202826074, -0.303336652, 0.384781722, -0.871759587, -0.940185547, -0.26953125, 0.208129883, -0.154770558, 0.882804573, 0.443592416, 0, 0, 0, 0, 0, 0, 0, 0.321621484, -0.119145166, -0.176847266, -0.190398382, 0.137955326, -0.971933063, 0.702880859, -0.67199707, -0.233032227, -0.685277164, -0.727479992, 0.0308988162, 0, 2, 5, 1, 
799.30896, 55, 0.1, 0.1, 0.000782702611, 0.359008305, -0.019967165, 0.933291286, -0.359120269, -9.25294554e-005, 0.359120274, 0.933291287, 4.39028973e-005, 7.05905143e-005, -7.42033949e-005, 0.999999995, 0.933291207, -0.359120477, -7.30071959e-005, 0.35912048, 0.933291208, 3.57780421e-005, 5.52883465e-005, -5.96097114e-005, 0.999999997, 0, 0, 0, 0, 0, 0, 0, 0.299841626, -0.181482031, -0.202826074, -0.303336652, 0.384781722, -0.871759587, -0.940185547, -0.26953125, 0.208129883, -0.154770558, 0.882804573, 0.443592416, 0, 0, 0, 0, 0, 0, 0, 0.321621484, -0.119145166, -0.176847266, -0.190398382, 0.137955326, -0.971933063, 0.702880859, -0.67199707, -0.233032227, -0.685277164, -0.727479992, 0.0308988162, 0, 2, 5, 1, 
799.309747, 55, 0.1, 0.1, 0.000782713098, 0.359008302, -0.0199709883, 0.933291637, -0.359119365, 3.24091333e-005, 0.359119366, 0.933291637, -2.04517067e-005, -2.29025692e-005, 3.07261542e-005, 0.999999999, 0.933291571, -0.359119538, -2.02791574e-005, 0.359119538, 0.933291571, 3.39283585e-006, 1.7707933e-005, -1.04491467e-005, 1, 0, 0, 0, 0, 0, 0, 0, 0.299841626, -0.181482031, -0.202826074, -0.303336652, 0.384781722, -0.871759587, -0.940185547, -0.26953125, 0.208129883, -0.154770558, 0.882804573, 0.443592416, 0, 0, 0, 0, 0, 0, 0, 0.321621484, -0.119145166, -0.176847266, -0.190398382, 0.137955326, -0.971933063, 0.702880859, -0.67199707, -0.233032227, -0.685277164, -0.727479992, 0.0308988162, 0, 2, 5, 1, 
799.310566, 55, 0.1, 0.1, 0.000782692401, 0.359008311, -0.0199724303, 0.933291932, -0.359118593, 7.8885791e-005, 0.359118596, 0.933291934, -2.85328057e-005, -6.33768114e-005, 5.49587918e-005, 0.999999996, 0.93329188, -0.359118722, 9.88107914e-005, 0.359118727, 0.933291883, -4.01842547e-005, -7.77883913e-005, 7.29884442e-005, 0.999999994, 0, 0, 0, 0, 0, 0, 0, 0.300049878, -0.181457617, -0.201994751, -0.299193176, 0.385263992, -0.872940174, -0.94128418, -0.268676758, 0.203979492, -0.155921188, 0.882728189, 0.443161443, 0, 0, 0, 0, 0, 0, 0, 0.321703271, -0.118212891, -0.177111035, -0.189542007, 0.138945495, -0.971997229, 0.704223633, -0.670410156, -0.233154297, -0.684082471, -0.728726091, 0.0291736742, 0, 2, 5, 1, 
799.311356, 55, 0.1, 0.1, 0.000782701018, 0.359008309, -0.0199713355, 0.933292063, -0.359118246, -9.81101176e-005, 0.359118249, 0.933292067, 1.31870103e-005, 8.68296985e-005, -4.75404657e-005, 0.999999995, 0.933292059, -0.359118262, -8.12856375e-005, 0.359118265, 0.933292061, 1.66102432e-005, 6.98981985e-005, -4.46933651e-005, 0.999999997, 0, 0, 0, 0, 0, 0, 0, 0.300049878, -0.181457617, -0.201994751, -0.299193176, 0.385263992, -0.872940174, -0.94128418, -0.268676758, 0.203979492, -0.155921188, 0.882728189, 0.443161443, 0, 0, 0, 0, 0, 0, 0, 0.321703271, -0.118212891, -0.177111035, -0.189542007, 0.138945495, -0.971997229, 0.704223633, -0.670410156, -0.233154297, -0.684082471, -0.728726091, 0.0291736742, 0, 2, 5, 1, 
799.31216, 55, 0.1, 0.1, 0.000782712241, 0.359008312, -0.0199683069, 0.933292, -0.359118423, 2.09871581e-005, 0.359118423, 0.933292, -1.47582404e-005, -1.42871908e-005, 2.13106228e-005, 1, 0.93329204, -0.359118319, -1.92963186e-005, 0.359118319, 0.93329204, -2.75997253e-005, 2.79206675e-005, 1.88289424e-005, 0.999999999, 0, 0, 0, 0, 0, 0, 0, 0.300049878, -0.181457617, -0.201994751, -0.299193176, 0.385263992, -0.872940174, -0.94128418, -0.268676758, 0.203979492, -0.155921188, 0.882728189, 0.443161443, 0, 0, 0, 0, 0, 0, 0, 0.321703271, -0.118212891, -0.177111035, -0.189542007, 0.138945495, -0.971997229, 0.704223633, -0.670410156, -0.233154297, -0.684082471, -0.728726091, 0.0291736742, 0, 2, 5, 1, 
799.312948, 55, 0.1, 0.1, 0.000782703098, 0.359008308, -0.0199646306, 0.933291673, -0.359119273, 2.29923226e-005, 0.359119273, 0.933291673, 2.99444878e-006, -2.25339075e-005, 5.46229209e-006, 1, 0.933291742, -0.359119092, 4.0287234e-005, 0.359119091, 0.933291743, 2.7148934e-005, -4.73494434e-005, -1.08699611e-005, 0.999999999, 0, 0, 0, 0, 0, 0, 0, 0.300049878, -0.181457617, -0.201994751, -0.299193176, 0.385263992, -0.872940174, -0.94128418, -0.268676758, 0.203979492, -0.155921188, 0.882728189, 0.443161443, 0, 0, 0, 0, 0, 0, 0, 0.321703271, -0.118212891, -0.177111035, -0.189542007, 0.138945495, -0.971997229, 0.704223633, -0.670410156, -0.233154297, -0.684082471, -0.728726091, 0.0291736742, 0, 2, 5, 1, 
799.313735, 55, 0.1, 0.1, 0.000782709586, 0.35900831, -0.0199616078, 0.933291469, -0.359119804, -1.59145808e-005, 0.359119804, 0.933291469, -3.06269352e-006, 1.59528164e-005, -2.85685539e-006, 1, 0.9332915, -0.359119721, -3.68155298e-005, 0.359119721, 0.933291501, -6.71569706e-006, 3.67713603e-005, -6.9534798e-006, 0.999999999, 0, 0, 0, 0, 0, 0, 0, 0.300049878, -0.181457617, -0.201994751, -0.299193176, 0.385263992, -0.872940174, -0.94128418, -0.268676758, 0.203979492, -0.155921188, 0.882728189, 0.443161443, 0, 0, 0, 0, 0, 0, 0, 0.321703271, -0.118212891, -0.177111035, -0.189542007, 0.138945495, -0.971997229, 0.704223633, -0.670410156, -0.233154297, -0.684082471, -0.728726091, 0.0291736742, 0, 2, 5, 1, 
799.314523, 55, 0.1, 0.1, 0.000782704622, 0.359008308, -0.0199601444, 0.933291294, -0.359120259, -6.66880411e-006, 0.359120259, 0.933291294, 2.28531421e-005, -1.98308951e-006, -2.37235413e-005, 1, 0.933291343, -0.35912013, 2.0226963e-005, 0.35912013, 0.933291344, 2.4202658e-005, -2.75693111e-005, -1.53242216e-005, 1, 0, 0, 0, 0, 0, 0, 0, 0.300049878, -0.181457617, -0.201994751, -0.299193176, 0.385263992, -0.872940174, -0.94128418, -0.268676758, 0.203979492, -0.155921188, 0.882728189, 0.443161443, 0, 0, 0, 0, 0, 0, 0, 0.321703271, -0.118212891, -0.177111035, -0.189542007, 0.138945495, -0.971997229, 0.704223633, -0.670410156, -0.233154297, -0.684082471, -0.728726091, 0.0291736742, 0, 2, 5, 1, 
799.315339, 55, 0.1, 0.1, 0.000782716846, 0.359008312, -0.0199602447, 0.933290909, -0.359121256, -3.9346476e-005, 0.359121257, 0.93329091, 5.32626559e-006, 3.48089332e-005, -1.91011112e-005, 0.999999999, 0.933290984, -0.359121062, -5.47061179e-005, 0.359121061, 0.933290985, -2.34138819e-005, 5.94651447e-005, 2.20584574e-006, 0.999999998, 0, 0, 0, 0, 0, 0, 0, 0.300049414, -0.182324951, -0.201389966, -0.294978186, 0.385696087, -0.874133865, -0.942993164, -0.264526367, 0.201416016, -0.153498979, 0.883895671, 0.441867402, 0, 0, 0, 0, 0, 0, 0, 0.321533008, -0.117506543, -0.177354541, -0.188653916, 0.139405582, -0.972029312, 0.704223633, -0.670654297, -0.232788086, -0.684357357, -0.728432249, 0.0283111032, 0, 2, 5, 1, 
799.316127, 55, 0.1, 0.1, 0.000782713367, 0.359008309, -0.0199621406, 0.933290743, -0.359121691, 7.99832455e-006, 0.359121691, 0.933290743, 1.38246983e-006, -7.96123717e-006, 1.58212554e-006, 1, 0.93329076, -0.359121646, 2.90231951e-005, 0.359121646, 0.93329076, 2.13493206e-006, -2.78537801e-005, 8.43034523e-006, 1, 0, 0, 0, 0, 0, 0, 0, 0.300049414, -0.182324951, -0.201389966, -0.294978186, 0.385696087, -0.874133865, -0.942993164, -0.264526367, 0.201416016, -0.153498979, 0.883895671, 0.441867402, 0, 0, 0, 0, 0, 0, 0, 0.321533008, -0.117506543, -0.177354541, -0.188653916, 0.139405582, -0.972029312, 0.704223633, -0.670654297, -0.232788086, -0.684357357, -0.728432249, 0.0283111032, 0, 2, 5, 1, 
799.316911, 55, 0.1, 0.1, 0.000782720709, 0.35900831, -0.0199650734, 0.933290652, -0.359121929, -9.31014112e-007, 0.359121929, 0.933290651, -3.14176568e-005, 1.21516763e-005, 2.89874578e-005, 1, 0.933290674, -0.359121868, -3.27083921e-005, 0.359121868, 0.933290675, -1.23505378e-005, 3.49617855e-005, -2.19657065e-007, 0.999999999, 0, 0, 0, 0, 0, 0, 0, 0.300049414, -0.182324951, -0.201389966, -0.294978186, 0.385696087, -0.874133865, -0.942993164, -0.264526367, 0.201416016, -0.153498979, 0.883895671, 0.441867402, 0, 0, 0, 0, 0, 0, 0, 0.321533008, -0.117506543, -0.177354541, -0.188653916, 0.139405582, -0.972029312, 0.704223633, -0.670654297, -0.232788086, -0.684357357, -0.728432249, 0.0283111032, 0, 2, 5, 1, 
799.317695, 55, 0.1, 0.1, 0.000782711077, 0.359008312, -0.0199680321, 0.933290382, -0.359122628, 2.08224425e-005, 0.359122628, 0.933290382, 2.51729812e-005, -2.84735724e-005, -1.6015891e-005, 0.999999999, 0.933290445, -0.359122462, 4.7722307e-005, 0.359122463, 0.933290446, 2.24575162e-006, -4.53452731e-005, 1.50422139e-005, 0.999999999, 0, 0, 0, 0, 0, 0, 0, 0.300049414, -0.182324951, -0.201389966, -0.294978186, 0.385696087, -0.874133865, -0.942993164, -0.264526367, 0.201416016, -0.153498979, 0.883895671, 0.441867402, 0, 0, 0, 0, 0, 0, 0, 0.321533008, -0.117506543, -0.177354541, -0.188653916, 0.139405582, -0.972029312, 0.704223633, -0.670654297, -0.232788086, -0.684357357, -0.728432249, 0.0283111032, 0, 2, 5, 1, 
799.318477, 55, 0.1, 0.1, 0.000782723229, 0.35900831, -0.0199700551, 0.933289868, -0.359123959, -6.44835906e-005, 0.359123958, 0.93328987, -2.83129546e-005, 7.03497423e-005, 3.26659139e-006, 0.999999998, 0.933289985, -0.359123654, -7.43585082e-005, 0.359123655, 0.933289987, -6.20553007e-006, 7.16266038e-005, -2.09123402e-005, 0.999999997, 0, 0, 0, 0, 0, 0, 0, 0.300049414, -0.182324951, -0.201389966, -0.294978186, 0.385696087, -0.874133865, -0.942993164, -0.264526367, 0.201416016, -0.153498979, 0.883895671, 0.441867402, 0, 0, 0, 0, 0, 0, 0, 0.321533008, -0.117506543, -0.177354541, -0.188653916, 0.139405582, -0.972029312, 0.704223633, -0.670654297, -0.232788086, -0.684357357, -0.728432249, 0.0283111032, 0, 2, 5, 1, 
799.319264, 55, 0.1, 0.1, 0.000782724422, 0.359008312, -0.019970565, 0.933289166, -0.359125788, 2.58565488e-005, 0.359125787, 0.933289167, 2.18841517e-005, -3.19908002e-005, -1.11384883e-005, 0.999999999, 0.933289312, -0.359125408, 1.8677165e-005, 0.359125408, 0.933289313, 1.20478249e-005, -2.17578786e-005, -4.53666173e-006, 1, 0, 0, 0, 0, 0, 0, 0, 0.300049414, -0.182324951, -0.201389966, -0.294978186, 0.385696087, -0.874133865, -0.942993164, -0.264526367, 0.201416016, -0.153498979, 0.883895671, 0.441867402, 0, 0, 0, 0, 0, 0, 0, 0.321533008, -0.117506543, -0.177354541, -0.188653916, 0.139405582, -0.972029312, 0.704223633, -0.670654297, -0.232788086, -0.684357357, -0.728432249, 0.0283111032, 0, 2, 5, 1, 
799.320082, 55, 0.1, 0.1, 0.000782724159, 0.359008312, -0.0199691169, 0.93328852, -0.359127466, -2.1112627e-005, 0.359127467, 0.933288521, 9.33073423e-006, 1.63532495e-005, -1.62903914e-005, 1, 0.933288623, -0.359127201, -1.54377982e-005, 0.359127201, 0.933288623, -8.16514252e-006, 1.73402462e-005, 2.07630137e-006, 1, 0, 0, 0, 0, 0, 0, 0, 0.30018418, -0.182747754, -0.201203955, -0.292420061, 0.386134173, -0.874832182, -0.943969727, -0.262207031, 0.199829102, -0.152173859, 0.884320653, 0.441360045, 0, 0, 0, 0, 0, 0, 0, 0.321303906, -0.118147217, -0.177579248, -0.188060035, 0.139188665, -0.972201752, 0.702270508, -0.672851563, -0.232177734, -0.686504306, -0.726368422, 0.0287839498, 0, 2, 5, 1, 
799.320867, 55, 0.1, 0.1, 0.000782720751, 0.359008311, -0.0199665853, 0.933288168, -0.359128381, 2.31022188e-005, 0.359128382, 0.933288168, -3.20863886e-005, -1.00378947e-005, 3.82425093e-005, 0.999999999, 0.933288215, -0.35912826, 3.21004754e-005, 0.35912826, 0.933288215, -1.38354006e-005, -2.49903121e-005, 2.44406042e-005, 0.999999999, 0, 0, 0, 0, 0, 0, 0, 0.30018418, -0.182747754, -0.201203955, -0.292420061, 0.386134173, -0.874832182, -0.943969727, -0.262207031, 0.199829102, -0.152173859, 0.884320653, 0.441360045, 0, 0, 0, 0, 0, 0, 0, 0.321303906, -0.118147217, -0.177579248, -0.188060035, 0.139188665, -0.972201752, 0.702270508, -0.672851563, -0.232177734, -0.686504306, -0.726368422, 0.0287839498, 0, 2, 5, 1, 
799.321649, 55, 0.1, 0.1, 0.000782724245, 0.359008312, -0.0199639846, 0.933288103, -0.359128553, -8.06608239e-006, 0.359128552, 0.933288101, 5.26669988e-005, -1.13862443e-005, -5.20502439e-005, 0.999999999, 0.93328809, -0.359128585, -2.44613314e-005, 0.359128585, 0.93328809, 2.51296399e-005, 1.38046973e-005, -3.2237957e-005, 0.999999999, 0, 0, 0, 0, 0, 0, 0, 0.30018418, -0.182747754, -0.201203955, -0.292420061, 0.386134173, -0.874832182, -0.943969727, -0.262207031, 0.199829102, -0.152173859, 0.884320653, 0.441360045, 0, 0, 0, 0, 0, 0, 0, 0.321303906, -0.118147217, -0.177579248, -0.188060035, 0.139188665, -0.972201752, 0.702270508, -0.672851563, -0.232177734, -0.686504306, -0.726368422, 0.0287839498, 0, 2, 5, 1, 
799.322452, 55, 0.1, 0.1, 0.00078272565, 0.359008308, -0.0199620437, 0.933288203, -0.359128291, -1.7458698e-005, 0.35912829, 0.933288203, -4.16986896e-005, 3.1269176e-005, 3.26469827e-005, 0.999999999, 0.933288183, -0.359128343, -1.40010347e-005, 0.359128343, 0.933288183, -1.81302644e-005, 1.9578092e-005, 1.18925931e-005, 1, 0, 0, 0, 0, 0, 0, 0, 0.30018418, -0.182747754, -0.201203955, -0.292420061, 0.386134173, -0.874832182, -0.943969727, -0.262207031, 0.199829102, -0.152173859, 0.884320653, 0.441360045, 0, 0, 0, 0, 0, 0, 0, 0.321194189, -0.118835986, -0.177177686, -0.18560685, 0.138230579, -0.972783241, 0.700805664, -0.675292969, -0.229614258, -0.688824063, -0.724259752, 0.0284773475, 0, 2, 5, 1, 
799.323238, 55, 0.1, 0.1, 0.000782724848, 0.359008307, -0.0199613292, 0.933288222, -0.359128243, 6.67229609e-006, 0.359128243, 0.933288221, 5.28630924e-005, -2.52118049e-005, -4.69402915e-005, 0.999999999, 0.933288237, -0.359128203, 1.45087621e-005, 0.359128202, 0.933288237, 3.54909819e-005, -2.62866696e-005, -2.79128102e-005, 0.999999999, 0, 0, 0, 0, 0, 0, 0, 0.30018418, -0.182747754, -0.201203955, -0.292420061, 0.386134173, -0.874832182, -0.943969727, -0.262207031, 0.199829102, -0.152173859, 0.884320653, 0.441360045, 0, 0, 0, 0, 0, 0, 0, 0.321194189, -0.118835986, -0.177177686, -0.18560685, 0.138230579, -0.972783241, 0.700805664, -0.675292969, -0.229614258, -0.688824063, -0.724259752, 0.0284773475, 0, 2, 5, 1, 
799.324023, 55, 0.1, 0.1, 0.000782728434, 0.359008307, -0.0199621194, 0.933288008, -0.359128798, 6.2428109e-006, 0.359128798, 0.933288007, -4.28746664e-005, 9.57118688e-006, 4.22563852e-005, 0.999999999, 0.933288075, -0.359128625, -1.61549834e-005, 0.359128624, 0.933288075, -2.85297793e-005, 2.53231137e-005, 2.08247858e-005, 0.999999999, 0, 0, 0, 0, 0, 0, 0, 0.30018418, -0.182747754, -0.201203955, -0.292420061, 0.386134173, -0.874832182, -0.943969727, -0.262207031, 0.199829102, -0.152173859, 0.884320653, 0.441360045, 0, 0, 0, 0, 0, 0, 0, 0.321194189, -0.118835986, -0.177177686, -0.18560685, 0.138230579, -0.972783241, 0.700805664, -0.675292969, -0.229614258, -0.688824063, -0.724259752, 0.0284773475, 0, 2, 5, 1, 
799.324825, 55, 0.1, 0.1, 0.000782723349, 0.359008308, -0.0199639928, 0.933287527, -0.359130049, -1.72489995e-005, 0.359130049, 0.933287527, 2.7758947e-005, 6.12920415e-006, -3.2101713e-005, 0.999999999, 0.933287645, -0.359129742, 1.40465491e-005, 0.359129742, 0.933287645, 1.93016608e-005, -2.00412712e-005, -1.2969468e-005, 1, 0, 0, 0, 0, 0, 0, 0, 0.299635034, -0.182183228, -0.202669971, -0.294589153, 0.388488233, -0.873085828, -0.943725586, -0.261230469, 0.202270508, -0.149482062, 0.88357703, 0.443802472, 0, 0, 0, 0, 0, 0, 0, 0.321194189, -0.118835986, -0.177177686, -0.18560685, 0.138230579, -0.972783241, 0.700805664, -0.675292969, -0.229614258, -0.688824063, -0.724259752, 0.0284773475, 0, 2, 5, 1, 
799.325612, 55, 0.1, 0.1, 0.000782723235, 0.359008307, -0.019966134, 0.933286961, -0.359131517, 4.34172102e-005, 0.359131519, 0.933286961, -2.90036859e-005, -3.01045784e-005, 4.26612505e-005, 0.999999999, 0.93328707, -0.359131236, 2.61420967e-005, 0.359131236, 0.93328707, -1.59437786e-005, -1.86721719e-005, 2.42685659e-005, 1, 0, 0, 0, 0, 0, 0, 0, 0.299635034, -0.182183228, -0.202669971, -0.294589153, 0.388488233, -0.873085828, -0.943725586, -0.261230469, 0.202270508, -0.149482062, 0.88357703, 0.443802472, 0, 0, 0, 0, 0, 0, 0, 0.321194189, -0.118835986, -0.177177686, -0.18560685, 0.138230579, -0.972783241, 0.700805664, -0.675292969, -0.229614258, -0.688824063, -0.724259752, 0.0284773475, 0, 2, 5, 1, 
799.326399, 55, 0.1, 0.1, 0.000782721519, 0.35900831, -0.0199679354, 0.933286517, -0.359132673, -2.21095229e-005, 0.359132673, 0.933286517, 2.14532e-005, 1.29299746e-005, -2.79622344e-005, 1, 0.933286584, -0.359132499, -1.70536803e-005, 0.359132499, 0.933286584, 4.04024061e-006, 1.44649894e-005, -9.89523319e-006, 1, 0, 0, 0, 0, 0, 0, 0, 0.299635034, -0.182183228, -0.202669971, -0.294589153, 0.388488233, -0.873085828, -0.943725586, -0.261230469, 0.202270508, -0.149482062, 0.88357703, 0.443802472, 0, 0, 0, 0, 0, 0, 0, 0.321194189, -0.118835986, -0.177177686, -0.18560685, 0.138230579, -0.972783241, 0.700805664, -0.675292969, -0.229614258, -0.688824063, -0.724259752, 0.0284773475, 0, 2, 5, 1, 
799.327216, 55, 0.1, 0.1, 0.000782717368, 0.359008308, -0.0199687408, 0.933286328, -0.359133164, 2.8748194e-005, 0.359133165, 0.933286327, -2.71472904e-005, -1.70808041e-005, 3.56606248e-005, 0.999999999, 0.933286341, -0.359133128, 3.61453234e-005, 0.359133129, 0.933286342, -6.42220568e-006, -3.14275099e-005, 1.89747399e-005, 0.999999999, 0, 0, 0, 0, 0, 0, 0, 0.299242114, -0.18153313, -0.204512891, -0.298015215, 0.392599509, -0.870113583, -0.942993164, -0.262207031, 0.204589844, -0.147703507, 0.881442765, 0.448522576, 0, 0, 0, 0, 0, 0, 0, 0.321194189, -0.118835986, -0.177177686, -0.184763602, 0.138991071, -0.972815324, 0.699951172, -0.676147461, -0.229492187, -0.689840119, -0.723320622, 0.0276147764, 0, 2, 5, 1, 
799.328167, 55, 0.1, 0.1, 0.00078271805, 0.359008305, -0.0199671316, 0.933286453, -0.359132839, 1.0563082e-005, 0.359132837, 0.933286452, 6.54233842e-005, -3.3354067e-005, -5.72652086e-005, 0.999999998, 0.933286378, -0.359133034, -1.27436012e-005, 0.359133034, 0.933286378, 2.87930206e-005, 1.55290456e-006, -3.1448782e-005, 1, 0, 0, 0, 0, 0, 0, 0, 0.299242114, -0.18153313, -0.204512891, -0.298015215, 0.392599509, -0.870113583, -0.942993164, -0.262207031, 0.204589844, -0.147703507, 0.881442765, 0.448522576, 0, 0, 0, 0, 0, 0, 0, 0.321005371, -0.11898916, -0.176974707, -0.184763602, 0.138991071, -0.972815324, 0.699951172, -0.676147461, -0.229492187, -0.689840119, -0.723320622, 0.0276147764, 0, 2, 5, 1, 
799.329308, 55, 0.1, 0.1, 0.000782717864, 0.359008299, -0.0199577088, 0.933286917, -0.359131632, -3.99083694e-005, 0.359131631, 0.933286918, -2.73469252e-005, 4.70671049e-005, 1.11901697e-005, 0.999999999, 0.933286831, -0.359131856, -2.54222993e-005, 0.359131855, 0.933286832, -2.72581849e-005, 3.35155797e-005, 1.63097476e-005, 0.999999999, 0, 0, 0, 0, 0, 0, 0, 0.299242114, -0.18153313, -0.204512891, -0.298015215, 0.392599509, -0.870113583, -0.942993164, -0.262207031, 0.204589844, -0.147703507, 0.881442765, 0.448522576, 0, 0, 0, 0, 0, 0, 0, 0.321005371, -0.11898916, -0.176974707, -0.184763602, 0.138991071, -0.972815324, 0.699951172, -0.676147461, -0.229492187, -0.689840119, -0.723320622, 0.0276147764, 0, 2, 5, 1, 
799.330096, 55, 0.1, 0.1, 0.000782718228, 0.359008298, -0.0199527148, 0.933287391, -0.359130401, 2.98135496e-005, 0.359130401, 0.933287391, 1.55643783e-006, -2.83835741e-005, 9.25434823e-006, 1, 0.933287298, -0.359130644, 2.56871602e-005, 0.359130644, 0.933287298, 1.34580689e-005, -2.88067053e-005, -3.33519835e-006, 1, 0, 0, 0, 0, 0, 0, 0, 0.299242114, -0.18153313, -0.204512891, -0.298015215, 0.392599509, -0.870113583, -0.942993164, -0.262207031, 0.204589844, -0.147703507, 0.881442765, 0.448522576, 0, 0, 0, 0, 0, 0, 0, 0.321005371, -0.11898916, -0.176974707, -0.184763602, 0.138991071, -0.972815324, 0.699951172, -0.676147461, -0.229492187, -0.689840119, -0.723320622, 0.0276147764, 0, 2, 5, 1, 
799.330883, 55, 0.1, 0.1, 0.000782722766, 0.359008299, -0.0199523579, 0.933287846, -0.359129219, -5.5074211e-006, 0.359129219, 0.933287846, -2.56421466e-005, 1.43488533e-005, 2.1953628e-005, 1, 0.933287765, -0.359129428, -3.49377181e-005, 0.359129428, 0.933287766, -6.12924593e-006, 3.48081374e-005, -6.82681248e-006, 0.999999999, 0, 0, 0, 0, 0, 0, 0, 0.299242114, -0.18153313, -0.204512891, -0.298015215, 0.392599509, -0.870113583, -0.942993164, -0.262207031, 0.204589844, -0.147703507, 0.881442765, 0.448522576, 0, 0, 0, 0, 0, 0, 0, 0.321005371, -0.11898916, -0.176974707, -0.184763602, 0.138991071, -0.972815324, 0.699951172, -0.676147461, -0.229492187, -0.689840119, -0.723320622, 0.0276147764, 0, 2, 5, 1, 
799.331668, 55, 0.1, 0.1, 0.00078271813, 0.359008297, -0.0199563616, 0.933288029, -0.359128742, -2.34713732e-005, 0.359128743, 0.933288028, 4.49380894e-005, 5.76699211e-006, -5.03694257e-005, 0.999999999, 0.933288021, -0.359128766, 1.13318429e-005, 0.359128765, 0.93328802, 3.84619993e-005, -2.43886836e-005, -3.18265324e-005, 0.999999999, 0, 0, 0, 0, 0, 0, 0, 0.299242114, -0.18153313, -0.204512891, -0.298015215, 0.392599509, -0.870113583, -0.942993164, -0.262207031, 0.204589844, -0.147703507, 0.881442765, 0.448522576, 0, 0, 0, 0, 0, 0, 0, 0.321005371, -0.11898916, -0.176974707, -0.184763602, 0.138991071, -0.972815324, 0.699951172, -0.676147461, -0.229492187, -0.689840119, -0.723320622, 0.0276147764, 0, 2, 5, 1, 
799.332486, 55, 0.1, 0.1, 0.000782718442, 0.359008296, -0.0199630965, 0.933287998, -0.359128822, 5.05877144e-005, 0.359128824, 0.933287998, -3.91991337e-005, -3.3135368e-005, 5.47515874e-005, 0.999999998, 0.933288007, -0.3591288, 2.99583659e-005, 0.359128801, 0.933288007, -2.11609661e-005, -2.03602713e-005, 3.05081879e-005, 0.999999999, 0, 0, 0, 0, 0, 0, 0, 0.299080005, -0.18043313, -0.206129883, -0.301232344, 0.396793159, -0.867103145, -0.942016602, -0.263916016, 0.206542969, -0.14694678, 0.879048269, 0.453483814, 0, 0, 0, 0, 0, 0, 0, 0.321306494, -0.119127686, -0.177015234, -0.183511306, 0.140192327, -0.972879489, 0.699951172, -0.676147461, -0.229492187, -0.690076725, -0.723071622, 0.0258896344, 0, 2, 5, 1, 
799.333276, 55, 0.1, 0.1, 0.000782716932, 0.359008303, -0.0199697971, 0.933288016, -0.359128774, -5.38202378e-005, 0.359128774, 0.933288017, 1.23174211e-006, 4.9787429e-005, -2.04779662e-005, 0.999999999, 0.933287994, -0.359128835, -2.363298e-005, 0.359128834, 0.933287994, -2.59334306e-005, 3.13698192e-005, 1.57160749e-005, 0.999999999, 0, 0, 0, 0, 0, 0, 0, 0.299080005, -0.18043313, -0.206129883, -0.301232344, 0.396793159, -0.867103145, -0.942016602, -0.263916016, 0.206542969, -0.14694678, 0.879048269, 0.453483814, 0, 0, 0, 0, 0, 0, 0, 0.321306494, -0.119127686, -0.177015234, -0.183511306, 0.140192327, -0.972879489, 0.699951172, -0.676147461, -0.229492187, -0.690076725, -0.723071622, 0.0258896344, 0, 2, 5, 1, 
799.33406, 55, 0.1, 0.1, 0.000782727778, 0.359008295, -0.0199746671, 0.933288224, -0.359128238, -3.35912471e-006, 0.359128237, 0.933288223, 3.99482641e-005, -1.12115181e-005, -3.8489601e-005, 0.999999999, 0.933288174, -0.359128366, -3.66555291e-005, 0.359128368, 0.933288173, 4.58974315e-005, 1.77271022e-005, -5.59995704e-005, 0.999999998, 0, 0, 0, 0, 0, 0, 0, 0.299080005, -0.18043313, -0.206129883, -0.301232344, 0.396793159, -0.867103145, -0.942016602, -0.263916016, 0.206542969, -0.14694678, 0.879048269, 0.453483814, 0, 0, 0, 0, 0, 0, 0, 0.321306494, -0.119127686, -0.177015234, -0.183511306, 0.140192327, -0.972879489, 0.699951172, -0.676147461, -0.229492187, -0.690076725, -0.723071622, 0.0258896344, 0, 2, 5, 1, 
799.334863, 55, 0.1, 0.1, 0.000782718545, 0.359008299, -0.0199762129, 0.93328867, -0.359127077, 3.40709868e-005, 0.359127079, 0.933288669, -5.08112464e-005, -1.35503715e-005, 5.96573745e-005, 0.999999998, 0.933288557, -0.359127368, 4.95211508e-005, 0.35912737, 0.933288557, -4.18233195e-005, -3.11976248e-005, 5.68176262e-005, 0.999999998, 0, 0, 0, 0, 0, 0, 0, 0.299080005, -0.18043313, -0.206129883, -0.301232344, 0.396793159, -0.867103145, -0.942016602, -0.263916016, 0.206542969, -0.14694678, 0.879048269, 0.453483814, 0, 0, 0, 0, 0, 0, 0, 0.321306494, -0.119127686, -0.177015234, -0.183837232, 0.142121993, -0.972521848, 0.699462891, -0.676147461, -0.231079102, -0.690479209, -0.722746063, 0.0248225397, 0, 2, 5, 1, 
799.335649, 55, 0.1, 0.1, 0.000782722051, 0.359008302, -0.0199740338, 0.933289283, -0.359125484, -2.41299237e-005, 0.359125485, 0.933289283, 3.71020654e-005, 9.19590195e-006, -4.32926306e-005, 0.999999999, 0.933289142, -0.35912585, -2.96288485e-005, 0.35912585, 0.933289143, 1.15290945e-005, 2.35118867e-005, -2.14004641e-005, 0.999999999, 0, 0, 0, 0, 0, 0, 0, 0.299080005, -0.18043313, -0.206129883, -0.301232344, 0.396793159, -0.867103145, -0.942016602, -0.263916016, 0.206542969, -0.14694678, 0.879048269, 0.453483814, 0, 0, 0, 0, 0, 0, 0, 0.32082998, -0.118769922, -0.177237256, -0.183837232, 0.142121993, -0.972521848, 0.699462891, -0.676147461, -0.231079102, -0.690479209, -0.722746063, 0.0248225397, 0, 2, 5, 1, 
799.336435, 55, 0.1, 0.1, 0.000782720969, 0.359008294, -0.0199693012, 0.933290054, -0.359123482, 5.16008684e-006, 0.359123482, 0.933290054, -1.11841517e-005, -7.99366208e-007, 1.22911659e-005, 1, 0.933289898, -0.359123886, 1.16908393e-005, 0.359123886, 0.933289898, 2.57165362e-005, -2.01463647e-005, -1.98025238e-005, 1, 0, 0, 0, 0, 0, 0, 0, 0.299080005, -0.18043313, -0.206129883, -0.301232344, 0.396793159, -0.867103145, -0.942016602, -0.263916016, 0.206542969, -0.14694678, 0.879048269, 0.453483814, 0, 0, 0, 0, 0, 0, 0, 0.32082998, -0.118769922, -0.177237256, -0.183837232, 0.142121993, -0.972521848, 0.699462891, -0.676147461, -0.231079102, -0.690479209, -0.722746063, 0.0248225397, 0, 2, 5, 1, 
799.33724, 55, 0.1, 0.1, 0.000782726791, 0.359008301, -0.0199635503, 0.933290923, -0.359121223, -1.71495166e-005, 0.359121223, 0.933290923, 1.14651531e-005, 1.18881084e-005, -1.68590787e-005, 1, 0.933290741, -0.359121696, -3.01172827e-005, 0.359121696, 0.933290741, -2.79239105e-005, 3.81362632e-005, 1.52453575e-005, 0.999999999, 0, 0, 0, 0, 0, 0, 0, 0.299080005, -0.18043313, -0.206129883, -0.299651863, 0.400054471, -0.866042004, -0.942626953, -0.263549805, 0.204467773, -0.14633196, 0.877790176, 0.456281952, 0, 0, 0, 0, 0, 0, 0, 0.32082998, -0.118769922, -0.177237256, -0.183837232, 0.142121993, -0.972521848, 0.699462891, -0.676147461, -0.231079102, -0.690479209, -0.722746063, 0.0248225397, 0, 2, 5, 1, 
799.338024, 55, 0.1, 0.1, 0.00078272043, 0.359008297, -0.0199588922, 0.933291866, -0.359118772, 2.13581126e-005, 0.359118772, 0.933291866, -1.4327554e-005, -1.47880592e-005, 2.10418887e-005, 1, 0.933291669, -0.359119281, 4.02665057e-005, 0.359119281, 0.93329167, 5.14154248e-006, -3.94268214e-005, 9.66191981e-006, 0.999999999, 0, 0, 0, 0, 0, 0, 0, 0.299162646, -0.179823804, -0.205843896, -0.299651863, 0.400054471, -0.866042004, -0.942626953, -0.263549805, 0.204467773, -0.14633196, 0.877790176, 0.456281952, 0, 0, 0, 0, 0, 0, 0, 0.32082998, -0.118769922, -0.177237256, -0.183837232, 0.142121993, -0.972521848, 0.699462891, -0.676147461, -0.231079102, -0.690479209, -0.722746063, 0.0248225397, 0, 2, 5, 1, 
799.338811, 55, 0.1, 0.1, 0.000782727208, 0.3590083, -0.0199568441, 0.933292903, -0.359116077, -9.38467888e-006, 0.359116077, 0.933292903, -7.03656512e-006, 1.12855979e-005, 3.19698723e-006, 1, 0.933292711, -0.359116575, -3.30204486e-005, 0.359116575, 0.933292712, -2.02167728e-005, 3.80779222e-005, 7.00997628e-006, 0.999999999, 0, 0, 0, 0, 0, 0, 0, 0.299162646, -0.179823804, -0.205843896, -0.299651863, 0.400054471, -0.866042004, -0.942626953, -0.263549805, 0.204467773, -0.14633196, 0.877790176, 0.456281952, 0, 0, 0, 0, 0, 0, 0, 0.32082998, -0.118769922, -0.177237256, -0.183837232, 0.142121993, -0.972521848, 0.699462891, -0.676147461, -0.231079102, -0.690479209, -0.722746063, 0.0248225397, 0, 2, 5, 1, 
799.339599, 55, 0.1, 0.1, 0.000782718175, 0.359008297, -0.0199578541, 0.933293823, -0.359113686, 3.23302616e-005, 0.359113686, 0.933293823, -1.63065181e-005, -2.43177397e-005, 2.68290121e-005, 0.999999999, 0.933293629, -0.359114186, 5.24612902e-005, 0.359114186, 0.933293631, 1.63586278e-006, -4.95492496e-005, 1.73128533e-005, 0.999999999, 0, 0, 0, 0, 0, 0, 0, 0.299162646, -0.179823804, -0.205843896, -0.299651863, 0.400054471, -0.866042004, -0.942626953, -0.263549805, 0.204467773, -0.14633196, 0.877790176, 0.456281952, 0, 0, 0, 0, 0, 0, 0, 0.32082998, -0.118769922, -0.177237256, -0.183837232, 0.142121993, -0.972521848, 0.699462891, -0.676147461, -0.231079102, -0.690479209, -0.722746063, 0.0248225397, 0, 2, 5, 1, 
799.340424, 55, 0.1, 0.1, 0.000782725596, 0.3590083, -0.0199609741, 0.933294897, -0.359110895, -1.78978623e-005, 0.359110896, 0.933294897, -2.09823276e-006, 1.74574818e-005, -4.46904743e-006, 1, 0.933294705, -0.359111393, -3.74664745e-005, 0.359111392, 0.933294706, -1.53693423e-005, 4.04865682e-005, 8.89487979e-007, 0.999999999, 0, 0, 0, 0, 0, 0, 0, 0.298783789, -0.179419409, -0.205773706, -0.298419979, 0.403677485, -0.864841199, -0.943237305, -0.262329102, 0.20300293, -0.144796785, 0.876474796, 0.459181562, 0, 0, 0, 0, 0, 0, 0, 0.320880029, -0.11822749, -0.177271191, -0.183294023, 0.143789532, -0.972451852, 0.700317383, -0.675048828, -0.231811523, -0.689808402, -0.723429997, 0.0229887559, 0, 2, 5, 1, 
799.341218, 55, 0.1, 0.1, 0.000782718885, 0.359008297, -0.0199652632, 0.933295823, -0.359108487, 1.21702747e-005, 0.359108487, 0.933295823, 2.01364683e-005, -1.85896432e-005, -1.44228328e-005, 1, 0.933295644, -0.359108953, 3.69530717e-005, 0.359108952, 0.933295645, 1.18985938e-005, -3.87610325e-005, 2.16527308e-006, 0.999999999, 0, 0, 0, 0, 0, 0, 0, 0.298783789, -0.179419409, -0.205773706, -0.298419979, 0.403677485, -0.864841199, -0.943237305, -0.262329102, 0.20300293, -0.144796785, 0.876474796, 0.459181562, 0, 0, 0, 0, 0, 0, 0, 0.320880029, -0.11822749, -0.177271191, -0.183294023, 0.143789532, -0.972451852, 0.700317383, -0.675048828, -0.231811523, -0.689808402, -0.723429997, 0.0229887559, 0, 2, 5, 1, 
799.342005, 55, 0.1, 0.1, 0.000782724074, 0.3590083, -0.019969305, 0.933296485, -0.359106767, -7.87522088e-006, 0.359106767, 0.933296485, -1.57580855e-005, 1.30087511e-005, 1.18789207e-005, 1, 0.933296375, -0.359107055, -2.25819047e-005, 0.359107054, 0.933296375, -2.54210602e-005, 3.02044918e-005, 1.56160621e-005, 0.999999999, 0, 0, 0, 0, 0, 0, 0, 0.298783789, -0.179419409, -0.205773706, -0.298419979, 0.403677485, -0.864841199, -0.943237305, -0.262329102, 0.20300293, -0.144796785, 0.876474796, 0.459181562, 0, 0, 0, 0, 0, 0, 0, 0.320880029, -0.11822749, -0.177271191, -0.183294023, 0.143789532, -0.972451852, 0.700317383, -0.675048828, -0.231811523, -0.689808402, -0.723429997, 0.0229887559, 0, 2, 5, 1, 
799.342791, 55, 0.1, 0.1, 0.000782719278, 0.359008297, -0.0199718699, 0.933297004, -0.35910542, 1.21863626e-005, 0.35910542, 0.933297004, 1.46784232e-006, -1.19006058e-005, 3.00625601e-006, 1, 0.933296905, -0.359105675, 2.52906916e-005, 0.359105674, 0.933296906, 1.31791897e-005, -2.8336446e-005, -3.21806613e-006, 1, 0, 0, 0, 0, 0, 0, 0, 0.298783789, -0.179419409, -0.205773706, -0.298419979, 0.403677485, -0.864841199, -0.943237305, -0.262329102, 0.20300293, -0.144796785, 0.876474796, 0.459181562, 0, 0, 0, 0, 0, 0, 0, 0.320880029, -0.11822749, -0.177271191, -0.183294023, 0.143789532, -0.972451852, 0.700317383, -0.675048828, -0.231811523, -0.689808402, -0.723429997, 0.0229887559, 0, 2, 5, 1, 
799.343578, 55, 0.1, 0.1, 0.000782724352, 0.359008298, -0.0199722385, 0.93329749, -0.359104156, -1.39732637e-005, 0.359104157, 0.93329749, 1.05984236e-005, 9.235274e-006, -1.49093392e-005, 1, 0.933297391, -0.359104412, -2.83159422e-005, 0.359104412, 0.933297392, 2.06599767e-006, 2.56852861e-005, -1.209657e-005, 1, 0, 0, 0, 0, 0, 0, 0, 0.298783789, -0.179419409, -0.205773706, -0.298419979, 0.403677485, -0.864841199, -0.943237305, -0.262329102, 0.20300293, -0.144796785, 0.876474796, 0.459181562, 0, 0, 0, 0, 0, 0, 0, 0.320880029, -0.11822749, -0.177271191, -0.183294023, 0.143789532, -0.972451852, 0.700317383, -0.675048828, -0.231811523, -0.689808402, -0.723429997, 0.0229887559, 0, 2, 5, 1, 
799.344381, 55, 0.1, 0.1, 0.000782718702, 0.359008297, -0.0199701978, 0.933298057, -0.359102684, 7.36985836e-006, 0.359102684, 0.933298057, 3.89567358e-006, -8.27722132e-006, -9.89288669e-007, 1, 0.933297947, -0.359102969, 3.0098657e-005, 0.359102969, 0.933297947, -2.50384926e-006, -2.71918751e-005, 1.31453545e-005, 1, 0, 0, 0, 0, 0, 0, 0, 0.298783789, -0.179419409, -0.205773706, -0.298419979, 0.403677485, -0.864841199, -0.943237305, -0.262329102, 0.20300293, -0.144796785, 0.876474796, 0.459181562, 0, 0, 0, 0, 0, 0, 0, 0.320880029, -0.11822749, -0.177271191, -0.183294023, 0.143789532, -0.972451852, 0.700317383, -0.675048828, -0.231811523, -0.689808402, -0.723429997, 0.0229887559, 0, 2, 5, 1, 
799.345198, 55, 0.1, 0.1, 0.000782724918, 0.3590083, -0.0199664975, 0.933298489, -0.35910156, -9.27243195e-006, 0.35910156, 0.933298489, -8.23168139e-006, 1.16099564e-005, 4.35287103e-006, 1, 0.933298416, -0.359101748, -2.69118831e-005, 0.359101748, 0.933298417, -1.93762111e-005, 3.20748492e-005, 8.41968289e-006, 0.999999999, 0, 0, 0, 0, 0, 0, 0, 0.298010571, -0.179240332, -0.205496509, -0.296210452, 0.40723722, -0.863938817, -0.944335937, -0.259887695, 0.201293945, -0.142551309, 0.875540213, 0.461757661, 0, 0, 0, 0, 0, 0, 0, 0.320698047, -0.117901221, -0.177068457, -0.182501814, 0.145220832, -0.972298734, 0.699951172, -0.675292969, -0.232177734, -0.690338851, -0.723034076, 0.0215319367, 0, 2, 5, 1, 
799.345983, 55, 0.1, 0.1, 0.000782719018, 0.359008298, -0.0199627655, 0.933298852, -0.359100616, 1.61966801e-005, 0.359100616, 0.933298852, -1.74630545e-005, -8.84534928e-006, 2.21144865e-005, 1, 0.933298768, -0.359100833, 3.51795111e-005, 0.359100834, 0.933298768, -2.50241697e-006, -3.19343743e-005, 1.49684944e-005, 0.999999999, 0, 0, 0, 0, 0, 0, 0, 0.298010571, -0.179240332, -0.205496509, -0.296210452, 0.40723722, -0.863938817, -0.944335937, -0.259887695, 0.201293945, -0.142551309, 0.875540213, 0.461757661, 0, 0, 0, 0, 0, 0, 0, 0.320698047, -0.117901221, -0.177068457, -0.182501814, 0.145220832, -0.972298734, 0.699951172, -0.675292969, -0.232177734, -0.690338851, -0.723034076, 0.0215319367, 0, 2, 5, 1, 
799.346769, 55, 0.1, 0.1, 0.000782726398, 0.359008302, -0.0199602882, 0.933299361, -0.359099293, -7.89982684e-006, 0.359099292, 0.933299361, -2.29560743e-005, 1.56164134e-005, 1.85880672e-005, 1, 0.93329926, -0.359099554, -3.83872278e-005, 0.359099554, 0.933299261, -1.22346193e-005, 4.02202176e-005, -2.36627522e-006, 0.999999999, 0, 0, 0, 0, 0, 0, 0, 0.298010571, -0.179240332, -0.205496509, -0.296210452, 0.40723722, -0.863938817, -0.944335937, -0.259887695, 0.201293945, -0.142551309, 0.875540213, 0.461757661, 0, 0, 0, 0, 0, 0, 0, 0.320698047, -0.117901221, -0.177068457, -0.182501814, 0.145220832, -0.972298734, 0.699951172, -0.675292969, -0.232177734, -0.690338851, -0.723034076, 0.0215319367, 0, 2, 5, 1, 
799.347566, 55, 0.1, 0.1, 0.000782719021, 0.359008299, -0.0199597607, 0.933299652, -0.359098538, 1.21526499e-005, 0.359098538, 0.933299652, 1.27711709e-005, -1.59281727e-005, -7.55533051e-006, 1, 0.933299613, -0.359098636, 3.18646511e-005, 0.359098636, 0.933299614, 2.75808372e-005, -3.96435076e-005, -1.4298632e-005, 0.999999999, 0, 0, 0, 0, 0, 0, 0, 0.297485474, -0.178936279, -0.205868652, -0.297733645, 0.408892963, -0.862611454, -0.943847656, -0.261230469, 0.201904297, -0.142804426, 0.874289234, 0.463895674, 0, 0, 0, 0, 0, 0, 0, 0.320698047, -0.117901221, -0.177068457, -0.182501814, 0.145220832, -0.972298734, 0.699951172, -0.675292969, -0.232177734, -0.690338851, -0.723034076, 0.0215319367, 0, 2, 5, 1, 
