time, trialNum, realDorsalTactorPos, realVentralTactorPos, boxPosX, boxPosY, boxPosZ, boxLocalRot_11, boxLocalRot_12, boxLocalRot_13, boxLocalRot_21, boxLocalRot_22, boxLocalRot_23, boxLocalRot_31, boxLocalRot_32, boxLocalRot_33, boxGlobalRot_11, boxGlobalRot_12, boxGlobalRot_13, boxGlobalRot_21, boxGlobalRot_22, boxGlobalRot_23, boxGlobalRot_31, boxGlobalRot_32, boxGlobalRot_33, indexForceX, indexForceY, indexForceZ, indexForceGlobalX, indexForceGlobalY, indexForceGlobalZ, indexContact, indexPosX, indexPosY, indexPosZ, indexRot_11, indexRot_12, indexRot_13, indexRot_21, indexRot_22, indexRot_23, indexRot_31, indexRot_32, indexRot_33, thumbForceX, thumbForceY, thumbForceZ, thumbForceGlobalX, thumbForceGlobalY, thumbForceGlobalZ, thumbContact, thumbPosX, thumbPosY, thumbPosZ, thumbRot_11, thumbRot_12, thumbRot_13, thumbRot_21, thumbRot_22, thumbRot_23, thumbRot_31, thumbRot_32, thumbRot_33, manipForceTooHigh, cceExpType, mapping, trialSuccess, 
700.203891, 58, 0.1, 0.1, 0.00773292342, 0.367971297, -0.0199675547, 0.973849209, 1.20269989e-005, -0.227195332, 0.227195331, 3.49597526e-005, 0.973849208, 1.9655176e-005, -0.999999999, 3.13130494e-005, 0.973849214, -3.43101231e-005, -0.227195305, 0.227195306, 2.52666803e-005, 0.973849214, -2.76724153e-005, -0.999999999, 3.24010357e-005, 0, 0, 0, 0, 0, 0, 0, 0.284891113, -0.100780493, -0.229974414, 0.0234438509, 0.594028029, -0.804087658, -0.973266602, 0.197265625, 0.117431641, 0.228392511, 0.77983377, 0.582914844, 0, -0, 0, 0, 0, 0, 0, 0.328185596, -0.0446355469, -0.204035498, 0.0990672945, 0.302269543, -0.948028242, -0.420654297, -0.850585938, -0.315185547, -0.901688685, 0.430192645, 0.0428625029, 0, 2, 5, 1, 
700.220743, 58, 0.1, 0.1, 0.00773293758, 0.367971295, -0.0199611357, 0.97384953, 4.66806836e-005, -0.22719395, 0.227193949, 2.14480786e-005, 0.973849531, 5.03328355e-005, -0.999999999, 1.02816324e-005, 0.973849471, 4.3518051e-005, -0.227194202, 0.227194201, 1.83701936e-005, 0.973849472, 4.65536325e-005, -0.999999999, 8.00275445e-006, 0, 0, 0, 0, 0, 0, 0, 0.300035522, -0.119097461, -0.225087744, 0.0163113022, 0.593296007, -0.80470847, -0.981689453, 0.162109375, 0.099609375, 0.189602001, 0.788477555, 0.585237825, 0, -0, 0, 0, 0, 0, 0, 0.340689453, -0.0625436523, -0.200197168, 0.0998000679, 0.272739769, -0.956887661, -0.391845703, -0.873046875, -0.289794922, -0.914499652, 0.404013312, 0.0197149099, 0, 2, 5, 1, 
700.221472, 58, 0.1, 0.1, 0.00773293372, 0.367971292, -0.0199622463, 0.973849862, -3.89426478e-005, -0.227192529, 0.227192528, -1.34894421e-005, 0.973849863, -4.09889927e-005, -0.999999999, -4.28921275e-006, 0.973849784, -2.83906282e-005, -0.227192865, 0.227192865, -2.92112626e-005, 0.973849784, -3.42847976e-005, -0.999999999, -2.19972336e-005, 0, 0, 0, 0, 0, 0, 0, 0.301899292, -0.121115527, -0.225371265, 0.00954904778, 0.597560051, -0.801749328, -0.983154297, 0.151489258, 0.101318359, 0.182021602, 0.787307829, 0.589094861, 0, -0, 0, 0, 0, 0, 0, 0.340689453, -0.0625436523, -0.200197168, 0.0976782716, 0.270432039, -0.957744035, -0.384887695, -0.877075195, -0.286987305, -0.917668487, 0.396774425, 0.0185202169, 0, 2, 5, 1, 
700.222164, 58, 0.1, 0.1, 0.00773293031, 0.367971297, -0.0199651312, 0.973850276, 2.99553425e-005, -0.227190756, 0.227190756, 1.50939094e-005, 0.973850276, 3.26012152e-005, -0.999999999, 7.89363091e-006, 0.973850186, 2.05870694e-005, -0.227191141, 0.22719114, 3.40947326e-005, 0.973850186, 2.77947426e-005, -0.999999999, 2.85259619e-005, 0, 0, 0, 0, 0, 0, 0, 0.301899292, -0.121115527, -0.225371265, 0.00954904778, 0.597560051, -0.801749328, -0.983154297, 0.151489258, 0.101318359, 0.182021602, 0.787307829, 0.589094861, 0, -0, 0, 0, 0, 0, 0, 0.342491602, -0.0648577637, -0.200055713, 0.0976782716, 0.270432039, -0.957744035, -0.384887695, -0.877075195, -0.286987305, -0.917668487, 0.396774425, 0.0185202169, 0, 2, 5, 1, 
700.222858, 58, 0.1, 0.1, 0.00773292716, 0.367971289, -0.0199691825, 0.973850785, -2.87473136e-005, -0.227188572, 0.227188571, -3.89546909e-005, 0.973850785, -3.68456545e-005, -0.999999999, -3.14049953e-005, 0.97385068, -2.05583615e-005, -0.227189026, 0.227189025, -5.12565534e-005, 0.973850679, -3.16657007e-005, -0.999999998, -4.52455953e-005, 0, 0, 0, 0, 0, 0, 0, 0.301899292, -0.121115527, -0.225371265, 0.00954904778, 0.597560051, -0.801749328, -0.983154297, 0.151489258, 0.101318359, 0.182021602, 0.787307829, 0.589094861, 0, -0, 0, 0, 0, 0, 0, 0.342491602, -0.0648577637, -0.200055713, 0.0976782716, 0.270432039, -0.957744035, -0.384887695, -0.877075195, -0.286987305, -0.917668487, 0.396774425, 0.0185202169, 0, 2, 5, 1, 
700.223553, 58, 0.1, 0.1, 0.00773292285, 0.367971295, -0.0199731675, 0.973851345, 1.13129304e-005, -0.227186175, 0.227186174, 5.56703247e-005, 0.973851343, 2.36646406e-005, -0.999999998, 5.16444792e-005, 0.973851235, 6.73500351e-006, -0.227186646, 0.227186645, 5.43180005e-005, 0.973851234, 1.88992158e-005, -0.999999999, 5.1367549e-005, 0, 0, 0, 0, 0, 0, 0, 0.301899292, -0.121115527, -0.225371265, 0.00954904778, 0.597560051, -0.801749328, -0.983154297, 0.151489258, 0.101318359, 0.182021602, 0.787307829, 0.589094861, 0, -0, 0, 0, 0, 0, 0, 0.342491602, -0.0648577637, -0.200055713, 0.0976782716, 0.270432039, -0.957744035, -0.384887695, -0.877075195, -0.286987305, -0.917668487, 0.396774425, 0.0185202169, 0, 2, 5, 1, 
700.224245, 58, 0.1, 0.1, 0.0077329194, 0.367971295, -0.019975888, 0.973851855, -7.44269357e-006, -0.22718399, 0.22718399, -5.43069093e-005, 0.973851853, -1.95857413e-005, -0.999999998, -5.11960235e-005, 0.973851766, -1.04908683e-005, -0.227184368, 0.227184367, -3.29234937e-005, 0.973851766, -1.76962537e-005, -0.999999999, -2.96792412e-005, 0, 0, 0, 0, 0, 0, 0, 0.301899292, -0.121115527, -0.225371265, 0.00954904778, 0.597560051, -0.801749328, -0.983154297, 0.151489258, 0.101318359, 0.182021602, 0.787307829, 0.589094861, 0, -0, 0, 0, 0, 0, 0, 0.342491602, -0.0648577637, -0.200055713, 0.0976782716, 0.270432039, -0.957744035, -0.384887695, -0.877075195, -0.286987305, -0.917668487, 0.396774425, 0.0185202169, 0, 2, 5, 1, 
700.224943, 58, 0.1, 0.1, 0.00773292094, 0.367971285, -0.0199766553, 0.973852211, 3.40285815e-005, -0.22718246, 0.22718246, -2.10094304e-005, 0.973852211, 2.83658352e-005, -0.999999999, -2.81907771e-005, 0.973852153, 3.60614162e-005, -0.227182707, 0.227182709, -4.19795033e-005, 0.973852153, 2.55814706e-005, -0.999999998, -4.90743599e-005, 0, 0, 0, 0, 0, 0, 0, 0.301899292, -0.121115527, -0.225371265, 0.00954904778, 0.597560051, -0.801749328, -0.983154297, 0.151489258, 0.101318359, 0.182021602, 0.787307829, 0.589094861, 0, -0, 0, 0, 0, 0, 0, 0.342491602, -0.0648577637, -0.200055713, 0.0976782716, 0.270432039, -0.957744035, -0.384887695, -0.877075195, -0.286987305, -0.917668487, 0.396774425, 0.0185202169, 0, 2, 5, 1, 
700.225637, 58, 0.1, 0.1, 0.00773291511, 0.367971294, -0.0199753646, 0.973852411, -4.16309784e-005, -0.227181599, 0.227181602, 6.76781205e-005, 0.973852409, -2.51672049e-005, -0.999999997, 7.53662932e-005, 0.973852378, -3.68445894e-005, -0.227181741, 0.227181743, 6.40121604e-005, 0.973852377, -2.13387969e-005, -0.999999997, 7.07088127e-005, 0, 0, 0, 0, 0, 0, 0, 0.301899292, -0.121115527, -0.225371265, 0.00954904778, 0.597560051, -0.801749328, -0.983154297, 0.151489258, 0.101318359, 0.182021602, 0.787307829, 0.589094861, 0, -0, 0, 0, 0, 0, 0, 0.342491602, -0.0648577637, -0.200055713, 0.0976782716, 0.270432039, -0.957744035, -0.384887695, -0.877075195, -0.286987305, -0.917668487, 0.396774425, 0.0185202169, 0, 2, 5, 1, 
700.226357, 58, 0.1, 0.1, 0.00773291178, 0.367971298, -0.0199723501, 0.973852595, 2.71570763e-005, -0.227180816, 0.227180817, -3.35947093e-005, 0.973852594, 1.88149157e-005, -0.999999999, -3.88858616e-005, 0.973852544, 1.77163454e-005, -0.227181036, 0.227181036, 7.06516668e-006, 0.973852544, 1.88581799e-005, -1, 2.85561284e-006, 0, 0, 0, 0, 0, 0, 0, 0.305422437, -0.123059766, -0.224650879, 0.00490458862, 0.598753742, -0.800860051, -0.985229492, 0.139526367, 0.0982666016, 0.170645202, 0.78860187, 0.590807892, 0, -0, 0, 0, 0, 0, 0, 0.342491602, -0.0648577637, -0.200055713, 0.0969301724, 0.267325537, -0.958626296, -0.376831055, -0.881469727, -0.283935547, -0.921061168, 0.388960613, 0.0152361771, 0, 2, 5, 1, 
700.227048, 58, 0.1, 0.1, 0.00773291148, 0.367971284, -0.0199687336, 0.973852875, 1.29836421e-005, -0.227179614, 0.227179614, -5.6703309e-005, 0.973852874, -2.37678664e-007, -0.999999998, -5.81702993e-005, 0.973852819, 6.29625767e-006, -0.227179855, 0.227179854, -7.68030789e-005, 0.973852816, -1.1316484e-005, -0.999999997, -7.62252778e-005, 0, 0, 0, 0, 0, 0, 0, 0.305422437, -0.123059766, -0.224650879, 0.00490458862, 0.598753742, -0.800860051, -0.985229492, 0.139526367, 0.0982666016, 0.170645202, 0.78860187, 0.590807892, 0, -0, 0, 0, 0, 0, 0, 0.345049658, -0.0672368164, -0.199513428, 0.0969301724, 0.267325537, -0.958626296, -0.376831055, -0.881469727, -0.283935547, -0.921061168, 0.388960613, 0.0152361771, 0, 2, 5, 1, 
700.227758, 58, 0.1, 0.1, 0.00773291118, 0.36797129, -0.0199655173, 0.973853076, -1.67965449e-005, -0.227178752, 0.227178752, 5.09510035e-005, 0.973853075, -4.78238149e-006, -0.999999999, 5.34346096e-005, 0.973853052, 4.38409933e-006, -0.227178858, 0.227178858, 5.445339e-005, 0.97385305, 1.66401275e-005, -0.999999999, 5.20336254e-005, 0, 0, 0, 0, 0, 0, 0, 0.305422437, -0.123059766, -0.224650879, 0.00490458862, 0.598753742, -0.800860051, -0.985229492, 0.139526367, 0.0982666016, 0.170645202, 0.78860187, 0.590807892, 0, -0, 0, 0, 0, 0, 0, 0.345049658, -0.0672368164, -0.199513428, 0.0969301724, 0.267325537, -0.958626296, -0.376831055, -0.881469727, -0.283935547, -0.921061168, 0.388960613, 0.0152361771, 0, 2, 5, 1, 
700.228455, 58, 0.1, 0.1, 0.00773290932, 0.36797129, -0.0199637625, 0.973853119, 3.85484786e-005, -0.227178569, 0.22717857, -2.87933726e-005, 0.973853119, 3.09993189e-005, -0.999999999, -3.67979039e-005, 0.97385312, 2.67865768e-005, -0.227178565, 0.227178566, -2.44577392e-005, 0.97385312, 2.05299173e-005, -0.999999999, -2.99035817e-005, 0, 0, 0, 0, 0, 0, 0, 0.305422437, -0.123059766, -0.224650879, 0.00490458862, 0.598753742, -0.800860051, -0.985229492, 0.139526367, 0.0982666016, 0.170645202, 0.78860187, 0.590807892, 0, -0, 0, 0, 0, 0, 0, 0.345049658, -0.0672368164, -0.199513428, 0.0969301724, 0.267325537, -0.958626296, -0.376831055, -0.881469727, -0.283935547, -0.921061168, 0.388960613, 0.0152361771, 0, 2, 5, 1, 
700.229148, 58, 0.1, 0.1, 0.00773290667, 0.367971291, -0.0199638368, 0.973853105, -2.3889336e-005, -0.227178627, 0.227178628, 2.63766447e-005, 0.973853105, -1.72724941e-005, -0.999999999, 3.11141239e-005, 0.973853107, -2.31203229e-005, -0.227178618, 0.227178619, 2.36032872e-005, 0.973853107, -1.71536361e-005, -0.999999999, 2.82385776e-005, 0, 0, 0, 0, 0, 0, 0, 0.305422437, -0.123059766, -0.224650879, 0.00490458862, 0.598753742, -0.800860051, -0.985229492, 0.139526367, 0.0982666016, 0.170645202, 0.78860187, 0.590807892, 0, -0, 0, 0, 0, 0, 0, 0.345049658, -0.0672368164, -0.199513428, 0.0969301724, 0.267325537, -0.958626296, -0.376831055, -0.881469727, -0.283935547, -0.921061168, 0.388960613, 0.0152361771, 0, 2, 5, 1, 
700.229845, 58, 0.1, 0.1, 0.00773290742, 0.367971288, -0.0199656201, 0.973853135, 2.1806251e-005, -0.227178499, 0.2271785, -4.62047496e-005, 0.973853134, 1.07393602e-005, -0.999999999, -4.99505516e-005, 0.97385312, 3.23842692e-005, -0.227178562, 0.227178563, -3.86881186e-005, 0.97385312, 2.27484104e-005, -0.999999999, -4.50335568e-005, 0, 0, 0, 0, 0, 0, 0, 0.305422437, -0.123059766, -0.224650879, 0.00490458862, 0.598753742, -0.800860051, -0.985229492, 0.139526367, 0.0982666016, 0.170645202, 0.78860187, 0.590807892, 0, -0, 0, 0, 0, 0, 0, 0.345049658, -0.0672368164, -0.199513428, 0.0969301724, 0.267325537, -0.958626296, -0.376831055, -0.881469727, -0.283935547, -0.921061168, 0.388960613, 0.0152361771, 0, 2, 5, 1, 
700.230543, 58, 0.1, 0.1, 0.00773290263, 0.367971286, -0.0199684727, 0.973853279, 1.79393403e-006, -0.227177884, 0.227177884, 2.42360775e-005, 0.973853279, 7.25292933e-006, -1, 2.31948414e-005, 0.97385324, -1.56038009e-005, -0.22717805, 0.22717805, 1.45268137e-005, 0.97385324, -1.18956388e-005, -1, 1.76918257e-005, 0, 0, 0, 0, 0, 0, 0, 0.305422437, -0.123059766, -0.224650879, 0.00490458862, 0.598753742, -0.800860051, -0.985229492, 0.139526367, 0.0982666016, 0.170645202, 0.78860187, 0.590807892, 0, -0, 0, 0, 0, 0, 0, 0.345049658, -0.0672368164, -0.199513428, 0.0969301724, 0.267325537, -0.958626296, -0.376831055, -0.881469727, -0.283935547, -0.921061168, 0.388960613, 0.0152361771, 0, 2, 5, 1, 
700.231264, 58, 0.1, 0.1, 0.00773290046, 0.367971284, -0.0199713383, 0.973853519, -1.49509741e-005, -0.227176856, 0.227176855, -3.87840124e-005, 0.973853518, -2.33708888e-005, -0.999999999, -3.43734316e-005, 0.973853469, -6.80500183e-006, -0.227177072, 0.227177071, -3.46833759e-005, 0.973853468, -1.45063424e-005, -0.999999999, -3.22305855e-005, 0, 0, 0, 0, 0, 0, 0, 0.308579785, -0.12501145, -0.223490112, 0.00184660198, 0.59980777, -0.800091341, -0.987182617, 0.128417969, 0.0939941406, 0.159141122, 0.78979444, 0.59254002, 0, -0, 0, 0, 0, 0, 0, 0.347412793, -0.0694124023, -0.198756201, 0.0965207584, 0.263816551, -0.959629958, -0.369140625, -0.885864258, -0.280761719, -0.924172767, 0.381472727, 0.0119393775, 0, 2, 5, 1, 
700.231966, 58, 0.1, 0.1, 0.00773289679, 0.367971285, -0.0199732439, 0.973853774, 1.97343813e-006, -0.227175764, 0.227175764, 3.35261412e-005, 0.973853773, 9.53816689e-006, -0.999999999, 3.22012418e-005, 0.973853727, 3.31376901e-006, -0.227175965, 0.227175965, 2.86338152e-005, 0.973853726, 9.73204091e-006, -1, 2.7132339e-005, 0, 0, 0, 0, 0, 0, 0, 0.308579785, -0.12501145, -0.223490112, 0.00184660198, 0.59980777, -0.800091341, -0.987182617, 0.128417969, 0.0939941406, 0.159141122, 0.78979444, 0.59254002, 0, -0, 0, 0, 0, 0, 0, 0.347412793, -0.0694124023, -0.198756201, 0.0965207584, 0.263816551, -0.959629958, -0.369140625, -0.885864258, -0.280761719, -0.924172767, 0.381472727, 0.0119393775, 0, 2, 5, 1, 
700.23266, 58, 0.1, 0.1, 0.00773289166, 0.367971285, -0.0199739936, 0.973853957, -5.43163661e-006, -0.227174975, 0.227174975, -2.07327605e-005, 0.973853957, -9.99958516e-006, -1, -1.89567489e-005, 0.97385393, -1.56185515e-005, -0.227175095, 0.227175094, -2.00812512e-005, 0.97385393, -1.97721479e-005, -1, -1.60080595e-005, 0, 0, 0, 0, 0, 0, 0, 0.308579785, -0.12501145, -0.223490112, 0.00184660198, 0.59980777, -0.800091341, -0.987182617, 0.128417969, 0.0939941406, 0.159141122, 0.78979444, 0.59254002, 0, -0, 0, 0, 0, 0, 0, 0.347412793, -0.0694124023, -0.198756201, 0.0965207584, 0.263816551, -0.959629958, -0.369140625, -0.885864258, -0.280761719, -0.924172767, 0.381472727, 0.0119393775, 0, 2, 5, 1, 
700.233376, 58, 0.1, 0.1, 0.00773289064, 0.367971284, -0.0199733414, 0.973854051, -7.65259681e-006, -0.227174573, 0.227174573, -1.25691456e-005, 0.973854051, -1.03079027e-005, -1, -1.0502038e-005, 0.973854035, 7.52071786e-006, -0.227174642, 0.227174642, 4.04507539e-006, 0.973854035, 8.24301998e-006, -1, 2.23079661e-006, 0, 0, 0, 0, 0, 0, 0, 0.308579785, -0.12501145, -0.223490112, 0.00135872327, 0.600341336, -0.799722526, -0.989013672, 0.118774414, 0.0874023438, 0.147477161, 0.790822259, 0.5940883, 0, -0, 0, 0, 0, 0, 0, 0.347412793, -0.0694124023, -0.198756201, 0.0965207584, 0.263816551, -0.959629958, -0.369140625, -0.885864258, -0.280761719, -0.924172767, 0.381472727, 0.0119393775, 0, 2, 5, 1, 
700.234085, 58, 0.1, 0.1, 0.00773288768, 0.367971285, -0.0199713024, 0.973854144, 1.93700606e-005, -0.227174176, 0.227174175, 1.31496463e-005, 0.973854144, 2.18508738e-005, -1, 8.40545999e-006, 0.973854121, 9.5388387e-006, -0.227174276, 0.227174275, 1.536756e-005, 0.973854121, 1.27805517e-005, -1, 1.27987829e-005, 0, 0, 0, 0, 0, 0, 0, 0.312091235, -0.127659961, -0.221680615, 0.00135872327, 0.600341336, -0.799722526, -0.989013672, 0.118774414, 0.0874023438, 0.147477161, 0.790822259, 0.5940883, 0, -0, 0, 0, 0, 0, 0, 0.350098779, -0.0720459473, -0.197581299, 0.0975681635, 0.260026482, -0.960601904, -0.361450195, -0.890014648, -0.277709961, -0.927131248, 0.374323525, 0.00717299892, 0, 2, 5, 1, 
700.234786, 58, 0.1, 0.1, 0.00773288463, 0.367971285, -0.0199688626, 0.973854299, -1.95450996e-005, -0.22717351, 0.22717351, 1.34233256e-005, 0.973854299, -1.59846553e-005, -1, 1.75124922e-005, 0.973854264, -1.98571997e-005, -0.227173662, 0.227173662, 8.29572634e-006, 0.973854264, -1.7453448e-005, -1, 1.25898612e-005, 0, 0, 0, 0, 0, 0, 0, 0.312091235, -0.127659961, -0.221680615, 0.00135872327, 0.600341336, -0.799722526, -0.989013672, 0.118774414, 0.0874023438, 0.147477161, 0.790822259, 0.5940883, 0, -0, 0, 0, 0, 0, 0, 0.350098779, -0.0720459473, -0.197581299, 0.0975681635, 0.260026482, -0.960601904, -0.361450195, -0.890014648, -0.277709961, -0.927131248, 0.374323525, 0.00717299892, 0, 2, 5, 1, 
700.235484, 58, 0.1, 0.1, 0.00773288479, 0.367971286, -0.0199667996, 0.973854469, 8.29103375e-006, -0.227172782, 0.227172782, 1.42734386e-005, 0.973854469, 1.1316797e-005, -1, 1.20167547e-005, 0.973854438, 2.35466142e-005, -0.227172914, 0.227172914, 2.40655384e-006, 0.973854438, 2.34776786e-005, -1, -3.00551983e-006, 0, 0, 0, 0, 0, 0, 0, 0.312091235, -0.127659961, -0.221680615, 0.00135872327, 0.600341336, -0.799722526, -0.989013672, 0.118774414, 0.0874023438, 0.147477161, 0.790822259, 0.5940883, 0, -0, 0, 0, 0, 0, 0, 0.350098779, -0.0720459473, -0.197581299, 0.0975681635, 0.260026482, -0.960601904, -0.361450195, -0.890014648, -0.277709961, -0.927131248, 0.374323525, 0.00717299892, 0, 2, 5, 1, 
700.236174, 58, 0.1, 0.1, 0.00773288045, 0.367971286, -0.0199657307, 0.973854547, 1.36254591e-005, -0.227172446, 0.227172447, -5.66884201e-006, 0.973854547, 1.19814106e-005, -1, -8.61595646e-006, 0.97385454, -5.75823319e-006, -0.227172478, 0.227172478, -1.55268982e-005, 0.97385454, -9.13496547e-006, -1, -1.38128282e-005, 0, 0, 0, 0, 0, 0, 0, 0.312091235, -0.127659961, -0.221680615, 0.00135872327, 0.600341336, -0.799722526, -0.989013672, 0.118774414, 0.0874023438, 0.147477161, 0.790822259, 0.5940883, 0, -0, 0, 0, 0, 0, 0, 0.350098779, -0.0720459473, -0.197581299, 0.0975681635, 0.260026482, -0.960601904, -0.361450195, -0.890014648, -0.277709961, -0.927131248, 0.374323525, 0.00717299892, 0, 2, 5, 1, 
700.236872, 58, 0.1, 0.1, 0.00773287846, 0.367971286, -0.019965876, 0.973854544, -2.09875288e-005, -0.227172462, 0.227172462, -2.19029224e-005, 0.973854544, -2.5414541e-005, -1, -1.65624719e-005, 0.973854545, -1.14810694e-005, -0.227172456, 0.227172456, -1.38988009e-005, 0.973854545, -1.43383163e-005, -1, -1.09272277e-005, 0, 0, 0, 0, 0, 0, 0, 0.312091235, -0.127659961, -0.221680615, 0.00135872327, 0.600341336, -0.799722526, -0.989013672, 0.118774414, 0.0874023438, 0.147477161, 0.790822259, 0.5940883, 0, -0, 0, 0, 0, 0, 0, 0.350098779, -0.0720459473, -0.197581299, 0.0975681635, 0.260026482, -0.960601904, -0.361450195, -0.890014648, -0.277709961, -0.927131248, 0.374323525, 0.00717299892, 0, 2, 5, 1, 
700.237572, 58, 0.1, 0.1, 0.00773287629, 0.367971285, -0.0199671062, 0.973854573, 1.98200271e-005, -0.227172336, 0.227172337, -1.05524045e-005, 0.973854573, 1.69046096e-005, -1, -1.47790692e-005, 0.97385456, 1.70832734e-005, -0.227172391, 0.227172391, 5.01448087e-006, 0.97385456, 1.77757753e-005, -1, 1.00252699e-006, 0, 0, 0, 0, 0, 0, 0, 0.312091235, -0.127659961, -0.221680615, 0.00135872327, 0.600341336, -0.799722526, -0.989013672, 0.118774414, 0.0874023438, 0.147477161, 0.790822259, 0.5940883, 0, -0, 0, 0, 0, 0, 0, 0.350098779, -0.0720459473, -0.197581299, 0.0975681635, 0.260026482, -0.960601904, -0.361450195, -0.890014648, -0.277709961, -0.927131248, 0.374323525, 0.00717299892, 0, 2, 5, 1, 
700.238264, 58, 0.1, 0.1, 0.0077328711, 0.367971286, -0.0199689559, 0.973854692, -2.02192265e-005, -0.227171824, 0.227171825, 3.19926579e-005, 0.973854692, -1.24227581e-005, -0.999999999, 3.57494386e-005, 0.97385466, -2.75107687e-005, -0.227171962, 0.227171963, 1.7589554e-005, 0.97385466, -2.27956368e-005, -0.999999999, 2.33793445e-005, 0, 0, 0, 0, 0, 0, 0, 0.312091235, -0.127659961, -0.221680615, 0.00135872327, 0.600341336, -0.799722526, -0.989013672, 0.118774414, 0.0874023438, 0.147477161, 0.790822259, 0.5940883, 0, -0, 0, 0, 0, 0, 0, 0.350098779, -0.0720459473, -0.197581299, 0.0975681635, 0.260026482, -0.960601904, -0.361450195, -0.890014648, -0.277709961, -0.927131248, 0.374323525, 0.00717299892, 0, 2, 5, 1, 
700.238988, 58, 0.1, 0.1, 0.00773287014, 0.367971288, -0.0199706942, 0.973854919, -2.42130691e-006, -0.227170854, 0.227170854, -3.19302649e-005, 0.973854918, -9.61162719e-006, -0.999999999, -3.05453951e-005, 0.973854867, 1.17539785e-005, -0.227171075, 0.227171075, -1.29538272e-005, 0.973854867, 8.5039343e-006, -1, -1.52853116e-005, 0, 0, 0, 0, 0, 0, 0, 0.315590479, -0.130085229, -0.219866357, 0.000629709706, 0.600874903, -0.799252239, -0.990600586, 0.108886719, 0.0810546875, 0.135851392, 0.791850077, 0.595496917, 0, -0, 0, 0, 0, 0, 0, 0.352774756, -0.0746829102, -0.196398096, 0.0985069269, 0.256261932, -0.961452448, -0.353271484, -0.894165039, -0.274536133, -0.930223891, 0.366931521, 0.00241938013, 0, 2, 5, 1, 
700.239684, 58, 0.1, 0.1, 0.00773286752, 0.367971285, -0.0199718981, 0.973855171, 1.15220681e-005, -0.227169771, 0.227169771, 2.02863441e-005, 0.973855171, 1.58292698e-005, -1, 1.71384955e-005, 0.973855124, 6.80366305e-006, -0.227169975, 0.227169975, 6.24192452e-006, 0.973855124, 8.04375996e-006, -1, 4.53314221e-006, 0, 0, 0, 0, 0, 0, 0, 0.315590479, -0.130085229, -0.219866357, 0.000629709706, 0.600874903, -0.799252239, -0.990600586, 0.108886719, 0.0810546875, 0.135851392, 0.791850077, 0.595496917, 0, -0, 0, 0, 0, 0, 0, 0.352774756, -0.0746829102, -0.196398096, 0.0985069269, 0.256261932, -0.961452448, -0.353271484, -0.894165039, -0.274536133, -0.930223891, 0.366931521, 0.00241938013, 0, 2, 5, 1, 
700.240379, 58, 0.1, 0.1, 0.00773286423, 0.367971284, -0.0199723712, 0.973855369, -1.06214959e-005, -0.227168922, 0.227168922, -3.73040811e-005, 0.973855369, -1.88181287e-005, -0.999999999, -3.39159059e-005, 0.973855338, -1.41936799e-005, -0.227169056, 0.227169056, -2.52898974e-005, 0.973855338, -1.95676731e-005, -1, -2.14043368e-005, 0, 0, 0, 0, 0, 0, 0, 0.315590479, -0.130085229, -0.219866357, 0.000629709706, 0.600874903, -0.799252239, -0.990600586, 0.108886719, 0.0810546875, 0.135851392, 0.791850077, 0.595496917, 0, -0, 0, 0, 0, 0, 0, 0.352774756, -0.0746829102, -0.196398096, 0.0985069269, 0.256261932, -0.961452448, -0.353271484, -0.894165039, -0.274536133, -0.930223891, 0.366931521, 0.00241938013, 0, 2, 5, 1, 
700.241074, 58, 0.1, 0.1, 0.0077328635, 0.367971283, -0.019972025, 0.973855461, -2.01797015e-006, -0.227168531, 0.227168531, 2.30429171e-005, 0.97385546, 3.26941439e-006, -1, 2.289889e-005, 0.973855453, 1.11204008e-005, -0.227168563, 0.227168563, 1.18677228e-005, 0.973855453, 1.35256365e-005, -1, 9.03124113e-006, 0, 0, 0, 0, 0, 0, 0, 0.315590479, -0.130085229, -0.219866357, 0.000629709706, 0.600874903, -0.799252239, -0.990600586, 0.108886719, 0.0810546875, 0.135851392, 0.791850077, 0.595496917, 0, -0, 0, 0, 0, 0, 0, 0.352774756, -0.0746829102, -0.196398096, 0.0985069269, 0.256261932, -0.961452448, -0.353271484, -0.894165039, -0.274536133, -0.930223891, 0.366931521, 0.00241938013, 0, 2, 5, 1, 
700.241789, 58, 0.1, 0.1, 0.0077328582, 0.367971283, -0.0199708221, 0.973855437, 1.16518524e-005, -0.227168631, 0.227168632, -2.49808705e-005, 0.973855437, 5.67234966e-006, -1, -2.6974692e-005, 0.973855451, -9.16898177e-006, -0.227168575, 0.227168575, -1.7957321e-005, 0.97385545, -1.30086019e-005, -1, -1.54049305e-005, 0, 0, 0, 0, 0, 0, 0, 0.315590479, -0.130085229, -0.219866357, 0.000629709706, 0.600874903, -0.799252239, -0.990600586, 0.108886719, 0.0810546875, 0.135851392, 0.791850077, 0.595496917, 0, -0, 0, 0, 0, 0, 0, 0.355024268, -0.0771066406, -0.194776709, 0.0996629738, 0.252388741, -0.962424394, -0.345214844, -0.89831543, -0.271362305, -0.93304821, 0.359405355, -0.00234699848, 0, 2, 5, 1, 
700.242489, 58, 0.1, 0.1, 0.00773285569, 0.367971283, -0.0199692769, 0.973855353, -3.15456565e-005, -0.227168991, 0.227168992, 3.28410763e-005, 0.973855353, -2.32604322e-005, -0.999999999, 3.9148653e-005, 0.97385537, -1.95806193e-005, -0.22716892, 0.227168921, 2.00604171e-005, 0.97385537, -1.45115879e-005, -1, 2.3984053e-005, 0, 0, 0, 0, 0, 0, 0, 0.315590479, -0.130085229, -0.219866357, 0.000629709706, 0.600874903, -0.799252239, -0.990600586, 0.108886719, 0.0810546875, 0.135851392, 0.791850077, 0.595496917, 0, -0, 0, 0, 0, 0, 0, 0.355024268, -0.0771066406, -0.194776709, 0.0996629738, 0.252388741, -0.962424394, -0.345214844, -0.89831543, -0.271362305, -0.93304821, 0.359405355, -0.00234699848, 0, 2, 5, 1, 
700.243185, 58, 0.1, 0.1, 0.00773285299, 0.367971286, -0.019967919, 0.973855305, 1.93570116e-005, -0.227169197, 0.227169197, -1.73750363e-005, 0.973855305, 1.49038554e-005, -1, -2.1318088e-005, 0.973855306, 1.73091138e-005, -0.227169193, 0.227169193, -1.98225974e-006, 0.973855306, 1.6406264e-005, -1, -5.86253159e-006, 0, 0, 0, 0, 0, 0, 0, 0.315590479, -0.130085229, -0.219866357, 0.000629709706, 0.600874903, -0.799252239, -0.990600586, 0.108886719, 0.0810546875, 0.135851392, 0.791850077, 0.595496917, 0, -0, 0, 0, 0, 0, 0, 0.355024268, -0.0771066406, -0.194776709, 0.0996629738, 0.252388741, -0.962424394, -0.345214844, -0.89831543, -0.271362305, -0.93304821, 0.359405355, -0.00234699848, 0, 2, 5, 1, 
700.244312, 58, 0.1, 0.1, 0.00773283952, 0.367971285, -0.0199619922, 0.973855429, -1.85998255e-005, -0.227168665, 0.227168665, 9.81581825e-006, 0.973855429, -1.58836947e-005, -1, 1.37844854e-005, 0.97385539, -4.74178889e-005, -0.227168829, 0.22716883, 1.46566268e-005, 0.973855391, -4.2848638e-005, -0.999999999, 2.50453013e-005, 0, 0, 0, 0, 0, 0, 0, 0.318287451, -0.133004468, -0.217423633, 0.00159575329, 0.600463025, -0.799537557, -0.991943359, 0.101318359, 0.0740966797, 0.125563847, 0.793151232, 0.596036475, 0, -0, 0, 0, 0, 0, 0, 0.355024268, -0.0771066406, -0.194776709, 0.0996629738, 0.252388741, -0.962424394, -0.345214844, -0.89831543, -0.271362305, -0.93304821, 0.359405355, -0.00234699848, 0, 2, 5, 1, 
700.245446, 58, 0.1, 0.1, 0.00773284444, 0.367971287, -0.0199511745, 0.973855579, -3.45138189e-005, -0.22716802, 0.227168021, 2.33951938e-005, 0.973855579, -2.82968352e-005, -0.999999999, 3.0623976e-005, 0.973855573, 1.72739799e-005, -0.227168049, 0.227168049, 2.64228799e-005, 0.973855573, 2.28247956e-005, -1, 2.18079726e-005, 0, 0, 0, 0, 0, 0, 0, 0.318287451, -0.133004468, -0.217423633, 0.00159575329, 0.600463025, -0.799537557, -0.991943359, 0.101318359, 0.0740966797, 0.125563847, 0.793151232, 0.596036475, 0, -0, 0, 0, 0, 0, 0, 0.355024268, -0.0771066406, -0.194776709, 0.0996629738, 0.252388741, -0.962424394, -0.345214844, -0.89831543, -0.271362305, -0.93304821, 0.359405355, -0.00234699848, 0, 2, 5, 1, 
700.246507, 58, 0.1, 0.1, 0.00773284252, 0.367971282, -0.0199418319, 0.973855407, 6.93428312e-005, -0.227168751, 0.22716875, 2.49790332e-005, 0.973855409, 7.3204347e-005, -0.999999997, 8.57344221e-006, 0.973855456, 5.83586941e-005, -0.227168545, 0.227168546, -9.7709434e-006, 0.973855457, 5.46132817e-005, -0.999999998, -2.27727462e-005, 0, 0, 0, 0, 0, 0, 0, 0.319939111, -0.135769531, -0.216862891, -0.000685288583, 0.603222972, -0.797473685, -0.992675781, 0.0950927734, 0.0727539063, 0.119745531, 0.791848956, 0.59892298, 0, -0, 0, 0, 0, 0, 0, 0.355024268, -0.0771066406, -0.194776709, 0.0977201817, 0.250272775, -0.963184887, -0.338867188, -0.901489258, -0.268676758, -0.935584518, 0.352677594, -0.00328612843, 0, 2, 5, 1, 
700.2472, 58, 0.1, 0.1, 0.0077328404, 0.367971281, -0.0199427694, 0.973855211, -7.90611601e-005, -0.22716959, 0.227169588, -3.28321845e-005, 0.973855214, -8.44525968e-005, -0.999999996, -1.40135027e-005, 0.973855235, -4.22665744e-005, -0.227169495, 0.227169493, -3.48244184e-005, 0.973855236, -4.90725703e-005, -0.999999999, -2.43122659e-005, 0, 0, 0, 0, 0, 0, 0, 0.319939111, -0.135769531, -0.216862891, -0.000685288583, 0.603222972, -0.797473685, -0.992675781, 0.0950927734, 0.0727539063, 0.119745531, 0.791848956, 0.59892298, 0, -0, 0, 0, 0, 0, 0, 0.35662832, -0.0791740723, -0.194623535, 0.0977201817, 0.250272775, -0.963184887, -0.338867188, -0.901489258, -0.268676758, -0.935584518, 0.352677594, -0.00328612843, 0, 2, 5, 1, 
700.247896, 58, 0.1, 0.1, 0.00773282683, 0.36797128, -0.019951525, 0.973855171, 1.63297003e-005, -0.227169771, 0.227169772, -8.78792146e-006, 0.973855171, 1.39064129e-005, -1, -1.2267777e-005, 0.973855185, -3.48631753e-005, -0.227169711, 0.227169711, -1.45141038e-005, 0.973855186, -3.72488488e-005, -0.999999999, -6.21477778e-006, 0, 0, 0, 0, 0, 0, 0, 0.319939111, -0.135769531, -0.216862891, -0.000685288583, 0.603222972, -0.797473685, -0.992675781, 0.0950927734, 0.0727539063, 0.119745531, 0.791848956, 0.59892298, 0, -0, 0, 0, 0, 0, 0, 0.35662832, -0.0791740723, -0.194623535, 0.0977201817, 0.250272775, -0.963184887, -0.338867188, -0.901489258, -0.268676758, -0.935584518, 0.352677594, -0.00328612843, 0, 2, 5, 1, 
700.248619, 58, 0.1, 0.1, 0.00773283648, 0.367971285, -0.0199651024, 0.973855012, 4.14790474e-005, -0.22717045, 0.22717045, 1.35758474e-005, 0.973855013, 4.34786096e-005, -0.999999999, 3.79809322e-006, 0.973855046, 5.89235113e-005, -0.2271703, 0.227170298, 3.34657103e-005, 0.973855048, 6.49853743e-005, -0.999999998, 1.92050793e-005, 0, 0, 0, 0, 0, 0, 0, 0.319939111, -0.135769531, -0.216862891, -0.000685288583, 0.603222972, -0.797473685, -0.992675781, 0.0950927734, 0.0727539063, 0.119745531, 0.791848956, 0.59892298, 0, -0, 0, 0, 0, 0, 0, 0.35662832, -0.0791740723, -0.194623535, 0.0977201817, 0.250272775, -0.963184887, -0.338867188, -0.901489258, -0.268676758, -0.935584518, 0.352677594, -0.00328612843, 0, 2, 5, 1, 
700.249335, 58, 0.1, 0.1, 0.00773282707, 0.367971277, -0.0199781599, 0.973854921, -7.45030409e-005, -0.227170834, 0.227170831, -4.32891093e-005, 0.973854923, -8.23891762e-005, -0.999999996, -2.52323944e-005, 0.973854927, -6.37122579e-005, -0.227170811, 0.227170808, -5.09424992e-005, 0.973854928, -7.36191452e-005, -0.999999997, -3.51370387e-005, 0, 0, 0, 0, 0, 0, 0, 0.319939111, -0.135769531, -0.216862891, -0.000685288583, 0.603222972, -0.797473685, -0.992675781, 0.0950927734, 0.0727539063, 0.119745531, 0.791848956, 0.59892298, 0, -0, 0, 0, 0, 0, 0, 0.35662832, -0.0791740723, -0.194623535, 0.0977201817, 0.250272775, -0.963184887, -0.338867188, -0.901489258, -0.268676758, -0.935584518, 0.352677594, -0.00328612843, 0, 2, 5, 1, 
700.250034, 58, 0.1, 0.1, 0.00773281334, 0.367971278, -0.0199871449, 0.973854961, -3.38404561e-005, -0.227170673, 0.227170674, 3.07296611e-005, 0.97385496, -2.59748182e-005, -0.999999999, 3.76137921e-005, 0.973854941, -5.35693358e-005, -0.227170751, 0.227170752, 2.10944106e-005, 0.973854942, -4.73767293e-005, -0.999999998, 3.27122823e-005, 0, 0, 0, 0, 0, 0, 0, 0.319939111, -0.135769531, -0.216862891, -0.000685288583, 0.603222972, -0.797473685, -0.992675781, 0.0950927734, 0.0727539063, 0.119745531, 0.791848956, 0.59892298, 0, -0, 0, 0, 0, 0, 0, 0.35662832, -0.0791740723, -0.194623535, 0.0977201817, 0.250272775, -0.963184887, -0.338867188, -0.901489258, -0.268676758, -0.935584518, 0.352677594, -0.00328612843, 0, 2, 5, 1, 
700.250732, 58, 0.1, 0.1, 0.00773281923, 0.367971285, -0.0199902695, 0.973855125, 7.2224128e-005, -0.227169959, 0.227169958, 2.10009361e-005, 0.973855128, 7.51066192e-005, -0.999999997, 4.04471713e-006, 0.973855083, 5.81116586e-005, -0.227170142, 0.22717014, 3.00982662e-005, 0.973855085, 6.34297616e-005, -0.999999998, 1.61101159e-005, 0, 0, 0, 0, 0, 0, 0, 0.319939111, -0.135769531, -0.216862891, -0.000685288583, 0.603222972, -0.797473685, -0.992675781, 0.0950927734, 0.0727539063, 0.119745531, 0.791848956, 0.59892298, 0, -0, 0, 0, 0, 0, 0, 0.35662832, -0.0791740723, -0.194623535, 0.0977201817, 0.250272775, -0.963184887, -0.338867188, -0.901489258, -0.268676758, -0.935584518, 0.352677594, -0.00328612843, 0, 2, 5, 1, 
700.251495, 58, 0.1, 0.1, 0.00773283488, 0.367971283, -0.0199864239, 0.973855398, 6.1074603e-005, -0.227168793, 0.227168795, -1.99964244e-005, 0.973855399, 5.49352683e-005, -0.999999998, -3.33478698e-005, 0.973855338, 7.6129647e-005, -0.227169043, 0.227169045, -1.73594714e-005, 0.973855341, 7.01957288e-005, -0.999999997, -3.41999132e-005, 0, 0, 0, 0, 0, 0, 0, 0.322724805, -0.138337842, -0.216101245, -0.00251026996, 0.605437369, -0.795828802, -0.993652344, 0.0876464844, 0.0699462891, 0.112124696, 0.791003862, 0.601505071, 0, -0, 0, 0, 0, 0, 0, 0.35662832, -0.0791740723, -0.194623535, 0.0971255669, 0.247051435, -0.964022305, -0.33203125, -0.905029297, -0.265380859, -0.938101868, 0.345956397, -0.0058289988, 0, 2, 5, 1, 
700.25219, 58, 0.1, 0.1, 0.00773283125, 0.367971283, -0.0199779502, 0.973855697, -5.77451384e-005, -0.22716751, 0.227167512, 2.13509694e-005, 0.973855698, -5.13851855e-005, -0.999999998, 3.39105826e-005, 0.973855634, -4.24824655e-005, -0.227167783, 0.227167784, 1.07522759e-005, 0.973855635, -3.89292177e-005, -0.999999999, 2.0121812e-005, 0, 0, 0, 0, 0, 0, 0, 0.322724805, -0.138337842, -0.216101245, -0.00251026996, 0.605437369, -0.795828802, -0.993652344, 0.0876464844, 0.0699462891, 0.112124696, 0.791003862, 0.601505071, 0, -0, 0, 0, 0, 0, 0, 0.358768457, -0.0815377441, -0.193839453, 0.0971255669, 0.247051435, -0.964022305, -0.33203125, -0.905029297, -0.265380859, -0.938101868, 0.345956397, -0.0058289988, 0, 2, 5, 1, 
700.252888, 58, 0.1, 0.1, 0.00773282483, 0.367971286, -0.0199679102, 0.97385601, 2.98886168e-005, -0.227166175, 0.227166176, -1.50754401e-005, 0.97385601, 2.56825791e-005, -0.999999999, -2.14709908e-005, 0.973855949, -9.80387298e-006, -0.227166436, 0.227166436, 5.22947487e-006, 0.973855949, -8.35959886e-006, -1, 7.31986611e-006, 0, 0, 0, 0, 0, 0, 0, 0.322724805, -0.138337842, -0.216101245, -0.00251026996, 0.605437369, -0.795828802, -0.993652344, 0.0876464844, 0.0699462891, 0.112124696, 0.791003862, 0.601505071, 0, -0, 0, 0, 0, 0, 0, 0.358768457, -0.0815377441, -0.193839453, 0.0971255669, 0.247051435, -0.964022305, -0.33203125, -0.905029297, -0.265380859, -0.938101868, 0.345956397, -0.0058289988, 0, 2, 5, 1, 
700.253597, 58, 0.1, 0.1, 0.0077328326, 0.367971282, -0.0199591449, 0.973856291, 1.29439949e-007, -0.227164974, 0.227164974, 1.04722431e-005, 0.973856291, 2.50498275e-006, -1, 1.01690556e-005, 0.973856237, 3.70655154e-005, -0.2271652, 0.2271652, -1.19242064e-005, 0.973856238, 3.33877187e-005, -0.999999999, -2.0032458e-005, 0, 0, 0, 0, 0, 0, 0, 0.322724805, -0.138337842, -0.216101245, -0.00251026996, 0.605437369, -0.795828802, -0.993652344, 0.0876464844, 0.0699462891, 0.112124696, 0.791003862, 0.601505071, 0, -0, 0, 0, 0, 0, 0, 0.358768457, -0.0815377441, -0.193839453, 0.0971255669, 0.247051435, -0.964022305, -0.33203125, -0.905029297, -0.265380859, -0.938101868, 0.345956397, -0.0058289988, 0, 2, 5, 1, 
700.254352, 58, 0.1, 0.1, 0.0077328178, 0.367971281, -0.0199533575, 0.973856423, -4.35382978e-005, -0.227164404, 0.227164402, -3.58308204e-005, 0.973856423, -5.0539538e-005, -0.999999998, -2.50037232e-005, 0.97385641, -6.77753104e-005, -0.227164452, 0.22716445, -3.09560848e-005, 0.973856412, -7.30355427e-005, -0.999999997, -1.47506405e-005, 0, 0, 0, 0, 0, 0, 0, 0.325087451, -0.14164375, -0.214947192, -0.00403570668, 0.606281341, -0.795155573, -0.994140625, 0.0828857422, 0.0681152344, 0.107175441, 0.79087019, 0.602634361, 0, -0, 0, 0, 0, 0, 0, 0.360702197, -0.0846036133, -0.193080273, 0.0965885547, 0.242788886, -0.965223927, -0.327026367, -0.908081055, -0.261108398, -0.939999451, 0.340966905, -0.00841014863, 0, 2, 5, 1, 
700.255049, 58, 0.1, 0.1, 0.00773282568, 0.367971288, -0.0199528884, 0.973856368, 6.77404761e-005, -0.227164634, 0.227164629, 7.0123174e-005, 0.973856368, 8.18989992e-005, -0.999999995, 5.29016594e-005, 0.973856386, 7.01260797e-005, -0.227164554, 0.22716455, 6.79260358e-005, 0.973856387, 8.37231183e-005, -0.999999995, 5.02200444e-005, 0, 0, 0, 0, 0, 0, 0, 0.325087451, -0.14164375, -0.214947192, -0.00403570668, 0.606281341, -0.795155573, -0.994140625, 0.0828857422, 0.0681152344, 0.107175441, 0.79087019, 0.602634361, 0, -0, 0, 0, 0, 0, 0, 0.360702197, -0.0846036133, -0.193080273, 0.0965885547, 0.242788886, -0.965223927, -0.327026367, -0.908081055, -0.261108398, -0.939999451, 0.340966905, -0.00841014863, 0, 2, 5, 1, 
700.255746, 58, 0.1, 0.1, 0.00773282422, 0.367971285, -0.0199573269, 0.973856269, -4.71449842e-005, -0.22716506, 0.227165057, -6.62232284e-005, 0.973856269, -6.0956042e-005, -0.999999997, -5.37822131e-005, 0.973856287, -3.45212886e-005, -0.227164986, 0.227164984, -5.44079615e-005, 0.973856287, -4.59783577e-005, -0.999999998, -4.51435074e-005, 0, 0, 0, 0, 0, 0, 0, 0.325087451, -0.14164375, -0.214947192, -0.00403570668, 0.606281341, -0.795155573, -0.994140625, 0.0828857422, 0.0681152344, 0.107175441, 0.79087019, 0.602634361, 0, -0, 0, 0, 0, 0, 0, 0.360702197, -0.0846036133, -0.193080273, 0.0965885547, 0.242788886, -0.965223927, -0.327026367, -0.908081055, -0.261108398, -0.939999451, 0.340966905, -0.00841014863, 0, 2, 5, 1, 
700.256472, 58, 0.1, 0.1, 0.00773282038, 0.367971286, -0.0199652073, 0.973856195, 2.78837764e-005, -0.227165383, 0.227165381, 6.87660771e-005, 0.973856193, 4.27760606e-005, -0.999999997, 6.06340415e-005, 0.97385621, 8.51553875e-006, -0.227165321, 0.22716532, 3.74173564e-005, 0.973856209, 1.67928361e-005, -0.999999999, 3.45046898e-005, 0, 0, 0, 0, 0, 0, 0, 0.325087451, -0.14164375, -0.214947192, -0.00403570668, 0.606281341, -0.795155573, -0.994140625, 0.0828857422, 0.0681152344, 0.107175441, 0.79087019, 0.602634361, 0, -0, 0, 0, 0, 0, 0, 0.360702197, -0.0846036133, -0.193080273, 0.0965885547, 0.242788886, -0.965223927, -0.327026367, -0.908081055, -0.261108398, -0.939999451, 0.340966905, -0.00841014863, 0, 2, 5, 1, 
700.25718, 58, 0.1, 0.1, 0.0077328259, 0.367971298, -0.0199730713, 0.973856144, 1.42399713e-005, -0.227165602, 0.227165602, 1.74584079e-005, 0.973856144, 1.78336332e-005, -1, 1.37671461e-005, 0.97385615, 2.92312883e-005, -0.227165573, 0.227165571, 5.05494073e-005, 0.97385615, 3.9950155e-005, -0.999999998, 4.25875089e-005, 0, 0, 0, 0, 0, 0, 0, 0.325087451, -0.14164375, -0.214947192, -0.00403570668, 0.606281341, -0.795155573, -0.994140625, 0.0828857422, 0.0681152344, 0.107175441, 0.79087019, 0.602634361, 0, -0, 0, 0, 0, 0, 0, 0.360702197, -0.0846036133, -0.193080273, 0.0965885547, 0.242788886, -0.965223927, -0.327026367, -0.908081055, -0.261108398, -0.939999451, 0.340966905, -0.00841014863, 0, 2, 5, 1, 
700.257881, 58, 0.1, 0.1, 0.00773281944, 0.367971285, -0.0199790966, 0.97385611, -3.59610041e-005, -0.227165745, 0.227165742, -8.57118453e-005, 0.973856108, -5.44916387e-005, -0.999999996, -7.53018961e-005, 0.973856117, -3.59336064e-005, -0.227165716, 0.227165712, -8.57764225e-005, 0.973856115, -5.44796247e-005, -0.999999996, -7.53710105e-005, 0, 0, 0, 0, 0, 0, 0, 0.325087451, -0.14164375, -0.214947192, -0.00403570668, 0.606281341, -0.795155573, -0.994140625, 0.0828857422, 0.0681152344, 0.107175441, 0.79087019, 0.602634361, 0, -0, 0, 0, 0, 0, 0, 0.360702197, -0.0846036133, -0.193080273, 0.0965885547, 0.242788886, -0.965223927, -0.327026367, -0.908081055, -0.261108398, -0.939999451, 0.340966905, -0.00841014863, 0, 2, 5, 1, 
700.258577, 58, 0.1, 0.1, 0.0077328161, 0.367971279, -0.0199819028, 0.973856078, 1.03796705e-005, -0.227165886, 0.227165885, 3.01758019e-005, 0.973856078, 1.69632179e-005, -0.999999999, 2.70289811e-005, 0.973856091, 2.74597041e-006, -0.227165829, 0.227165829, -3.40557509e-006, 0.973856091, 1.90054972e-006, -1, -3.94033069e-006, 0, 0, 0, 0, 0, 0, 0, 0.325087451, -0.14164375, -0.214947192, -0.00403570668, 0.606281341, -0.795155573, -0.994140625, 0.0828857422, 0.0681152344, 0.107175441, 0.79087019, 0.602634361, 0, -0, 0, 0, 0, 0, 0, 0.360702197, -0.0846036133, -0.193080273, 0.0965885547, 0.242788886, -0.965223927, -0.327026367, -0.908081055, -0.261108398, -0.939999451, 0.340966905, -0.00841014863, 0, 2, 5, 1, 
