time, trialNum, realDorsalTactorPos, realVentralTactorPos, box1PosX, box1PosY, box1PosZ, box1LocalRot_11, box1LocalRot_12, box1LocalRot_13, box1LocalRot_21, box1LocalRot_22, box1LocalRot_23, box1LocalRot_31, box1LocalRot_32, box1LocalRot_33, box1GlobalRot_11, box1GlobalRot_12, box1GlobalRot_13, box1GlobalRot_21, box1GlobalRot_22, box1GlobalRot_23, box1GlobalRot_31, box1GlobalRot_32, box1GlobalRot_33, indexForceX, indexForceY, indexForceZ, indexForceGlobalX, indexForceGlobalY, indexForceGlobalZ, indexContact, indexPosX, indexPosY, indexPosZ, indexRot_11, indexRot_12, indexRot_13, indexRot_21, indexRot_22, indexRot_23, indexRot_31, indexRot_32, indexRot_33, thumbForceX, thumbForceY, thumbForceZ, thumbForceGlobalX, thumbForceGlobalY, thumbForceGlobalZ, thumbContact, thumbPosX, thumbPosY, thumbPosZ, thumbRot_11, thumbRot_12, thumbRot_13, thumbRot_21, thumbRot_22, thumbRot_23, thumbRot_31, thumbRot_32, thumbRot_33, manipForceTooHigh, cceExpType, mapping, trialSuccess, 
425.941676, 56, 0.1, 0.1, 0.00473995604, 0.375728135, -0.0199567564, 0.996094464, -2.93130329e-005, 0.0882939325, 0.0882939319, -2.13890477e-005, -0.996094464, 3.10870729e-005, 0.999999999, -1.87173491e-005, 0.99609448, -6.28240875e-006, 0.0882937508, 0.0882937509, 8.15690346e-006, -0.99609448, 5.53766908e-006, 1, 8.67974394e-006, 0, 0, 0, 0, 0, 0, 0, 0.213457153, -0.0463789795, -0.221820264, 0.0579773295, 0.595773669, -0.800965627, -0.92175293, 0.33996582, 0.186157227, 0.383221685, 0.727648676, 0.569072434, 0, 0, -0, 0, 0, 0, 0, 0.267355762, -0.00875507813, -0.183181885, 0.0814669602, 0.290572044, -0.953289898, 0.369018555, -0.897216797, -0.241943359, -0.925754985, -0.332041613, -0.180345795, 0, 2, 5, 1, 
425.955188, 56, 0.1, 0.1, 0.00473996632, 0.375728245, -0.0199773248, 0.996093761, -2.26176741e-005, 0.0883018614, 0.0883018602, -4.99509382e-005, -0.99609376, 2.69400849e-005, 0.999999998, -4.77586352e-005, 0.99609377, -4.4416899e-005, 0.0883017474, 0.0883017455, -4.29609365e-005, -0.996093771, 4.80369221e-005, 0.999999998, -3.88710315e-005, 0, 0, 0, 0, 0, 0, 0, 0.220198828, -0.0536469238, -0.217587646, 0.0549275778, 0.606705991, -0.793021664, -0.925048828, 0.329833984, 0.188232422, 0.375671242, 0.723321736, 0.579431875, 0, 0, -0, 0, 0, 0, 0, 0.273970117, -0.0173851074, -0.177972852, 0.0749506531, 0.29678648, -0.952012083, 0.385009766, -0.889160156, -0.246826172, -0.91981177, -0.347958715, -0.180825205, 0, 2, 5, 1, 
425.955996, 56, 0.1, 0.1, 0.00473996073, 0.375728252, -0.0199756739, 0.996093673, 2.01311525e-005, 0.0883028601, 0.0883028596, 2.52507911e-005, -0.996093672, -2.22822307e-005, 0.999999999, 2.33745149e-005, 0.996093694, 3.01273531e-005, 0.088302618, 0.0883026177, 1.05401572e-005, -0.996093694, -3.094039e-005, 0.999999999, 7.83865999e-006, 0, 0, 0, 0, 0, 0, 0, 0.221877954, -0.0550284668, -0.216543188, 0.0530033686, 0.610329005, -0.790259475, -0.926269531, 0.325561523, 0.189331055, 0.372886208, 0.722006355, 0.582825737, 0, 0, -0, 0, 0, 0, 0, 0.273970117, -0.0173851074, -0.177972852, 0.0749506531, 0.29678648, -0.952012083, 0.385009766, -0.889160156, -0.246826172, -0.91981177, -0.347958715, -0.180825205, 0, 2, 5, 1, 
425.956789, 56, 0.1, 0.1, 0.00473996563, 0.375728256, -0.0199706992, 0.996093538, -2.71172516e-005, 0.0883043731, 0.0883043723, -2.8324613e-005, -0.996093538, 2.95125063e-005, 0.999999999, -2.58193921e-005, 0.996093568, -3.62215205e-005, 0.0883040324, 0.0883040319, -1.68510547e-005, -0.996093569, 3.75680397e-005, 0.999999999, -1.35867209e-005, 0, 0, 0, 0, 0, 0, 0, 0.221877954, -0.0550284668, -0.216543188, 0.0530033686, 0.610329005, -0.790259475, -0.926269531, 0.325561523, 0.189331055, 0.372886208, 0.722006355, 0.582825737, 0, 0, -0, 0, 0, 0, 0, 0.273970117, -0.0173851074, -0.177972852, 0.0749506531, 0.29678648, -0.952012083, 0.385009766, -0.889160156, -0.246826172, -0.91981177, -0.347958715, -0.180825205, 0, 2, 5, 1, 
425.957581, 56, 0.1, 0.1, 0.00473996043, 0.37572826, -0.0199643794, 0.996093371, 2.49219311e-005, 0.0883062648, 0.0883062645, 1.42578658e-005, -0.996093371, -2.60836293e-005, 1, 1.2001403e-005, 0.996093405, 3.55320403e-005, 0.0883058783, 0.0883058777, 1.87010279e-005, -0.996093405, -3.70446417e-005, 0.999999999, 1.54902825e-005, 0, 0, 0, 0, 0, 0, 0, 0.221877954, -0.0550284668, -0.216543188, 0.0530033686, 0.610329005, -0.790259475, -0.926269531, 0.325561523, 0.189331055, 0.372886208, 0.722006355, 0.582825737, 0, 0, -0, 0, 0, 0, 0, 0.273970117, -0.0173851074, -0.177972852, 0.0749506531, 0.29678648, -0.952012083, 0.385009766, -0.889160156, -0.246826172, -0.91981177, -0.347958715, -0.180825205, 0, 2, 5, 1, 
425.958398, 56, 0.1, 0.1, 0.00473996888, 0.375728265, -0.0199586237, 0.996093223, -4.423232e-005, 0.0883079209, 0.0883079201, -2.01608293e-005, -0.996093224, 4.58398751e-005, 0.999999999, -1.61760012e-005, 0.99609325, -5.87042046e-005, 0.0883076055, 0.0883076055, -3.31081116e-006, -0.996093252, 5.87672319e-005, 0.999999998, 1.88615109e-006, 0, 0, 0, 0, 0, 0, 0, 0.22305957, -0.0563570312, -0.215912012, 0.0499820698, 0.615043117, -0.786856256, -0.926879883, 0.321777344, 0.192749023, 0.37175804, 0.71977661, 0.586365254, 0, 0, -0, 0, 0, 0, 0, 0.273970117, -0.0173851074, -0.177972852, 0.0716538535, 0.298977538, -0.951519914, 0.388061523, -0.887084961, -0.249511719, -0.918808108, -0.351287964, -0.179668792, 0, 2, 5, 1, 
425.959189, 56, 0.1, 0.1, 0.00473996217, 0.375728265, -0.0199554486, 0.996093064, 3.91276862e-005, 0.0883097187, 0.0883097173, 3.64307578e-005, -0.996093064, -4.21920068e-005, 0.999999999, 3.28330702e-005, 0.996093097, 4.95633123e-005, 0.0883093446, 0.0883093426, 4.13606176e-005, -0.996093097, -5.30222023e-005, 0.999999998, 3.68221221e-005, 0, 0, 0, 0, 0, 0, 0, 0.22305957, -0.0563570312, -0.215912012, 0.0499820698, 0.615043117, -0.786856256, -0.926879883, 0.321777344, 0.192749023, 0.37175804, 0.71977661, 0.586365254, 0, 0, -0, 0, 0, 0, 0, 0.274889307, -0.0190960938, -0.177469482, 0.0716538535, 0.298977538, -0.951519914, 0.388061523, -0.887084961, -0.249511719, -0.918808108, -0.351287964, -0.179668792, 0, 2, 5, 1, 
425.95998, 56, 0.1, 0.1, 0.00473996893, 0.375728275, -0.0199558177, 0.996092905, -4.5130547e-005, 0.0883115141, 0.0883115128, -3.14757109e-005, -0.996092905, 4.77338854e-005, 0.999999998, -2.73671854e-005, 0.996092933, -5.46151234e-005, 0.0883111878, 0.0883111853, -4.59286402e-005, -0.996092934, 5.84577513e-005, 0.999999997, -4.09260677e-005, 0, 0, 0, 0, 0, 0, 0, 0.22305957, -0.0563570312, -0.215912012, 0.0499820698, 0.615043117, -0.786856256, -0.926879883, 0.321777344, 0.192749023, 0.37175804, 0.71977661, 0.586365254, 0, 0, -0, 0, 0, 0, 0, 0.274889307, -0.0190960938, -0.177469482, 0.0716538535, 0.298977538, -0.951519914, 0.388061523, -0.887084961, -0.249511719, -0.918808108, -0.351287964, -0.179668792, 0, 2, 5, 1, 
425.960767, 56, 0.1, 0.1, 0.00473996242, 0.375728278, -0.0199594041, 0.996092803, 4.35034152e-005, 0.0883126626, 0.0883126629, -4.92790092e-006, -0.996092804, -4.28982428e-005, 0.999999999, -8.75054908e-006, 0.996092817, 5.13488192e-005, 0.0883124933, 0.0883124935, -1.85357008e-006, -0.996092819, -5.09844967e-005, 0.999999999, -6.38107011e-006, 0, 0, 0, 0, 0, 0, 0, 0.22305957, -0.0563570312, -0.215912012, 0.0499820698, 0.615043117, -0.786856256, -0.926879883, 0.321777344, 0.192749023, 0.37175804, 0.71977661, 0.586365254, 0, 0, -0, 0, 0, 0, 0, 0.274889307, -0.0190960938, -0.177469482, 0.0716538535, 0.298977538, -0.951519914, 0.388061523, -0.887084961, -0.249511719, -0.918808108, -0.351287964, -0.179668792, 0, 2, 5, 1, 
425.961556, 56, 0.1, 0.1, 0.00473996648, 0.375728283, -0.0199648078, 0.996092718, -3.25970575e-005, 0.0883136263, 0.0883136261, -1.00102462e-005, -0.996092718, 3.33537328e-005, 0.999999999, -7.09236901e-006, 0.996092735, -3.92092639e-005, 0.0883134259, 0.0883134251, -2.06246623e-005, -0.996092736, 4.08774975e-005, 0.999999999, -1.70813719e-005, 0, 0, 0, 0, 0, 0, 0, 0.22305957, -0.0563570312, -0.215912012, 0.0499820698, 0.615043117, -0.786856256, -0.926879883, 0.321777344, 0.192749023, 0.37175804, 0.71977661, 0.586365254, 0, 0, -0, 0, 0, 0, 0, 0.274889307, -0.0190960938, -0.177469482, 0.0716538535, 0.298977538, -0.951519914, 0.388061523, -0.887084961, -0.249511719, -0.918808108, -0.351287964, -0.179668792, 0, 2, 5, 1, 
425.962349, 56, 0.1, 0.1, 0.00473996117, 0.375728285, -0.0199700448, 0.996092662, 3.55074125e-005, 0.0883142544, 0.0883142549, -1.48291069e-005, -0.996092662, -3.40590515e-005, 0.999999999, -1.79069752e-005, 0.996092668, 3.96361428e-005, 0.0883141826, 0.0883141824, 8.93716498e-006, -0.996092669, -4.02705497e-005, 0.999999999, 5.40181096e-006, 0, 0, 0, 0, 0, 0, 0, 0.22305957, -0.0563570312, -0.215912012, 0.0499820698, 0.615043117, -0.786856256, -0.926879883, 0.321777344, 0.192749023, 0.37175804, 0.71977661, 0.586365254, 0, 0, -0, 0, 0, 0, 0, 0.274889307, -0.0190960938, -0.177469482, 0.0716538535, 0.298977538, -0.951519914, 0.388061523, -0.887084961, -0.249511719, -0.918808108, -0.351287964, -0.179668792, 0, 2, 5, 1, 
425.963173, 56, 0.1, 0.1, 0.00473996365, 0.375728291, -0.0199733115, 0.996092671, -2.38729109e-005, 0.0883141512, 0.0883141518, 2.41348175e-005, -0.996092671, 2.16481857e-005, 0.999999999, 2.61488307e-005, 0.996092665, -2.79590453e-005, 0.0883142279, 0.0883142278, -4.95179752e-006, -0.996092665, 2.82871142e-005, 1, -2.46326768e-006, 0, 0, 0, 0, 0, 0, 0, 0.224494824, -0.0579746338, -0.215326123, 0.0474943373, 0.618450084, -0.78426593, -0.927124023, 0.319335937, 0.195800781, 0.37165769, 0.717877488, 0.588674009, 0, 0, -0, 0, 0, 0, 0, 0.274889307, -0.0190960938, -0.177469482, 0.0707085269, 0.300567786, -0.95104087, 0.392822266, -0.884765625, -0.250366211, -0.91682084, -0.355907788, -0.180723126, 0, 2, 5, 1, 
425.963968, 56, 0.1, 0.1, 0.00473995949, 0.375728288, -0.0199733436, 0.996092736, 2.51940957e-005, 0.0883134245, 0.0883134245, 1.32413796e-006, -0.996092736, -2.52125949e-005, 1, -9.06012671e-007, 0.99609272, 3.03012647e-005, 0.0883136057, 0.088313605, 2.6506756e-005, -0.99609272, -3.25237764e-005, 0.999999999, 2.37271727e-005, 0, 0, 0, 0, 0, 0, 0, 0.224494824, -0.0579746338, -0.215326123, 0.0474943373, 0.618450084, -0.78426593, -0.927124023, 0.319335937, 0.195800781, 0.37165769, 0.717877488, 0.588674009, 0, 0, -0, 0, 0, 0, 0, 0.27643125, -0.0206507324, -0.17634375, 0.0707085269, 0.300567786, -0.95104087, 0.392822266, -0.884765625, -0.250366211, -0.91682084, -0.355907788, -0.180723126, 0, 2, 5, 1, 
425.964759, 56, 0.1, 0.1, 0.00473996355, 0.375728293, -0.0199707611, 0.996092846, -2.76135363e-005, 0.0883121781, 0.0883121783, 7.99042298e-006, -0.996092847, 2.67999943e-005, 1, 1.03978147e-005, 0.996092822, -3.49948978e-005, 0.0883124525, 0.0883124526, 1.73167729e-006, -0.996092822, 3.47052379e-005, 0.999999999, 4.81539658e-006, 0, 0, 0, 0, 0, 0, 0, 0.224494824, -0.0579746338, -0.215326123, 0.0474943373, 0.618450084, -0.78426593, -0.927124023, 0.319335937, 0.195800781, 0.37165769, 0.717877488, 0.588674009, 0, 0, -0, 0, 0, 0, 0, 0.27643125, -0.0206507324, -0.17634375, 0.0707085269, 0.300567786, -0.95104087, 0.392822266, -0.884765625, -0.250366211, -0.91682084, -0.355907788, -0.180723126, 0, 2, 5, 1, 
425.965549, 56, 0.1, 0.1, 0.0047399577, 0.375728297, -0.0199666591, 0.996092965, 2.94322735e-005, 0.0883108404, 0.08831084, 1.30866078e-005, -0.996092965, -3.047297e-005, 0.999999999, 1.04362892e-005, 0.996092944, 4.05517217e-005, 0.0883110757, 0.0883110759, -4.06284831e-006, -0.996092944, -4.00344894e-005, 0.999999999, -7.62814071e-006, 0, 0, 0, 0, 0, 0, 0, 0.224494824, -0.0579746338, -0.215326123, 0.0474943373, 0.618450084, -0.78426593, -0.927124023, 0.319335937, 0.195800781, 0.37165769, 0.717877488, 0.588674009, 0, 0, -0, 0, 0, 0, 0, 0.27643125, -0.0206507324, -0.17634375, 0.0707085269, 0.300567786, -0.95104087, 0.392822266, -0.884765625, -0.250366211, -0.91682084, -0.355907788, -0.180723126, 0, 2, 5, 1, 
425.966341, 56, 0.1, 0.1, 0.00473996358, 0.375728301, -0.0199624782, 0.996093027, -3.47859281e-005, 0.0883101327, 0.0883101323, -1.34270102e-005, -0.996093028, 3.58357616e-005, 0.999999999, -1.03026014e-005, 0.996093018, -4.47451712e-005, 0.0883102389, 0.088310238, -2.13508694e-005, -0.996093018, 4.6455853e-005, 0.999999999, -1.73159952e-005, 0, 0, 0, 0, 0, 0, 0, 0.224494824, -0.0579746338, -0.215326123, 0.0474943373, 0.618450084, -0.78426593, -0.927124023, 0.319335937, 0.195800781, 0.37165769, 0.717877488, 0.588674009, 0, 0, -0, 0, 0, 0, 0, 0.27643125, -0.0206507324, -0.17634375, 0.0707085269, 0.300567786, -0.95104087, 0.392822266, -0.884765625, -0.250366211, -0.91682084, -0.355907788, -0.180723126, 0, 2, 5, 1, 
425.967132, 56, 0.1, 0.1, 0.00473995624, 0.375728304, -0.0199596306, 0.9960931, 4.31184113e-005, 0.088309313, 0.0883093138, -1.7800696e-005, -0.9960931, -4.13779848e-005, 0.999999999, -2.15389078e-005, 0.996093081, 5.28125852e-005, 0.0883095214, 0.0883095221, -1.02234856e-005, -0.996093082, -5.17034197e-005, 0.999999999, -1.48473974e-005, 0, 0, 0, 0, 0, 0, 0, 0.224494824, -0.0579746338, -0.215326123, 0.0474943373, 0.618450084, -0.78426593, -0.927124023, 0.319335937, 0.195800781, 0.37165769, 0.717877488, 0.588674009, 0, 0, -0, 0, 0, 0, 0, 0.27643125, -0.0206507324, -0.17634375, 0.0707085269, 0.300567786, -0.95104087, 0.392822266, -0.884765625, -0.250366211, -0.91682084, -0.355907788, -0.180723126, 0, 2, 5, 1, 
425.96794, 56, 0.1, 0.1, 0.00473996244, 0.375728308, -0.0199588998, 0.996093194, -3.84912422e-005, 0.0883082503, 0.0883082496, -1.91312137e-005, -0.996093195, 4.00303084e-005, 0.999999999, -1.56573775e-005, 0.996093177, -5.128643e-005, 0.0883084418, 0.0883084421, 2.91031073e-006, -0.996093178, 5.08290581e-005, 0.999999999, 7.4279654e-006, 0, 0, 0, 0, 0, 0, 0, 0.224494824, -0.0579746338, -0.215326123, 0.0445243351, 0.621774675, -0.781815268, -0.927246094, 0.316772461, 0.19921875, 0.371633725, 0.716238597, 0.590881293, 0, 0, -0, 0, 0, 0, 0, 0.27643125, -0.0206507324, -0.17634375, 0.0707085269, 0.300567786, -0.95104087, 0.392822266, -0.884765625, -0.250366211, -0.91682084, -0.355907788, -0.180723126, 0, 2, 5, 1, 
425.968752, 56, 0.1, 0.1, 0.00473995552, 0.375728311, -0.01996003, 0.996093227, 3.82485338e-005, 0.0883078788, 0.0883078783, 1.51761902e-005, -0.996093228, -3.94392826e-005, 0.999999999, 1.17392534e-005, 0.996093223, 4.8359193e-005, 0.0883079166, 0.0883079156, 2.22932269e-005, -0.996093224, -5.01389329e-005, 0.999999999, 1.79356327e-005, 0, 0, 0, 0, 0, 0, 0, 0.225682422, -0.0593724121, -0.214747681, 0.0445243351, 0.621774675, -0.781815268, -0.927246094, 0.316772461, 0.19921875, 0.371633725, 0.716238597, 0.590881293, 0, 0, -0, 0, 0, 0, 0, 0.277776318, -0.022657959, -0.17523291, 0.070299846, 0.301653471, -0.95081739, 0.396362305, -0.883056641, -0.250854492, -0.915268139, -0.359230474, -0.181681579, 0, 2, 5, 1, 
425.969544, 56, 0.1, 0.1, 0.0047399617, 0.375728314, -0.0199627929, 0.99609327, -4.43720308e-005, 0.0883073905, 0.0883073915, 2.01390313e-005, -0.996093271, 4.2420256e-005, 0.999999999, 2.39787319e-005, 0.996093257, -5.16199138e-005, 0.0883075376, 0.0883075383, 1.21232457e-005, -0.996093258, 5.03476741e-005, 0.999999999, 1.66343109e-005, 0, 0, 0, 0, 0, 0, 0, 0.225682422, -0.0593724121, -0.214747681, 0.0445243351, 0.621774675, -0.781815268, -0.927246094, 0.316772461, 0.19921875, 0.371633725, 0.716238597, 0.590881293, 0, 0, -0, 0, 0, 0, 0, 0.277776318, -0.022657959, -0.17523291, 0.070299846, 0.301653471, -0.95081739, 0.396362305, -0.883056641, -0.250854492, -0.915268139, -0.359230474, -0.181681579, 0, 2, 5, 1, 
425.970381, 56, 0.1, 0.1, 0.00473995668, 0.375728317, -0.0199660863, 0.996093342, 3.13681069e-005, 0.0883065895, 0.0883065896, -2.42932351e-006, -0.996093342, -3.10310371e-005, 1, -5.18984351e-006, 0.996093328, 3.92594705e-005, 0.0883067442, 0.0883067441, 4.38508216e-006, -0.996093328, -3.9493329e-005, 0.999999999, 9.01075057e-007, 0, 0, 0, 0, 0, 0, 0, 0.225682422, -0.0593724121, -0.214747681, 0.0415221323, 0.624794852, -0.779643932, -0.927734375, 0.313598633, 0.201904297, 0.370626124, 0.715018696, 0.592885634, 0, 0, -0, 0, 0, 0, 0, 0.277776318, -0.022657959, -0.17523291, 0.0692713973, 0.302317348, -0.950644949, 0.400390625, -0.881103516, -0.251098633, -0.913657835, -0.363211207, -0.182154426, 0, 2, 5, 1, 
425.971178, 56, 0.1, 0.1, 0.0047399615, 0.37572832, -0.0199684205, 0.996093397, -3.23074648e-005, 0.0883059678, 0.0883059679, 2.61999963e-007, -0.996093397, 3.21581162e-005, 0.999999999, 3.11391838e-006, 0.996093387, -3.95210041e-005, 0.0883060801, 0.08830608, -6.21058511e-006, -0.996093387, 3.99150433e-005, 0.999999999, -2.6963778e-006, 0, 0, 0, 0, 0, 0, 0, 0.227088623, -0.0610077148, -0.213737646, 0.0415221323, 0.624794852, -0.779643932, -0.927734375, 0.313598633, 0.201904297, 0.370626124, 0.715018696, 0.592885634, 0, 0, -0, 0, 0, 0, 0, 0.27885835, -0.0244836914, -0.174115234, 0.0692713973, 0.302317348, -0.950644949, 0.400390625, -0.881103516, -0.251098633, -0.913657835, -0.363211207, -0.182154426, 0, 2, 5, 1, 
425.971969, 56, 0.1, 0.1, 0.00473995645, 0.375728323, -0.0199696103, 0.996093445, 3.07495306e-005, 0.0883054209, 0.0883054209, 2.65503064e-006, -0.996093446, -3.08638595e-005, 1, -7.06916297e-008, 0.996093436, 3.71214972e-005, 0.0883055195, 0.0883055192, 8.04565245e-006, -0.996093437, -3.76869553e-005, 0.999999999, 4.73618851e-006, 0, 0, 0, 0, 0, 0, 0, 0.227088623, -0.0610077148, -0.213737646, 0.0415221323, 0.624794852, -0.779643932, -0.927734375, 0.313598633, 0.201904297, 0.370626124, 0.715018696, 0.592885634, 0, 0, -0, 0, 0, 0, 0, 0.27885835, -0.0244836914, -0.174115234, 0.0692713973, 0.302317348, -0.950644949, 0.400390625, -0.881103516, -0.251098633, -0.913657835, -0.363211207, -0.182154426, 0, 2, 5, 1, 
425.972763, 56, 0.1, 0.1, 0.00473996007, 0.375728328, -0.0199693573, 0.996093474, -2.45691305e-005, 0.0883050968, 0.0883050965, -1.39172046e-005, -0.996093474, 2.57021107e-005, 1, -1.16932572e-005, 0.99609347, -3.20429513e-005, 0.0883051382, 0.0883051375, -2.13015684e-005, -0.996093471, 3.37988126e-005, 0.999999999, -1.8388796e-005, 0, 0, 0, 0, 0, 0, 0, 0.227088623, -0.0610077148, -0.213737646, 0.0415221323, 0.624794852, -0.779643932, -0.927734375, 0.313598633, 0.201904297, 0.370626124, 0.715018696, 0.592885634, 0, 0, -0, 0, 0, 0, 0, 0.27885835, -0.0244836914, -0.174115234, 0.0692713973, 0.302317348, -0.950644949, 0.400390625, -0.881103516, -0.251098633, -0.913657835, -0.363211207, -0.182154426, 0, 2, 5, 1, 
425.973552, 56, 0.1, 0.1, 0.00473995379, 0.375728331, -0.0199678275, 0.996093514, 3.54984576e-005, 0.088304646, 0.0883046464, -1.1553814e-005, -0.996093514, -3.4339528e-005, 0.999999999, -1.4643358e-005, 0.996093502, 4.36138388e-005, 0.088304772, 0.0883047724, -6.46105498e-006, -0.996093503, -4.28729195e-005, 0.999999999, -1.0287125e-005, 0, 0, 0, 0, 0, 0, 0, 0.227088623, -0.0610077148, -0.213737646, 0.0415221323, 0.624794852, -0.779643932, -0.927734375, 0.313598633, 0.201904297, 0.370626124, 0.715018696, 0.592885634, 0, 0, -0, 0, 0, 0, 0, 0.27885835, -0.0244836914, -0.174115234, 0.0692713973, 0.302317348, -0.950644949, 0.400390625, -0.881103516, -0.251098633, -0.913657835, -0.363211207, -0.182154426, 0, 2, 5, 1, 
425.974346, 56, 0.1, 0.1, 0.00473995866, 0.375728333, -0.0199656181, 0.996093572, -3.14297281e-005, 0.0883039922, 0.088303992, -8.05511555e-006, -0.996093572, 3.2018249e-005, 0.999999999, -5.24827836e-006, 0.996093562, -4.1571648e-005, 0.0883040975, 0.0883040979, 8.15183717e-006, -0.996093563, 4.06894103e-005, 0.999999999, 1.17909394e-005, 0, 0, 0, 0, 0, 0, 0, 0.227088623, -0.0610077148, -0.213737646, 0.0415221323, 0.624794852, -0.779643932, -0.927734375, 0.313598633, 0.201904297, 0.370626124, 0.715018696, 0.592885634, 0, 0, -0, 0, 0, 0, 0, 0.27885835, -0.0244836914, -0.174115234, 0.0692713973, 0.302317348, -0.950644949, 0.400390625, -0.881103516, -0.251098633, -0.913657835, -0.363211207, -0.182154426, 0, 2, 5, 1, 
425.975157, 56, 0.1, 0.1, 0.00473995236, 0.375728333, -0.0199633797, 0.996093582, 3.30806453e-005, 0.0883038786, 0.0883038779, 2.29400873e-005, -0.996093582, -3.49771172e-005, 0.999999999, 1.99293244e-005, 0.996093582, 4.26592771e-005, 0.0883038719, 0.0883038707, 3.0059219e-005, -0.996093583, -4.51469776e-005, 0.999999999, 2.61748158e-005, 0, 0, 0, 0, 0, 0, 0, 0.228270361, -0.0621816406, -0.212708691, 0.0385701043, 0.628094356, -0.777135982, -0.928833008, 0.309326172, 0.203857422, 0.368374657, 0.714001739, 0.59545462, 0, 0, -0, 0, 0, 0, 0, 0.27885835, -0.0244836914, -0.174115234, 0.0692713973, 0.302317348, -0.950644949, 0.400390625, -0.881103516, -0.251098633, -0.913657835, -0.363211207, -0.182154426, 0, 2, 5, 1, 
425.975963, 56, 0.1, 0.1, 0.00473995908, 0.375728337, -0.0199616857, 0.996093598, -4.24340435e-005, 0.0883036983, 0.0883036985, 2.11601007e-006, -0.996093598, 4.20814276e-005, 0.999999999, 5.85482706e-006, 0.996093593, -5.13396373e-005, 0.0883037465, 0.0883037463, -7.00863264e-006, -0.996093594, 5.17579724e-005, 0.999999999, -2.44777177e-006, 0, 0, 0, 0, 0, 0, 0, 0.228270361, -0.0621816406, -0.212708691, 0.0385701043, 0.628094356, -0.777135982, -0.928833008, 0.309326172, 0.203857422, 0.368374657, 0.714001739, 0.59545462, 0, 0, -0, 0, 0, 0, 0, 0.280237109, -0.0263118652, -0.172786523, 0.0689779214, 0.303549587, -0.950197989, 0.406616211, -0.878295898, -0.251098633, -0.910865598, -0.369096086, -0.184071332, 0, 2, 5, 1, 
425.97676, 56, 0.1, 0.1, 0.00473995307, 0.375728341, -0.0199613939, 0.996093624, 3.54840175e-005, 0.0883034058, 0.0883034054, 1.22977251e-005, -0.996093624, -3.64313346e-005, 0.999999999, 9.11632601e-006, 0.996093621, 4.63735342e-005, 0.0883034346, 0.0883034351, -8.87234711e-006, -0.996093622, -4.54089229e-005, 0.999999999, -1.29326307e-005, 0, 0, 0, 0, 0, 0, 0, 0.228270361, -0.0621816406, -0.212708691, 0.0385701043, 0.628094356, -0.777135982, -0.928833008, 0.309326172, 0.203857422, 0.368374657, 0.714001739, 0.59545462, 0, 0, -0, 0, 0, 0, 0, 0.280237109, -0.0263118652, -0.172786523, 0.0689779214, 0.303549587, -0.950197989, 0.406616211, -0.878295898, -0.251098633, -0.910865598, -0.369096086, -0.184071332, 0, 2, 5, 1, 
425.977552, 56, 0.1, 0.1, 0.00473995857, 0.375728345, -0.0199624342, 0.996093599, -3.51816441e-005, 0.0883036863, 0.088303686, -9.91213864e-006, -0.996093599, 3.59194889e-005, 0.999999999, -6.766749e-006, 0.996093605, -4.40957462e-005, 0.0883036082, 0.0883036074, -1.82436446e-005, -0.996093606, 4.55344705e-005, 0.999999999, -1.42785643e-005, 0, 0, 0, 0, 0, 0, 0, 0.228270361, -0.0621816406, -0.212708691, 0.0385701043, 0.628094356, -0.777135982, -0.928833008, 0.309326172, 0.203857422, 0.368374657, 0.714001739, 0.59545462, 0, 0, -0, 0, 0, 0, 0, 0.280237109, -0.0263118652, -0.172786523, 0.0689779214, 0.303549587, -0.950197989, 0.406616211, -0.878295898, -0.251098633, -0.910865598, -0.369096086, -0.184071332, 0, 2, 5, 1, 
425.978343, 56, 0.1, 0.1, 0.00473995219, 0.375728346, -0.0199644186, 0.996093594, 4.00004309e-005, 0.0883037438, 0.0883037442, -8.26277996e-006, -0.996093594, -3.91145386e-005, 0.999999999, -1.176269e-005, 0.99609359, 4.76237445e-005, 0.0883037828, 0.088303783, -1.63355488e-006, -0.996093591, -4.72934576e-005, 0.999999999, -5.83253034e-006, 0, 0, 0, 0, 0, 0, 0, 0.228270361, -0.0621816406, -0.212708691, 0.0385701043, 0.628094356, -0.777135982, -0.928833008, 0.309326172, 0.203857422, 0.368374657, 0.714001739, 0.59545462, 0, 0, -0, 0, 0, 0, 0, 0.280237109, -0.0263118652, -0.172786523, 0.0689779214, 0.303549587, -0.950197989, 0.406616211, -0.878295898, -0.251098633, -0.910865598, -0.369096086, -0.184071332, 0, 2, 5, 1, 
425.979135, 56, 0.1, 0.1, 0.00473995647, 0.375728348, -0.0199666259, 0.996093615, -3.05568232e-005, 0.0883035027, 0.0883035025, -6.77010334e-006, -0.996093616, 3.10352803e-005, 1, -4.0453822e-006, 0.996093613, -3.95408707e-005, 0.0883035295, 0.0883035299, 9.67367957e-006, -0.996093613, 3.85321887e-005, 0.999999999, 1.31274889e-005, 0, 0, 0, 0, 0, 0, 0, 0.228270361, -0.0621816406, -0.212708691, 0.0385701043, 0.628094356, -0.777135982, -0.928833008, 0.309326172, 0.203857422, 0.368374657, 0.714001739, 0.59545462, 0, 0, -0, 0, 0, 0, 0, 0.280237109, -0.0263118652, -0.172786523, 0.0689779214, 0.303549587, -0.950197989, 0.406616211, -0.878295898, -0.251098633, -0.910865598, -0.369096086, -0.184071332, 0, 2, 5, 1, 
425.979941, 56, 0.1, 0.1, 0.00473995117, 0.375728348, -0.0199682674, 0.996093595, 2.93385298e-005, 0.0883037315, 0.088303731, 1.73652126e-005, -0.996093595, -3.07573347e-005, 0.999999999, 1.47066754e-005, 0.996093601, 3.74156378e-005, 0.0883036599, 0.0883036591, 2.4099228e-005, -0.996093602, -3.93975274e-005, 0.999999999, 2.07011491e-005, 0, 0, 0, 0, 0, 0, 0, 0.228270361, -0.0621816406, -0.212708691, 0.0353136621, 0.631051254, -0.774805887, -0.9296875, 0.305053711, 0.206054688, 0.36654218, 0.713162636, 0.597681, 0, 0, -0, 0, 0, 0, 0, 0.280237109, -0.0263118652, -0.172786523, 0.0689779214, 0.303549587, -0.950197989, 0.406616211, -0.878295898, -0.251098633, -0.910865598, -0.369096086, -0.184071332, 0, 2, 5, 1, 
425.98075, 56, 0.1, 0.1, 0.00473995642, 0.37572835, -0.0199684569, 0.996093591, -3.51231183e-005, 0.0883037807, 0.0883037814, 1.79670226e-005, -0.996093591, 3.3399357e-005, 0.999999999, 2.09983402e-005, 0.996093587, -4.24747301e-005, 0.0883038163, 0.0883038169, 1.20291783e-005, -0.996093588, 4.12465839e-005, 0.999999999, 1.57328681e-005, 0, 0, 0, 0, 0, 0, 0, 0.229437817, -0.0635957764, -0.211466626, 0.0353136621, 0.631051254, -0.774805887, -0.9296875, 0.305053711, 0.206054688, 0.36654218, 0.713162636, 0.597681, 0, 0, -0, 0, 0, 0, 0, 0.281597803, -0.0274690918, -0.171236279, 0.0682692014, 0.305139468, -0.949738269, 0.4140625, -0.874755859, -0.251342773, -0.907626035, -0.37604806, -0.18610964, 0, 2, 5, 1, 
425.98154, 56, 0.1, 0.1, 0.00473995171, 0.375728352, -0.0199676619, 0.99609361, 2.73409419e-005, 0.0883035592, 0.0883035588, 1.60798794e-005, -0.996093611, -2.86540481e-005, 0.999999999, 1.36027627e-005, 0.996093608, 3.67765938e-005, 0.0883035851, 0.0883035851, 6.96234973e-007, -0.996093608, -3.66944101e-005, 0.999999999, -2.55398988e-006, 0, 0, 0, 0, 0, 0, 0, 0.229437817, -0.0635957764, -0.211466626, 0.0353136621, 0.631051254, -0.774805887, -0.9296875, 0.305053711, 0.206054688, 0.36654218, 0.713162636, 0.597681, 0, 0, -0, 0, 0, 0, 0, 0.281597803, -0.0274690918, -0.171236279, 0.0682692014, 0.305139468, -0.949738269, 0.4140625, -0.874755859, -0.251342773, -0.907626035, -0.37604806, -0.18610964, 0, 2, 5, 1, 
425.982329, 56, 0.1, 0.1, 0.00473995695, 0.375728356, -0.0199662183, 0.99609359, -3.13233161e-005, 0.0883037879, 0.0883037875, -1.35172086e-005, -0.99609359, 3.23945751e-005, 0.999999999, -1.06984374e-005, 0.996093596, -4.01461533e-005, 0.0883037187, 0.0883037179, -1.93877066e-005, -0.996093597, 4.17013328e-005, 0.999999999, -1.57669158e-005, 0, 0, 0, 0, 0, 0, 0, 0.229437817, -0.0635957764, -0.211466626, 0.0353136621, 0.631051254, -0.774805887, -0.9296875, 0.305053711, 0.206054688, 0.36654218, 0.713162636, 0.597681, 0, 0, -0, 0, 0, 0, 0, 0.281597803, -0.0274690918, -0.171236279, 0.0682692014, 0.305139468, -0.949738269, 0.4140625, -0.874755859, -0.251342773, -0.907626035, -0.37604806, -0.18610964, 0, 2, 5, 1, 
425.983126, 56, 0.1, 0.1, 0.00473995025, 0.375728359, -0.0199646099, 0.996093586, 3.9905791e-005, 0.0883038252, 0.088303826, -2.06450647e-005, -0.996093587, -3.79268643e-005, 0.999999999, -2.40882506e-005, 0.996093582, 4.81209115e-005, 0.0883038683, 0.088303869, -1.33043062e-005, -0.996093583, -4.67581095e-005, 0.999999999, -1.75015967e-005, 0, 0, 0, 0, 0, 0, 0, 0.229437817, -0.0635957764, -0.211466626, 0.0353136621, 0.631051254, -0.774805887, -0.9296875, 0.305053711, 0.206054688, 0.36654218, 0.713162636, 0.597681, 0, 0, -0, 0, 0, 0, 0, 0.281597803, -0.0274690918, -0.171236279, 0.0682692014, 0.305139468, -0.949738269, 0.4140625, -0.874755859, -0.251342773, -0.907626035, -0.37604806, -0.18610964, 0, 2, 5, 1, 
425.983914, 56, 0.1, 0.1, 0.00473995481, 0.375728363, -0.0199634554, 0.99609361, -3.03882864e-005, 0.0883035577, 0.0883035571, -2.13161955e-005, -0.996093611, 3.21518738e-005, 0.999999999, -1.85495324e-005, 0.996093607, -4.09859213e-005, 0.0883035892, 0.0883035892, -3.6033677e-006, -0.996093608, 4.11440045e-005, 0.999999999, 2.99124227e-008, 0, 0, 0, 0, 0, 0, 0, 0.229437817, -0.0635957764, -0.211466626, 0.0353136621, 0.631051254, -0.774805887, -0.9296875, 0.305053711, 0.206054688, 0.36654218, 0.713162636, 0.597681, 0, 0, -0, 0, 0, 0, 0, 0.281597803, -0.0274690918, -0.171236279, 0.0682692014, 0.305139468, -0.949738269, 0.4140625, -0.874755859, -0.251342773, -0.907626035, -0.37604806, -0.18610964, 0, 2, 5, 1, 
425.984765, 56, 0.1, 0.1, 0.00473994776, 0.375728366, -0.0199628762, 0.996093586, 3.28489086e-005, 0.0883038316, 0.0883038314, 7.44920025e-006, -0.996093587, -3.33783801e-005, 0.999999999, 4.5194161e-006, 0.996093595, 4.55884677e-005, 0.0883037259, 0.0883037252, 1.64904891e-005, -0.996093596, -4.68665524e-005, 0.999999999, 1.24004391e-005, 0, 0, 0, 0, 0, 0, 0, 0.229437817, -0.0635957764, -0.211466626, 0.0317659101, 0.634718451, -0.77195533, -0.929931641, 0.301635742, 0.209716797, 0.365991761, 0.71134589, 0.600072131, 0, 0, -0, 0, 0, 0, 0, 0.281597803, -0.0274690918, -0.171236279, 0.0682692014, 0.305139468, -0.949738269, 0.4140625, -0.874755859, -0.251342773, -0.907626035, -0.37604806, -0.18610964, 0, 2, 5, 1, 
425.985573, 56, 0.1, 0.1, 0.00473995452, 0.375728371, -0.0199623163, 0.99609358, -4.2986138e-005, 0.0883038924, 0.0883038931, 1.41534065e-005, -0.996093581, 4.15684152e-005, 0.999999999, 1.78939607e-005, 0.996093576, -5.21788017e-005, 0.0883039368, 0.0883039372, 5.68124583e-006, -0.996093577, 5.14732929e-005, 0.999999999, 1.02666461e-005, 0, 0, 0, 0, 0, 0, 0, 0.230371045, -0.0649765869, -0.210420703, 0.0317659101, 0.634718451, -0.77195533, -0.929931641, 0.301635742, 0.209716797, 0.365991761, 0.71134589, 0.600072131, 0, 0, -0, 0, 0, 0, 0, 0.282840576, -0.0285665039, -0.17032207, 0.0658736188, 0.3075664, -0.949163344, 0.420898437, -0.87097168, -0.252929687, -0.90468651, -0.382789314, -0.186908411, 0, 2, 5, 1, 
425.986364, 56, 0.1, 0.1, 0.00473994866, 0.375728373, -0.0199628731, 0.996093606, 3.64462176e-005, 0.088303606, 0.0883036053, 1.92018613e-005, -0.996093607, -3.79994379e-005, 0.999999999, 1.59085189e-005, 0.996093603, 4.62300574e-005, 0.0883036369, 0.088303637, -5.59827943e-008, -0.996093604, -4.6044521e-005, 0.999999999, -4.13804631e-006, 0, 0, 0, 0, 0, 0, 0, 0.230371045, -0.0649765869, -0.210420703, 0.0317659101, 0.634718451, -0.77195533, -0.929931641, 0.301635742, 0.209716797, 0.365991761, 0.71134589, 0.600072131, 0, 0, -0, 0, 0, 0, 0, 0.282840576, -0.0285665039, -0.17032207, 0.0658736188, 0.3075664, -0.949163344, 0.420898437, -0.87097168, -0.252929687, -0.90468651, -0.382789314, -0.186908411, 0, 2, 5, 1, 
425.987172, 56, 0.1, 0.1, 0.00473995335, 0.375728375, -0.0199642017, 0.996093584, -2.99131774e-005, 0.0883038594, 0.0883038592, -8.0640952e-006, -0.996093584, 3.05084148e-005, 1, -5.39114448e-006, 0.99609359, -3.8605736e-005, 0.0883037859, 0.0883037854, -1.5022992e-005, -0.996093591, 3.97815133e-005, 0.999999999, -1.15552734e-005, 0, 0, 0, 0, 0, 0, 0, 0.231592456, -0.0666776855, -0.209463403, 0.0294118497, 0.636431482, -0.770736552, -0.92980957, 0.300292969, 0.212524414, 0.366735383, 0.710456613, 0.600744239, 0, 0, -0, 0, 0, 0, 0, 0.282840576, -0.0285665039, -0.17032207, 0.0658736188, 0.3075664, -0.949163344, 0.420898437, -0.87097168, -0.252929687, -0.90468651, -0.382789314, -0.186908411, 0, 2, 5, 1, 
425.987977, 56, 0.1, 0.1, 0.00473994614, 0.375728376, -0.0199655117, 0.996093578, 4.26009968e-005, 0.088303917, 0.0883039175, -9.9482108e-006, -0.996093579, -4.15561134e-005, 0.999999999, -1.36711838e-005, 0.996093574, 5.05174074e-005, 0.0883039563, 0.0883039566, -2.81419921e-006, -0.996093576, -5.00715601e-005, 0.999999999, -7.26409271e-006, 0, 0, 0, 0, 0, 0, 0, 0.231592456, -0.0666776855, -0.209463403, 0.0294118497, 0.636431482, -0.770736552, -0.92980957, 0.300292969, 0.212524414, 0.366735383, 0.710456613, 0.600744239, 0, 0, -0, 0, 0, 0, 0, 0.283745117, -0.0303277832, -0.169600342, 0.0621360555, 0.309399451, -0.948818095, 0.425048828, -0.868286133, -0.255371094, -0.902992718, -0.387383618, -0.185521955, 0, 2, 5, 1, 
425.988767, 56, 0.1, 0.1, 0.0047399499, 0.375728378, -0.0199667463, 0.996093601, -2.85887466e-005, 0.0883036699, 0.0883036696, -1.28219611e-005, -0.996093601, 2.96092937e-005, 1, -1.02473821e-005, 0.996093598, -3.70545662e-005, 0.088303696, 0.0883036962, 4.18407873e-006, -0.996093599, 3.65403466e-005, 0.999999999, 7.43978919e-006, 0, 0, 0, 0, 0, 0, 0, 0.231592456, -0.0666776855, -0.209463403, 0.0294118497, 0.636431482, -0.770736552, -0.92980957, 0.300292969, 0.212524414, 0.366735383, 0.710456613, 0.600744239, 0, 0, -0, 0, 0, 0, 0, 0.283745117, -0.0303277832, -0.169600342, 0.0621360555, 0.309399451, -0.948818095, 0.425048828, -0.868286133, -0.255371094, -0.902992718, -0.387383618, -0.185521955, 0, 2, 5, 1, 
425.989554, 56, 0.1, 0.1, 0.00473994491, 0.37572838, -0.019967531, 0.996093581, 2.74768331e-005, 0.088303889, 0.0883038887, 1.10354631e-005, -0.996093582, -2.83439714e-005, 1, 8.56604274e-006, 0.996093587, 3.59438974e-005, 0.0883038232, 0.0883038226, 1.74453419e-005, -0.996093587, -3.73439761e-005, 0.999999999, 1.42032096e-005, 0, 0, 0, 0, 0, 0, 0, 0.231592456, -0.0666776855, -0.209463403, 0.0294118497, 0.636431482, -0.770736552, -0.92980957, 0.300292969, 0.212524414, 0.366735383, 0.710456613, 0.600744239, 0, 0, -0, 0, 0, 0, 0, 0.283745117, -0.0303277832, -0.169600342, 0.0621360555, 0.309399451, -0.948818095, 0.425048828, -0.868286133, -0.255371094, -0.902992718, -0.387383618, -0.185521955, 0, 2, 5, 1, 
425.990343, 56, 0.1, 0.1, 0.00473995091, 0.375728383, -0.0199676079, 0.996093577, -3.90564917e-005, 0.0883039279, 0.0883039285, 1.39425657e-005, -0.996093578, 3.76727372e-005, 0.999999999, 1.73369418e-005, 0.996093574, -4.6269144e-005, 0.0883039656, 0.088303966, 7.61286962e-006, -0.996093575, 4.54161505e-005, 0.999999999, 1.16688794e-005, 0, 0, 0, 0, 0, 0, 0, 0.231592456, -0.0666776855, -0.209463403, 0.0294118497, 0.636431482, -0.770736552, -0.92980957, 0.300292969, 0.212524414, 0.366735383, 0.710456613, 0.600744239, 0, 0, -0, 0, 0, 0, 0, 0.283745117, -0.0303277832, -0.169600342, 0.0621360555, 0.309399451, -0.948818095, 0.425048828, -0.868286133, -0.255371094, -0.902992718, -0.387383618, -0.185521955, 0, 2, 5, 1, 
425.991137, 56, 0.1, 0.1, 0.00473994662, 0.375728385, -0.0199669929, 0.996093599, 2.65112208e-005, 0.0883036903, 0.0883036899, 1.53178061e-005, -0.996093599, -2.77602762e-005, 1, 1.291693e-005, 0.996093596, 3.58846498e-005, 0.0883037167, 0.0883037168, -1.25665671e-006, -0.996093597, -3.56335024e-005, 0.999999999, -4.42049565e-006, 0, 0, 0, 0, 0, 0, 0, 0.231592456, -0.0666776855, -0.209463403, 0.0294118497, 0.636431482, -0.770736552, -0.92980957, 0.300292969, 0.212524414, 0.366735383, 0.710456613, 0.600744239, 0, 0, -0, 0, 0, 0, 0, 0.283745117, -0.0303277832, -0.169600342, 0.0621360555, 0.309399451, -0.948818095, 0.425048828, -0.868286133, -0.255371094, -0.902992718, -0.387383618, -0.185521955, 0, 2, 5, 1, 
425.991942, 56, 0.1, 0.1, 0.00473995218, 0.375728388, -0.0199658707, 0.996093578, -3.09190274e-005, 0.088303929, 0.0883039287, -1.06083789e-005, -0.996093578, 3.17350061e-005, 0.999999999, -7.83666648e-006, 0.996093584, -4.08247326e-005, 0.0883038527, 0.088303852, -1.77556679e-005, -0.996093585, 4.22331481e-005, 0.999999999, -1.40813258e-005, 0, 0, 0, 0, 0, 0, 0, 0.231592456, -0.0666776855, -0.209463403, 0.0267342789, 0.63800485, -0.769435397, -0.929443359, 0.299072266, 0.215698242, 0.367777428, 0.709465864, 0.601156116, 0, 0, -0, 0, 0, 0, 0, 0.283745117, -0.0303277832, -0.169600342, 0.0621360555, 0.309399451, -0.948818095, 0.425048828, -0.868286133, -0.255371094, -0.902992718, -0.387383618, -0.185521955, 0, 2, 5, 1, 
425.992746, 56, 0.1, 0.1, 0.0047399453, 0.37572839, -0.0199643767, 0.996093573, 4.06861196e-005, 0.0883039762, 0.0883039769, -1.5528106e-005, -0.996093574, -3.91559887e-005, 0.999999999, -1.90601927e-005, 0.996093569, 4.91235692e-005, 0.0883040182, 0.0883040187, -8.21501786e-006, -0.99609357, -4.82062523e-005, 0.999999999, -1.2520735e-005, 0, 0, 0, 0, 0, 0, 0, 0.232798242, -0.0686094727, -0.208279443, 0.0267342789, 0.63800485, -0.769435397, -0.929443359, 0.299072266, 0.215698242, 0.367777428, 0.709465864, 0.601156116, 0, 0, -0, 0, 0, 0, 0, 0.28460498, -0.031654541, -0.169096729, 0.0576318031, 0.31132182, -0.948511126, 0.429931641, -0.865112305, -0.2578125, -0.90101128, -0.392827733, -0.183771293, 0, 2, 5, 1, 
425.993536, 56, 0.1, 0.1, 0.00473995014, 0.375728393, -0.0199634176, 0.996093597, -3.22891557e-005, 0.0883037108, 0.0883037103, -1.82701418e-005, -0.996093597, 3.37763426e-005, 0.999999999, -1.5347519e-005, 0.996093594, -4.26675513e-005, 0.0883037406, 0.0883037407, 3.03627402e-007, -0.996093595, 4.24740631e-005, 0.999999999, 4.0701457e-006, 0, 0, 0, 0, 0, 0, 0, 0.232798242, -0.0686094727, -0.208279443, 0.0267342789, 0.63800485, -0.769435397, -0.929443359, 0.299072266, 0.215698242, 0.367777428, 0.709465864, 0.601156116, 0, 0, -0, 0, 0, 0, 0, 0.28460498, -0.031654541, -0.169096729, 0.0576318031, 0.31132182, -0.948511126, 0.429931641, -0.865112305, -0.2578125, -0.90101128, -0.392827733, -0.183771293, 0, 2, 5, 1, 
425.994327, 56, 0.1, 0.1, 0.00473994415, 0.375728395, -0.0199632476, 0.996093574, 3.34476368e-005, 0.0883039634, 0.0883039631, 1.04764482e-005, -0.996093575, -3.4242088e-005, 0.999999999, 7.48196382e-006, 0.996093581, 4.27099604e-005, 0.0883038877, 0.0883038871, 1.74008497e-005, -0.996093582, -4.40796801e-005, 0.999999999, 1.35614191e-005, 0, 0, 0, 0, 0, 0, 0, 0.232798242, -0.0686094727, -0.208279443, 0.0267342789, 0.63800485, -0.769435397, -0.929443359, 0.299072266, 0.215698242, 0.367777428, 0.709465864, 0.601156116, 0, 0, -0, 0, 0, 0, 0, 0.28460498, -0.031654541, -0.169096729, 0.0576318031, 0.31132182, -0.948511126, 0.429931641, -0.865112305, -0.2578125, -0.90101128, -0.392827733, -0.183771293, 0, 2, 5, 1, 
425.995119, 56, 0.1, 0.1, 0.00473995039, 0.375728398, -0.0199638343, 0.99609357, -4.14933425e-005, 0.0883040116, 0.0883040123, 1.5685989e-005, -0.99609357, 3.99461159e-005, 0.999999999, 1.92887414e-005, 0.996093566, -4.9490191e-005, 0.0883040543, 0.0883040548, 8.10134772e-006, -0.996093567, 4.8581479e-005, 0.999999999, 1.24398849e-005, 0, 0, 0, 0, 0, 0, 0, 0.232798242, -0.0686094727, -0.208279443, 0.0267342789, 0.63800485, -0.769435397, -0.929443359, 0.299072266, 0.215698242, 0.367777428, 0.709465864, 0.601156116, 0, 0, -0, 0, 0, 0, 0, 0.28460498, -0.031654541, -0.169096729, 0.0576318031, 0.31132182, -0.948511126, 0.429931641, -0.865112305, -0.2578125, -0.90101128, -0.392827733, -0.183771293, 0, 2, 5, 1, 
425.99591, 56, 0.1, 0.1, 0.00473994539, 0.375728399, -0.0199649358, 0.996093594, 3.17285081e-005, 0.0883037475, 0.088303747, 1.78722713e-005, -0.996093594, -3.31827522e-005, 0.999999999, 1.50007088e-005, 0.996093591, 4.1039601e-005, 0.0883037764, 0.0883037765, 3.21837516e-007, -0.996093592, -4.0907703e-005, 0.999999999, -3.30337147e-006, 0, 0, 0, 0, 0, 0, 0, 0.232798242, -0.0686094727, -0.208279443, 0.0267342789, 0.63800485, -0.769435397, -0.929443359, 0.299072266, 0.215698242, 0.367777428, 0.709465864, 0.601156116, 0, 0, -0, 0, 0, 0, 0, 0.28460498, -0.031654541, -0.169096729, 0.0576318031, 0.31132182, -0.948511126, 0.429931641, -0.865112305, -0.2578125, -0.90101128, -0.392827733, -0.183771293, 0, 2, 5, 1, 
425.996715, 56, 0.1, 0.1, 0.00473995027, 0.375728402, -0.019966151, 0.996093573, -2.93617713e-005, 0.0883039843, 0.0883039841, -8.01951495e-006, -0.996093573, 2.99552268e-005, 1, -5.39542591e-006, 0.996093579, -3.84436715e-005, 0.0883039076, 0.0883039071, -1.49435724e-005, -0.99609358, 3.96130702e-005, 0.999999999, -1.14904701e-005, 0, 0, 0, 0, 0, 0, 0, 0.232798242, -0.0686094727, -0.208279443, 0.0225908031, 0.639978113, -0.767893108, -0.929077148, 0.29699707, 0.220214844, 0.368928058, 0.708658962, 0.601529801, 0, 0, -0, 0, 0, 0, 0, 0.28460498, -0.031654541, -0.169096729, 0.0576318031, 0.31132182, -0.948511126, 0.429931641, -0.865112305, -0.2578125, -0.90101128, -0.392827733, -0.183771293, 0, 2, 5, 1, 
