time, trialNum, realDorsalTactorPos, realVentralTactorPos, box1PosX, box1PosY, box1PosZ, box1LocalRot_11, box1LocalRot_12, box1LocalRot_13, box1LocalRot_21, box1LocalRot_22, box1LocalRot_23, box1LocalRot_31, box1LocalRot_32, box1LocalRot_33, box1GlobalRot_11, box1GlobalRot_12, box1GlobalRot_13, box1GlobalRot_21, box1GlobalRot_22, box1GlobalRot_23, box1GlobalRot_31, box1GlobalRot_32, box1GlobalRot_33, indexForceX, indexForceY, indexForceZ, indexForceGlobalX, indexForceGlobalY, indexForceGlobalZ, indexContact, indexPosX, indexPosY, indexPosZ, indexRot_11, indexRot_12, indexRot_13, indexRot_21, indexRot_22, indexRot_23, indexRot_31, indexRot_32, indexRot_33, thumbForceX, thumbForceY, thumbForceZ, thumbForceGlobalX, thumbForceGlobalY, thumbForceGlobalZ, thumbContact, thumbPosX, thumbPosY, thumbPosZ, thumbRot_11, thumbRot_12, thumbRot_13, thumbRot_21, thumbRot_22, thumbRot_23, thumbRot_31, thumbRot_32, thumbRot_33, manipForceTooHigh, cceExpType, mapping, trialSuccess, 
213.619124, 23, 0.1, 0.1, -0.0133874202, 0.35754348, -0.0199639582, 0.892947871, -0.450160083, -7.8385432e-006, 0.450160083, 0.892947871, -8.38581898e-006, 1.07743714e-005, 3.95949995e-006, 1, 0.892947725, -0.450160372, 3.09395249e-007, 0.450160372, 0.892947724, 3.05621087e-005, -1.4034124e-005, -2.7151088e-005, 1, 0, 0, 0, 0, 0, 0, 0, 0.264560913, -0.130343091, -0.166699536, -0.228987088, 0.563976019, -0.793382245, -0.973266602, -0.142944336, 0.179199219, -0.0123036384, 0.81326687, 0.581837232, 0, 0, -0, 0, 0, 0, 0, 0.30065127, -0.0761736328, -0.118814697, 0.0122256168, 0.380704586, -0.924464953, 0.738037109, -0.627197266, -0.248535156, -0.674536397, -0.679258616, -0.288766552, 0, 2, 1, 1, 
213.647715, 23, 0.1, 0.1, -0.0133874239, 0.357543522, -0.0199674538, 0.892926542, -0.450202389, -3.25775585e-006, 0.450202388, 0.892926539, -7.15265707e-005, 3.51103697e-005, 6.2401324e-005, 0.999999997, 0.892926879, -0.45020172, -1.72175048e-005, 0.450201717, 0.892926877, -8.2011588e-005, 5.22957308e-005, 6.54790011e-005, 0.999999996, 0, 0, 0, 0, 0, 0, 0, 0.270623071, -0.133435962, -0.161942285, -0.25814717, 0.597062433, -0.759537651, -0.965698242, -0.17956543, 0.187011719, -0.0247408221, 0.781825007, 0.623070934, 0, 0, -0, 0, 0, 0, 0, 0.304816211, -0.0816115234, -0.1143375, -0.0122428011, 0.386253678, -0.922189672, 0.756103516, -0.599975586, -0.261230469, -0.654277987, -0.700523585, -0.284722386, 0, 2, 1, 1, 
213.648495, 23, 0.1, 0.1, -0.0133874307, 0.357543516, -0.0199715208, 0.892924831, -0.450205782, 3.30930387e-005, 0.450205778, 0.89292483, 7.49117449e-005, -6.32752967e-005, -5.19918799e-005, 0.999999997, 0.892925172, -0.450205105, 3.92799763e-005, 0.450205102, 0.892925172, 6.32112525e-005, -6.35321081e-005, -3.87588728e-005, 0.999999997, 0, 0, 0, 0, 0, 0, 0, 0.270623071, -0.133435962, -0.161942285, -0.25814717, 0.597062433, -0.759537651, -0.965698242, -0.17956543, 0.187011719, -0.0247408221, 0.781825007, 0.623070934, 0, 0, -0, 0, 0, 0, 0, 0.304816211, -0.0816115234, -0.1143375, -0.0122428011, 0.386253678, -0.922189672, 0.756103516, -0.599975586, -0.261230469, -0.654277987, -0.700523585, -0.284722386, 0, 2, 1, 1, 
213.649274, 23, 0.1, 0.1, -0.0133874285, 0.357543512, -0.0199735107, 0.892923125, -0.450209164, -3.70375253e-005, 0.450209162, 0.892923125, -5.4600657e-005, 5.7653379e-005, 3.2079556e-005, 0.999999998, 0.892923474, -0.450208472, -3.06521996e-005, 0.450208472, 0.892923475, -1.29859659e-005, 3.32164604e-005, -2.20440614e-006, 0.999999999, 0, 0, 0, 0, 0, 0, 0, 0.270623071, -0.133435962, -0.161942285, -0.25814717, 0.597062433, -0.759537651, -0.965698242, -0.17956543, 0.187011719, -0.0247408221, 0.781825007, 0.623070934, 0, 0, -0, 0, 0, 0, 0, 0.304816211, -0.0816115234, -0.1143375, -0.0122428011, 0.386253678, -0.922189672, 0.756103516, -0.599975586, -0.261230469, -0.654277987, -0.700523585, -0.284722386, 0, 2, 1, 1, 
213.650057, 23, 0.1, 0.1, -0.0133874238, 0.357543531, -0.0199728946, 0.892921403, -0.450212581, 5.14827369e-006, 0.450212581, 0.892921401, -5.47568282e-005, 2.00552092e-005, 5.12113614e-005, 0.999999998, 0.892921736, -0.450211921, -1.02134544e-005, 0.450211919, 0.892921733, -8.23475667e-005, 4.61936716e-005, 6.89317133e-005, 0.999999997, 0, 0, 0, 0, 0, 0, 0, 0.270623071, -0.133435962, -0.161942285, -0.25814717, 0.597062433, -0.759537651, -0.965698242, -0.17956543, 0.187011719, -0.0247408221, 0.781825007, 0.623070934, 0, 0, -0, 0, 0, 0, 0, 0.304816211, -0.0816115234, -0.1143375, -0.0122428011, 0.386253678, -0.922189672, 0.756103516, -0.599975586, -0.261230469, -0.654277987, -0.700523585, -0.284722386, 0, 2, 1, 1, 
213.650854, 23, 0.1, 0.1, -0.0133874284, 0.357543521, -0.0199698866, 0.892919647, -0.450216063, 9.43461036e-006, 0.450216062, 0.892919645, 6.78881044e-005, -3.8988664e-005, -5.63710091e-005, 0.999999998, 0.89291999, -0.450215383, 1.95088169e-005, 0.450215381, 0.892919988, 7.10509575e-005, -4.94080466e-005, -5.46596508e-005, 0.999999997, 0, 0, 0, 0, 0, 0, 0, 0.271172925, -0.133840942, -0.161407178, -0.260425968, 0.597956579, -0.757905873, -0.965087891, -0.182373047, 0.187744141, -0.0258629991, 0.780447469, 0.624789957, 0, 0, -0, 0, 0, 0, 0, 0.304816211, -0.0816115234, -0.1143375, -0.0122428011, 0.386253678, -0.922189672, 0.756103516, -0.599975586, -0.261230469, -0.654277987, -0.700523585, -0.284722386, 0, 2, 1, 1, 
213.651651, 23, 0.1, 0.1, -0.0133874248, 0.357543523, -0.0199654907, 0.89291789, -0.450219548, -8.23842256e-006, 0.450219547, 0.89291789, -4.61910388e-005, 2.81523435e-005, 3.75357061e-005, 0.999999999, 0.892918243, -0.450218847, -1.8981773e-005, 0.450218846, 0.892918243, -4.32653836e-005, 3.64280625e-005, 3.00864984e-005, 0.999999999, 0, 0, 0, 0, 0, 0, 0, 0.271172925, -0.133840942, -0.161407178, -0.260425968, 0.597956579, -0.757905873, -0.965087891, -0.182373047, 0.187744141, -0.0258629991, 0.780447469, 0.624789957, 0, 0, -0, 0, 0, 0, 0, 0.30512915, -0.0823635254, -0.113882227, -0.0149132697, 0.385767705, -0.922438672, 0.7578125, -0.597412109, -0.262084961, -0.652226553, -0.702906774, -0.28352113, 0, 2, 1, 1, 
213.652429, 23, 0.1, 0.1, -0.0133874286, 0.357543519, -0.0199616428, 0.892916142, -0.450223015, 9.16605536e-006, 0.450223014, 0.892916141, 4.7362567e-005, -2.95082365e-005, -3.81640316e-005, 0.999999999, 0.892916493, -0.450222318, 2.13750471e-005, 0.450222317, 0.892916493, 5.04006879e-005, -4.17776466e-005, -3.53800823e-005, 0.999999999, 0, 0, 0, 0, 0, 0, 0, 0.271172925, -0.133840942, -0.161407178, -0.260425968, 0.597956579, -0.757905873, -0.965087891, -0.182373047, 0.187744141, -0.0258629991, 0.780447469, 0.624789957, 0, 0, -0, 0, 0, 0, 0, 0.30512915, -0.0823635254, -0.113882227, -0.0149132697, 0.385767705, -0.922438672, 0.7578125, -0.597412109, -0.262084961, -0.652226553, -0.702906774, -0.28352113, 0, 2, 1, 1, 
213.653225, 23, 0.1, 0.1, -0.0133874236, 0.357543529, -0.0199594051, 0.892914314, -0.450226641, -1.29995534e-005, 0.450226639, 0.892914311, -8.22686206e-005, 4.8647012e-005, 6.76060837e-005, 0.999999997, 0.89291471, -0.450225854, -2.67889004e-005, 0.450225851, 0.892914708, -8.0143331e-005, 6.00028028e-005, 5.95001037e-005, 0.999999996, 0, 0, 0, 0, 0, 0, 0, 0.271172925, -0.133840942, -0.161407178, -0.261682939, 0.599555035, -0.756375566, -0.96472168, -0.184204102, 0.187744141, -0.0267762419, 0.778834787, 0.626648643, 0, 0, -0, 0, 0, 0, 0, 0.30512915, -0.0823635254, -0.113882227, -0.0149132697, 0.385767705, -0.922438672, 0.7578125, -0.597412109, -0.262084961, -0.652226553, -0.702906774, -0.28352113, 0, 2, 1, 1, 
213.654022, 23, 0.1, 0.1, -0.0133874279, 0.357543528, -0.0199591069, 0.892912418, -0.4502304, 1.26850582e-005, 0.4502304, 0.892912418, 4.32873553e-005, -3.08159292e-005, -3.29406183e-005, 0.999999999, 0.892912792, -0.450229658, 2.46777209e-005, 0.450229657, 0.892912792, 4.13516166e-005, -4.06527769e-005, -2.58127456e-005, 0.999999999, 0, 0, 0, 0, 0, 0, 0, 0.271775635, -0.134433887, -0.160876831, -0.261682939, 0.599555035, -0.756375566, -0.96472168, -0.184204102, 0.187744141, -0.0267762419, 0.778834787, 0.626648643, 0, 0, -0, 0, 0, 0, 0, 0.305473584, -0.0828639648, -0.113417187, -0.017085372, 0.385620417, -0.922393829, 0.759521484, -0.594970703, -0.262695312, -0.650245481, -0.705008881, -0.282779961, 0, 2, 1, 1, 
213.654803, 23, 0.1, 0.1, -0.0133874235, 0.357543536, -0.0199610949, 0.892910512, -0.45023418, -1.25429071e-005, 0.450234178, 0.892910511, -7.06861909e-005, 4.30250327e-005, 5.74691974e-005, 0.999999997, 0.892910894, -0.450233423, -2.42122023e-005, 0.450233421, 0.892910892, -7.04390369e-005, 5.33333478e-005, 5.19946407e-005, 0.999999997, 0, 0, 0, 0, 0, 0, 0, 0.271775635, -0.134433887, -0.160876831, -0.261682939, 0.599555035, -0.756375566, -0.96472168, -0.184204102, 0.187744141, -0.0267762419, 0.778834787, 0.626648643, 0, 0, -0, 0, 0, 0, 0, 0.305473584, -0.0828639648, -0.113417187, -0.017085372, 0.385620417, -0.922393829, 0.759521484, -0.594970703, -0.262695312, -0.650245481, -0.705008881, -0.282779961, 0, 2, 1, 1, 
213.655584, 23, 0.1, 0.1, -0.0133874273, 0.357543533, -0.0199645063, 0.892908588, -0.450237997, 1.25524804e-005, 0.450237996, 0.892908587, 5.15536551e-005, -3.4419632e-005, -4.03810978e-005, 0.999999999, 0.892908972, -0.450237234, 2.25312264e-005, 0.450237232, 0.892908972, 4.71931651e-005, -4.13664543e-005, -3.19948036e-005, 0.999999999, 0, 0, 0, 0, 0, 0, 0, 0.271775635, -0.134433887, -0.160876831, -0.261682939, 0.599555035, -0.756375566, -0.96472168, -0.184204102, 0.187744141, -0.0267762419, 0.778834787, 0.626648643, 0, 0, -0, 0, 0, 0, 0, 0.305473584, -0.0828639648, -0.113417187, -0.017085372, 0.385620417, -0.922393829, 0.759521484, -0.594970703, -0.262695312, -0.650245481, -0.705008881, -0.282779961, 0, 2, 1, 1, 
213.656359, 23, 0.1, 0.1, -0.0133874241, 0.357543535, -0.0199681701, 0.892906671, -0.450241799, -9.41046108e-006, 0.450241798, 0.89290667, -3.89130767e-005, 2.59229571e-005, 3.05087629e-005, 0.999999999, 0.89290705, -0.450241046, -1.83521754e-005, 0.450241045, 0.89290705, -3.84488217e-005, 3.36980245e-005, 2.60683213e-005, 0.999999999, 0, 0, 0, 0, 0, 0, 0, 0.271775635, -0.134433887, -0.160876831, -0.261682939, 0.599555035, -0.756375566, -0.96472168, -0.184204102, 0.187744141, -0.0267762419, 0.778834787, 0.626648643, 0, 0, -0, 0, 0, 0, 0, 0.305473584, -0.0828639648, -0.113417187, -0.017085372, 0.385620417, -0.922393829, 0.759521484, -0.594970703, -0.262695312, -0.650245481, -0.705008881, -0.282779961, 0, 2, 1, 1, 
213.657138, 23, 0.1, 0.1, -0.0133874271, 0.35754353, -0.0199708848, 0.892904781, -0.450245547, 9.67645662e-006, 0.450245546, 0.89290478, 5.35892039e-005, -3.27684548e-005, -4.34932749e-005, 0.999999999, 0.892905154, -0.450244806, 1.83798508e-005, 0.450244805, 0.892905154, 5.19595822e-005, -3.98059956e-005, -3.81195464e-005, 0.999999998, 0, 0, 0, 0, 0, 0, 0, 0.271775635, -0.134433887, -0.160876831, -0.261682939, 0.599555035, -0.756375566, -0.96472168, -0.184204102, 0.187744141, -0.0267762419, 0.778834787, 0.626648643, 0, 0, -0, 0, 0, 0, 0, 0.305473584, -0.0828639648, -0.113417187, -0.017085372, 0.385620417, -0.922393829, 0.759521484, -0.594970703, -0.262695312, -0.650245481, -0.705008881, -0.282779961, 0, 2, 1, 1, 
213.657917, 23, 0.1, 0.1, -0.0133874242, 0.357543531, -0.0199718197, 0.892902927, -0.450249224, -8.02836007e-006, 0.450249223, 0.892902926, -3.13166764e-005, 2.12688555e-005, 2.43479891e-005, 0.999999999, 0.892903292, -0.450248498, -1.6050808e-005, 0.450248498, 0.892903292, -3.00379001e-005, 2.78563387e-005, 1.95940877e-005, 0.999999999, 0, 0, 0, 0, 0, 0, 0, 0.271775635, -0.134433887, -0.160876831, -0.261682939, 0.599555035, -0.756375566, -0.96472168, -0.184204102, 0.187744141, -0.0267762419, 0.778834787, 0.626648643, 0, 0, -0, 0, 0, 0, 0, 0.305473584, -0.0828639648, -0.113417187, -0.017085372, 0.385620417, -0.922393829, 0.759521484, -0.594970703, -0.262695312, -0.650245481, -0.705008881, -0.282779961, 0, 2, 1, 1, 
213.658814, 23, 0.1, 0.1, -0.0133874271, 0.357543524, -0.0199698097, 0.892900844, -0.450253353, 2.50911494e-006, 0.450253352, 0.892900843, 4.80882577e-005, -2.38922901e-005, -4.18083085e-005, 0.999999999, 0.892901411, -0.45025223, 1.74738464e-005, 0.450252229, 0.89290141, 5.09524286e-005, -3.85438667e-005, -3.7627857e-005, 0.999999999, 0, 0, 0, 0, 0, 0, 0, 0.271953345, -0.135237866, -0.16054873, -0.262634374, 0.601394625, -0.754445366, -0.964477539, -0.184570313, 0.188598633, -0.0257604059, 0.777183913, 0.628691176, 0, 0, -0, 0, 0, 0, 0, 0.305553271, -0.0835627441, -0.113165381, -0.0198644824, 0.385837334, -0.922240345, 0.761108398, -0.592285156, -0.264160156, -0.648328209, -0.707072708, -0.28190463, 0, 2, 1, 1, 
213.659705, 23, 0.1, 0.1, -0.0133874208, 0.357543533, -0.0199642503, 0.892898754, -0.450257498, -1.3812986e-005, 0.450257496, 0.892898753, -6.97309883e-005, 4.37304983e-005, 5.60433121e-005, 0.999999997, 0.89289914, -0.450256733, -2.72372463e-005, 0.45025673, 0.892899139, -7.1278506e-005, 5.6413741e-005, 5.13807633e-005, 0.999999997, 0, 0, 0, 0, 0, 0, 0, 0.271953345, -0.135237866, -0.16054873, -0.262634374, 0.601394625, -0.754445366, -0.964477539, -0.184570313, 0.188598633, -0.0257604059, 0.777183913, 0.628691176, 0, 0, -0, 0, 0, 0, 0, 0.305553271, -0.0835627441, -0.113165381, -0.0198644824, 0.385837334, -0.922240345, 0.761108398, -0.592285156, -0.264160156, -0.648328209, -0.707072708, -0.28190463, 0, 2, 1, 1, 
213.660485, 23, 0.1, 0.1, -0.0133874247, 0.357543529, -0.0199598157, 0.892896886, -0.450261202, 1.15803838e-005, 0.450261201, 0.892896885, 5.30669791e-005, -3.42340905e-005, -4.21691429e-005, 0.999999999, 0.892897258, -0.450260465, 2.28111137e-005, 0.450260463, 0.892897257, 5.13694315e-005, -4.3497605e-005, -3.5596682e-005, 0.999999998, 0, 0, 0, 0, 0, 0, 0, 0.271953345, -0.135237866, -0.16054873, -0.262634374, 0.601394625, -0.754445366, -0.964477539, -0.184570313, 0.188598633, -0.0257604059, 0.777183913, 0.628691176, 0, 0, -0, 0, 0, 0, 0, 0.305553271, -0.0835627441, -0.113165381, -0.0198644824, 0.385837334, -0.922240345, 0.761108398, -0.592285156, -0.264160156, -0.648328209, -0.707072708, -0.28190463, 0, 2, 1, 1, 
213.661269, 23, 0.1, 0.1, -0.0133874207, 0.357543536, -0.0199576798, 0.892894971, -0.450265001, -9.04923645e-006, 0.450265, 0.892894969, -6.28080753e-005, 3.63602958e-005, 5.20064601e-005, 0.999999998, 0.892895353, -0.450264242, -2.10445906e-005, 0.45026424, 0.892895352, -6.45157268e-005, 4.7839742e-005, 4.81301661e-005, 0.999999998, 0, 0, 0, 0, 0, 0, 0, 0.271953345, -0.135237866, -0.16054873, -0.262634374, 0.601394625, -0.754445366, -0.964477539, -0.184570313, 0.188598633, -0.0257604059, 0.777183913, 0.628691176, 0, 0, -0, 0, 0, 0, 0, 0.305553271, -0.0835627441, -0.113165381, -0.0198644824, 0.385837334, -0.922240345, 0.761108398, -0.592285156, -0.264160156, -0.648328209, -0.707072708, -0.28190463, 0, 2, 1, 1, 
213.662053, 23, 0.1, 0.1, -0.0133874255, 0.357543528, -0.0199583658, 0.892893013, -0.450268884, 1.22093806e-005, 0.450268882, 0.89289301, 7.53546165e-005, -4.48315097e-005, -6.17861064e-005, 0.999999997, 0.892893408, -0.450268099, 2.57059164e-005, 0.450268097, 0.892893407, 7.21733963e-005, -5.54500213e-005, -5.28685958e-005, 0.999999997, 0, 0, 0, 0, 0, 0, 0, 0.271953345, -0.135237866, -0.16054873, -0.262634374, 0.601394625, -0.754445366, -0.964477539, -0.184570313, 0.188598633, -0.0257604059, 0.777183913, 0.628691176, 0, 0, -0, 0, 0, 0, 0, 0.305553271, -0.0835627441, -0.113165381, -0.0198644824, 0.385837334, -0.922240345, 0.761108398, -0.592285156, -0.264160156, -0.648328209, -0.707072708, -0.28190463, 0, 2, 1, 1, 
213.662837, 23, 0.1, 0.1, -0.0133874204, 0.35754353, -0.0199614485, 0.892891003, -0.450272869, -1.80446754e-005, 0.450272868, 0.892891003, -4.41065223e-005, 3.59718986e-005, 3.12572892e-005, 0.999999999, 0.892891406, -0.45027207, -2.84194885e-005, 0.450272069, 0.892891406, -4.16525735e-005, 4.41305076e-005, 2.4394723e-005, 0.999999999, 0, 0, 0, 0, 0, 0, 0, 0.271953345, -0.135237866, -0.16054873, -0.262634374, 0.601394625, -0.754445366, -0.964477539, -0.184570313, 0.188598633, -0.0257604059, 0.777183913, 0.628691176, 0, 0, -0, 0, 0, 0, 0, 0.305553271, -0.0835627441, -0.113165381, -0.0198644824, 0.385837334, -0.922240345, 0.761108398, -0.592285156, -0.264160156, -0.648328209, -0.707072708, -0.28190463, 0, 2, 1, 1, 
213.663649, 23, 0.1, 0.1, -0.013387424, 0.357543523, -0.0199654931, 0.892888912, -0.450277016, 1.22034137e-005, 0.450277015, 0.89288891, 6.20628294e-005, -3.88417584e-005, -4.99202954e-005, 0.999999998, 0.892889316, -0.450276215, 2.19804936e-005, 0.450276213, 0.892889315, 6.1582516e-005, -4.735529e-005, -4.50890772e-005, 0.999999998, 0, 0, 0, 0, 0, 0, 0, 0.272130322, -0.136256299, -0.15999873, -0.263629992, 0.603392974, -0.752534261, -0.964233398, -0.184448242, 0.189819336, -0.0242432041, 0.775755078, 0.630613142, 0, 0, -0, 0, 0, 0, 0, 0.305895996, -0.0844564453, -0.112698877, -0.022023825, 0.386392936, -0.922023061, 0.762573242, -0.58984375, -0.265380859, -0.646468539, -0.708855453, -0.281636307, 0, 2, 1, 1, 
213.66443, 23, 0.1, 0.1, -0.0133874211, 0.357543525, -0.0199691824, 0.892886926, -0.450280954, -8.13417661e-006, 0.450280953, 0.892886925, -4.42667604e-005, 2.7195379e-005, 3.58625468e-005, 0.999999999, 0.892887321, -0.45028017, -1.70574985e-005, 0.450280169, 0.892887321, -4.03883319e-005, 3.34164891e-005, 2.83815762e-005, 0.999999999, 0, 0, 0, 0, 0, 0, 0, 0.272130322, -0.136256299, -0.15999873, -0.263629992, 0.603392974, -0.752534261, -0.964233398, -0.184448242, 0.189819336, -0.0242432041, 0.775755078, 0.630613142, 0, 0, -0, 0, 0, 0, 0, 0.305895996, -0.0844564453, -0.112698877, -0.022023825, 0.386392936, -0.922023061, 0.762573242, -0.58984375, -0.265380859, -0.646468539, -0.708855453, -0.281636307, 0, 2, 1, 1, 
213.66521, 23, 0.1, 0.1, -0.0133874244, 0.357543523, -0.0199715504, 0.892884978, -0.450284817, 1.08657233e-005, 0.450284817, 0.892884977, 3.37098066e-005, -2.48808553e-005, -2.52063097e-005, 0.999999999, 0.89288536, -0.450284058, 1.90128318e-005, 0.450284057, 0.89288536, 3.38638669e-005, -3.22246386e-005, -2.1675376e-005, 0.999999999, 0, 0, 0, 0, 0, 0, 0, 0.272130322, -0.136256299, -0.15999873, -0.263629992, 0.603392974, -0.752534261, -0.964233398, -0.184448242, 0.189819336, -0.0242432041, 0.775755078, 0.630613142, 0, 0, -0, 0, 0, 0, 0, 0.305895996, -0.0844564453, -0.112698877, -0.022023825, 0.386392936, -0.922023061, 0.762573242, -0.58984375, -0.265380859, -0.646468539, -0.708855453, -0.281636307, 0, 2, 1, 1, 
213.666007, 23, 0.1, 0.1, -0.0133874218, 0.357543529, -0.0199717779, 0.892883038, -0.450288663, -6.6244982e-006, 0.450288662, 0.892883037, -5.34930712e-005, 3.00022256e-005, 4.47801195e-005, 0.999999999, 0.892883414, -0.450287918, -1.39013528e-005, 0.450287917, 0.892883413, -5.3480222e-005, 3.64937851e-005, 4.14919921e-005, 0.999999998, 0, 0, 0, 0, 0, 0, 0, 0.272130322, -0.136256299, -0.15999873, -0.263629992, 0.603392974, -0.752534261, -0.964233398, -0.184448242, 0.189819336, -0.0242432041, 0.775755078, 0.630613142, 0, 0, -0, 0, 0, 0, 0, 0.306270215, -0.0851168945, -0.112230908, -0.0236848013, 0.38705718, -0.921633337, 0.764038086, -0.587524414, -0.266357422, -0.644679231, -0.710504036, -0.281840831, 0, 2, 1, 1, 
213.666789, 23, 0.1, 0.1, -0.0133874241, 0.357543527, -0.0199699741, 0.892881188, -0.450292333, 2.59372846e-006, 0.450292332, 0.892881187, 3.62892579e-005, -1.8656666e-005, -3.12340597e-005, 0.999999999, 0.892881555, -0.450291604, 1.2679328e-005, 0.450291603, 0.892881555, 3.52265934e-005, -2.71833773e-005, -2.57437806e-005, 0.999999999, 0, 0, 0, 0, 0, 0, 0, 0.272130322, -0.136256299, -0.15999873, -0.263629992, 0.603392974, -0.752534261, -0.964233398, -0.184448242, 0.189819336, -0.0242432041, 0.775755078, 0.630613142, 0, 0, -0, 0, 0, 0, 0, 0.306270215, -0.0851168945, -0.112230908, -0.0236848013, 0.38705718, -0.921633337, 0.764038086, -0.587524414, -0.266357422, -0.644679231, -0.710504036, -0.281840831, 0, 2, 1, 1, 
213.667572, 23, 0.1, 0.1, -0.0133874259, 0.357543529, -0.0199669737, 0.892879343, -0.450295989, 2.93204874e-005, 0.450295989, 0.892879343, -2.4854333e-005, -1.49878511e-005, 3.53948184e-005, 0.999999999, 0.892879707, -0.450295269, 2.57273267e-005, 0.450295269, 0.892879706, -2.47066303e-005, -1.18461292e-005, 3.36449423e-005, 0.999999999, 0, 0, 0, 0, 0, 0, 0, 0.272130322, -0.136256299, -0.15999873, -0.263629992, 0.603392974, -0.752534261, -0.964233398, -0.184448242, 0.189819336, -0.0242432041, 0.775755078, 0.630613142, 0, 0, -0, 0, 0, 0, 0, 0.306270215, -0.0851168945, -0.112230908, -0.0236848013, 0.38705718, -0.921633337, 0.764038086, -0.587524414, -0.266357422, -0.644679231, -0.710504036, -0.281840831, 0, 2, 1, 1, 
213.668366, 23, 0.1, 0.1, -0.0133874216, 0.357543525, -0.0199636715, 0.892877715, -0.450299217, -2.33943802e-005, 0.450299218, 0.892877714, 5.27865446e-005, -2.88141896e-006, -5.76664005e-005, 0.999999998, 0.89287799, -0.450298671, -3.72260499e-005, 0.450298672, 0.892877989, 4.11358676e-005, 1.47148941e-005, -5.34921516e-005, 0.999999998, 0, 0, 0, 0, 0, 0, 0, 0.272510278, -0.137538013, -0.159696997, -0.264981321, 0.604585544, -0.751080339, -0.963867187, -0.184936523, 0.191040039, -0.023411215, 0.77470105, 0.631989558, 0, 0, -0, 0, 0, 0, 0, 0.306270215, -0.0851168945, -0.112230908, -0.0236848013, 0.38705718, -0.921633337, 0.764038086, -0.587524414, -0.266357422, -0.644679231, -0.710504036, -0.281840831, 0, 2, 1, 1, 
213.669151, 23, 0.1, 0.1, -0.0133874222, 0.357543525, -0.0199613401, 0.892876466, -0.450301695, 1.86995462e-005, 0.450301696, 0.892876465, -3.30822607e-005, -1.79938664e-006, 3.79588094e-005, 0.999999999, 0.892876701, -0.450301228, 1.13083449e-005, 0.450301228, 0.892876701, -3.03821922e-005, 3.58418076e-006, 3.22197132e-005, 0.999999999, 0, 0, 0, 0, 0, 0, 0, 0.272510278, -0.137538013, -0.159696997, -0.264981321, 0.604585544, -0.751080339, -0.963867187, -0.184936523, 0.191040039, -0.023411215, 0.77470105, 0.631989558, 0, 0, -0, 0, 0, 0, 0, 0.306270215, -0.0851168945, -0.112230908, -0.0236848013, 0.38705718, -0.921633337, 0.764038086, -0.587524414, -0.266357422, -0.644679231, -0.710504036, -0.281840831, 0, 2, 1, 1, 
213.66994, 23, 0.1, 0.1, -0.0133874222, 0.357543521, -0.0199606085, 0.892875401, -0.450303806, -9.70275845e-006, 0.450303806, 0.8928754, 5.37635458e-005, -1.5546575e-005, -5.23733366e-005, 0.999999999, 0.892875604, -0.450303405, -5.1767038e-007, 0.450303404, 0.892875602, 5.42131776e-005, -2.39501632e-005, -4.86387324e-005, 0.999999999, 0, 0, 0, 0, 0, 0, 0, 0.272510278, -0.137538013, -0.159696997, -0.264981321, 0.604585544, -0.751080339, -0.963867187, -0.184936523, 0.191040039, -0.023411215, 0.77470105, 0.631989558, 0, 0, -0, 0, 0, 0, 0, 0.306270215, -0.0851168945, -0.112230908, -0.0236848013, 0.38705718, -0.921633337, 0.764038086, -0.587524414, -0.266357422, -0.644679231, -0.710504036, -0.281840831, 0, 2, 1, 1, 
213.670757, 23, 0.1, 0.1, -0.0133874241, 0.357543523, -0.0199614727, 0.892874232, -0.450306123, 4.27050413e-005, 0.450306124, 0.892874231, -3.95340418e-005, -2.03278098e-005, 5.45292688e-005, 0.999999998, 0.892874489, -0.450305615, 3.37542706e-005, 0.450305616, 0.892874488, -3.58780973e-005, -1.39822185e-005, 4.72343754e-005, 0.999999999, 0, 0, 0, 0, 0, 0, 0, 0.273336963, -0.138414624, -0.158993457, -0.266194109, 0.604953238, -0.750464397, -0.963500977, -0.187011719, 0.191040039, -0.0248258235, 0.773901262, 0.632757146, 0, 0, -0, 0, 0, 0, 0, 0.306270215, -0.0851168945, -0.112230908, -0.0243042025, 0.386775731, -0.921729219, 0.765991211, -0.585205078, -0.26574707, -0.642289479, -0.712497501, -0.282096394, 0, 2, 1, 1, 
213.67154, 23, 0.1, 0.1, -0.0133874239, 0.357543523, -0.0199633866, 0.892873243, -0.450308085, -4.42577246e-006, 0.450308085, 0.892873242, 3.70174665e-005, -1.27176107e-005, -3.50448665e-005, 0.999999999, 0.892873403, -0.450307767, -1.88101256e-005, 0.450307768, 0.892873403, 2.34034487e-005, 6.25630612e-006, -2.93666626e-005, 1, 0, 0, 0, 0, 0, 0, 0, 0.273336963, -0.138414624, -0.158993457, -0.266194109, 0.604953238, -0.750464397, -0.963500977, -0.187011719, 0.191040039, -0.0248258235, 0.773901262, 0.632757146, 0, 0, -0, 0, 0, 0, 0, 0.306725977, -0.0860704102, -0.111349658, -0.0243042025, 0.386775731, -0.921729219, 0.765991211, -0.585205078, -0.26574707, -0.642289479, -0.712497501, -0.282096394, 0, 2, 1, 1, 
213.672323, 23, 0.1, 0.1, -0.0133874255, 0.357543526, -0.0199659714, 0.892872561, -0.450309438, 1.39155623e-005, 0.450309438, 0.89287256, -4.44185178e-005, 7.5772541e-006, 4.59263848e-005, 0.999999999, 0.892872692, -0.450309177, 7.31637496e-006, 0.450309177, 0.892872691, -4.30067509e-005, 1.28337432e-005, 4.16941843e-005, 0.999999999, 0, 0, 0, 0, 0, 0, 0, 0.273336963, -0.138414624, -0.158993457, -0.266194109, 0.604953238, -0.750464397, -0.963500977, -0.187011719, 0.191040039, -0.0248258235, 0.773901262, 0.632757146, 0, 0, -0, 0, 0, 0, 0, 0.306725977, -0.0860704102, -0.111349658, -0.0243042025, 0.386775731, -0.921729219, 0.765991211, -0.585205078, -0.26574707, -0.642289479, -0.712497501, -0.282096394, 0, 2, 1, 1, 
213.673107, 23, 0.1, 0.1, -0.0133874248, 0.357543525, -0.0199683564, 0.892871812, -0.450310922, -3.2641283e-005, 0.450310922, 0.892871812, 2.55045508e-005, 1.76595037e-005, -3.74710207e-005, 0.999999999, 0.892871972, -0.450310604, -2.44352911e-005, 0.450310605, 0.892871972, 2.31675225e-005, 1.13850055e-005, -3.16891022e-005, 0.999999999, 0, 0, 0, 0, 0, 0, 0, 0.273336963, -0.138414624, -0.158993457, -0.266194109, 0.604953238, -0.750464397, -0.963500977, -0.187011719, 0.191040039, -0.0248258235, 0.773901262, 0.632757146, 0, 0, -0, 0, 0, 0, 0, 0.306725977, -0.0860704102, -0.111349658, -0.0243042025, 0.386775731, -0.921729219, 0.765991211, -0.585205078, -0.26574707, -0.642289479, -0.712497501, -0.282096394, 0, 2, 1, 1, 
213.673891, 23, 0.1, 0.1, -0.0133874251, 0.357543527, -0.0199697415, 0.892871131, -0.450312274, 1.70238788e-005, 0.450312274, 0.89287113, -2.74125688e-005, -2.85591367e-006, 3.21419529e-005, 0.999999999, 0.89287125, -0.450312038, 1.20560106e-005, 0.450312038, 0.892871249, -2.59191891e-005, 9.07257615e-007, 2.85714655e-005, 1, 0, 0, 0, 0, 0, 0, 0, 0.273336963, -0.138414624, -0.158993457, -0.266194109, 0.604953238, -0.750464397, -0.963500977, -0.187011719, 0.191040039, -0.0248258235, 0.773901262, 0.632757146, 0, 0, -0, 0, 0, 0, 0, 0.306725977, -0.0860704102, -0.111349658, -0.0243042025, 0.386775731, -0.921729219, 0.765991211, -0.585205078, -0.26574707, -0.642289479, -0.712497501, -0.282096394, 0, 2, 1, 1, 
213.674751, 23, 0.1, 0.1, -0.0133874236, 0.357543523, -0.0199693871, 0.892870564, -0.450313397, -3.83909686e-006, 0.450313397, 0.892870563, 4.55630898e-005, -1.70898532e-005, -4.24107385e-005, 0.999999999, 0.892870689, -0.450313148, -1.92425064e-005, 0.450313149, 0.892870689, 3.20943547e-005, 2.72856001e-006, -3.73212622e-005, 0.999999999, 0, 0, 0, 0, 0, 0, 0, 0.273336963, -0.138414624, -0.158993457, -0.266194109, 0.604953238, -0.750464397, -0.963500977, -0.187011719, 0.191040039, -0.0248258235, 0.773901262, 0.632757146, 0, 0, -0, 0, 0, 0, 0, 0.306725977, -0.0860704102, -0.111349658, -0.0243042025, 0.386775731, -0.921729219, 0.765991211, -0.585205078, -0.26574707, -0.642289479, -0.712497501, -0.282096394, 0, 2, 1, 1, 
213.675557, 23, 0.1, 0.1, -0.0133874243, 0.357543524, -0.0199669288, 0.892870204, -0.450314112, 7.48826257e-006, 0.450314112, 0.892870203, -3.91939194e-005, 1.09635285e-005, 3.83671531e-005, 0.999999999, 0.892870279, -0.450313963, 1.40046408e-006, 0.450313962, 0.892870278, -3.69764141e-005, 1.54005628e-005, 3.36457897e-005, 0.999999999, 0, 0, 0, 0, 0, 0, 0, 0.273336963, -0.138414624, -0.158993457, -0.267699328, 0.605282739, -0.749651504, -0.963012695, -0.190185547, 0.190307617, -0.0273064428, 0.772860338, 0.633987908, 0, 0, -0, 0, 0, 0, 0, 0.306725977, -0.0860704102, -0.111349658, -0.0243042025, 0.386775731, -0.921729219, 0.765991211, -0.585205078, -0.26574707, -0.642289479, -0.712497501, -0.282096394, 0, 2, 1, 1, 
213.676357, 23, 0.1, 0.1, -0.0133874229, 0.357543522, -0.0199639451, 0.892869792, -0.450314927, -2.79243259e-005, 0.450314928, 0.892869791, 3.58697181e-005, 8.7801176e-006, -4.46017285e-005, 0.999999999, 0.892869874, -0.450314765, -1.79255695e-005, 0.450314766, 0.892869873, 3.72629228e-005, -7.74843416e-007, -4.13430898e-005, 0.999999999, 0, 0, 0, 0, 0, 0, 0, 0.274591943, -0.139070679, -0.158278442, -0.267699328, 0.605282739, -0.749651504, -0.963012695, -0.190185547, 0.190307617, -0.0273064428, 0.772860338, 0.633987908, 0, 0, -0, 0, 0, 0, 0, 0.307456738, -0.0867643066, -0.11069873, -0.0243931547, 0.387139569, -0.921588861, 0.768676758, -0.58215332, -0.264892578, -0.639107517, -0.714791371, -0.283431811, 0, 2, 1, 1, 
213.677138, 23, 0.1, 0.1, -0.0133874241, 0.357543525, -0.0199618728, 0.892869478, -0.450315551, 3.39051662e-006, 0.450315551, 0.892869476, -5.43708227e-005, 2.14567382e-005, 5.00728504e-005, 0.999999999, 0.89286951, -0.450315487, 2.15360972e-005, 0.450315487, 0.892869509, -3.94520584e-005, -1.46305165e-006, 4.49235782e-005, 0.999999999, 0, 0, 0, 0, 0, 0, 0, 0.274591943, -0.139070679, -0.158278442, -0.267699328, 0.605282739, -0.749651504, -0.963012695, -0.190185547, 0.190307617, -0.0273064428, 0.772860338, 0.633987908, 0, 0, -0, 0, 0, 0, 0, 0.307456738, -0.0867643066, -0.11069873, -0.0243931547, 0.387139569, -0.921588861, 0.768676758, -0.58215332, -0.264892578, -0.639107517, -0.714791371, -0.283431811, 0, 2, 1, 1, 
213.67792, 23, 0.1, 0.1, -0.0133874232, 0.357543523, -0.019961272, 0.892869486, -0.450315535, 1.5944735e-005, 0.450315533, 0.892869485, 5.56082319e-005, -3.9277818e-005, -4.24707316e-005, 0.999999998, 0.89286946, -0.450315586, 3.71631402e-006, 0.450315586, 0.892869459, 4.39679791e-005, -2.31176496e-005, -3.75841516e-005, 0.999999999, 0, 0, 0, 0, 0, 0, 0, 0.274591943, -0.139070679, -0.158278442, -0.267699328, 0.605282739, -0.749651504, -0.963012695, -0.190185547, 0.190307617, -0.0273064428, 0.772860338, 0.633987908, 0, 0, -0, 0, 0, 0, 0, 0.307456738, -0.0867643066, -0.11069873, -0.0243931547, 0.387139569, -0.921588861, 0.768676758, -0.58215332, -0.264892578, -0.639107517, -0.714791371, -0.283431811, 0, 2, 1, 1, 
213.678735, 23, 0.1, 0.1, -0.0133874239, 0.357543527, -0.0199619206, 0.892869745, -0.450315021, -2.98565323e-005, 0.450315018, 0.892869744, -7.39722887e-005, 5.99688271e-005, 5.26027737e-005, 0.999999997, 0.89286967, -0.45031517, -1.12843244e-005, 0.450315168, 0.892869669, -6.01301816e-005, 3.71529639e-005, 4.8606913e-005, 0.999999998, 0, 0, 0, 0, 0, 0, 0, 0.275108594, -0.139460034, -0.157944238, -0.270619155, 0.606500396, -0.747600736, -0.962158203, -0.193481445, 0.19128418, -0.0285742746, 0.771184377, 0.636011345, 0, 0, -0, 0, 0, 0, 0, 0.307824609, -0.0871834473, -0.110457422, -0.0263734932, 0.388219057, -0.921173617, 0.770629883, -0.578979492, -0.266113281, -0.63661532, -0.716887281, -0.283879138, 0, 2, 1, 1, 
213.679519, 23, 0.1, 0.1, -0.0133874187, 0.357543529, -0.0199636362, 0.892870248, -0.450314023, 2.17924962e-005, 0.450314022, 0.892870248, 4.95668454e-005, -4.1778517e-005, -3.4443295e-005, 0.999999999, 0.892870115, -0.450314287, -1.60370581e-005, 0.450314288, 0.892870115, 2.53848972e-005, 2.88782803e-006, -2.98871325e-005, 1, 0, 0, 0, 0, 0, 0, 0, 0.275108594, -0.139460034, -0.157944238, -0.270619155, 0.606500396, -0.747600736, -0.962158203, -0.193481445, 0.19128418, -0.0285742746, 0.771184377, 0.636011345, 0, 0, -0, 0, 0, 0, 0, 0.307824609, -0.0871834473, -0.110457422, -0.0263734932, 0.388219057, -0.921173617, 0.770629883, -0.578979492, -0.266113281, -0.63661532, -0.716887281, -0.283879138, 0, 2, 1, 1, 
213.680303, 23, 0.1, 0.1, -0.0133874343, 0.357543525, -0.0199659556, 0.892871109, -0.450312312, 5.93990949e-005, 0.450312314, 0.89287111, -1.78363281e-005, -4.50038176e-005, 4.26736859e-005, 0.999999998, 0.892870915, -0.450312694, 8.12951873e-005, 0.450312695, 0.892870918, -1.91496419e-006, -7.17237758e-005, 3.83180707e-005, 0.999999997, 0, 0, 0, 0, 0, 0, 0, 0.275108594, -0.139460034, -0.157944238, -0.270619155, 0.606500396, -0.747600736, -0.962158203, -0.193481445, 0.19128418, -0.0285742746, 0.771184377, 0.636011345, 0, 0, -0, 0, 0, 0, 0, 0.307824609, -0.0871834473, -0.110457422, -0.0263734932, 0.388219057, -0.921173617, 0.770629883, -0.578979492, -0.266113281, -0.63661532, -0.716887281, -0.283879138, 0, 2, 1, 1, 
213.681083, 23, 0.1, 0.1, -0.0133874214, 0.357543529, -0.0199681296, 0.892872215, -0.450310112, -0.000105884132, 0.450310114, 0.89287222, -1.08686194e-005, 9.94352493e-005, -3.79764073e-005, 0.999999994, 0.892871991, -0.450310558, -9.81524255e-005, 0.450310559, 0.892871996, -1.41928514e-005, 9.40287429e-005, -3.15266741e-005, 0.999999995, 0, 0, 0, 0, 0, 0, 0, 0.275108594, -0.139460034, -0.157944238, -0.270619155, 0.606500396, -0.747600736, -0.962158203, -0.193481445, 0.19128418, -0.0285742746, 0.771184377, 0.636011345, 0, 0, -0, 0, 0, 0, 0, 0.307824609, -0.0871834473, -0.110457422, -0.0263734932, 0.388219057, -0.921173617, 0.770629883, -0.578979492, -0.266113281, -0.63661532, -0.716887281, -0.283879138, 0, 2, 1, 1, 
213.681865, 23, 0.1, 0.1, -0.0133874144, 0.357543532, -0.0199695307, 0.892873227, -0.450308116, 3.66971379e-005, 0.450308116, 0.892873227, -2.46774457e-006, -3.16546465e-005, 1.87284021e-005, 0.999999999, 0.892873062, -0.450308445, 9.70184064e-006, 0.450308445, 0.892873062, -1.44719747e-005, -2.14565972e-006, 1.72904572e-005, 1, 0, 0, 0, 0, 0, 0, 0, 0.275108594, -0.139460034, -0.157944238, -0.270619155, 0.606500396, -0.747600736, -0.962158203, -0.193481445, 0.19128418, -0.0285742746, 0.771184377, 0.636011345, 0, 0, -0, 0, 0, 0, 0, 0.307824609, -0.0871834473, -0.110457422, -0.0263734932, 0.388219057, -0.921173617, 0.770629883, -0.578979492, -0.266113281, -0.63661532, -0.716887281, -0.283879138, 0, 2, 1, 1, 
213.682649, 23, 0.1, 0.1, -0.0133874209, 0.357543528, -0.0199696675, 0.892873843, -0.450306895, -3.86896834e-007, 0.450306895, 0.892873843, -8.74348837e-007, 7.39175373e-007, 6.06460894e-007, 1, 0.892873742, -0.450307096, 1.93045083e-005, 0.450307096, 0.892873742, 2.43464545e-005, -2.81998698e-005, -1.30453528e-005, 1, 0, 0, 0, 0, 0, 0, 0, 0.275108594, -0.139460034, -0.157944238, -0.270619155, 0.606500396, -0.747600736, -0.962158203, -0.193481445, 0.19128418, -0.0285742746, 0.771184377, 0.636011345, 0, 0, -0, 0, 0, 0, 0, 0.307824609, -0.0871834473, -0.110457422, -0.0263734932, 0.388219057, -0.921173617, 0.770629883, -0.578979492, -0.266113281, -0.63661532, -0.716887281, -0.283879138, 0, 2, 1, 1, 
213.683459, 23, 0.1, 0.1, -0.013387419, 0.35754353, -0.0199682294, 0.892874394, -0.450305803, 1.1426073e-005, 0.450305803, 0.892874394, -9.13391808e-006, -6.08899173e-006, 1.33006686e-005, 1, 0.892874293, -0.450306004, 5.50005643e-006, 0.450306004, 0.892874293, -9.94176e-006, -4.34024781e-007, 1.13534504e-005, 1, 0, 0, 0, 0, 0, 0, 0, 0.275387598, -0.140029175, -0.158009155, -0.273912668, 0.608606209, -0.744673796, -0.961303711, -0.196044922, 0.193359375, -0.0282998174, 0.768873378, 0.638884745, 0, 0, -0, 0, 0, 0, 0, 0.308207861, -0.0876211426, -0.110212939, -0.02846867, 0.389253702, -0.920598691, 0.77355957, -0.574707031, -0.266967773, -0.633030508, -0.719724361, -0.28467791, 0, 2, 1, 1, 
213.68424, 23, 0.1, 0.1, -0.0133874159, 0.357543528, -0.019966067, 0.892874857, -0.450304886, 2.41702175e-006, 0.450304886, 0.892874857, 4.84447292e-006, -4.33958778e-006, -3.23711136e-006, 1, 0.892874769, -0.45030506, -2.13105047e-005, 0.45030506, 0.892874769, 1.14576909e-005, 1.38681558e-005, -1.98265112e-005, 1, 0, 0, 0, 0, 0, 0, 0, 0.275387598, -0.140029175, -0.158009155, -0.273912668, 0.608606209, -0.744673796, -0.961303711, -0.196044922, 0.193359375, -0.0282998174, 0.768873378, 0.638884745, 0, 0, -0, 0, 0, 0, 0, 0.308207861, -0.0876211426, -0.110212939, -0.02846867, 0.389253702, -0.920598691, 0.77355957, -0.574707031, -0.266967773, -0.633030508, -0.719724361, -0.28467791, 0, 2, 1, 1, 
213.685023, 23, 0.1, 0.1, -0.0133874172, 0.357543534, -0.0199639978, 0.892875441, -0.450303727, -1.02272171e-005, 0.450303727, 0.892875441, -6.74437244e-006, 1.21686471e-005, 1.41653053e-006, 1, 0.892875314, -0.450303979, -5.71077411e-006, 0.450303979, 0.892875314, -3.25211529e-005, 1.97434138e-005, 2.64657503e-005, 0.999999999, 0, 0, 0, 0, 0, 0, 0, 0.275387598, -0.140029175, -0.158009155, -0.273912668, 0.608606209, -0.744673796, -0.961303711, -0.196044922, 0.193359375, -0.0282998174, 0.768873378, 0.638884745, 0, 0, -0, 0, 0, 0, 0, 0.308207861, -0.0876211426, -0.110212939, -0.02846867, 0.389253702, -0.920598691, 0.77355957, -0.574707031, -0.266967773, -0.633030508, -0.719724361, -0.28467791, 0, 2, 1, 1, 
213.685805, 23, 0.1, 0.1, -0.0133874128, 0.357543524, -0.019962718, 0.892876008, -0.450302602, -2.63708715e-005, 0.450302603, 0.892876008, 2.63960357e-005, 1.16597149e-005, -3.5443259e-005, 0.999999999, 0.892875919, -0.450302779, -3.21672921e-005, 0.45030278, 0.892875918, 4.71573202e-005, 7.48632815e-006, -5.65906567e-005, 0.999999998, 0, 0, 0, 0, 0, 0, 0, 0.275387598, -0.140029175, -0.158009155, -0.273912668, 0.608606209, -0.744673796, -0.961303711, -0.196044922, 0.193359375, -0.0282998174, 0.768873378, 0.638884745, 0, 0, -0, 0, 0, 0, 0, 0.308207861, -0.0876211426, -0.110212939, -0.02846867, 0.389253702, -0.920598691, 0.77355957, -0.574707031, -0.266967773, -0.633030508, -0.719724361, -0.28467791, 0, 2, 1, 1, 
213.686583, 23, 0.1, 0.1, -0.0133874214, 0.357543534, -0.0199626385, 0.892876372, -0.45030188, 4.4163472e-005, 0.450301882, 0.892876368, -7.36364315e-005, -6.27389693e-006, 8.56351243e-005, 0.999999996, 0.89287629, -0.45030204, 5.96578479e-005, 0.450302044, 0.892876287, -6.77572486e-005, -2.27558504e-005, 8.73628916e-005, 0.999999996, 0, 0, 0, 0, 0, 0, 0, 0.275387598, -0.140029175, -0.158009155, -0.273912668, 0.608606209, -0.744673796, -0.961303711, -0.196044922, 0.193359375, -0.0282998174, 0.768873378, 0.638884745, 0, 0, -0, 0, 0, 0, 0, 0.308207861, -0.0876211426, -0.110212939, -0.02846867, 0.389253702, -0.920598691, 0.77355957, -0.574707031, -0.266967773, -0.633030508, -0.719724361, -0.28467791, 0, 2, 1, 1, 
213.687367, 23, 0.1, 0.1, -0.013387417, 0.357543537, -0.019963709, 0.892876985, -0.450300666, -2.06529212e-005, 0.450300666, 0.892876984, 3.86933042e-005, 1.01689736e-006, -4.3848385e-005, 0.999999999, 0.892876828, -0.450300976, -3.6284659e-005, 0.450300977, 0.892876828, 1.60278668e-005, 2.51803672e-005, -3.06499282e-005, 0.999999999, 0, 0, 0, 0, 0, 0, 0, 0.275387598, -0.140029175, -0.158009155, -0.273912668, 0.608606209, -0.744673796, -0.961303711, -0.196044922, 0.193359375, -0.0282998174, 0.768873378, 0.638884745, 0, 0, -0, 0, 0, 0, 0, 0.308207861, -0.0876211426, -0.110212939, -0.02846867, 0.389253702, -0.920598691, 0.77355957, -0.574707031, -0.266967773, -0.633030508, -0.719724361, -0.28467791, 0, 2, 1, 1, 
213.688178, 23, 0.1, 0.1, -0.0133874274, 0.357543533, -0.0199652872, 0.892877988, -0.450298673, 5.64939089e-005, 0.450298675, 0.892877988, -3.64687824e-005, -3.40203234e-005, 5.80013054e-005, 0.999999998, 0.89287775, -0.450299145, 6.50555183e-005, 0.450299146, 0.892877752, -5.38728884e-006, -5.56607333e-005, 3.41046347e-005, 0.999999998, 0, 0, 0, 0, 0, 0, 0, 0.275442749, -0.140377759, -0.157849487, -0.277181093, 0.610673829, -0.741727759, -0.960327148, -0.19909668, 0.194946289, -0.0286472932, 0.766321245, 0.641878713, 0, 0, -0, 0, 0, 0, 0, 0.308207861, -0.0876211426, -0.110212939, -0.0300016816, 0.390211789, -0.920119648, 0.775878906, -0.571289063, -0.267578125, -0.630123066, -0.72183303, -0.285732245, 0, 2, 1, 1, 
213.68896, 23, 0.1, 0.1, -0.0133874203, 0.357543544, -0.0199666946, 0.892879285, -0.450296098, -7.96262533e-005, 0.450296099, 0.892879288, -1.0853487e-005, 7.59839152e-005, -2.61645375e-005, 0.999999997, 0.892879001, -0.450296665, -6.34464456e-005, 0.450296662, 0.892879003, -4.59437584e-005, 7.73383202e-005, 1.24524944e-005, 0.999999997, 0, 0, 0, 0, 0, 0, 0, 0.275442749, -0.140377759, -0.157849487, -0.277181093, 0.610673829, -0.741727759, -0.960327148, -0.19909668, 0.194946289, -0.0286472932, 0.766321245, 0.641878713, 0, 0, -0, 0, 0, 0, 0, 0.30839082, -0.088048584, -0.109980176, -0.0300016816, 0.390211789, -0.920119648, 0.775878906, -0.571289063, -0.267578125, -0.630123066, -0.72183303, -0.285732245, 0, 2, 1, 1, 
