time, trialNum, realDorsalTactorPos, realVentralTactorPos, box1PosX, box1PosY, box1PosZ, box1LocalRot_11, box1LocalRot_12, box1LocalRot_13, box1LocalRot_21, box1LocalRot_22, box1LocalRot_23, box1LocalRot_31, box1LocalRot_32, box1LocalRot_33, box1GlobalRot_11, box1GlobalRot_12, box1GlobalRot_13, box1GlobalRot_21, box1GlobalRot_22, box1GlobalRot_23, box1GlobalRot_31, box1GlobalRot_32, box1GlobalRot_33, indexForceX, indexForceY, indexForceZ, indexForceGlobalX, indexForceGlobalY, indexForceGlobalZ, indexContact, indexPosX, indexPosY, indexPosZ, indexRot_11, indexRot_12, indexRot_13, indexRot_21, indexRot_22, indexRot_23, indexRot_31, indexRot_32, indexRot_33, thumbForceX, thumbForceY, thumbForceZ, thumbForceGlobalX, thumbForceGlobalY, thumbForceGlobalZ, thumbContact, thumbPosX, thumbPosY, thumbPosZ, thumbRot_11, thumbRot_12, thumbRot_13, thumbRot_21, thumbRot_22, thumbRot_23, thumbRot_31, thumbRot_32, thumbRot_33, manipForceTooHigh, cceExpType, mapping, trialSuccess, 
816.563587, 58, 0.1, 0.1, -0.000269792219, 0.357568252, -0.0199536762, 0.956197445, -1.62796682e-005, -0.292722473, 0.292722473, -2.30698805e-005, 0.956197445, -2.23196496e-005, -1, -1.7293936e-005, 0.956197704, -1.10593335e-005, -0.292721628, 0.292721628, 9.54679566e-006, 0.956197704, -7.78035569e-006, -1, 1.23659302e-005, 0, 0, 0, 0, 0, 0, 0, 0.257190161, -0.114900854, -0.192547363, -0.292701376, 0.48742167, -0.822619042, -0.955688477, -0.122680664, 0.267333984, 0.0294272486, 0.864446939, 0.501807411, 0, 0, 0, 0, 0, 0, 0, 0.285761133, -0.0509752441, -0.179264404, -0.150547011, 0.112410754, -0.982090318, 0.627075195, -0.757202148, -0.182739258, -0.764308174, -0.643262996, 0.0434556865, 0, 2, 5, 1, 
816.593823, 58, 0.1, 0.1, -0.000269788648, 0.357568255, -0.0199763237, 0.956170008, 3.55505962e-005, -0.292812079, 0.292812079, 4.55053935e-007, 0.956170009, 3.41256592e-005, -0.999999999, -9.97453508e-006, 0.956170116, 3.46104437e-005, -0.292811727, 0.292811727, -8.55043923e-006, 0.956170117, 3.05898032e-005, -0.999999999, -1.83100183e-005, 0, 0, 0, 0, 0, 0, 0, 0.26236167, -0.116098022, -0.190102002, -0.27873465, 0.481204583, -0.831107433, -0.959960937, -0.115234375, 0.255249023, 0.0270915447, 0.868892203, 0.494253221, 0, 0, 0, 0, 0, 0, 0, 0.290667187, -0.053523584, -0.17723999, -0.138470284, 0.0922960019, -0.986038602, 0.634765625, -0.755859375, -0.159912109, -0.760093033, -0.648077482, 0.0459865302, 0, 2, 5, 1, 
816.594606, 58, 0.1, 0.1, -0.000269790236, 0.357568255, -0.0199708757, 0.956169433, -2.20839304e-005, -0.29281396, 0.29281396, -1.16007649e-005, 0.956169433, -2.45128452e-005, -1, -4.62581368e-006, 0.956169551, -2.1300963e-005, -0.292813576, 0.292813576, -9.08044381e-006, 0.956169551, -2.30262094e-005, -1, -2.44523274e-006, 0, 0, 0, 0, 0, 0, 0, 0.26236167, -0.116098022, -0.190102002, -0.27873465, 0.481204583, -0.831107433, -0.959960937, -0.115234375, 0.255249023, 0.0270915447, 0.868892203, 0.494253221, 0, 0, 0, 0, 0, 0, 0, 0.290667187, -0.053523584, -0.17723999, -0.138470284, 0.0922960019, -0.986038602, 0.634765625, -0.755859375, -0.159912109, -0.760093033, -0.648077482, 0.0459865302, 0, 2, 5, 1, 
816.595389, 58, 0.1, 0.1, -0.000269790196, 0.357568254, -0.0199641759, 0.956168933, -6.0297861e-006, -0.292815594, 0.292815594, -5.82884493e-006, 0.956168933, -7.47227083e-006, -1, -3.80774504e-006, 0.95616902, 1.31326126e-005, -0.29281531, 0.29281531, -1.15512284e-005, 0.95616902, 9.17462083e-006, -1, -1.48903568e-005, 0, 0, 0, 0, 0, 0, 0, 0.26236167, -0.116098022, -0.190102002, -0.27873465, 0.481204583, -0.831107433, -0.959960937, -0.115234375, 0.255249023, 0.0270915447, 0.868892203, 0.494253221, 0, 0, 0, 0, 0, 0, 0, 0.290667187, -0.053523584, -0.17723999, -0.138470284, 0.0922960019, -0.986038602, 0.634765625, -0.755859375, -0.159912109, -0.760093033, -0.648077482, 0.0459865302, 0, 2, 5, 1, 
816.596187, 58, 0.1, 0.1, -0.000269788439, 0.357568257, -0.019958393, 0.956168629, 3.05965331e-005, -0.292816586, 0.292816586, -2.50664634e-005, 0.956168628, 2.19155689e-005, -0.999999999, -3.29269384e-005, 0.956168673, 2.85233138e-005, -0.292816441, 0.292816441, 1.15243792e-005, 0.956168673, 3.06476268e-005, -1, 2.66715517e-006, 0, 0, 0, 0, 0, 0, 0, 0.26236167, -0.116098022, -0.190102002, -0.274920676, 0.480919264, -0.832465875, -0.96105957, -0.11315918, 0.251953125, 0.0269818382, 0.869431761, 0.493479641, 0, 0, 0, 0, 0, 0, 0, 0.290667187, -0.053523584, -0.17723999, -0.138470284, 0.0922960019, -0.986038602, 0.634765625, -0.755859375, -0.159912109, -0.760093033, -0.648077482, 0.0459865302, 0, 2, 5, 1, 
816.596983, 58, 0.1, 0.1, -0.000269785702, 0.357568252, -0.0199551472, 0.956168522, 2.42879202e-005, -0.292816935, 0.292816934, 2.39973051e-005, 0.956168522, 3.02501621e-005, -0.999999999, 1.58335534e-005, 0.95616854, 2.23935571e-005, -0.292816874, 0.292816874, 7.08099851e-006, 0.956168541, 2.34854506e-005, -1, 2.13416632e-007, 0, 0, 0, 0, 0, 0, 0, 0.262779492, -0.116780688, -0.189504053, -0.274920676, 0.480919264, -0.832465875, -0.96105957, -0.11315918, 0.251953125, 0.0269818382, 0.869431761, 0.493479641, 0, 0, 0, 0, 0, 0, 0, 0.2910479, -0.0539108887, -0.177059961, -0.135978453, 0.0896700094, -0.98663285, 0.635009766, -0.756469727, -0.15625, -0.760444845, -0.647617028, 0.0458013295, 0, 2, 5, 1, 
816.59777, 58, 0.1, 0.1, -0.000269786342, 0.357568255, -0.0199557177, 0.956168429, 1.15622587e-005, -0.292817239, 0.292817239, 1.83627587e-005, 0.956168429, 1.64323991e-005, -1, 1.41722614e-005, 0.956168439, -1.01129338e-005, -0.292817206, 0.292817206, 1.27954378e-005, 0.956168439, -5.92294376e-006, -1, 1.51958348e-005, 0, 0, 0, 0, 0, 0, 0, 0.262779492, -0.116780688, -0.189504053, -0.274920676, 0.480919264, -0.832465875, -0.96105957, -0.11315918, 0.251953125, 0.0269818382, 0.869431761, 0.493479641, 0, 0, 0, 0, 0, 0, 0, 0.2910479, -0.0539108887, -0.177059961, -0.135978453, 0.0896700094, -0.98663285, 0.635009766, -0.756469727, -0.15625, -0.760444845, -0.647617028, 0.0458013295, 0, 2, 5, 1, 
816.598547, 58, 0.1, 0.1, -0.000269787623, 0.357568255, -0.0199595407, 0.95616843, -1.27930608e-005, -0.292817236, 0.292817236, -7.83089057e-006, 0.95616843, -1.45253406e-005, -1, -3.74162164e-006, 0.956168432, -2.26168226e-005, -0.292817229, 0.29281723, 4.33769221e-006, 0.956168432, -2.03553408e-005, -1, 1.07701597e-005, 0, 0, 0, 0, 0, 0, 0, 0.262779492, -0.116780688, -0.189504053, -0.274920676, 0.480919264, -0.832465875, -0.96105957, -0.11315918, 0.251953125, 0.0269818382, 0.869431761, 0.493479641, 0, 0, 0, 0, 0, 0, 0, 0.2910479, -0.0539108887, -0.177059961, -0.135978453, 0.0896700094, -0.98663285, 0.635009766, -0.756469727, -0.15625, -0.760444845, -0.647617028, 0.0458013295, 0, 2, 5, 1, 
816.599346, 58, 0.1, 0.1, -0.000269789268, 0.357568255, -0.0199651403, 0.956168355, -2.16840357e-005, -0.29281748, 0.292817479, -1.36830428e-005, 0.956168355, -2.47402229e-005, -1, -6.73382782e-006, 0.956168371, -1.55339202e-005, -0.292817428, 0.292817428, -1.08397577e-005, 0.956168371, -1.80271132e-005, -1, -5.81603089e-006, 0, 0, 0, 0, 0, 0, 0, 0.262779492, -0.116780688, -0.189504053, -0.274920676, 0.480919264, -0.832465875, -0.96105957, -0.11315918, 0.251953125, 0.0269818382, 0.869431761, 0.493479641, 0, 0, 0, 0, 0, 0, 0, 0.291666748, -0.054504834, -0.176881641, -0.133231059, 0.0872868201, -0.987214339, 0.635009766, -0.757202148, -0.152587891, -0.760892538, -0.647131055, 0.0454947272, 0, 2, 5, 1, 
816.600128, 58, 0.1, 0.1, -0.000269786003, 0.357568255, -0.0199703657, 0.956168311, 4.15259664e-005, -0.292817622, 0.292817622, 1.07946675e-005, 0.956168312, 4.28666821e-005, -0.999999999, -1.8380158e-006, 0.956168322, 4.10530994e-005, -0.292817586, 0.292817586, 1.66216319e-006, 0.956168323, 3.97403838e-005, -0.999999999, -1.04317617e-005, 0, 0, 0, 0, 0, 0, 0, 0.262779492, -0.116780688, -0.189504053, -0.274920676, 0.480919264, -0.832465875, -0.96105957, -0.11315918, 0.251953125, 0.0269818382, 0.869431761, 0.493479641, 0, 0, 0, 0, 0, 0, 0, 0.291666748, -0.054504834, -0.176881641, -0.133231059, 0.0872868201, -0.987214339, 0.635009766, -0.757202148, -0.152587891, -0.760892538, -0.647131055, 0.0454947272, 0, 2, 5, 1, 
816.600911, 58, 0.1, 0.1, -0.000269787857, 0.357568258, -0.0199737417, 0.956168166, -2.56325537e-005, -0.292818097, 0.292818097, -2.04449949e-005, 0.956168166, -3.04956964e-005, -0.999999999, -1.20431777e-005, 0.95616821, -2.63778314e-005, -0.292817953, 0.292817953, 7.36647567e-007, 0.95616821, -2.50059402e-005, -1, 8.42826159e-006, 0, 0, 0, 0, 0, 0, 0, 0.262779492, -0.116780688, -0.189504053, -0.274920676, 0.480919264, -0.832465875, -0.96105957, -0.11315918, 0.251953125, 0.0269818382, 0.869431761, 0.493479641, 0, 0, 0, 0, 0, 0, 0, 0.291666748, -0.054504834, -0.176881641, -0.133231059, 0.0872868201, -0.987214339, 0.635009766, -0.757202148, -0.152587891, -0.760892538, -0.647131055, 0.0454947272, 0, 2, 5, 1, 
816.601708, 58, 0.1, 0.1, -0.000269787392, 0.357568256, -0.0199741358, 0.956167872, 1.45594124e-005, -0.292819057, 0.292819056, 2.95037507e-005, 0.956167872, 2.25605028e-005, -0.999999999, 2.39472651e-005, 0.956167942, 2.0136029e-005, -0.292818829, 0.292818829, 5.36888341e-006, 0.956167942, 2.08255355e-005, -1, -7.6265423e-007, 0, 0, 0, 0, 0, 0, 0, 0.263626953, -0.117231934, -0.188900732, -0.271380038, 0.480817793, -0.833747933, -0.962036133, -0.112182617, 0.248413086, 0.0259266884, 0.869571424, 0.493188332, 0, 0, 0, 0, 0, 0, 0, 0.291666748, -0.054504834, -0.176881641, -0.133231059, 0.0872868201, -0.987214339, 0.635009766, -0.757202148, -0.152587891, -0.760892538, -0.647131055, 0.0454947272, 0, 2, 5, 1, 
816.602491, 58, 0.1, 0.1, -0.000269788929, 0.357568261, -0.0199717639, 0.956167466, 1.2344064e-005, -0.292820383, 0.292820383, -5.03814143e-006, 0.956167466, 1.03277219e-005, -1, -8.43190049e-006, 0.956167551, -7.99792813e-006, -0.292820104, 0.292820105, 1.61719567e-005, 0.956167551, -2.9118853e-006, -1, 1.78050544e-005, 0, 0, 0, 0, 0, 0, 0, 0.263626953, -0.117231934, -0.188900732, -0.271380038, 0.480817793, -0.833747933, -0.962036133, -0.112182617, 0.248413086, 0.0259266884, 0.869571424, 0.493188332, 0, 0, 0, 0, 0, 0, 0, 0.291666748, -0.054504834, -0.176881641, -0.133231059, 0.0872868201, -0.987214339, 0.635009766, -0.757202148, -0.152587891, -0.760892538, -0.647131055, 0.0454947272, 0, 2, 5, 1, 
816.603273, 58, 0.1, 0.1, -0.000269789927, 0.357568259, -0.0199676616, 0.956167136, -1.97825617e-005, -0.292821459, 0.29282146, 2.22480404e-005, 0.956167136, -1.24007317e-005, -1, 2.70656037e-005, 0.956167185, -1.70652807e-005, -0.2928213, 0.2928213, -6.63826189e-006, 0.956167185, -1.82610859e-005, -1, -1.35021052e-006, 0, 0, 0, 0, 0, 0, 0, 0.263626953, -0.117231934, -0.188900732, -0.271380038, 0.480817793, -0.833747933, -0.962036133, -0.112182617, 0.248413086, 0.0259266884, 0.869571424, 0.493188332, 0, 0, 0, 0, 0, 0, 0, 0.291666748, -0.054504834, -0.176881641, -0.133231059, 0.0872868201, -0.987214339, 0.635009766, -0.757202148, -0.152587891, -0.760892538, -0.647131055, 0.0454947272, 0, 2, 5, 1, 
816.604081, 58, 0.1, 0.1, -0.000269792982, 0.357568263, -0.0199629124, 0.956166949, -1.46929938e-005, -0.29282207, 0.292822069, -3.19479708e-005, 0.956166949, -2.3404026e-005, -0.999999999, -2.62451609e-005, 0.956166992, -1.99110687e-005, -0.292821931, 0.292821932, 2.86381911e-006, 0.956166992, -1.81997176e-005, -1, 8.5686869e-006, 0, 0, 0, 0, 0, 0, 0, 0.264192212, -0.117459937, -0.1887229, -0.268981794, 0.480716322, -0.834630097, -0.962768555, -0.111938477, 0.245727539, 0.0246817004, 0.869711088, 0.493080869, 0, 0, 0, 0, 0, 0, 0, 0.291807617, -0.0551004883, -0.176693311, -0.130982031, 0.0849163907, -0.987687185, 0.635009766, -0.7578125, -0.149291992, -0.76126987, -0.646766484, 0.0453222863, 0, 2, 5, 1, 
816.604868, 58, 0.1, 0.1, -0.000269792501, 0.357568258, -0.0199595351, 0.956166642, -2.44030105e-005, -0.292823075, 0.292823075, 1.5274347e-005, 0.956166642, -1.88606633e-005, -1, 2.17505857e-005, 0.956166713, 8.16350917e-006, -0.292822841, 0.292822841, -1.53891455e-005, 0.956166713, 3.29938242e-006, -1, -1.71050506e-005, 0, 0, 0, 0, 0, 0, 0, 0.264192212, -0.117459937, -0.1887229, -0.268981794, 0.480716322, -0.834630097, -0.962768555, -0.111938477, 0.245727539, 0.0246817004, 0.869711088, 0.493080869, 0, 0, 0, 0, 0, 0, 0, 0.291807617, -0.0551004883, -0.176693311, -0.130982031, 0.0849163907, -0.987687185, 0.635009766, -0.7578125, -0.149291992, -0.76126987, -0.646766484, 0.0453222863, 0, 2, 5, 1, 
816.605649, 58, 0.1, 0.1, -0.000269795827, 0.357568262, -0.0199584481, 0.9561664, 8.6009992e-006, -0.292823863, 0.292823863, -2.42863199e-005, 0.9561664, 1.11237242e-006, -1, -2.57403409e-005, 0.95616643, 5.46075365e-006, -0.292823767, 0.292823767, 1.509578e-005, 0.95616643, 9.64179249e-006, -1, 1.28350396e-005, 0, 0, 0, 0, 0, 0, 0, 0.264192212, -0.117459937, -0.1887229, -0.268981794, 0.480716322, -0.834630097, -0.962768555, -0.111938477, 0.245727539, 0.0246817004, 0.869711088, 0.493080869, 0, 0, 0, 0, 0, 0, 0, 0.291807617, -0.0551004883, -0.176693311, -0.130982031, 0.0849163907, -0.987687185, 0.635009766, -0.7578125, -0.149291992, -0.76126987, -0.646766484, 0.0453222863, 0, 2, 5, 1, 
816.606436, 58, 0.1, 0.1, -0.000269796103, 0.357568255, -0.0199598368, 0.956166341, 2.62440407e-005, -0.292824055, 0.292824054, 2.71845296e-005, 0.956166341, 3.30539526e-005, -0.999999999, 1.83080458e-005, 0.95616635, 4.86561823e-006, -0.292824026, 0.292824026, -1.93931241e-005, 0.95616635, -1.02643225e-006, -1, -1.99678226e-005, 0, 0, 0, 0, 0, 0, 0, 0.264192212, -0.117459937, -0.1887229, -0.268981794, 0.480716322, -0.834630097, -0.962768555, -0.111938477, 0.245727539, 0.0246817004, 0.869711088, 0.493080869, 0, 0, 0, 0, 0, 0, 0, 0.291807617, -0.0551004883, -0.176693311, -0.130982031, 0.0849163907, -0.987687185, 0.635009766, -0.7578125, -0.149291992, -0.76126987, -0.646766484, 0.0453222863, 0, 2, 5, 1, 
816.607217, 58, 0.1, 0.1, -0.000269792449, 0.357568264, -0.0199630655, 0.956166275, -1.61858883e-005, -0.292824272, 0.292824272, -1.0646016e-005, 0.956166275, -1.85938124e-005, -1, -5.43974051e-006, 0.956166291, 9.015982e-006, -0.29282422, 0.292824219, 3.00405366e-005, 0.956166291, 1.74173748e-005, -1, 2.60836505e-005, 0, 0, 0, 0, 0, 0, 0, 0.264192212, -0.117459937, -0.1887229, -0.268981794, 0.480716322, -0.834630097, -0.962768555, -0.111938477, 0.245727539, 0.0246817004, 0.869711088, 0.493080869, 0, 0, 0, 0, 0, 0, 0, 0.291807617, -0.0551004883, -0.176693311, -0.130982031, 0.0849163907, -0.987687185, 0.635009766, -0.7578125, -0.149291992, -0.76126987, -0.646766484, 0.0453222863, 0, 2, 5, 1, 
816.608003, 58, 0.1, 0.1, -0.000269798897, 0.357568259, -0.0199669762, 0.956166209, -3.47879417e-006, -0.292824487, 0.292824487, 2.25722079e-005, 0.956166209, 3.28338975e-006, -1, 2.26014585e-005, 0.956166221, -2.29431148e-005, -0.292824447, 0.292824447, -1.26856652e-005, 0.956166222, -2.56521043e-005, -1, -5.4112997e-006, 0, 0, 0, 0, 0, 0, 0, 0.264192212, -0.117459937, -0.1887229, -0.268981794, 0.480716322, -0.834630097, -0.962768555, -0.111938477, 0.245727539, 0.0246817004, 0.869711088, 0.493080869, 0, 0, 0, 0, 0, 0, 0, 0.291807617, -0.0551004883, -0.176693311, -0.130982031, 0.0849163907, -0.987687185, 0.635009766, -0.7578125, -0.149291992, -0.76126987, -0.646766484, 0.0453222863, 0, 2, 5, 1, 
816.60883, 58, 0.1, 0.1, -0.000269798439, 0.357568265, -0.0199700033, 0.956166163, -1.46420143e-005, -0.292824638, 0.292824638, -2.38123465e-005, 0.956166163, -2.09730404e-005, -1, -1.84810174e-005, 0.956166169, 2.05339252e-006, -0.292824619, 0.292824619, 1.46741127e-005, 0.956166169, 6.26032591e-006, -1, 1.34296062e-005, 0, 0, 0, 0, 0, 0, 0, 0.264497485, -0.117638379, -0.188497705, -0.267376225, 0.481623573, -0.834636089, -0.963256836, -0.111328125, 0.244262695, 0.0246745872, 0.869196617, 0.49382337, 0, 0, 0, 0, 0, 0, 0, 0.292430127, -0.0554616699, -0.176521826, -0.128445357, 0.0830122445, -0.988217634, 0.635986328, -0.757568359, -0.146240234, -0.760880512, -0.647334846, 0.0445300776, 0, 2, 5, 1, 
816.609635, 58, 0.1, 0.1, -0.000269801722, 0.357568257, -0.0199707822, 0.956166122, 1.11805418e-005, -0.292824773, 0.292824773, 7.39399987e-006, 0.956166122, 1.28556016e-005, -1, 3.79595257e-006, 0.95616613, -6.42523709e-006, -0.292824746, 0.292824746, -2.55076307e-005, 0.95616613, -1.36128596e-005, -1, -2.25080641e-005, 0, 0, 0, 0, 0, 0, 0, 0.264497485, -0.117638379, -0.188497705, -0.267376225, 0.481623573, -0.834636089, -0.963256836, -0.111328125, 0.244262695, 0.0246745872, 0.869196617, 0.49382337, 0, 0, 0, 0, 0, 0, 0, 0.292430127, -0.0554616699, -0.176521826, -0.128445357, 0.0830122445, -0.988217634, 0.635986328, -0.757568359, -0.146240234, -0.760880512, -0.647334846, 0.0445300776, 0, 2, 5, 1, 
816.610418, 58, 0.1, 0.1, -0.000269799738, 0.35756826, -0.0199697886, 0.956166078, -1.38755128e-005, -0.292824916, 0.292824916, -2.82705527e-005, 0.956166078, -2.15456168e-005, -1, -2.29682476e-005, 0.956166087, 5.20405318e-006, -0.292824885, 0.292824885, 4.09593971e-006, 0.956166087, 6.17533224e-006, -1, 2.39252237e-006, 0, 0, 0, 0, 0, 0, 0, 0.264497485, -0.117638379, -0.188497705, -0.267376225, 0.481623573, -0.834636089, -0.963256836, -0.111328125, 0.244262695, 0.0246745872, 0.869196617, 0.49382337, 0, 0, 0, 0, 0, 0, 0, 0.292430127, -0.0554616699, -0.176521826, -0.128445357, 0.0830122445, -0.988217634, 0.635986328, -0.757568359, -0.146240234, -0.760880512, -0.647334846, 0.0445300776, 0, 2, 5, 1, 
816.611197, 58, 0.1, 0.1, -0.000269803702, 0.357568254, -0.019967616, 0.95616604, 9.85238506e-006, -0.292825041, 0.29282504, 2.20249973e-005, 0.95616604, 1.58699867e-005, -1, 1.81745294e-005, 0.956166047, -1.05928725e-005, -0.292825017, 0.292825016, -1.51773098e-005, 0.956166047, -1.4572841e-005, -1, -1.14101703e-005, 0, 0, 0, 0, 0, 0, 0, 0.264497485, -0.117638379, -0.188497705, -0.267376225, 0.481623573, -0.834636089, -0.963256836, -0.111328125, 0.244262695, 0.0246745872, 0.869196617, 0.49382337, 0, 0, 0, 0, 0, 0, 0, 0.292430127, -0.0554616699, -0.176521826, -0.128445357, 0.0830122445, -0.988217634, 0.635986328, -0.757568359, -0.146240234, -0.760880512, -0.647334846, 0.0445300776, 0, 2, 5, 1, 
816.611977, 58, 0.1, 0.1, -0.000269801062, 0.35756826, -0.0199650511, 0.956166011, -1.15639732e-005, -0.292825134, 0.292825133, -2.47099396e-005, 0.956166011, -1.82927695e-005, -1, -2.02405824e-005, 0.956166016, 9.25642095e-006, -0.292825117, 0.292825117, 1.40438703e-005, 0.956166016, 1.29630731e-005, -1, 1.0717759e-005, 0, 0, 0, 0, 0, 0, 0, 0.264497485, -0.117638379, -0.188497705, -0.267376225, 0.481623573, -0.834636089, -0.963256836, -0.111328125, 0.244262695, 0.0246745872, 0.869196617, 0.49382337, 0, 0, 0, 0, 0, 0, 0, 0.292430127, -0.0554616699, -0.176521826, -0.128445357, 0.0830122445, -0.988217634, 0.635986328, -0.757568359, -0.146240234, -0.760880512, -0.647334846, 0.0445300776, 0, 2, 5, 1, 
816.612763, 58, 0.1, 0.1, -0.000269804408, 0.357568254, -0.0199628893, 0.956165991, 1.60961907e-005, -0.292825201, 0.2928252, 3.08710651e-005, 0.95616599, 2.4430456e-005, -0.999999999, 2.48044923e-005, 0.956165995, -7.28180488e-006, -0.292825188, 0.292825188, -1.22338034e-005, 0.956165995, -1.054498e-005, -1, -9.56525087e-006, 0, 0, 0, 0, 0, 0, 0, 0.264497485, -0.117638379, -0.188497705, -0.267376225, 0.481623573, -0.834636089, -0.963256836, -0.111328125, 0.244262695, 0.0246745872, 0.869196617, 0.49382337, 0, 0, 0, 0, 0, 0, 0, 0.292430127, -0.0554616699, -0.176521826, -0.128445357, 0.0830122445, -0.988217634, 0.635986328, -0.757568359, -0.146240234, -0.760880512, -0.647334846, 0.0445300776, 0, 2, 5, 1, 
816.613572, 58, 0.1, 0.1, -0.000269800662, 0.357568262, -0.0199615331, 0.956165973, -1.19373816e-005, -0.292825259, 0.292825259, -2.1687241e-005, 0.956165973, -1.77646901e-005, -1, -1.7241035e-005, 0.956165976, 1.10164561e-005, -0.292825248, 0.292825248, 2.1956302e-005, 0.956165976, 1.69629201e-005, -1, 1.77679725e-005, 0, 0, 0, 0, 0, 0, 0, 0.265227026, -0.117812061, -0.188700073, -0.266120376, 0.482632296, -0.834305465, -0.963623047, -0.112426758, 0.24230957, 0.0232397609, 0.868542484, 0.495130515, 0, 0, 0, 0, 0, 0, 0, 0.292824268, -0.0560375488, -0.176350342, -0.125870404, 0.0810442993, -0.988748083, 0.636474609, -0.7578125, -0.143066406, -0.760855359, -0.6472962, 0.0437378689, 0, 2, 5, 1, 
816.614357, 58, 0.1, 0.1, -0.000269804283, 0.357568256, -0.0199615089, 0.956165955, 1.44783858e-005, -0.292825316, 0.292825316, 2.69922764e-005, 0.956165955, 2.17477615e-005, -1, 2.15694579e-005, 0.956165959, -8.1664172e-006, -0.292825305, 0.292825305, -1.63702294e-005, 0.956165959, -1.26020675e-005, -1, -1.32613225e-005, 0, 0, 0, 0, 0, 0, 0, 0.265227026, -0.117812061, -0.188700073, -0.266120376, 0.482632296, -0.834305465, -0.963623047, -0.112426758, 0.24230957, 0.0232397609, 0.868542484, 0.495130515, 0, 0, 0, 0, 0, 0, 0, 0.292824268, -0.0560375488, -0.176350342, -0.125870404, 0.0810442993, -0.988748083, 0.636474609, -0.7578125, -0.143066406, -0.760855359, -0.6472962, 0.0437378689, 0, 2, 5, 1, 
816.615139, 58, 0.1, 0.1, -0.000269800854, 0.357568263, -0.0199629105, 0.956165941, -1.01439285e-005, -0.292825364, 0.292825364, -2.03262446e-005, 0.956165941, -1.56513189e-005, -1, -1.64648633e-005, 0.956165943, 1.22803889e-005, -0.292825356, 0.292825355, 2.15833484e-005, 0.956165943, 1.80622414e-005, -1, 1.70412534e-005, 0, 0, 0, 0, 0, 0, 0, 0.265227026, -0.117812061, -0.188700073, -0.266120376, 0.482632296, -0.834305465, -0.963623047, -0.112426758, 0.24230957, 0.0232397609, 0.868542484, 0.495130515, 0, 0, 0, 0, 0, 0, 0, 0.292824268, -0.0560375488, -0.176350342, -0.125870404, 0.0810442993, -0.988748083, 0.636474609, -0.7578125, -0.143066406, -0.760855359, -0.6472962, 0.0437378689, 0, 2, 5, 1, 
816.615952, 58, 0.1, 0.1, -0.000269804658, 0.357568257, -0.0199649884, 0.956165931, 1.24987274e-005, -0.292825396, 0.292825396, 2.38752044e-005, 0.956165931, 1.89421235e-005, -1, 1.91687122e-005, 0.956165933, -8.71266344e-006, -0.292825389, 0.292825389, -1.4683101e-005, 0.956165933, -1.26303367e-005, -1, -1.14881919e-005, 0, 0, 0, 0, 0, 0, 0, 0.266158203, -0.118008813, -0.188701538, -0.265239334, 0.483177845, -0.834393832, -0.963867187, -0.114013672, 0.240356445, 0.0209991546, 0.868085301, 0.496133247, 0, 0, 0, 0, 0, 0, 0, 0.293415283, -0.0566700684, -0.176152002, -0.123832096, 0.0783989838, -0.989112288, 0.637451172, -0.757568359, -0.139892578, -0.760395638, -0.647819719, 0.0436995894, 0, 2, 5, 1, 
816.616732, 58, 0.1, 0.1, -0.000269801778, 0.357568264, -0.0199669052, 0.956165922, -1.16348998e-005, -0.292825425, 0.292825425, -1.8277751e-005, 0.956165922, -1.64770849e-005, -1, -1.40695682e-005, 0.956165924, 9.29792738e-006, -0.292825417, 0.292825417, 1.92385703e-005, 0.956165924, 1.45239037e-005, -1, 1.56725959e-005, 0, 0, 0, 0, 0, 0, 0, 0.266158203, -0.118008813, -0.188701538, -0.265239334, 0.483177845, -0.834393832, -0.963867187, -0.114013672, 0.240356445, 0.0209991546, 0.868085301, 0.496133247, 0, 0, 0, 0, 0, 0, 0, 0.293415283, -0.0566700684, -0.176152002, -0.123832096, 0.0783989838, -0.989112288, 0.637451172, -0.757568359, -0.139892578, -0.760395638, -0.647819719, 0.0436995894, 0, 2, 5, 1, 
816.617514, 58, 0.1, 0.1, -0.000269805425, 0.357568258, -0.0199683375, 0.956165908, 1.04850956e-005, -0.29282547, 0.29282547, 1.65131049e-005, 0.956165908, 1.48609487e-005, -1, 1.27189648e-005, 0.956165912, -9.15754829e-006, -0.292825458, 0.292825458, -1.80234654e-005, 0.956165912, -1.4033865e-005, -1, -1.45518599e-005, 0, 0, 0, 0, 0, 0, 0, 0.266158203, -0.118008813, -0.188701538, -0.265239334, 0.483177845, -0.834393832, -0.963867187, -0.114013672, 0.240356445, 0.0209991546, 0.868085301, 0.496133247, 0, 0, 0, 0, 0, 0, 0, 0.293415283, -0.0566700684, -0.176152002, -0.123832096, 0.0783989838, -0.989112288, 0.637451172, -0.757568359, -0.139892578, -0.760395638, -0.647819719, 0.0436995894, 0, 2, 5, 1, 
816.618297, 58, 0.1, 0.1, -0.000269803098, 0.357568262, -0.0199688266, 0.956165891, -1.27152635e-005, -0.292825526, 0.292825525, -2.323847e-005, 0.956165891, -1.89627185e-005, -1, -1.84964786e-005, 0.956165895, 6.90869926e-006, -0.292825512, 0.292825512, 1.11587598e-005, 0.956165895, 9.87343217e-006, -1, 8.64658216e-006, 0, 0, 0, 0, 0, 0, 0, 0.266158203, -0.118008813, -0.188701538, -0.265239334, 0.483177845, -0.834393832, -0.963867187, -0.114013672, 0.240356445, 0.0209991546, 0.868085301, 0.496133247, 0, 0, 0, 0, 0, 0, 0, 0.293415283, -0.0566700684, -0.176152002, -0.123832096, 0.0783989838, -0.989112288, 0.637451172, -0.757568359, -0.139892578, -0.760395638, -0.647819719, 0.0436995894, 0, 2, 5, 1, 
816.619078, 58, 0.1, 0.1, -0.000269806689, 0.357568256, -0.0199682949, 0.956165872, 1.11205192e-005, -0.292825589, 0.292825589, 1.70732737e-005, 0.956165872, 1.56325524e-005, -1, 1.30685091e-005, 0.956165876, -8.57032272e-006, -0.292825574, 0.292825574, -1.79702415e-005, 0.956165876, -1.34567964e-005, -1, -1.4672922e-005, 0, 0, 0, 0, 0, 0, 0, 0.266158203, -0.118008813, -0.188701538, -0.265239334, 0.483177845, -0.834393832, -0.963867187, -0.114013672, 0.240356445, 0.0209991546, 0.868085301, 0.496133247, 0, 0, 0, 0, 0, 0, 0, 0.293415283, -0.0566700684, -0.176152002, -0.123832096, 0.0783989838, -0.989112288, 0.637451172, -0.757568359, -0.139892578, -0.760395638, -0.647819719, 0.0436995894, 0, 2, 5, 1, 
816.619866, 58, 0.1, 0.1, -0.000269804508, 0.357568261, -0.0199669987, 0.956165849, -1.54882776e-005, -0.292825663, 0.292825662, -2.68890047e-005, 0.956165849, -2.26831527e-005, -1, -2.11749828e-005, 0.956165855, 6.18367642e-006, -0.292825645, 0.292825645, 1.08718659e-005, 0.956165855, 9.0961814e-006, -1, 8.58456795e-006, 0, 0, 0, 0, 0, 0, 0, 0.266158203, -0.118008813, -0.188701538, -0.265239334, 0.483177845, -0.834393832, -0.963867187, -0.114013672, 0.240356445, 0.0209991546, 0.868085301, 0.496133247, 0, 0, 0, 0, 0, 0, 0, 0.293415283, -0.0566700684, -0.176152002, -0.123832096, 0.0783989838, -0.989112288, 0.637451172, -0.757568359, -0.139892578, -0.760395638, -0.647819719, 0.0436995894, 0, 2, 5, 1, 
816.620674, 58, 0.1, 0.1, -0.000269808115, 0.357568255, -0.0199651775, 0.956165823, 1.64615182e-005, -0.292825749, 0.292825748, 2.76077216e-005, 0.956165823, 2.38241928e-005, -0.999999999, 2.15772035e-005, 0.956165829, -7.61662185e-006, -0.292825728, 0.292825728, -1.51273808e-005, 0.956165829, -1.17124399e-005, -1, -1.22339418e-005, 0, 0, 0, 0, 0, 0, 0, 0.266840503, -0.117746143, -0.188453394, -0.264790387, 0.484008712, -0.834005921, -0.964111328, -0.11706543, 0.238037109, 0.0175910661, 0.867088561, 0.497802095, 0, 0, 0, 0, 0, 0, 0, 0.293415283, -0.0566700684, -0.176152002, -0.121116419, 0.0759516288, -0.989655497, 0.639160156, -0.756713867, -0.136230469, -0.759373753, -0.649058888, 0.0430287823, 0, 2, 5, 1, 
816.621458, 58, 0.1, 0.1, -0.000269804762, 0.357568262, -0.0199634414, 0.956165793, -1.35467439e-005, -0.292825846, 0.292825846, -2.03595769e-005, 0.956165793, -1.89147435e-005, -1, -1.55002942e-005, 0.9561658, 9.90890563e-006, -0.292825824, 0.292825824, 2.08019083e-005, 0.9561658, 1.55658926e-005, -1, 1.69884899e-005, 0, 0, 0, 0, 0, 0, 0, 0.266840503, -0.117746143, -0.188453394, -0.264790387, 0.484008712, -0.834005921, -0.964111328, -0.11706543, 0.238037109, 0.0175910661, 0.867088561, 0.497802095, 0, 0, 0, 0, 0, 0, 0, 0.294062939, -0.0570812988, -0.175978809, -0.121116419, 0.0759516288, -0.989655497, 0.639160156, -0.756713867, -0.136230469, -0.759373753, -0.649058888, 0.0430287823, 0, 2, 5, 1, 
816.62224, 58, 0.1, 0.1, -0.00026980866, 0.357568256, -0.0199625971, 0.95616576, 1.42557026e-005, -0.292825952, 0.292825952, 2.68350217e-005, 0.95616576, 2.14888055e-005, -1, 2.14842892e-005, 0.956165768, -9.30378732e-006, -0.292825929, 0.292825929, -1.42863171e-005, 0.956165768, -1.3079367e-005, -1, -1.09356972e-005, 0, 0, 0, 0, 0, 0, 0, 0.266840503, -0.117746143, -0.188453394, -0.264790387, 0.484008712, -0.834005921, -0.964111328, -0.11706543, 0.238037109, 0.0175910661, 0.867088561, 0.497802095, 0, 0, 0, 0, 0, 0, 0, 0.294062939, -0.0570812988, -0.175978809, -0.121116419, 0.0759516288, -0.989655497, 0.639160156, -0.756713867, -0.136230469, -0.759373753, -0.649058888, 0.0430287823, 0, 2, 5, 1, 
816.623025, 58, 0.1, 0.1, -0.000269805396, 0.357568263, -0.0199628545, 0.956165727, -1.36799874e-005, -0.292826061, 0.292826061, -2.15348912e-005, 0.956165727, -1.93863124e-005, -1, -1.65850681e-005, 0.956165734, 9.65904064e-006, -0.292826038, 0.292826038, 2.01931538e-005, 0.956165734, 1.51487249e-005, -1, 1.64795831e-005, 0, 0, 0, 0, 0, 0, 0, 0.266840503, -0.117746143, -0.188453394, -0.264790387, 0.484008712, -0.834005921, -0.964111328, -0.11706543, 0.238037109, 0.0175910661, 0.867088561, 0.497802095, 0, 0, 0, 0, 0, 0, 0, 0.294062939, -0.0570812988, -0.175978809, -0.121116419, 0.0759516288, -0.989655497, 0.639160156, -0.756713867, -0.136230469, -0.759373753, -0.649058888, 0.0430287823, 0, 2, 5, 1, 
816.623806, 58, 0.1, 0.1, -0.000269809392, 0.357568257, -0.01996406, 0.956165691, 1.25142839e-005, -0.292826178, 0.292826178, 2.01261393e-005, 0.956165691, 1.78591894e-005, -1, 1.55794139e-005, 0.956165699, -1.00526376e-005, -0.292826152, 0.292826152, -1.95763158e-005, 0.956165699, -1.53444445e-005, -1, -1.57745265e-005, 0, 0, 0, 0, 0, 0, 0, 0.266840503, -0.117746143, -0.188453394, -0.264790387, 0.484008712, -0.834005921, -0.964111328, -0.11706543, 0.238037109, 0.0175910661, 0.867088561, 0.497802095, 0, 0, 0, 0, 0, 0, 0, 0.294062939, -0.0570812988, -0.175978809, -0.121116419, 0.0759516288, -0.989655497, 0.639160156, -0.756713867, -0.136230469, -0.759373753, -0.649058888, 0.0430287823, 0, 2, 5, 1, 
816.624587, 58, 0.1, 0.1, -0.00026980635, 0.357568263, -0.0199657422, 0.956165654, -1.21192402e-005, -0.292826299, 0.292826299, -2.09800074e-005, 0.956165654, -1.77314991e-005, -1, -1.65115303e-005, 0.956165662, 9.63280822e-006, -0.292826273, 0.292826273, 1.67456251e-005, 0.956165662, 1.41141194e-005, -1, 1.31908524e-005, 0, 0, 0, 0, 0, 0, 0, 0.266840503, -0.117746143, -0.188453394, -0.264790387, 0.484008712, -0.834005921, -0.964111328, -0.11706543, 0.238037109, 0.0175910661, 0.867088561, 0.497802095, 0, 0, 0, 0, 0, 0, 0, 0.294062939, -0.0570812988, -0.175978809, -0.121116419, 0.0759516288, -0.989655497, 0.639160156, -0.756713867, -0.136230469, -0.759373753, -0.649058888, 0.0430287823, 0, 2, 5, 1, 
816.625398, 58, 0.1, 0.1, -0.000269810403, 0.357568256, -0.0199671231, 0.956165616, 1.09875841e-005, -0.292826424, 0.292826423, 1.89064519e-005, 0.956165616, 1.60422588e-005, -1, 1.48602443e-005, 0.956165624, -9.74067846e-006, -0.292826398, 0.292826398, -1.71598347e-005, 0.956165624, -1.43385545e-005, -1, -1.35553163e-005, 0, 0, 0, 0, 0, 0, 0, 0.26733252, -0.117947656, -0.188452783, -0.263838952, 0.48445279, -0.834031008, -0.964355469, -0.117675781, 0.236694336, 0.0165752301, 0.866771042, 0.498424028, 0, 0, 0, 0, 0, 0, 0, 0.294062939, -0.0570812988, -0.175978809, -0.121116419, 0.0759516288, -0.989655497, 0.639160156, -0.756713867, -0.136230469, -0.759373753, -0.649058888, 0.0430287823, 0, 2, 5, 1, 
816.626192, 58, 0.1, 0.1, -0.000269807454, 0.357568262, -0.0199676024, 0.95616558, -1.14161829e-005, -0.292826542, 0.292826542, -2.00280023e-005, 0.95616558, -1.67804919e-005, -1, -1.58071251e-005, 0.956165587, 9.05037526e-006, -0.292826518, 0.292826518, 1.57338063e-005, 0.956165587, 1.32609331e-005, -1, 1.23939343e-005, 0, 0, 0, 0, 0, 0, 0, 0.26733252, -0.117947656, -0.188452783, -0.263838952, 0.48445279, -0.834031008, -0.964355469, -0.117675781, 0.236694336, 0.0165752301, 0.866771042, 0.498424028, 0, 0, 0, 0, 0, 0, 0, 0.294714014, -0.0570577637, -0.175803906, -0.11842626, 0.0734083919, -0.990211466, 0.641235352, -0.755737305, -0.13269043, -0.758109064, -0.65055362, 0.0424793768, 0, 2, 5, 1, 
816.626976, 58, 0.1, 0.1, -0.000269810824, 0.357568257, -0.019967474, 0.956165544, 1.25744243e-005, -0.292826658, 0.292826658, 2.1144621e-005, 0.956165544, 1.821494e-005, -1, 1.65356314e-005, 0.956165552, -8.00811871e-006, -0.292826633, 0.292826633, -1.48204454e-005, 0.956165552, -1.19969084e-005, -1, -1.18258089e-005, 0, 0, 0, 0, 0, 0, 0, 0.26733252, -0.117947656, -0.188452783, -0.263838952, 0.48445279, -0.834031008, -0.964355469, -0.117675781, 0.236694336, 0.0165752301, 0.866771042, 0.498424028, 0, 0, 0, 0, 0, 0, 0, 0.294714014, -0.0570577637, -0.175803906, -0.11842626, 0.0734083919, -0.990211466, 0.641235352, -0.755737305, -0.13269043, -0.758109064, -0.65055362, 0.0424793768, 0, 2, 5, 1, 
816.627754, 58, 0.1, 0.1, -0.000269808128, 0.357568262, -0.0199668326, 0.956165509, -1.30780094e-005, -0.292826772, 0.292826772, -2.26281632e-005, 0.956165509, -1.91308735e-005, -1, -1.78066779e-005, 0.956165517, 8.14126759e-006, -0.292826748, 0.292826747, 1.4403105e-005, 0.956165517, 1.20020137e-005, -1, 1.13877714e-005, 0, 0, 0, 0, 0, 0, 0, 0.26733252, -0.117947656, -0.188452783, -0.263838952, 0.48445279, -0.834031008, -0.964355469, -0.117675781, 0.236694336, 0.0165752301, 0.866771042, 0.498424028, 0, 0, 0, 0, 0, 0, 0, 0.294714014, -0.0570577637, -0.175803906, -0.11842626, 0.0734083919, -0.990211466, 0.641235352, -0.755737305, -0.13269043, -0.758109064, -0.65055362, 0.0424793768, 0, 2, 5, 1, 
816.628548, 58, 0.1, 0.1, -0.00026981179, 0.357568256, -0.0199657891, 0.956165473, 1.32387423e-005, -0.29282689, 0.29282689, 2.21260009e-005, 0.956165473, 1.91375163e-005, -1, 1.72794584e-005, 0.956165481, -8.40751789e-006, -0.292826865, 0.292826865, -1.56094068e-005, 0.956165481, -1.26098321e-005, -1, -1.24632289e-005, 0, 0, 0, 0, 0, 0, 0, 0.26733252, -0.117947656, -0.188452783, -0.263838952, 0.48445279, -0.834031008, -0.964355469, -0.117675781, 0.236694336, 0.0165752301, 0.866771042, 0.498424028, 0, 0, 0, 0, 0, 0, 0, 0.295055664, -0.0570376465, -0.17581709, -0.117109799, 0.0708906746, -0.990479789, 0.643188477, -0.754394531, -0.130004883, -0.756620529, -0.652291156, 0.0426966603, 0, 2, 5, 1, 
816.629331, 58, 0.1, 0.1, -0.000269808886, 0.357568262, -0.0199647793, 0.956165438, -1.38764964e-005, -0.292827007, 0.292827006, -2.45936839e-005, 0.956165437, -2.04699211e-005, -1, -1.94522176e-005, 0.956165445, 8.4022317e-006, -0.292826982, 0.292826982, 1.43957108e-005, 0.956165445, 1.22493761e-005, -1, 1.1304281e-005, 0, 0, 0, 0, 0, 0, 0, 0.26733252, -0.117947656, -0.188452783, -0.263838952, 0.48445279, -0.834031008, -0.964355469, -0.117675781, 0.236694336, 0.0165752301, 0.866771042, 0.498424028, 0, 0, 0, 0, 0, 0, 0, 0.295055664, -0.0570376465, -0.17581709, -0.117109799, 0.0708906746, -0.990479789, 0.643188477, -0.754394531, -0.130004883, -0.756620529, -0.652291156, 0.0426966603, 0, 2, 5, 1, 
816.630111, 58, 0.1, 0.1, -0.000269812696, 0.357568255, -0.0199641874, 0.956165402, 1.30905066e-005, -0.292827124, 0.292827124, 2.17341186e-005, 0.956165402, 1.88810289e-005, -1, 1.69481569e-005, 0.956165409, -9.21726159e-006, -0.292827099, 0.292827099, -1.80800076e-005, 0.956165409, -1.41075429e-005, -1, -1.45884139e-005, 0, 0, 0, 0, 0, 0, 0, 0.26733252, -0.117947656, -0.188452783, -0.263838952, 0.48445279, -0.834031008, -0.964355469, -0.117675781, 0.236694336, 0.0165752301, 0.866771042, 0.498424028, 0, 0, 0, 0, 0, 0, 0, 0.295055664, -0.0570376465, -0.17581709, -0.117109799, 0.0708906746, -0.990479789, 0.643188477, -0.754394531, -0.130004883, -0.756620529, -0.652291156, 0.0426966603, 0, 2, 5, 1, 
816.630907, 58, 0.1, 0.1, -0.000269809618, 0.357568262, -0.0199640124, 0.956165363, -1.41169128e-005, -0.29282725, 0.292827249, -2.23516916e-005, 0.956165363, -2.00432874e-005, -1, -1.72380966e-005, 0.956165371, 8.50472277e-006, -0.292827223, 0.292827223, 1.75918025e-005, 0.956165371, 1.32832801e-005, -1, 1.4330258e-005, 0, 0, 0, 0, 0, 0, 0, 0.267343506, -0.118160034, -0.18822417, -0.263547642, 0.484674829, -0.833954624, -0.964477539, -0.118774414, 0.235717773, 0.0152931719, 0.866612283, 0.498906297, 0, 0, 0, 0, 0, 0, 0, 0.295055664, -0.0570376465, -0.17581709, -0.117109799, 0.0708906746, -0.990479789, 0.643188477, -0.754394531, -0.130004883, -0.756620529, -0.652291156, 0.0426966603, 0, 2, 5, 1, 
816.63169, 58, 0.1, 0.1, -0.000269813557, 0.357568255, -0.0199643926, 0.956165323, 1.2958826e-005, -0.292827379, 0.292827379, 2.16134907e-005, 0.956165323, 1.87198019e-005, -1, 1.68713713e-005, 0.956165332, -9.96187175e-006, -0.292827351, 0.292827351, -1.78660044e-005, 0.956165332, -1.47568511e-005, -1, -1.41657455e-005, 0, 0, 0, 0, 0, 0, 0, 0.267343506, -0.118160034, -0.18822417, -0.263547642, 0.484674829, -0.833954624, -0.964477539, -0.118774414, 0.235717773, 0.0152931719, 0.866612283, 0.498906297, 0, 0, 0, 0, 0, 0, 0, 0.295055664, -0.0570376465, -0.17581709, -0.117109799, 0.0708906746, -0.990479789, 0.643188477, -0.754394531, -0.130004883, -0.756620529, -0.652291156, 0.0426966603, 0, 2, 5, 1, 
816.632472, 58, 0.1, 0.1, -0.000269810209, 0.357568261, -0.019965214, 0.956165285, -1.0899356e-005, -0.292827506, 0.292827506, -2.11193596e-005, 0.956165284, -1.66059153e-005, -1, -1.70019673e-005, 0.956165293, 1.09588648e-005, -0.29282748, 0.29282748, 1.72367769e-005, 0.956165293, 1.55258881e-005, -1, 1.32721511e-005, 0, 0, 0, 0, 0, 0, 0, 0.267343506, -0.118160034, -0.18822417, -0.263547642, 0.484674829, -0.833954624, -0.964477539, -0.118774414, 0.235717773, 0.0152931719, 0.866612283, 0.498906297, 0, 0, 0, 0, 0, 0, 0, 0.295055664, -0.0570376465, -0.17581709, -0.117109799, 0.0708906746, -0.990479789, 0.643188477, -0.754394531, -0.130004883, -0.756620529, -0.652291156, 0.0426966603, 0, 2, 5, 1, 
816.633282, 58, 0.1, 0.1, -0.00026981416, 0.357568255, -0.0199658904, 0.95616525, 1.11138439e-005, -0.292827621, 0.29282762, 2.20376772e-005, 0.956165249, 1.70799119e-005, -1, 1.78172207e-005, 0.956165256, -9.89652471e-006, -0.292827599, 0.292827598, -1.55458346e-005, 0.956165256, -1.40149625e-005, -1, -1.19664113e-005, 0, 0, 0, 0, 0, 0, 0, 0.267578345, -0.118367651, -0.187995557, -0.26328142, 0.484998339, -0.83387824, -0.964477539, -0.119262695, 0.235229492, 0.0146330467, 0.86631386, 0.499388567, 0, 0, 0, 0, 0, 0, 0, 0.295072754, -0.0571858398, -0.176246484, -0.117237397, 0.0690630874, -0.990607387, 0.64453125, -0.753540039, -0.12878418, -0.755406513, -0.653587927, 0.0439106763, 0, 2, 5, 1, 
816.63406, 58, 0.1, 0.1, -0.000269811345, 0.357568261, -0.0199664046, 0.95616522, -1.18109554e-005, -0.292827718, 0.292827717, -2.07166959e-005, 0.95616522, -1.73596476e-005, -1, -1.6350009e-005, 0.956165226, 8.65666281e-006, -0.292827698, 0.292827697, 1.6466917e-005, 0.956165226, 1.30991693e-005, -1, 1.32101827e-005, 0, 0, 0, 0, 0, 0, 0, 0.267578345, -0.118367651, -0.187995557, -0.26328142, 0.484998339, -0.83387824, -0.964477539, -0.119262695, 0.235229492, 0.0146330467, 0.86631386, 0.499388567, 0, 0, 0, 0, 0, 0, 0, 0.295072754, -0.0571858398, -0.176246484, -0.117237397, 0.0690630874, -0.990607387, 0.64453125, -0.753540039, -0.12878418, -0.755406513, -0.653587927, 0.0439106763, 0, 2, 5, 1, 
816.634846, 58, 0.1, 0.1, -0.000269814595, 0.357568256, -0.0199667079, 0.956165189, 1.29406634e-005, -0.292827818, 0.292827818, 2.17126632e-005, 0.956165189, 1.87314837e-005, -1, 1.69715065e-005, 0.956165196, -7.77302983e-006, -0.292827797, 0.292827797, -1.68782036e-005, 0.956165196, -1.23747078e-005, -1, -1.38621916e-005, 0, 0, 0, 0, 0, 0, 0, 0.267578345, -0.118367651, -0.187995557, -0.26328142, 0.484998339, -0.83387824, -0.964477539, -0.119262695, 0.235229492, 0.0146330467, 0.86631386, 0.499388567, 0, 0, 0, 0, 0, 0, 0, 0.295072754, -0.0571858398, -0.176246484, -0.117237397, 0.0690630874, -0.990607387, 0.64453125, -0.753540039, -0.12878418, -0.755406513, -0.653587927, 0.0439106763, 0, 2, 5, 1, 
816.635623, 58, 0.1, 0.1, -0.000269812049, 0.357568261, -0.0199666816, 0.956165155, -1.35517946e-005, -0.292827928, 0.292827927, -1.96201226e-005, 0.956165155, -1.87030737e-005, -1, -1.47917337e-005, 0.956165163, 6.80678407e-006, -0.292827904, 0.292827904, 1.75763061e-005, 0.956165163, 1.16552427e-005, -1, 1.48126353e-005, 0, 0, 0, 0, 0, 0, 0, 0.267578345, -0.118367651, -0.187995557, -0.26328142, 0.484998339, -0.83387824, -0.964477539, -0.119262695, 0.235229492, 0.0146330467, 0.86631386, 0.499388567, 0, 0, 0, 0, 0, 0, 0, 0.295072754, -0.0571858398, -0.176246484, -0.117237397, 0.0690630874, -0.990607387, 0.64453125, -0.753540039, -0.12878418, -0.755406513, -0.653587927, 0.0439106763, 0, 2, 5, 1, 
