time, trialNum, realDorsalTactorPos, realVentralTactorPos, box1PosX, box1PosY, box1PosZ, box1LocalRot_11, box1LocalRot_12, box1LocalRot_13, box1LocalRot_21, box1LocalRot_22, box1LocalRot_23, box1LocalRot_31, box1LocalRot_32, box1LocalRot_33, box1GlobalRot_11, box1GlobalRot_12, box1GlobalRot_13, box1GlobalRot_21, box1GlobalRot_22, box1GlobalRot_23, box1GlobalRot_31, box1GlobalRot_32, box1GlobalRot_33, indexForceX, indexForceY, indexForceZ, indexForceGlobalX, indexForceGlobalY, indexForceGlobalZ, indexContact, indexPosX, indexPosY, indexPosZ, indexRot_11, indexRot_12, indexRot_13, indexRot_21, indexRot_22, indexRot_23, indexRot_31, indexRot_32, indexRot_33, thumbForceX, thumbForceY, thumbForceZ, thumbForceGlobalX, thumbForceGlobalY, thumbForceGlobalZ, thumbContact, thumbPosX, thumbPosY, thumbPosZ, thumbRot_11, thumbRot_12, thumbRot_13, thumbRot_21, thumbRot_22, thumbRot_23, thumbRot_31, thumbRot_32, thumbRot_33, manipForceTooHigh, cceExpType, mapping, trialSuccess, 
449.750038, 61, 0.1, 0.1, 0.0120518701, 0.361970136, -0.0199607928, 0.992502832, -0.122221632, -2.78475967e-005, 0.122221632, 0.992502832, -1.63426219e-005, 2.96362405e-005, 1.28165198e-005, 0.999999999, 0.992502844, -0.122221535, -2.99964422e-005, 0.122221535, 0.992502844, -1.00638601e-005, 3.10015746e-005, 6.32219855e-006, 0.999999999, 0, 0, 0, 0, 0, 0, 0, 0.261333984, -0.109540259, -0.247619263, 0.117463828, 0.626298235, -0.770607749, -0.887695313, 0.4140625, 0.201171875, 0.445112495, 0.660523725, 0.604678781, 0, 0, -0, 0, 0, 0, 0, 0.308816455, -0.0795342285, -0.196356543, 0.0393530339, 0.440204009, -0.896981114, 0.450683594, -0.808959961, -0.377197266, -0.891762869, -0.389346572, -0.230275437, 0, 2, 5, 1, 
449.772251, 61, 0.1, 0.1, 0.0120518448, 0.361970128, -0.0199712801, 0.992498004, -0.122260838, 9.08708239e-006, 0.122260838, 0.992498004, 2.31566975e-006, -9.30202686e-006, -1.1873033e-006, 1, 0.992498008, -0.122260801, -7.07560016e-006, 0.122260801, 0.992498008, -3.95355324e-006, 7.50588365e-006, 3.05882518e-006, 1, 0, 0, 0, 0, 0, 0, 0, 0.258725977, -0.109874097, -0.247746948, 0.114216743, 0.624083838, -0.772862582, -0.885864258, 0.416015625, 0.205078125, 0.449581724, 0.661368818, 0.600586601, 0, 0, -0, 0, 0, 0, 0, 0.30702417, -0.0800304199, -0.195774219, 0.0390336718, 0.436740599, -0.898712453, 0.451904297, -0.809814453, -0.373901367, -0.891059979, -0.391428989, -0.228984495, 0, 2, 5, 1, 
449.773032, 61, 0.1, 0.1, 0.0120518442, 0.361970126, -0.0199709404, 0.99249799, -0.122260951, -2.07835633e-006, 0.122260951, 0.99249799, 9.79183687e-006, 8.65605192e-007, -9.97248023e-006, 1, 0.992497993, -0.122260928, -9.12131825e-006, 0.122260928, 0.992497993, 1.62364885e-005, 7.0678019e-006, -1.72298631e-005, 1, 0, 0, 0, 0, 0, 0, 0, 0.258725977, -0.109874097, -0.247746948, 0.114216743, 0.624083838, -0.772862582, -0.885864258, 0.416015625, 0.205078125, 0.449581724, 0.661368818, 0.600586601, 0, 0, -0, 0, 0, 0, 0, 0.30702417, -0.0800304199, -0.195774219, 0.0390336718, 0.436740599, -0.898712453, 0.451904297, -0.809814453, -0.373901367, -0.891059979, -0.391428989, -0.228984495, 0, 2, 5, 1, 
449.773841, 61, 0.1, 0.1, 0.0120518424, 0.361970127, -0.0199687655, 0.992497978, -0.122261049, -1.12321677e-005, 0.122261049, 0.992497978, 7.82369068e-006, 1.01913712e-005, -9.13825379e-006, 1, 0.99249798, -0.12226103, -4.97198998e-006, 0.12226103, 0.99249798, 5.26149805e-006, 4.29141384e-006, -5.8299068e-006, 1, 0, 0, 0, 0, 0, 0, 0, 0.258574634, -0.110101367, -0.247516992, 0.115644456, 0.62402655, -0.772767102, -0.885864258, 0.416625977, 0.203857422, 0.449232005, 0.661007116, 0.601189438, 0, 0, -0, 0, 0, 0, 0, 0.30702417, -0.0800304199, -0.195774219, 0.0369443249, 0.436989598, -0.898610008, 0.452392578, -0.809082031, -0.37487793, -0.891034093, -0.392630245, -0.227623558, 0, 2, 5, 1, 
449.774631, 61, 0.1, 0.1, 0.0120518406, 0.36197013, -0.0199655391, 0.992497966, -0.122261143, -7.48836287e-006, 0.122261143, 0.992497966, 6.25095375e-008, 7.42454244e-006, -9.77576393e-007, 1, 0.992497968, -0.122261125, 1.36053723e-005, 0.122261125, 0.992497968, -1.64492369e-005, -1.14922022e-005, 1.79892424e-005, 1, 0, 0, 0, 0, 0, 0, 0, 0.258574634, -0.110101367, -0.247516992, 0.115644456, 0.62402655, -0.772767102, -0.885864258, 0.416625977, 0.203857422, 0.449232005, 0.661007116, 0.601189438, 0, 0, -0, 0, 0, 0, 0, 0.306663232, -0.0795927246, -0.196408545, 0.0369443249, 0.436989598, -0.898610008, 0.452392578, -0.809082031, -0.37487793, -0.891034093, -0.392630245, -0.227623558, 0, 2, 5, 1, 
449.775413, 61, 0.1, 0.1, 0.0120518393, 0.361970129, -0.0199626191, 0.992497955, -0.122261234, 1.19414483e-005, 0.122261234, 0.992497955, 6.43662522e-006, -1.26388127e-005, -4.92836117e-006, 1, 0.992497956, -0.122261221, 2.02837276e-005, 0.122261221, 0.992497957, 1.26260225e-006, -2.02859255e-005, 1.22678315e-006, 1, 0, 0, 0, 0, 0, 0, 0, 0.258574634, -0.110101367, -0.247516992, 0.115644456, 0.62402655, -0.772767102, -0.885864258, 0.416625977, 0.203857422, 0.449232005, 0.661007116, 0.601189438, 0, 0, -0, 0, 0, 0, 0, 0.306663232, -0.0795927246, -0.196408545, 0.0369443249, 0.436989598, -0.898610008, 0.452392578, -0.809082031, -0.37487793, -0.891034093, -0.392630245, -0.227623558, 0, 2, 5, 1, 
449.776193, 61, 0.1, 0.1, 0.012051839, 0.361970129, -0.019960986, 0.992497943, -0.122261329, 1.9776792e-005, 0.122261329, 0.992497943, -1.70516241e-006, -1.941995e-005, 4.11030707e-006, 1, 0.992497945, -0.122261316, 1.29167007e-005, 0.122261316, 0.992497945, 4.57528896e-006, -1.33791798e-005, -2.96175206e-006, 1, 0, 0, 0, 0, 0, 0, 0, 0.258574634, -0.110101367, -0.247516992, 0.115644456, 0.62402655, -0.772767102, -0.885864258, 0.416625977, 0.203857422, 0.449232005, 0.661007116, 0.601189438, 0, 0, -0, 0, 0, 0, 0, 0.306663232, -0.0795927246, -0.196408545, 0.0369443249, 0.436989598, -0.898610008, 0.452392578, -0.809082031, -0.37487793, -0.891034093, -0.392630245, -0.227623558, 0, 2, 5, 1, 
449.776972, 61, 0.1, 0.1, 0.0120518395, 0.361970129, -0.0199611063, 0.992497933, -0.122261413, 1.06658843e-005, 0.122261413, 0.992497933, 2.36396479e-006, -1.08748898e-005, -1.04220408e-006, 1, 0.992497936, -0.122261388, -8.77885672e-006, 0.122261388, 0.992497936, -6.59340927e-006, 9.51911655e-006, 5.47062989e-006, 1, 0, 0, 0, 0, 0, 0, 0, 0.258574634, -0.110101367, -0.247516992, 0.115644456, 0.62402655, -0.772767102, -0.885864258, 0.416625977, 0.203857422, 0.449232005, 0.661007116, 0.601189438, 0, 0, -0, 0, 0, 0, 0, 0.306663232, -0.0795927246, -0.196408545, 0.0369443249, 0.436989598, -0.898610008, 0.452392578, -0.809082031, -0.37487793, -0.891034093, -0.392630245, -0.227623558, 0, 2, 5, 1, 
449.777749, 61, 0.1, 0.1, 0.0120518399, 0.36197013, -0.0199628239, 0.992497925, -0.122261474, -9.74610634e-006, 0.122261474, 0.992497925, -7.77472183e-006, 1.06235393e-005, 6.52482196e-006, 1, 0.992497926, -0.122261465, -1.73503275e-005, 0.122261465, 0.992497926, -2.05630238e-006, 1.74715706e-005, -8.04006106e-008, 1, 0, 0, 0, 0, 0, 0, 0, 0.258574634, -0.110101367, -0.247516992, 0.115644456, 0.62402655, -0.772767102, -0.885864258, 0.416625977, 0.203857422, 0.449232005, 0.661007116, 0.601189438, 0, 0, -0, 0, 0, 0, 0, 0.306663232, -0.0795927246, -0.196408545, 0.0369443249, 0.436989598, -0.898610008, 0.452392578, -0.809082031, -0.37487793, -0.891034093, -0.392630245, -0.227623558, 0, 2, 5, 1, 
449.778556, 61, 0.1, 0.1, 0.0120518399, 0.361970128, -0.0199654105, 0.992497887, -0.122261788, -1.59524099e-005, 0.122261788, 0.992497887, -9.50535058e-006, 1.69948743e-005, 7.4836702e-006, 1, 0.9924979, -0.122261681, -1.28131921e-005, 0.122261681, 0.9924979, 1.25766098e-005, 1.11794288e-005, -1.40488212e-005, 1, 0, 0, 0, 0, 0, 0, 0, 0.258419019, -0.110570801, -0.247519678, 0.116876339, 0.623632647, -0.772805294, -0.884887695, 0.418701172, 0.203979492, 0.450767181, 0.660080769, 0.600948304, 0, 0, -0, 0, 0, 0, 0, 0.306663232, -0.0795927246, -0.196408545, 0.0338582457, 0.438235331, -0.898181637, 0.45300293, -0.807739258, -0.377075195, -0.890867482, -0.393972226, -0.225860136, 0, 2, 5, 1, 
449.779342, 61, 0.1, 0.1, 0.0120518393, 0.361970129, -0.0199675788, 0.992497802, -0.12226248, -9.17783291e-006, 0.12226248, 0.992497802, 2.45811005e-006, 8.80844435e-006, -3.56177343e-006, 1, 0.992497821, -0.122262322, 6.63337734e-006, 0.122262322, 0.992497821, 1.16905687e-005, -8.01292863e-006, -1.07918519e-005, 1, 0, 0, 0, 0, 0, 0, 0, 0.258419019, -0.110570801, -0.247519678, 0.116876339, 0.623632647, -0.772805294, -0.884887695, 0.418701172, 0.203979492, 0.450767181, 0.660080769, 0.600948304, 0, 0, -0, 0, 0, 0, 0, 0.306239307, -0.0788687988, -0.197236084, 0.0338582457, 0.438235331, -0.898181637, 0.45300293, -0.807739258, -0.377075195, -0.890867482, -0.393972226, -0.225860136, 0, 2, 5, 1, 
449.780123, 61, 0.1, 0.1, 0.0120518385, 0.36197013, -0.0199690006, 0.992497679, -0.122263472, 7.46714275e-006, 0.122263472, 0.992497679, 8.34580821e-006, -8.43150934e-006, -7.37023649e-006, 1, 0.992497706, -0.122263255, 1.39298017e-005, 0.122263255, 0.992497706, 3.85219822e-006, -1.42962786e-005, -2.12019499e-006, 1, 0, 0, 0, 0, 0, 0, 0, 0.258419019, -0.110570801, -0.247519678, 0.116876339, 0.623632647, -0.772805294, -0.884887695, 0.418701172, 0.203979492, 0.450767181, 0.660080769, 0.600948304, 0, 0, -0, 0, 0, 0, 0, 0.306239307, -0.0788687988, -0.197236084, 0.0338582457, 0.438235331, -0.898181637, 0.45300293, -0.807739258, -0.377075195, -0.890867482, -0.393972226, -0.225860136, 0, 2, 5, 1, 
449.780904, 61, 0.1, 0.1, 0.0120518386, 0.361970132, -0.0199693132, 0.992497527, -0.122264704, 1.19461391e-005, 0.122264704, 0.992497528, 7.62120185e-006, -1.27883175e-005, -6.10343283e-006, 1, 0.99249756, -0.122264439, 9.51199851e-006, 0.122264439, 0.99249756, -1.01784071e-005, -8.19617807e-006, 1.12650234e-005, 1, 0, 0, 0, 0, 0, 0, 0, 0.258419019, -0.110570801, -0.247519678, 0.116876339, 0.623632647, -0.772805294, -0.884887695, 0.418701172, 0.203979492, 0.450767181, 0.660080769, 0.600948304, 0, 0, -0, 0, 0, 0, 0, 0.306239307, -0.0788687988, -0.197236084, 0.0338582457, 0.438235331, -0.898181637, 0.45300293, -0.807739258, -0.377075195, -0.890867482, -0.393972226, -0.225860136, 0, 2, 5, 1, 
449.781687, 61, 0.1, 0.1, 0.0120518393, 0.361970132, -0.0199684771, 0.992497348, -0.122266157, 8.65147429e-006, 0.122266157, 0.992497348, -3.69431052e-006, -8.13487614e-006, 4.72437591e-006, 1, 0.992497385, -0.122265858, -7.18769431e-006, 0.122265858, 0.992497385, -1.30669795e-005, 8.73141327e-006, 1.20901334e-005, 1, 0, 0, 0, 0, 0, 0, 0, 0.258419019, -0.110570801, -0.247519678, 0.116876339, 0.623632647, -0.772805294, -0.884887695, 0.418701172, 0.203979492, 0.450767181, 0.660080769, 0.600948304, 0, 0, -0, 0, 0, 0, 0, 0.306239307, -0.0788687988, -0.197236084, 0.0338582457, 0.438235331, -0.898181637, 0.45300293, -0.807739258, -0.377075195, -0.890867482, -0.393972226, -0.225860136, 0, 2, 5, 1, 
449.782468, 61, 0.1, 0.1, 0.0120518399, 0.361970131, -0.0199668532, 0.992497145, -0.122267813, -6.82860151e-006, 0.122267813, 0.992497144, -1.09084616e-005, 8.11112125e-006, 9.99169886e-006, 1, 0.992497187, -0.122267469, -1.4336099e-005, 0.122267469, 0.992497187, -6.43636147e-006, 1.50154956e-005, 4.63523211e-006, 1, 0, 0, 0, 0, 0, 0, 0, 0.258419019, -0.110570801, -0.247519678, 0.116876339, 0.623632647, -0.772805294, -0.884887695, 0.418701172, 0.203979492, 0.450767181, 0.660080769, 0.600948304, 0, 0, -0, 0, 0, 0, 0, 0.306239307, -0.0788687988, -0.197236084, 0.0338582457, 0.438235331, -0.898181637, 0.45300293, -0.807739258, -0.377075195, -0.890867482, -0.393972226, -0.225860136, 0, 2, 5, 1, 
449.783265, 61, 0.1, 0.1, 0.0120518395, 0.36197013, -0.0199649276, 0.992496912, -0.122269704, -1.43034719e-005, 0.122269704, 0.992496912, -9.99013509e-006, 1.54176425e-005, 8.16629695e-006, 1, 0.992496964, -0.122269276, -1.08428379e-005, 0.122269276, 0.992496964, 1.16229481e-005, 9.34035422e-006, -1.28614866e-005, 1, 0, 0, 0, 0, 0, 0, 0, 0.258419019, -0.110570801, -0.247519678, 0.116781981, 0.6234166, -0.773021341, -0.883911133, 0.419921875, 0.205200195, 0.452512413, 0.659497028, 0.600364562, 0, 0, -0, 0, 0, 0, 0, 0.306239307, -0.0788687988, -0.197236084, 0.0338582457, 0.438235331, -0.898181637, 0.45300293, -0.807739258, -0.377075195, -0.890867482, -0.393972226, -0.225860136, 0, 2, 5, 1, 
449.784059, 61, 0.1, 0.1, 0.0120518387, 0.361970129, -0.0199631206, 0.992496654, -0.122271795, -1.15535627e-005, 0.122271795, 0.992496654, 7.02903922e-006, 1.06074191e-005, -8.38897276e-006, 1, 0.992496706, -0.122271375, 7.29779993e-006, 0.122271375, 0.992496706, 1.72777732e-005, -9.35561948e-006, -1.62558209e-005, 1, 0, 0, 0, 0, 0, 0, 0, 0.258196265, -0.111030103, -0.247532495, 0.116781981, 0.6234166, -0.773021341, -0.883911133, 0.419921875, 0.205200195, 0.452512413, 0.659497028, 0.600364562, 0, 0, -0, 0, 0, 0, 0, 0.306056689, -0.0788341309, -0.198066797, 0.0311874105, 0.438893378, -0.897912948, 0.452392578, -0.807250977, -0.37878418, -0.891148198, -0.394394033, -0.22374527, 0, 2, 5, 1, 
449.784902, 61, 0.1, 0.1, 0.0120518378, 0.361970129, -0.0199620364, 0.992496353, -0.122274242, 6.28182177e-006, 0.122274241, 0.992496352, 2.07540155e-005, -8.77236669e-006, -1.98301797e-005, 1, 0.992496419, -0.1222737, 1.595516e-005, 0.122273699, 0.992496419, 1.49982637e-005, -1.76693324e-005, -1.29348266e-005, 1, 0, 0, 0, 0, 0, 0, 0, 0.258196265, -0.111030103, -0.247532495, 0.116781981, 0.6234166, -0.773021341, -0.883911133, 0.419921875, 0.205200195, 0.452512413, 0.659497028, 0.600364562, 0, 0, -0, 0, 0, 0, 0, 0.306056689, -0.0788341309, -0.198066797, 0.0311874105, 0.438893378, -0.897912948, 0.452392578, -0.807250977, -0.37878418, -0.891148198, -0.394394033, -0.22374527, 0, 2, 5, 1, 
449.785757, 61, 0.1, 0.1, 0.0120518396, 0.361970131, -0.019960733, 0.992496016, -0.122276973, 1.24608297e-005, 0.122276973, 0.992496016, 1.00476266e-005, -1.35959172e-005, -8.44855687e-006, 1, 0.99249608, -0.122276452, 8.05619675e-006, 0.122276452, 0.99249608, -1.20024703e-005, -6.52812421e-006, 1.28974879e-005, 1, 0, 0, 0, 0, 0, 0, 0, 0.258196265, -0.111030103, -0.247532495, 0.116781981, 0.6234166, -0.773021341, -0.883911133, 0.419921875, 0.205200195, 0.452512413, 0.659497028, 0.600364562, 0, 0, -0, 0, 0, 0, 0, 0.306056689, -0.0788341309, -0.198066797, 0.0311874105, 0.438893378, -0.897912948, 0.452392578, -0.807250977, -0.37878418, -0.891148198, -0.394394033, -0.22374527, 0, 2, 5, 1, 
449.786552, 61, 0.1, 0.1, 0.0120518408, 0.361970132, -0.0199610424, 0.992495683, -0.122279679, 1.11367187e-005, 0.122279679, 0.992495683, -9.57042932e-006, -9.88287624e-006, 1.08604042e-005, 1, 0.992495749, -0.122279141, -9.46822292e-006, 0.122279141, 0.992495749, -2.02770959e-005, 1.18766369e-005, 1.89671653e-005, 1, 0, 0, 0, 0, 0, 0, 0, 0.258196265, -0.111030103, -0.247532495, 0.116781981, 0.6234166, -0.773021341, -0.883911133, 0.419921875, 0.205200195, 0.452512413, 0.659497028, 0.600364562, 0, 0, -0, 0, 0, 0, 0, 0.305909863, -0.0790905762, -0.197425635, 0.0322672651, 0.438407772, -0.898066432, 0.452880859, -0.807373047, -0.377929687, -0.890911958, -0.394445072, -0.224620601, 0, 2, 5, 1, 
449.787336, 61, 0.1, 0.1, 0.0120518406, 0.361970131, -0.019962842, 0.992495335, -0.122282499, -3.60714376e-006, 0.122282499, 0.992495335, -1.4716878e-005, 5.37968997e-006, 1.41653422e-005, 1, 0.992495405, -0.122281933, -1.21882496e-005, 0.122281933, 0.992495405, -9.76468338e-006, 1.32908261e-005, 8.20100067e-006, 1, 0, 0, 0, 0, 0, 0, 0, 0.258196265, -0.111030103, -0.247532495, 0.116781981, 0.6234166, -0.773021341, -0.883911133, 0.419921875, 0.205200195, 0.452512413, 0.659497028, 0.600364562, 0, 0, -0, 0, 0, 0, 0, 0.305909863, -0.0790905762, -0.197425635, 0.0322672651, 0.438407772, -0.898066432, 0.452880859, -0.807373047, -0.377929687, -0.890911958, -0.394445072, -0.224620601, 0, 2, 5, 1, 
449.788118, 61, 0.1, 0.1, 0.0120518389, 0.36197013, -0.0199654903, 0.992494978, -0.122285396, -8.13970231e-006, 0.122285396, 0.992494978, -7.55655604e-006, 9.00267011e-006, 6.50447721e-006, 1, 0.992495051, -0.122284807, -4.81477111e-006, 0.122284807, 0.992495051, 1.14449629e-005, 3.37909143e-006, -1.19478424e-005, 1, 0, 0, 0, 0, 0, 0, 0, 0.258196265, -0.111030103, -0.247532495, 0.116781981, 0.6234166, -0.773021341, -0.883911133, 0.419921875, 0.205200195, 0.452512413, 0.659497028, 0.600364562, 0, 0, -0, 0, 0, 0, 0, 0.305909863, -0.0790905762, -0.197425635, 0.0322672651, 0.438407772, -0.898066432, 0.452880859, -0.807373047, -0.377929687, -0.890911958, -0.394445072, -0.224620601, 0, 2, 5, 1, 
449.788928, 61, 0.1, 0.1, 0.0120518369, 0.361970129, -0.0199678196, 0.992494602, -0.122288446, -5.17045122e-006, 0.122288447, 0.992494602, 8.07904997e-006, 4.14367045e-006, -8.65069993e-006, 1, 0.992494677, -0.122287839, 1.20810277e-005, 0.122287839, 0.992494677, 1.70528082e-005, -1.40757068e-005, -1.54474586e-005, 1, 0, 0, 0, 0, 0, 0, 0, 0.257647974, -0.110793311, -0.247988379, 0.114726344, 0.623676831, -0.773155013, -0.883789063, 0.419433594, 0.207275391, 0.453579545, 0.659579403, 0.59952059, 0, 0, -0, 0, 0, 0, 0, 0.305909863, -0.0790905762, -0.197425635, 0.0322672651, 0.438407772, -0.898066432, 0.452880859, -0.807373047, -0.377929687, -0.890911958, -0.394445072, -0.224620601, 0, 2, 5, 1, 
449.789717, 61, 0.1, 0.1, 0.0120518359, 0.36197013, -0.0199691527, 0.992494233, -0.122291447, 6.34113253e-006, 0.122291447, 0.992494233, 1.23973105e-005, -7.80962251e-006, -1.15287929e-005, 1, 0.992494309, -0.122290829, 1.41059599e-005, 0.122290828, 0.992494309, 8.37891596e-006, -1.50247495e-005, -6.59099688e-006, 1, 0, 0, 0, 0, 0, 0, 0, 0.257647974, -0.110793311, -0.247988379, 0.114726344, 0.623676831, -0.773155013, -0.883789063, 0.419433594, 0.207275391, 0.453579545, 0.659579403, 0.59952059, 0, 0, -0, 0, 0, 0, 0, 0.305909863, -0.0790905762, -0.197425635, 0.0322672651, 0.438407772, -0.898066432, 0.452880859, -0.807373047, -0.377929687, -0.890911958, -0.394445072, -0.224620601, 0, 2, 5, 1, 
449.7905, 61, 0.1, 0.1, 0.0120518364, 0.361970131, -0.0199692368, 0.992493866, -0.122294421, 1.01124254e-005, 0.122294421, 0.992493866, 7.04133951e-006, -1.08976368e-005, -5.75179306e-006, 1, 0.99249394, -0.122293824, 7.68308155e-006, 0.122293824, 0.99249394, -9.87985113e-006, -6.4171671e-006, 1.07452858e-005, 1, 0, 0, 0, 0, 0, 0, 0, 0.257647974, -0.110793311, -0.247988379, 0.114726344, 0.623676831, -0.773155013, -0.883789063, 0.419433594, 0.207275391, 0.453579545, 0.659579403, 0.59952059, 0, 0, -0, 0, 0, 0, 0, 0.305909863, -0.0790905762, -0.197425635, 0.0322672651, 0.438407772, -0.898066432, 0.452880859, -0.807373047, -0.377929687, -0.890911958, -0.394445072, -0.224620601, 0, 2, 5, 1, 
449.791313, 61, 0.1, 0.1, 0.012051838, 0.361970132, -0.0199677607, 0.992493485, -0.122297513, 5.49168763e-006, 0.122297513, 0.992493485, -9.61613811e-006, -4.27443442e-006, 1.02155742e-005, 1, 0.992493557, -0.122296928, -1.08820489e-005, 0.122296928, 0.992493557, -1.84777943e-005, 1.30601409e-005, 1.70082507e-005, 1, 0, 0, 0, 0, 0, 0, 0, 0.257997046, -0.110310327, -0.247973486, 0.112935806, 0.624330964, -0.772875686, -0.885009766, 0.416870117, 0.207275391, 0.451638484, 0.660588126, 0.599723533, 0, 0, -0, 0, 0, 0, 0, 0.305976025, -0.079354834, -0.197012354, 0.0334236786, 0.437430362, -0.898552039, 0.451782227, -0.80847168, -0.376831055, -0.891404128, -0.393320375, -0.22467164, 0, 2, 5, 1, 
449.792098, 61, 0.1, 0.1, 0.0120518392, 0.361970132, -0.0199657508, 0.992493113, -0.122300534, -8.90828641e-006, 0.122300534, 0.992493113, -1.66109068e-005, 1.08729357e-005, 1.53967224e-005, 1, 0.992493188, -0.122299926, -1.72886749e-005, 0.122299926, 0.992493188, -1.24690818e-005, 1.86838599e-005, 1.02610751e-005, 1, 0, 0, 0, 0, 0, 0, 0, 0.257997046, -0.110310327, -0.247973486, 0.112935806, 0.624330964, -0.772875686, -0.885009766, 0.416870117, 0.207275391, 0.451638484, 0.660588126, 0.599723533, 0, 0, -0, 0, 0, 0, 0, 0.305976025, -0.079354834, -0.197012354, 0.0334236786, 0.437430362, -0.898552039, 0.451782227, -0.80847168, -0.376831055, -0.891404128, -0.393320375, -0.22467164, 0, 2, 5, 1, 
449.79288, 61, 0.1, 0.1, 0.012051839, 0.361970132, -0.0199638985, 0.992492738, -0.122303577, -1.46278253e-005, 0.122303577, 0.992492738, -1.0129227e-005, 1.5756851e-005, 8.26414885e-006, 1, 0.992492813, -0.122302969, -1.19914491e-005, 0.122302969, 0.992492813, 9.07960389e-006, 1.07909645e-005, -1.04780314e-005, 1, 0, 0, 0, 0, 0, 0, 0, 0.257997046, -0.110310327, -0.247973486, 0.112935806, 0.624330964, -0.772875686, -0.885009766, 0.416870117, 0.207275391, 0.451638484, 0.660588126, 0.599723533, 0, 0, -0, 0, 0, 0, 0, 0.305976025, -0.079354834, -0.197012354, 0.0334236786, 0.437430362, -0.898552039, 0.451782227, -0.80847168, -0.376831055, -0.891404128, -0.393320375, -0.22467164, 0, 2, 5, 1, 
449.793665, 61, 0.1, 0.1, 0.0120518378, 0.36197013, -0.0199628209, 0.992492355, -0.122306684, -9.79999726e-006, 0.122306684, 0.992492355, 1.11163582e-005, 8.36681746e-006, -1.22315057e-005, 1, 0.992492433, -0.122306056, 8.986004e-006, 0.122306055, 0.992492432, 2.0979153e-005, -1.14844184e-005, -1.97226079e-005, 1, 0, 0, 0, 0, 0, 0, 0, 0.257997046, -0.110310327, -0.247973486, 0.112935806, 0.624330964, -0.772875686, -0.885009766, 0.416870117, 0.207275391, 0.451638484, 0.660588126, 0.599723533, 0, 0, -0, 0, 0, 0, 0, 0.305976025, -0.079354834, -0.197012354, 0.0334236786, 0.437430362, -0.898552039, 0.451782227, -0.80847168, -0.376831055, -0.891404128, -0.393320375, -0.22467164, 0, 2, 5, 1, 
449.794442, 61, 0.1, 0.1, 0.0120518368, 0.36197013, -0.019962806, 0.992491967, -0.122309835, 9.09407119e-006, 0.122309834, 0.992491967, 1.90726735e-005, -1.13585681e-005, -1.78171808e-005, 1, 0.992492044, -0.122309206, 1.7220011e-005, 0.122309205, 0.992492044, 1.41609769e-005, -1.88227418e-005, -1.19484911e-005, 1, 0, 0, 0, 0, 0, 0, 0, 0.257997046, -0.110310327, -0.247973486, 0.112935806, 0.624330964, -0.772875686, -0.885009766, 0.416870117, 0.207275391, 0.451638484, 0.660588126, 0.599723533, 0, 0, -0, 0, 0, 0, 0, 0.305976025, -0.079354834, -0.197012354, 0.0334236786, 0.437430362, -0.898552039, 0.451782227, -0.80847168, -0.376831055, -0.891404128, -0.393320375, -0.22467164, 0, 2, 5, 1, 
449.795222, 61, 0.1, 0.1, 0.0120518368, 0.361970131, -0.0199638177, 0.992491572, -0.12231304, 1.47869859e-005, 0.12231304, 0.992491572, 1.0484413e-005, -1.59583393e-005, -8.59705038e-006, 1, 0.992491651, -0.122312396, 1.17030875e-005, 0.122312396, 0.992491651, -8.62183907e-006, -1.05606589e-005, 9.98853597e-006, 1, 0, 0, 0, 0, 0, 0, 0, 0.257997046, -0.110310327, -0.247973486, 0.112935806, 0.624330964, -0.772875686, -0.885009766, 0.416870117, 0.207275391, 0.451638484, 0.660588126, 0.599723533, 0, 0, -0, 0, 0, 0, 0, 0.305976025, -0.079354834, -0.197012354, 0.0334236786, 0.437430362, -0.898552039, 0.451782227, -0.80847168, -0.376831055, -0.891404128, -0.393320375, -0.22467164, 0, 2, 5, 1, 
449.796035, 61, 0.1, 0.1, 0.012051838, 0.361970132, -0.0199650891, 0.992491156, -0.122316414, 7.58845981e-006, 0.122316414, 0.992491156, -1.13098413e-005, -6.14810001e-006, 1.21531107e-005, 1, 0.992491235, -0.122315775, -9.84957852e-006, 0.122315774, 0.992491235, -2.00941516e-005, 1.22334521e-005, 1.87385105e-005, 1, 0, 0, 0, 0, 0, 0, 0, 0.258411914, -0.109840894, -0.247736084, 0.112452415, 0.624724867, -0.772640543, -0.886108398, 0.414794922, 0.206420898, 0.449366799, 0.661514473, 0.600427842, 0, 0, -0, 0, 0, 0, 0, 0.306050732, -0.0793680176, -0.196362891, 0.034516293, 0.437162039, -0.898584121, 0.451904297, -0.80871582, -0.376098633, -0.891289289, -0.393103092, -0.225534211, 0, 2, 5, 1, 
449.79682, 61, 0.1, 0.1, 0.0120518388, 0.361970133, -0.0199664138, 0.992490751, -0.122319698, -8.14853396e-006, 0.122319697, 0.992490751, -1.85912371e-005, 1.03614191e-005, 1.74549047e-005, 1, 0.992490831, -0.122319048, -1.58062303e-005, 0.122319048, 0.992490831, -1.41215782e-005, 1.74148767e-005, 1.20821338e-005, 1, 0, 0, 0, 0, 0, 0, 0, 0.258411914, -0.109840894, -0.247736084, 0.112452415, 0.624724867, -0.772640543, -0.886108398, 0.414794922, 0.206420898, 0.449366799, 0.661514473, 0.600427842, 0, 0, -0, 0, 0, 0, 0, 0.306050732, -0.0793680176, -0.196362891, 0.034516293, 0.437162039, -0.898584121, 0.451904297, -0.80871582, -0.376098633, -0.891289289, -0.393103092, -0.225534211, 0, 2, 5, 1, 
449.797601, 61, 0.1, 0.1, 0.0120518384, 0.361970132, -0.0199674429, 0.99249035, -0.122322951, -1.21418487e-005, 0.122322951, 0.99249035, -1.10196842e-005, 1.33986279e-005, 9.45170347e-006, 1, 0.992490431, -0.122322297, -9.61760016e-006, 0.122322297, 0.992490431, 6.1884114e-006, 8.78839543e-006, -7.31838605e-006, 1, 0, 0, 0, 0, 0, 0, 0, 0.258411914, -0.109840894, -0.247736084, 0.112452415, 0.624724867, -0.772640543, -0.886108398, 0.414794922, 0.206420898, 0.449366799, 0.661514473, 0.600427842, 0, 0, -0, 0, 0, 0, 0, 0.306050732, -0.0793680176, -0.196362891, 0.034516293, 0.437162039, -0.898584121, 0.451904297, -0.80871582, -0.376098633, -0.891289289, -0.393103092, -0.225534211, 0, 2, 5, 1, 
449.798385, 61, 0.1, 0.1, 0.0120518371, 0.361970132, -0.0199678451, 0.99248995, -0.122326196, -7.02168918e-006, 0.122326196, 0.99248995, 8.83070472e-006, 5.88872943e-006, -9.62332222e-006, 1, 0.992490029, -0.122325559, 8.89858243e-006, 0.122325559, 0.992490029, 1.68497473e-005, -1.08929091e-005, -1.56346822e-005, 1, 0, 0, 0, 0, 0, 0, 0, 0.258411914, -0.109840894, -0.247736084, 0.112452415, 0.624724867, -0.772640543, -0.886108398, 0.414794922, 0.206420898, 0.449366799, 0.661514473, 0.600427842, 0, 0, -0, 0, 0, 0, 0, 0.306050732, -0.0793680176, -0.196362891, 0.034516293, 0.437162039, -0.898584121, 0.451904297, -0.80871582, -0.376098633, -0.891289289, -0.393103092, -0.225534211, 0, 2, 5, 1, 
449.799169, 61, 0.1, 0.1, 0.0120518359, 0.361970132, -0.0199675499, 0.992489551, -0.122329434, 8.55880335e-006, 0.122329434, 0.992489551, 1.71420004e-005, -1.05914941e-005, -1.59662627e-005, 1, 0.992489631, -0.122328788, 1.5991928e-005, 0.122328787, 0.992489631, 1.26395742e-005, -1.74180065e-005, -1.05883732e-005, 1, 0, 0, 0, 0, 0, 0, 0, 0.258411914, -0.109840894, -0.247736084, 0.112452415, 0.624724867, -0.772640543, -0.886108398, 0.414794922, 0.206420898, 0.449366799, 0.661514473, 0.600427842, 0, 0, -0, 0, 0, 0, 0, 0.306050732, -0.0793680176, -0.196362891, 0.034516293, 0.437162039, -0.898584121, 0.451904297, -0.80871582, -0.376098633, -0.891289289, -0.393103092, -0.225534211, 0, 2, 5, 1, 
449.799952, 61, 0.1, 0.1, 0.0120518358, 0.361970132, -0.0199667063, 0.992489154, -0.122332655, 1.40449259e-005, 0.122332654, 0.992489154, 1.18194535e-005, -1.53853418e-005, -1.00125263e-005, 1, 0.992489234, -0.122332008, 1.14709246e-005, 0.122332008, 0.992489234, -6.16371004e-006, -1.06307502e-005, 7.5206771e-006, 1, 0, 0, 0, 0, 0, 0, 0, 0.258411914, -0.109840894, -0.247736084, 0.112452415, 0.624724867, -0.772640543, -0.886108398, 0.414794922, 0.206420898, 0.449366799, 0.661514473, 0.600427842, 0, 0, -0, 0, 0, 0, 0, 0.306050732, -0.0793680176, -0.196362891, 0.034516293, 0.437162039, -0.898584121, 0.451904297, -0.80871582, -0.376098633, -0.891289289, -0.393103092, -0.225534211, 0, 2, 5, 1, 
449.800858, 61, 0.1, 0.1, 0.012051836, 0.361970133, -0.0199646891, 0.992488696, -0.122336376, 1.81396683e-005, 0.122336376, 0.992488696, -5.08903325e-006, -1.73808419e-005, 7.26994926e-006, 1, 0.992488817, -0.122335391, -8.57669881e-006, 0.122335391, 0.992488817, -1.95021043e-005, 1.08980752e-005, 1.83063866e-005, 1, 0, 0, 0, 0, 0, 0, 0, 0.258369922, -0.10933606, -0.247688721, 0.111652626, 0.625892349, -0.77176437, -0.886474609, 0.413696289, 0.20715332, 0.448999105, 0.661082378, 0.601277805, 0, 0, -0, 0, 0, 0, 0, 0.305434814, -0.0790966797, -0.196973779, 0.0321137807, 0.437903209, -0.898289912, 0.451171875, -0.808349609, -0.377929687, -0.891787289, -0.393147934, -0.223662148, 0, 2, 5, 1, 
449.801709, 61, 0.1, 0.1, 0.012051836, 0.361970132, -0.0199613731, 0.99248825, -0.122339989, -7.92555627e-006, 0.122339989, 0.99248825, -1.76412189e-005, 1.0024248e-005, 1.653909e-005, 1, 0.992488334, -0.122339308, -1.63673311e-005, 0.122339308, 0.992488334, -1.18494554e-005, 1.76940394e-005, 9.75807833e-006, 1, 0, 0, 0, 0, 0, 0, 0, 0.258369922, -0.10933606, -0.247688721, 0.111652626, 0.625892349, -0.77176437, -0.886474609, 0.413696289, 0.20715332, 0.448999105, 0.661082378, 0.601277805, 0, 0, -0, 0, 0, 0, 0, 0.305434814, -0.0790966797, -0.196973779, 0.0321137807, 0.437903209, -0.898289912, 0.451171875, -0.808349609, -0.377929687, -0.891787289, -0.393147934, -0.223662148, 0, 2, 5, 1, 
449.802496, 61, 0.1, 0.1, 0.012051836, 0.361970132, -0.0199596975, 0.992487833, -0.122343377, -1.89744412e-005, 0.122343377, 0.992487833, -1.45006563e-005, 2.06059613e-005, 1.20703277e-005, 1, 0.992487917, -0.122342689, -1.49723672e-005, 0.122342689, 0.992487917, 8.10953207e-006, 1.38677516e-005, -9.88037227e-006, 1, 0, 0, 0, 0, 0, 0, 0, 0.258369922, -0.10933606, -0.247688721, 0.111652626, 0.625892349, -0.77176437, -0.886474609, 0.413696289, 0.20715332, 0.448999105, 0.661082378, 0.601277805, 0, 0, -0, 0, 0, 0, 0, 0.305434814, -0.0790966797, -0.196973779, 0.0321137807, 0.437903209, -0.898289912, 0.451171875, -0.808349609, -0.377929687, -0.891787289, -0.393147934, -0.223662148, 0, 2, 5, 1, 
449.803314, 61, 0.1, 0.1, 0.0120518352, 0.361970131, -0.0199596577, 0.992487389, -0.122346973, -1.34130995e-005, 0.122346973, 0.992487389, 6.87806195e-006, 1.2470822e-005, -8.46744187e-006, 1, 0.992487474, -0.122346284, 7.40448252e-006, 0.122346284, 0.992487474, 1.76214631e-005, -9.50477669e-006, -1.65831705e-005, 1, 0, 0, 0, 0, 0, 0, 0, 0.257662598, -0.109548315, -0.248132397, 0.110746497, 0.626183659, -0.771656908, -0.885009766, 0.415283203, 0.209960938, 0.451861645, 0.65980032, 0.600395641, 0, 0, -0, 0, 0, 0, 0, 0.305079004, -0.0785942871, -0.197373389, 0.0299861544, 0.439136181, -0.897906385, 0.452026367, -0.807128906, -0.379638672, -0.891397198, -0.394368513, -0.222639896, 0, 2, 5, 1, 
449.804101, 61, 0.1, 0.1, 0.012051835, 0.361970133, -0.0199615569, 0.992486954, -0.122350502, 6.18076731e-006, 0.122350502, 0.992486954, 1.57183063e-005, -8.05747359e-006, -1.4843994e-005, 1, 0.992487041, -0.122349802, 1.43349016e-005, 0.122349802, 0.992487041, 9.86333972e-006, -1.54339817e-005, -8.03536448e-006, 1, 0, 0, 0, 0, 0, 0, 0, 0.257662598, -0.109548315, -0.248132397, 0.110746497, 0.626183659, -0.771656908, -0.885009766, 0.415283203, 0.209960938, 0.451861645, 0.65980032, 0.600395641, 0, 0, -0, 0, 0, 0, 0, 0.305079004, -0.0785942871, -0.197373389, 0.0299861544, 0.439136181, -0.897906385, 0.452026367, -0.807128906, -0.379638672, -0.891397198, -0.394368513, -0.222639896, 0, 2, 5, 1, 
449.804891, 61, 0.1, 0.1, 0.0120518355, 0.361970134, -0.0199646851, 0.992486516, -0.122354057, 1.39254654e-005, 0.122354057, 0.992486516, 1.14762013e-005, -1.52249965e-005, -9.68613785e-006, 1, 0.992486604, -0.122353345, 1.01328909e-005, 0.122353345, 0.992486604, -8.4535537e-006, -9.02243791e-006, 9.6298319e-006, 1, 0, 0, 0, 0, 0, 0, 0, 0.257662598, -0.109548315, -0.248132397, 0.110746497, 0.626183659, -0.771656908, -0.885009766, 0.415283203, 0.209960938, 0.451861645, 0.65980032, 0.600395641, 0, 0, -0, 0, 0, 0, 0, 0.305079004, -0.0785942871, -0.197373389, 0.0299861544, 0.439136181, -0.897906385, 0.452026367, -0.807128906, -0.379638672, -0.891397198, -0.394368513, -0.222639896, 0, 2, 5, 1, 
449.805679, 61, 0.1, 0.1, 0.012051836, 0.361970134, -0.0199678322, 0.992486082, -0.12235758, 1.02112504e-005, 0.12235758, 0.992486082, -4.90673199e-006, -9.53414808e-006, 6.11928711e-006, 1, 0.992486167, -0.122356885, -6.13737916e-006, 0.122356885, 0.992486167, -1.33356396e-005, 7.72297125e-006, 1.24844872e-005, 1, 0, 0, 0, 0, 0, 0, 0, 0.257662598, -0.109548315, -0.248132397, 0.110746497, 0.626183659, -0.771656908, -0.885009766, 0.415283203, 0.209960938, 0.451861645, 0.65980032, 0.600395641, 0, 0, -0, 0, 0, 0, 0, 0.305079004, -0.0785942871, -0.197373389, 0.0299861544, 0.439136181, -0.897906385, 0.452026367, -0.807128906, -0.379638672, -0.891397198, -0.394368513, -0.222639896, 0, 2, 5, 1, 
449.806469, 61, 0.1, 0.1, 0.0120518361, 0.361970133, -0.0199699967, 0.992485652, -0.122361064, -5.31601872e-006, 0.122361064, 0.992485652, -1.19286469e-005, 6.73567424e-006, 1.11885372e-005, 1, 0.992485737, -0.122360376, -1.16756272e-005, 0.122360376, 0.992485737, -7.40608177e-006, 1.24941044e-005, 5.92179639e-006, 1, 0, 0, 0, 0, 0, 0, 0, 0.257662598, -0.109548315, -0.248132397, 0.110746497, 0.626183659, -0.771656908, -0.885009766, 0.415283203, 0.209960938, 0.451861645, 0.65980032, 0.600395641, 0, 0, -0, 0, 0, 0, 0, 0.305079004, -0.0785942871, -0.197373389, 0.0299861544, 0.439136181, -0.897906385, 0.452026367, -0.807128906, -0.379638672, -0.891397198, -0.394368513, -0.222639896, 0, 2, 5, 1, 
449.807255, 61, 0.1, 0.1, 0.0120518357, 0.361970132, -0.0199705375, 0.992485234, -0.12236446, -1.20917567e-005, 0.12236446, 0.992485234, -9.36726802e-006, 1.31471106e-005, 7.81727392e-006, 1, 0.992485317, -0.122363784, -9.07678342e-006, 0.122363784, 0.992485317, 7.38646672e-006, 8.10473825e-006, -8.44162933e-006, 1, 0, 0, 0, 0, 0, 0, 0, 0.257662598, -0.109548315, -0.248132397, 0.110746497, 0.626183659, -0.771656908, -0.885009766, 0.415283203, 0.209960938, 0.451861645, 0.65980032, 0.600395641, 0, 0, -0, 0, 0, 0, 0, 0.305079004, -0.0785942871, -0.197373389, 0.0299861544, 0.439136181, -0.897906385, 0.452026367, -0.807128906, -0.379638672, -0.891397198, -0.394368513, -0.222639896, 0, 2, 5, 1, 
449.80807, 61, 0.1, 0.1, 0.012051835, 0.361970132, -0.0199690505, 0.992484808, -0.122367912, -1.0351859e-005, 0.122367912, 0.992484808, 4.63288868e-006, 9.70714585e-006, -5.86480701e-006, 1, 0.992484889, -0.122367259, 5.82595092e-006, 0.122367259, 0.992484888, 1.34097942e-005, -7.42308801e-006, -1.25961124e-005, 1, 0, 0, 0, 0, 0, 0, 0, 0.256715796, -0.109300537, -0.248790527, 0.109541944, 0.6267352, -0.771390685, -0.883911133, 0.416259766, 0.212768555, 0.454400674, 0.658600637, 0.599735516, 0, 0, -0, 0, 0, 0, 0, 0.30480083, -0.0785359375, -0.197556592, 0.0292960242, 0.439800792, -0.897471817, 0.451171875, -0.807006836, -0.380737305, -0.891837962, -0.393684946, -0.22210325, 0, 2, 5, 1, 
449.808858, 61, 0.1, 0.1, 0.0120518347, 0.361970133, -0.0199665341, 0.992484399, -0.122371231, 4.64964259e-006, 0.122371231, 0.992484399, 1.32536517e-005, -6.2365634e-006, -1.258506e-005, 1, 0.992484479, -0.122370576, 1.22958139e-005, 0.122370576, 0.992484479, 8.70786114e-006, -1.32689904e-005, -7.1377712e-006, 1, 0, 0, 0, 0, 0, 0, 0, 0.256715796, -0.109300537, -0.248790527, 0.109541944, 0.6267352, -0.771390685, -0.883911133, 0.416259766, 0.212768555, 0.454400674, 0.658600637, 0.599735516, 0, 0, -0, 0, 0, 0, 0, 0.30480083, -0.0785359375, -0.197556592, 0.0292960242, 0.439800792, -0.897471817, 0.451171875, -0.807006836, -0.380737305, -0.891837962, -0.393684946, -0.22210325, 0, 2, 5, 1, 
449.809645, 61, 0.1, 0.1, 0.0120518352, 0.361970134, -0.0199639103, 0.99248399, -0.122374542, 1.35858023e-005, 0.122374542, 0.99248399, 1.0781223e-005, -1.48030385e-005, -9.0376349e-006, 1, 0.992484073, -0.122373876, 1.01433682e-005, 0.122373876, 0.992484073, -9.75510879e-006, -8.87336092e-006, 1.09230734e-005, 1, 0, 0, 0, 0, 0, 0, 0, 0.256715796, -0.109300537, -0.248790527, 0.109541944, 0.6267352, -0.771390685, -0.883911133, 0.416259766, 0.212768555, 0.454400674, 0.658600637, 0.599735516, 0, 0, -0, 0, 0, 0, 0, 0.30480083, -0.0785359375, -0.197556592, 0.0292960242, 0.439800792, -0.897471817, 0.451171875, -0.807006836, -0.380737305, -0.891837962, -0.393684946, -0.22210325, 0, 2, 5, 1, 
449.810432, 61, 0.1, 0.1, 0.012051836, 0.361970135, -0.0199620548, 0.992483579, -0.122377876, 1.22911446e-005, 0.122377876, 0.992483579, -7.18296925e-006, -1.13197226e-005, 8.63314319e-006, 1, 0.992483661, -0.122377215, -7.32824085e-006, 0.122377215, 0.992483661, -1.78240558e-005, 9.45441762e-006, 1.67932744e-005, 1, 0, 0, 0, 0, 0, 0, 0, 0.256715796, -0.109300537, -0.248790527, 0.109541944, 0.6267352, -0.771390685, -0.883911133, 0.416259766, 0.212768555, 0.454400674, 0.658600637, 0.599735516, 0, 0, -0, 0, 0, 0, 0, 0.30480083, -0.0785359375, -0.197556592, 0.0292960242, 0.439800792, -0.897471817, 0.451171875, -0.807006836, -0.380737305, -0.891837962, -0.393684946, -0.22210325, 0, 2, 5, 1, 
449.811222, 61, 0.1, 0.1, 0.0120518363, 0.361970134, -0.01996148, 0.992483159, -0.122381286, -6.56107018e-006, 0.122381286, 0.992483159, -1.60208581e-005, 8.47240488e-006, 1.50974796e-005, 1, 0.992483243, -0.122380603, -1.50858911e-005, 0.122380603, 0.992483243, -1.0558701e-005, 1.62646743e-005, 8.63311333e-006, 1, 0, 0, 0, 0, 0, 0, 0, 0.256715796, -0.109300537, -0.248790527, 0.109541944, 0.6267352, -0.771390685, -0.883911133, 0.416259766, 0.212768555, 0.454400674, 0.658600637, 0.599735516, 0, 0, -0, 0, 0, 0, 0, 0.30480083, -0.0785359375, -0.197556592, 0.0292960242, 0.439800792, -0.897471817, 0.451171875, -0.807006836, -0.380737305, -0.891837962, -0.393684946, -0.22210325, 0, 2, 5, 1, 
449.812009, 61, 0.1, 0.1, 0.0120518357, 0.361970133, -0.0199622966, 0.992482735, -0.122384721, -1.50750585e-005, 0.122384721, 0.992482735, -1.08358694e-005, 1.62878801e-005, 8.90945651e-006, 1, 0.99248282, -0.122384032, -1.12239675e-005, 0.122384032, 0.99248282, 1.02317428e-005, 9.88739301e-006, -1.15284634e-005, 1, 0, 0, 0, 0, 0, 0, 0, 0.256715796, -0.109300537, -0.248790527, 0.109541944, 0.6267352, -0.771390685, -0.883911133, 0.416259766, 0.212768555, 0.454400674, 0.658600637, 0.599735516, 0, 0, -0, 0, 0, 0, 0, 0.30480083, -0.0785359375, -0.197556592, 0.0292960242, 0.439800792, -0.897471817, 0.451171875, -0.807006836, -0.380737305, -0.891837962, -0.393684946, -0.22210325, 0, 2, 5, 1, 
449.812827, 61, 0.1, 0.1, 0.0120518349, 0.361970132, -0.0199638301, 0.992482291, -0.122388326, -1.16566934e-005, 0.122388326, 0.992482291, 8.08398677e-006, 1.05796762e-005, -9.44985691e-006, 1, 0.992482376, -0.122387637, 7.07191131e-006, 0.122387637, 0.992482376, 1.80086222e-005, -9.22278005e-006, -1.70077257e-005, 1, 0, 0, 0, 0, 0, 0, 0, 0.256285425, -0.109318115, -0.248802002, 0.109771096, 0.626417681, -0.771587637, -0.883178711, 0.417602539, 0.213378906, 0.455847483, 0.65815656, 0.599272342, 0, 0, -0, 0, 0, 0, 0, 0.304688672, -0.0789521484, -0.197128906, 0.0310339261, 0.439941516, -0.897331459, 0.450805664, -0.807373047, -0.380249023, -0.892023529, -0.392688214, -0.223438668, 0, 2, 5, 1, 
449.813615, 61, 0.1, 0.1, 0.0120518347, 0.361970133, -0.019965705, 0.992481861, -0.122391812, 5.05876096e-006, 0.122391812, 0.992481861, 1.45233536e-005, -6.79826807e-006, -1.37950141e-005, 1, 0.992481947, -0.122391114, 1.25318526e-005, 0.122391114, 0.992481947, 9.62520286e-006, -1.36156768e-005, -8.01905268e-006, 1, 0, 0, 0, 0, 0, 0, 0, 0.256285425, -0.109318115, -0.248802002, 0.109771096, 0.626417681, -0.771587637, -0.883178711, 0.417602539, 0.213378906, 0.455847483, 0.65815656, 0.599272342, 0, 0, -0, 0, 0, 0, 0, 0.304688672, -0.0789521484, -0.197128906, 0.0310339261, 0.439941516, -0.897331459, 0.450805664, -0.807373047, -0.380249023, -0.892023529, -0.392688214, -0.223438668, 0, 2, 5, 1, 
449.814401, 61, 0.1, 0.1, 0.0120518354, 0.361970134, -0.0199674007, 0.992481435, -0.122395265, 1.16802204e-005, 0.122395265, 0.992481435, 9.24356838e-006, -1.27237709e-005, -7.74446634e-006, 1, 0.99248152, -0.122394574, 8.2714081e-006, 0.122394574, 0.99248152, -8.93309082e-006, -7.11585784e-006, 9.87830304e-006, 1, 0, 0, 0, 0, 0, 0, 0, 0.256285425, -0.109318115, -0.248802002, 0.109771096, 0.626417681, -0.771587637, -0.883178711, 0.417602539, 0.213378906, 0.455847483, 0.65815656, 0.599272342, 0, 0, -0, 0, 0, 0, 0, 0.304688672, -0.0789521484, -0.197128906, 0.0310339261, 0.439941516, -0.897331459, 0.450805664, -0.807373047, -0.380249023, -0.892023529, -0.392688214, -0.223438668, 0, 2, 5, 1, 
