time, trialNum, realDorsalTactorPos, realVentralTactorPos, boxPosX, boxPosY, boxPosZ, boxLocalRot_11, boxLocalRot_12, boxLocalRot_13, boxLocalRot_21, boxLocalRot_22, boxLocalRot_23, boxLocalRot_31, boxLocalRot_32, boxLocalRot_33, boxGlobalRot_11, boxGlobalRot_12, boxGlobalRot_13, boxGlobalRot_21, boxGlobalRot_22, boxGlobalRot_23, boxGlobalRot_31, boxGlobalRot_32, boxGlobalRot_33, indexForceX, indexForceY, indexForceZ, indexForceGlobalX, indexForceGlobalY, indexForceGlobalZ, indexContact, indexPosX, indexPosY, indexPosZ, indexRot_11, indexRot_12, indexRot_13, indexRot_21, indexRot_22, indexRot_23, indexRot_31, indexRot_32, indexRot_33, thumbForceX, thumbForceY, thumbForceZ, thumbForceGlobalX, thumbForceGlobalY, thumbForceGlobalZ, thumbContact, thumbPosX, thumbPosY, thumbPosZ, thumbRot_11, thumbRot_12, thumbRot_13, thumbRot_21, thumbRot_22, thumbRot_23, thumbRot_31, thumbRot_32, thumbRot_33, manipForceTooHigh, cceExpType, mapping, trialSuccess, 
691.188432, 56, 0.1, 0.1, 0.0352276942, 0.364818885, -0.0199669006, 0.999652219, -0.0263712091, 7.49740103e-006, -0.0263712092, -0.999652219, 1.56149074e-005, 7.08300959e-006, -1.58071923e-005, -1, 0.999652229, -0.0263708304, -1.81889628e-006, -0.0263708305, -0.999652229, -4.73055863e-006, -1.69351496e-006, 4.77687929e-006, -1, 0, 0, 0, 0, 0, 0, 0, 0.209040942, 0.0562787354, -0.217737793, -0.272269441, 0.728830695, -0.62815067, -0.935913086, -0.0491943359, 0.348632813, 0.223196691, 0.682844862, 0.695696783, 0, -0, 0, 0, 0, 0, 0, 0.249895947, 0.110547949, -0.173014795, -0.178967153, 0.670772686, -0.719588466, -0.33203125, -0.729614258, -0.59765625, -0.926001575, 0.132117891, 0.353353976, 0, 2, 5, 1, 
691.211889, 56, 0.1, 0.1, 0.0352276784, 0.364818912, -0.0199640595, 0.999651556, -0.0263962801, -4.75763633e-005, -0.0263962803, -0.999651557, -3.02299361e-006, -4.74799899e-005, 4.27777928e-006, -0.999999999, 0.999651555, -0.0263963389, -3.69762964e-005, -0.0263963393, -0.999651556, -1.07895474e-005, -3.66786077e-005, 1.17618267e-005, -0.999999999, 0, 0, 0, 0, 0, 0, 0, 0.239746826, 0.0242359863, -0.217504687, -0.268448303, 0.707636655, -0.653463838, -0.952270508, -0.0927734375, 0.290649414, 0.14509934, 0.70041474, 0.698964444, 0, -0, 0, 0, 0, 0, 0, 0.269926514, 0.0846782715, -0.17407124, -0.182861866, 0.623375721, -0.760099089, -0.258422852, -0.776367188, -0.574584961, -0.948504613, 0.0914181403, 0.303190364, 0, 2, 5, 1, 
691.212601, 56, 0.1, 0.1, 0.0352276786, 0.364818914, -0.0199628331, 0.999651556, -0.026396269, 5.76891003e-005, -0.0263962684, -0.999651558, -1.23153789e-005, 5.7994079e-005, 1.07883107e-005, -0.999999998, 0.999651557, -0.0263962606, 3.47513409e-005, -0.0263962604, -0.999651558, -5.41918528e-006, 3.48822783e-005, 4.49999156e-006, -0.999999999, 0, 0, 0, 0, 0, 0, 0, 0.242708154, 0.0210930176, -0.218128516, -0.268448303, 0.707636655, -0.653463838, -0.952270508, -0.0927734375, 0.290649414, 0.14509934, 0.70041474, 0.698964444, 0, -0, 0, 0, 0, 0, 0, 0.27211582, 0.0818748047, -0.174653125, -0.186191115, 0.617553541, -0.764022953, -0.247314453, -0.781982422, -0.571899414, -0.950695672, 0.0825824429, 0.298481955, 0, 2, 5, 1, 
691.213294, 56, 0.1, 0.1, 0.0352276857, 0.364818916, -0.0199637894, 0.999651563, -0.0263960803, -1.5319859e-005, -0.0263960805, -0.999651563, -1.10680148e-005, -1.50223688e-005, 1.14685425e-005, -1, 0.999651561, -0.0263961529, 2.24768991e-005, -0.0263961531, -0.999651561, 5.99720276e-006, 2.23107642e-005, -6.58841676e-006, -1, 0, 0, 0, 0, 0, 0, 0, 0.242708154, 0.0210930176, -0.218128516, -0.268448303, 0.707636655, -0.653463838, -0.952270508, -0.0927734375, 0.290649414, 0.14509934, 0.70041474, 0.698964444, 0, -0, 0, 0, 0, 0, 0, 0.27211582, 0.0818748047, -0.174653125, -0.186191115, 0.617553541, -0.764022953, -0.247314453, -0.781982422, -0.571899414, -0.950695672, 0.0825824429, 0.298481955, 0, 2, 5, 1, 
691.214, 56, 0.1, 0.1, 0.0352276772, 0.364818915, -0.0199664676, 0.999651565, -0.0263959746, -1.76925427e-005, -0.0263959747, -0.999651566, -3.13387923e-006, -1.76036562e-005, 3.59979919e-006, -1, 0.999651565, -0.0263959634, -4.07698161e-005, -0.0263959632, -0.999651566, 4.62480503e-006, -4.08776867e-005, -3.54703502e-006, -0.999999999, 0, 0, 0, 0, 0, 0, 0, 0.242708154, 0.0210930176, -0.218128516, -0.268448303, 0.707636655, -0.653463838, -0.952270508, -0.0927734375, 0.290649414, 0.14509934, 0.70041474, 0.698964444, 0, -0, 0, 0, 0, 0, 0, 0.27211582, 0.0818748047, -0.174653125, -0.186191115, 0.617553541, -0.764022953, -0.247314453, -0.781982422, -0.571899414, -0.950695672, 0.0825824429, 0.298481955, 0, 2, 5, 1, 
691.214722, 56, 0.1, 0.1, 0.0352276843, 0.364818917, -0.0199695849, 0.999651567, -0.0263959091, 3.37857587e-005, -0.0263959095, -0.999651567, 1.23331928e-005, 3.34484408e-005, -1.32207014e-005, -0.999999999, 0.999651565, -0.0263959382, 4.58547734e-005, -0.0263959386, -0.999651566, 9.09114624e-006, 4.55988267e-005, -1.02983584e-005, -0.999999999, 0, 0, 0, 0, 0, 0, 0, 0.242708154, 0.0210930176, -0.218128516, -0.268448303, 0.707636655, -0.653463838, -0.952270508, -0.0927734375, 0.290649414, 0.14509934, 0.70041474, 0.698964444, 0, -0, 0, 0, 0, 0, 0, 0.27211582, 0.0818748047, -0.174653125, -0.186191115, 0.617553541, -0.764022953, -0.247314453, -0.781982422, -0.571899414, -0.950695672, 0.0825824429, 0.298481955, 0, 2, 5, 1, 
691.21549, 56, 0.1, 0.1, 0.0352276778, 0.364818917, -0.0199724237, 0.999651571, -0.0263957132, -4.61548783e-005, -0.026395713, -0.999651572, 5.17917702e-006, -4.62755048e-005, -3.95908152e-006, -0.999999999, 0.999651571, -0.0263957344, -4.71524076e-005, -0.0263957349, -0.999651572, -9.90571101e-006, -4.68745099e-005, 1.1146882e-005, -0.999999999, 0, 0, 0, 0, 0, 0, 0, 0.242708154, 0.0210930176, -0.218128516, -0.268448303, 0.707636655, -0.653463838, -0.952270508, -0.0927734375, 0.290649414, 0.14509934, 0.70041474, 0.698964444, 0, -0, 0, 0, 0, 0, 0, 0.27211582, 0.0818748047, -0.174653125, -0.186191115, 0.617553541, -0.764022953, -0.247314453, -0.781982422, -0.571899414, -0.950695672, 0.0825824429, 0.298481955, 0, 2, 5, 1, 
691.216586, 56, 0.1, 0.1, 0.0352276852, 0.364818917, -0.0199693843, 0.999651569, -0.0263957706, 6.52241645e-005, -0.0263957703, -0.999651571, -4.53333553e-006, 6.53210994e-005, 2.81011391e-006, -0.999999998, 0.999651569, -0.0263957593, 5.98055894e-005, -0.0263957588, -0.999651571, -9.68938313e-006, 6.004051e-005, 8.10739315e-006, -0.999999998, 0, 0, 0, 0, 0, 0, 0, 0.242708154, 0.0210930176, -0.218128516, -0.268448303, 0.707636655, -0.653463838, -0.952270508, -0.0927734375, 0.290649414, 0.14509934, 0.70041474, 0.698964444, 0, -0, 0, 0, 0, 0, 0, 0.27211582, 0.0818748047, -0.174653125, -0.186191115, 0.617553541, -0.764022953, -0.247314453, -0.781982422, -0.571899414, -0.950695672, 0.0825824429, 0.298481955, 0, 2, 5, 1, 
691.217724, 56, 0.1, 0.1, 0.0352276812, 0.364818918, -0.0199580155, 0.999651584, -0.0263952278, -5.37548865e-005, -0.0263952299, -0.999651584, -4.01189853e-005, -5.26772077e-005, 4.15238797e-005, -0.999999998, 0.999651579, -0.0263954244, -5.27064235e-005, -0.0263954259, -0.99965158, -2.75237478e-005, -5.19615586e-005, 2.89053664e-005, -0.999999998, 0, 0, 0, 0, 0, 0, 0, 0.246243652, 0.0174111572, -0.218247168, -0.268661725, 0.705397171, -0.655792811, -0.953369141, -0.0981445313, 0.28503418, 0.136728891, 0.701881767, 0.699086133, 0, -0, 0, 0, 0, 0, 0, 0.274649463, 0.0781463867, -0.175124805, -0.187673821, 0.610319752, -0.769486758, -0.237915039, -0.788208008, -0.567260742, -0.952938137, 0.0766669472, 0.293243463, 0, 2, 5, 1, 
691.218809, 56, 0.1, 0.1, 0.0352276827, 0.36481893, -0.0199460932, 0.999651625, -0.0263937088, -8.02438027e-006, -0.0263937081, -0.999651623, 7.4648054e-005, -9.99182376e-006, -7.44102553e-005, -0.999999997, 0.999651615, -0.0263940973, 2.41764819e-005, -0.0263940992, -0.999651612, 7.88437299e-005, 2.208705e-005, -7.94543784e-005, -0.999999997, 0, 0, 0, 0, 0, 0, 0, 0.246243652, 0.0174111572, -0.218247168, -0.268661725, 0.705397171, -0.655792811, -0.953369141, -0.0981445313, 0.28503418, 0.136728891, 0.701881767, 0.699086133, 0, -0, 0, 0, 0, 0, 0, 0.274649463, 0.0781463867, -0.175124805, -0.187673821, 0.610319752, -0.769486758, -0.237915039, -0.788208008, -0.567260742, -0.952938137, 0.0766669472, 0.293243463, 0, 2, 5, 1, 
691.219917, 56, 0.1, 0.1, 0.0352276783, 0.364818925, -0.0199380198, 0.999651679, -0.0263916428, -3.30147809e-005, -0.0263916432, -0.99965168, -1.1239596e-005, -3.27066498e-005, 1.21069953e-005, -0.999999999, 0.999651672, -0.0263919422, -3.15700628e-005, -0.0263919436, -0.999651671, -4.63061519e-005, -3.03369567e-005, 4.71232175e-005, -0.999999998, 0, 0, 0, 0, 0, 0, 0, 0.246243652, 0.0174111572, -0.218247168, -0.268661725, 0.705397171, -0.655792811, -0.953369141, -0.0981445313, 0.28503418, 0.136728891, 0.701881767, 0.699086133, 0, -0, 0, 0, 0, 0, 0, 0.274649463, 0.0781463867, -0.175124805, -0.187673821, 0.610319752, -0.769486758, -0.237915039, -0.788208008, -0.567260742, -0.952938137, 0.0766669472, 0.293243463, 0, 2, 5, 1, 
691.221016, 56, 0.1, 0.1, 0.0352276923, 0.364818939, -0.0199368799, 0.99965169, -0.0263912655, 2.48715097e-005, -0.0263912648, -0.99965169, -2.82122192e-005, 2.56074028e-005, 2.7546002e-005, -0.999999999, 0.999651688, -0.0263912397, 6.88941891e-005, -0.0263912421, -0.99965169, 3.42668431e-005, 6.79658481e-005, -3.60731108e-005, -0.999999997, 0, 0, 0, 0, 0, 0, 0, 0.246243652, 0.0174111572, -0.218247168, -0.268661725, 0.705397171, -0.655792811, -0.953369141, -0.0981445313, 0.28503418, 0.136728891, 0.701881767, 0.699086133, 0, -0, 0, 0, 0, 0, 0, 0.274649463, 0.0781463867, -0.175124805, -0.187673821, 0.610319752, -0.769486758, -0.237915039, -0.788208008, -0.567260742, -0.952938137, 0.0766669472, 0.293243463, 0, 2, 5, 1, 
691.221837, 56, 0.1, 0.1, 0.0352276787, 0.364818933, -0.0199428945, 0.999651665, -0.0263922107, -2.23874811e-005, -0.0263922102, -0.999651665, 2.21944552e-005, -2.29654435e-005, -2.1595869e-005, -1, 0.999651669, -0.0263919704, -5.99406601e-005, -0.0263919702, -0.999651671, 4.2903288e-006, -6.00330113e-005, -2.70688224e-006, -0.999999998, 0, 0, 0, 0, 0, 0, 0, 0.249520142, 0.0144180664, -0.21788418, -0.269485097, 0.703563572, -0.657486746, -0.954589844, -0.105102539, 0.278686523, 0.126848353, 0.702790141, 0.700095977, 0, -0, 0, 0, 0, 0, 0, 0.274649463, 0.0781463867, -0.175124805, -0.190019097, 0.603814005, -0.773966591, -0.226806641, -0.793945313, -0.563842773, -0.955148519, 0.0684958603, 0.287985647, 0, 2, 5, 1, 
691.222521, 56, 0.1, 0.1, 0.0352276893, 0.364818931, -0.0199551711, 0.999651621, -0.0263938167, 5.13889571e-005, -0.0263938147, -0.999651622, -3.94008315e-005, 5.24109927e-005, 3.80307545e-005, -0.999999998, 0.999651629, -0.0263934662, 6.85515601e-005, -0.0263934635, -0.999651631, -3.93543269e-005, 6.9566376e-005, 3.75313039e-005, -0.999999997, 0, 0, 0, 0, 0, 0, 0, 0.249520142, 0.0144180664, -0.21788418, -0.269485097, 0.703563572, -0.657486746, -0.954589844, -0.105102539, 0.278686523, 0.126848353, 0.702790141, 0.700095977, 0, -0, 0, 0, 0, 0, 0, 0.276903467, 0.0750884277, -0.175308545, -0.190019097, 0.603814005, -0.773966591, -0.226806641, -0.793945313, -0.563842773, -0.955148519, 0.0684958603, 0.287985647, 0, 2, 5, 1, 
691.223196, 56, 0.1, 0.1, 0.0352276825, 0.364818936, -0.0199704145, 0.999651569, -0.0263957686, -6.48036532e-005, -0.0263957642, -0.999651569, 6.70115738e-005, -6.65498956e-005, -6.5277683e-005, -0.999999996, 0.99965158, -0.0263953639, -5.99714756e-005, -0.0263953607, -0.99965158, 5.4270736e-005, -6.13830762e-005, -5.26688582e-005, -0.999999997, 0, 0, 0, 0, 0, 0, 0, 0.249520142, 0.0144180664, -0.21788418, -0.269485097, 0.703563572, -0.657486746, -0.954589844, -0.105102539, 0.278686523, 0.126848353, 0.702790141, 0.700095977, 0, -0, 0, 0, 0, 0, 0, 0.276903467, 0.0750884277, -0.175308545, -0.190019097, 0.603814005, -0.773966591, -0.226806641, -0.793945313, -0.563842773, -0.955148519, 0.0684958603, 0.287985647, 0, 2, 5, 1, 
691.22388, 56, 0.1, 0.1, 0.0352276768, 0.364818945, -0.0199842942, 0.999651518, -0.0263977545, 1.23002211e-005, -0.0263977546, -0.999651518, 1.24176557e-005, 1.19681365e-005, -1.27380266e-005, -1, 0.999651529, -0.0263973742, -1.21154959e-005, -0.0263973738, -0.999651528, 3.58394567e-005, -1.30573415e-005, -3.55071504e-005, -0.999999999, 0, 0, 0, 0, 0, 0, 0, 0.249520142, 0.0144180664, -0.21788418, -0.269485097, 0.703563572, -0.657486746, -0.954589844, -0.105102539, 0.278686523, 0.126848353, 0.702790141, 0.700095977, 0, -0, 0, 0, 0, 0, 0, 0.276903467, 0.0750884277, -0.175308545, -0.190019097, 0.603814005, -0.773966591, -0.226806641, -0.793945313, -0.563842773, -0.955148519, 0.0684958603, 0.287985647, 0, 2, 5, 1, 
691.224595, 56, 0.1, 0.1, 0.0352276876, 0.364818934, -0.0199929507, 0.999651459, -0.0263999103, 6.89089831e-005, -0.0263999044, -0.999651458, -8.46670686e-005, 7.11201685e-005, 8.28183681e-005, -0.999999994, 0.99965147, -0.026399509, 6.48634535e-005, -0.0263995042, -0.99965147, -7.40520105e-005, 6.67957833e-005, 7.23138381e-005, -0.999999995, 0, 0, 0, 0, 0, 0, 0, 0.25237688, 0.0112689941, -0.217886377, -0.269995819, 0.703125486, -0.657619296, -0.955200195, -0.110107422, 0.274414063, 0.120502463, 0.702365159, 0.701600075, 0, -0, 0, 0, 0, 0, 0, 0.279233887, 0.071917334, -0.175450781, -0.191284519, 0.598503318, -0.777839415, -0.217163086, -0.798583984, -0.561035156, -0.957122661, 0.0618005491, 0.282791632, 0, 2, 5, 1, 
691.225269, 56, 0.1, 0.1, 0.0352277008, 0.364818918, -0.0199940098, 0.99965141, -0.0264017765, 6.49745151e-005, -0.0264017714, -0.999651409, -7.8196141e-005, 6.70163826e-005, 7.64534404e-005, -0.999999995, 0.999651419, -0.0264014281, 6.88185679e-005, -0.0264014221, -0.999651418, -8.69584676e-005, 7.10904067e-005, 8.51112475e-005, -0.999999994, 0, 0, 0, 0, 0, 0, 0, 0.25237688, 0.0112689941, -0.217886377, -0.269995819, 0.703125486, -0.657619296, -0.955200195, -0.110107422, 0.274414063, 0.120502463, 0.702365159, 0.701600075, 0, -0, 0, 0, 0, 0, 0, 0.279233887, 0.071917334, -0.175450781, -0.191284519, 0.598503318, -0.777839415, -0.217163086, -0.798583984, -0.561035156, -0.957122661, 0.0618005491, 0.282791632, 0, 2, 5, 1, 
691.225954, 56, 0.1, 0.1, 0.0352277077, 0.364818913, -0.0199881619, 0.999651371, -0.026403329, 6.98503106e-006, -0.0264033291, -0.999651371, 1.16780064e-005, 6.67425763e-006, -1.18583632e-005, -1, 0.999651378, -0.0264030503, 2.51467808e-005, -0.02640305, -0.999651379, -1.1234545e-005, 2.54346404e-005, 1.05666767e-005, -1, 0, 0, 0, 0, 0, 0, 0, 0.25237688, 0.0112689941, -0.217886377, -0.269995819, 0.703125486, -0.657619296, -0.955200195, -0.110107422, 0.274414063, 0.120502463, 0.702365159, 0.701600075, 0, -0, 0, 0, 0, 0, 0, 0.279233887, 0.071917334, -0.175450781, -0.191284519, 0.598503318, -0.777839415, -0.217163086, -0.798583984, -0.561035156, -0.957122661, 0.0618005491, 0.282791632, 0, 2, 5, 1, 
691.226646, 56, 0.1, 0.1, 0.0352277003, 0.364818921, -0.0199775619, 0.999651342, -0.026404415, -4.35924467e-005, -0.0264044135, -0.999651342, 3.44429689e-005, -4.44866943e-005, -3.32799271e-005, -0.999999998, 0.999651347, -0.026404226, -4.73799139e-005, -0.0264042239, -0.999651347, 4.40536207e-005, -4.85265965e-005, -4.27872314e-005, -0.999999998, 0, 0, 0, 0, 0, 0, 0, 0.25237688, 0.0112689941, -0.217886377, -0.269995819, 0.703125486, -0.657619296, -0.955200195, -0.110107422, 0.274414063, 0.120502463, 0.702365159, 0.701600075, 0, -0, 0, 0, 0, 0, 0, 0.279233887, 0.071917334, -0.175450781, -0.191284519, 0.598503318, -0.777839415, -0.217163086, -0.798583984, -0.561035156, -0.957122661, 0.0618005491, 0.282791632, 0, 2, 5, 1, 
691.227332, 56, 0.1, 0.1, 0.0352277024, 0.364818919, -0.0199659397, 0.999651323, -0.0264051086, 4.28563959e-005, -0.0264051077, -0.999651324, -2.00837581e-005, 4.33717667e-005, 1.89451276e-005, -0.999999999, 0.999651326, -0.0264050126, 3.60483188e-005, -0.0264050116, -0.999651327, -2.67807758e-005, 3.67428965e-005, 2.58195817e-005, -0.999999999, 0, 0, 0, 0, 0, 0, 0, 0.25237688, 0.0112689941, -0.217886377, -0.269995819, 0.703125486, -0.657619296, -0.955200195, -0.110107422, 0.274414063, 0.120502463, 0.702365159, 0.701600075, 0, -0, 0, 0, 0, 0, 0, 0.279233887, 0.071917334, -0.175450781, -0.191284519, 0.598503318, -0.777839415, -0.217163086, -0.798583984, -0.561035156, -0.957122661, 0.0618005491, 0.282791632, 0, 2, 5, 1, 
691.228012, 56, 0.1, 0.1, 0.0352277023, 0.364818924, -0.0199567226, 0.999651319, -0.0264052942, -2.53063582e-005, -0.0264052934, -0.999651319, 2.78807276e-005, -2.60337332e-005, -2.72027843e-005, -0.999999999, 0.999651319, -0.0264052984, -2.32119526e-005, -0.0264052974, -0.999651318, 4.13429878e-005, -2.42955329e-005, -4.07156537e-005, -0.999999999, 0, 0, 0, 0, 0, 0, 0, 0.25237688, 0.0112689941, -0.217886377, -0.269995819, 0.703125486, -0.657619296, -0.955200195, -0.110107422, 0.274414063, 0.120502463, 0.702365159, 0.701600075, 0, -0, 0, 0, 0, 0, 0, 0.279233887, 0.071917334, -0.175450781, -0.191284519, 0.598503318, -0.777839415, -0.217163086, -0.798583984, -0.561035156, -0.957122661, 0.0618005491, 0.282791632, 0, 2, 5, 1, 
691.228695, 56, 0.1, 0.1, 0.0352277035, 0.364818924, -0.0199521672, 0.999651328, -0.0264049856, -2.36024191e-006, -0.0264049856, -0.999651328, 7.47746797e-006, -2.55686139e-006, -7.41253863e-006, -1, 0.999651325, -0.0264050772, 1.6723846e-005, -0.0264050773, -0.999651325, 5.60243113e-006, 1.65700822e-005, -6.04207215e-006, -1, 0, 0, 0, 0, 0, 0, 0, 0.25237688, 0.0112689941, -0.217886377, -0.269995819, 0.703125486, -0.657619296, -0.955200195, -0.110107422, 0.274414063, 0.120502463, 0.702365159, 0.701600075, 0, -0, 0, 0, 0, 0, 0, 0.279233887, 0.071917334, -0.175450781, -0.191284519, 0.598503318, -0.777839415, -0.217163086, -0.798583984, -0.561035156, -0.957122661, 0.0618005491, 0.282791632, 0, 2, 5, 1, 
691.229402, 56, 0.1, 0.1, 0.0352277037, 0.364818925, -0.0199530732, 0.999651343, -0.0264044144, 3.7533015e-006, -0.0264044143, -0.999651343, -7.85665696e-007, 3.77273793e-006, 6.8628804e-007, -1, 0.99965134, -0.0264045228, 9.15018231e-006, -0.0264045229, -0.99965134, 1.40372167e-005, 8.776346e-006, -1.42739287e-005, -1, 0, 0, 0, 0, 0, 0, 0, 0.256004541, 0.00739172363, -0.217570752, -0.268425817, 0.701450647, -0.660189404, -0.956665039, -0.114135742, 0.267700195, 0.112467508, 0.703495571, 0.701759956, 0, -0, 0, 0, 0, 0, 0, 0.279233887, 0.071917334, -0.175450781, -0.190716157, 0.59183206, -0.783009378, -0.208984375, -0.803833008, -0.556762695, -0.959026807, 0.0575398331, 0.277093053, 0, 2, 5, 1, 
691.230082, 56, 0.1, 0.1, 0.0352277034, 0.364818924, -0.0199585952, 0.999651355, -0.0264039528, 2.37990918e-005, -0.026403953, -0.999651355, 4.91208614e-006, 2.36610958e-005, -5.53876367e-006, -1, 0.999651352, -0.0264040453, 1.47825438e-005, -0.0264040453, -0.999651352, 3.53999948e-006, 1.46839196e-005, -3.92908422e-006, -1, 0, 0, 0, 0, 0, 0, 0, 0.256004541, 0.00739172363, -0.217570752, -0.268425817, 0.701450647, -0.660189404, -0.956665039, -0.114135742, 0.267700195, 0.112467508, 0.703495571, 0.701759956, 0, -0, 0, 0, 0, 0, 0, 0.281687109, 0.0682609375, -0.175689453, -0.190716157, 0.59183206, -0.783009378, -0.208984375, -0.803833008, -0.556762695, -0.959026807, 0.0575398331, 0.277093053, 0, 2, 5, 1, 
691.230807, 56, 0.1, 0.1, 0.0352276996, 0.364818925, -0.0199671061, 0.999651363, -0.0264035981, -4.31702019e-005, -0.0264035979, -0.999651364, 6.50891578e-006, -4.332701e-005, -5.36679788e-006, -0.999999999, 0.999651362, -0.0264036692, -4.05241053e-005, -0.0264036686, -0.999651362, 1.438117e-005, -4.08896927e-005, -1.33061711e-005, -0.999999999, 0, 0, 0, 0, 0, 0, 0, 0.256004541, 0.00739172363, -0.217570752, -0.268425817, 0.701450647, -0.660189404, -0.956665039, -0.114135742, 0.267700195, 0.112467508, 0.703495571, 0.701759956, 0, -0, 0, 0, 0, 0, 0, 0.281687109, 0.0682609375, -0.175689453, -0.190716157, 0.59183206, -0.783009378, -0.208984375, -0.803833008, -0.556762695, -0.959026807, 0.0575398331, 0.277093053, 0, 2, 5, 1, 
691.231517, 56, 0.1, 0.1, 0.0352277, 0.364818923, -0.0199751102, 0.99965138, -0.0264029735, 3.16308209e-005, -0.0264029738, -0.999651381, 9.94479727e-006, 3.13572216e-005, -1.07764781e-005, -0.999999999, 0.999651376, -0.0264031381, 2.40861406e-005, -0.026403138, -0.999651376, -6.96311757e-006, 2.42615918e-005, 6.32474036e-006, -1, 0, 0, 0, 0, 0, 0, 0, 0.256004541, 0.00739172363, -0.217570752, -0.268425817, 0.701450647, -0.660189404, -0.956665039, -0.114135742, 0.267700195, 0.112467508, 0.703495571, 0.701759956, 0, -0, 0, 0, 0, 0, 0, 0.281687109, 0.0682609375, -0.175689453, -0.190716157, 0.59183206, -0.783009378, -0.208984375, -0.803833008, -0.556762695, -0.959026807, 0.0575398331, 0.277093053, 0, 2, 5, 1, 
691.232193, 56, 0.1, 0.1, 0.035227701, 0.364818926, -0.0199806178, 0.999651404, -0.0264020706, -2.51085259e-005, -0.0264020707, -0.999651405, -7.2736598e-006, -2.49077335e-005, 7.93404131e-006, -1, 0.999651399, -0.0264022719, -1.18987929e-005, -0.0264022718, -0.999651399, 7.86082328e-006, -1.21021886e-005, -7.54392782e-006, -1, 0, 0, 0, 0, 0, 0, 0, 0.256004541, 0.00739172363, -0.217570752, -0.268425817, 0.701450647, -0.660189404, -0.956665039, -0.114135742, 0.267700195, 0.112467508, 0.703495571, 0.701759956, 0, -0, 0, 0, 0, 0, 0, 0.281687109, 0.0682609375, -0.175689453, -0.190716157, 0.59183206, -0.783009378, -0.208984375, -0.803833008, -0.556762695, -0.959026807, 0.0575398331, 0.277093053, 0, 2, 5, 1, 
691.23288, 56, 0.1, 0.1, 0.0352276968, 0.364818923, -0.0199828404, 0.999651431, -0.0264010515, 1.02970557e-006, -0.0264010515, -0.999651431, -3.14370139e-006, 1.11234367e-006, 3.11542028e-006, -1, 0.999651426, -0.0264012511, -1.5552896e-005, -0.0264012513, -0.999651426, -1.41002047e-005, -1.51752116e-005, 1.45059057e-005, -1, 0, 0, 0, 0, 0, 0, 0, 0.256004541, 0.00739172363, -0.217570752, -0.268425817, 0.701450647, -0.660189404, -0.956665039, -0.114135742, 0.267700195, 0.112467508, 0.703495571, 0.701759956, 0, -0, 0, 0, 0, 0, 0, 0.281687109, 0.0682609375, -0.175689453, -0.190716157, 0.59183206, -0.783009378, -0.208984375, -0.803833008, -0.556762695, -0.959026807, 0.0575398331, 0.277093053, 0, 2, 5, 1, 
691.233568, 56, 0.1, 0.1, 0.035227699, 0.364818927, -0.0199812207, 0.999651461, -0.0263999472, -1.03952657e-006, -0.0263999472, -0.999651461, 1.56928492e-005, -1.45345465e-006, -1.56599362e-005, -1, 0.999651455, -0.0264001616, 1.05460609e-005, -0.0264001618, -0.999651455, 2.40666188e-005, 9.9070225e-006, -2.43366482e-005, -1, 0, 0, 0, 0, 0, 0, 0, 0.256004541, 0.00739172363, -0.217570752, -0.268425817, 0.701450647, -0.660189404, -0.956665039, -0.114135742, 0.267700195, 0.112467508, 0.703495571, 0.701759956, 0, -0, 0, 0, 0, 0, 0, 0.281687109, 0.0682609375, -0.175689453, -0.190716157, 0.59183206, -0.783009378, -0.208984375, -0.803833008, -0.556762695, -0.959026807, 0.0575398331, 0.277093053, 0, 2, 5, 1, 
691.234286, 56, 0.1, 0.1, 0.0352276986, 0.364818922, -0.019976116, 0.999651494, -0.0263986839, -2.99598112e-006, -0.0263986839, -0.999651493, -3.2340422e-005, -2.14119242e-006, 3.24082411e-005, -0.999999999, 0.999651487, -0.026398946, 3.70371139e-006, -0.0263989459, -0.999651486, -3.68024758e-005, 4.67396717e-006, 3.66918756e-005, -0.999999999, 0, 0, 0, 0, 0, 0, 0, 0.259549683, 0.00439729004, -0.217222656, -0.268367024, 0.699597952, -0.662162666, -0.957763672, -0.120483398, 0.260742188, 0.102694433, 0.704283377, 0.702566858, 0, -0, 0, 0, 0, 0, 0, 0.281687109, 0.0682609375, -0.175689453, -0.191860177, 0.585320116, -0.787706494, -0.198730469, -0.809082031, -0.552856445, -0.960988189, 0.050595522, 0.271566915, 0, 2, 5, 1, 
691.234972, 56, 0.1, 0.1, 0.0352276988, 0.364818922, -0.0199695415, 0.999651522, -0.0263976154, -1.49171122e-005, -0.0263976153, -0.999651522, 3.87047201e-006, -1.50140851e-005, -3.47534705e-006, -1, 0.999651517, -0.0263978288, 2.19470877e-006, -0.0263978288, -0.999651517, 1.18562015e-005, 1.88096597e-006, -1.19100054e-005, -1, 0, 0, 0, 0, 0, 0, 0, 0.259549683, 0.00439729004, -0.217222656, -0.268367024, 0.699597952, -0.662162666, -0.957763672, -0.120483398, 0.260742188, 0.102694433, 0.704283377, 0.702566858, 0, -0, 0, 0, 0, 0, 0, 0.284249072, 0.0652283691, -0.175669971, -0.191860177, 0.585320116, -0.787706494, -0.198730469, -0.809082031, -0.552856445, -0.960988189, 0.050595522, 0.271566915, 0, 2, 5, 1, 
691.235662, 56, 0.1, 0.1, 0.0352276994, 0.364818921, -0.0199635162, 0.999651554, -0.0263963709, 3.51823689e-005, -0.0263963717, -0.999651555, 2.27898715e-005, 3.45685398e-005, -2.37106173e-005, -0.999999999, 0.999651548, -0.0263966447, 2.25631768e-005, -0.0263966446, -0.999651548, -2.25134833e-006, 2.26147426e-005, 1.65497168e-006, -1, 0, 0, 0, 0, 0, 0, 0, 0.259549683, 0.00439729004, -0.217222656, -0.268367024, 0.699597952, -0.662162666, -0.957763672, -0.120483398, 0.260742188, 0.102694433, 0.704283377, 0.702566858, 0, -0, 0, 0, 0, 0, 0, 0.284249072, 0.0652283691, -0.175669971, -0.191860177, 0.585320116, -0.787706494, -0.198730469, -0.809082031, -0.552856445, -0.960988189, 0.050595522, 0.271566915, 0, 2, 5, 1, 
691.236348, 56, 0.1, 0.1, 0.0352277009, 0.364818924, -0.0199598362, 0.999651595, -0.0263948601, -9.25864989e-006, -0.0263948604, -0.999651594, -3.57007536e-005, -8.31310773e-006, 3.59326961e-005, -0.999999999, 0.999651586, -0.0263952089, -1.10531483e-005, -0.0263952089, -0.999651586, 8.41861314e-007, -1.10715183e-005, -5.4981784e-007, -1, 0, 0, 0, 0, 0, 0, 0, 0.259549683, 0.00439729004, -0.217222656, -0.268367024, 0.699597952, -0.662162666, -0.957763672, -0.120483398, 0.260742188, 0.102694433, 0.704283377, 0.702566858, 0, -0, 0, 0, 0, 0, 0, 0.284249072, 0.0652283691, -0.175669971, -0.191860177, 0.585320116, -0.787706494, -0.198730469, -0.809082031, -0.552856445, -0.960988189, 0.050595522, 0.271566915, 0, 2, 5, 1, 
691.23706, 56, 0.1, 0.1, 0.0352277007, 0.364818915, -0.0199591791, 0.999651641, -0.0263931004, -9.93107478e-006, -0.0263931004, -0.999651641, -1.60588451e-006, -9.88523094e-006, 1.86743694e-006, -1, 0.999651633, -0.0263934265, -7.66175244e-007, -0.0263934265, -0.999651632, -3.42478298e-005, 1.38009246e-007, 3.42561209e-005, -0.999999999, 0, 0, 0, 0, 0, 0, 0, 0.262394092, 0.00105012207, -0.217414893, -0.269188153, 0.699686319, -0.661654187, -0.958007812, -0.125, 0.257568359, 0.0975100337, 0.703280645, 0.70421661, 0, -0, 0, 0, 0, 0, 0, 0.286377979, 0.061807666, -0.176035205, -0.192921075, 0.579472784, -0.791764519, -0.189697266, -0.813598633, -0.549316406, -0.962572606, 0.0443347779, 0.266967147, 0, 2, 5, 1, 
691.237748, 56, 0.1, 0.1, 0.0352277008, 0.364818929, -0.0199615836, 0.999651673, -0.0263918865, -1.5482404e-005, -0.0263918853, -0.999651671, 7.19416417e-005, -1.73756866e-005, -7.15079727e-005, -0.999999997, 0.999651667, -0.0263921167, 4.22986067e-006, -0.026392117, -0.999651664, 8.46467841e-005, 1.99437946e-006, -8.47289338e-005, -0.999999996, 0, 0, 0, 0, 0, 0, 0, 0.262394092, 0.00105012207, -0.217414893, -0.269188153, 0.699686319, -0.661654187, -0.958007812, -0.125, 0.257568359, 0.0975100337, 0.703280645, 0.70421661, 0, -0, 0, 0, 0, 0, 0, 0.286377979, 0.061807666, -0.176035205, -0.192921075, 0.579472784, -0.791764519, -0.189697266, -0.813598633, -0.549316406, -0.962572606, 0.0443347779, 0.266967147, 0, 2, 5, 1, 
691.238436, 56, 0.1, 0.1, 0.0352277006, 0.364818924, -0.0199663548, 0.999651714, -0.0263903307, 2.9770219e-005, -0.0263903279, -0.999651711, -8.90553453e-005, 3.21100504e-005, 8.82386827e-005, -0.999999996, 0.999651705, -0.0263906756, 1.62667144e-005, -0.0263906744, -0.999651703, -6.87058439e-005, 1.80742424e-005, 6.82526244e-005, -0.999999998, 0, 0, 0, 0, 0, 0, 0, 0.262394092, 0.00105012207, -0.217414893, -0.269188153, 0.699686319, -0.661654187, -0.958007812, -0.125, 0.257568359, 0.0975100337, 0.703280645, 0.70421661, 0, -0, 0, 0, 0, 0, 0, 0.286377979, 0.061807666, -0.176035205, -0.192921075, 0.579472784, -0.791764519, -0.189697266, -0.813598633, -0.549316406, -0.962572606, 0.0443347779, 0.266967147, 0, 2, 5, 1, 
691.239123, 56, 0.1, 0.1, 0.0352277025, 0.364818911, -0.0199719402, 0.999651755, -0.0263888004, -1.83387651e-005, -0.0263888007, -0.999651755, -1.75874689e-005, -1.78682665e-005, 1.80652822e-005, -1, 0.999651748, -0.0263890556, -6.58368323e-006, -0.0263890559, -0.999651747, -5.10382128e-005, -5.23454021e-006, 5.11941759e-005, -0.999999999, 0, 0, 0, 0, 0, 0, 0, 0.262394092, 0.00105012207, -0.217414893, -0.269188153, 0.699686319, -0.661654187, -0.958007812, -0.125, 0.257568359, 0.0975100337, 0.703280645, 0.70421661, 0, -0, 0, 0, 0, 0, 0, 0.286377979, 0.061807666, -0.176035205, -0.192921075, 0.579472784, -0.791764519, -0.189697266, -0.813598633, -0.549316406, -0.962572606, 0.0443347779, 0.266967147, 0, 2, 5, 1, 
691.239809, 56, 0.1, 0.1, 0.0352277021, 0.364818924, -0.019976643, 0.999651773, -0.0263880981, 2.26711611e-005, -0.0263881, -0.99965177, 8.50492397e-005, 2.04189787e-005, -8.56178721e-005, -0.999999996, 0.999651771, -0.0263881896, 1.26637416e-005, -0.0263881906, -0.999651768, 8.36411217e-005, 1.04521939e-005, -8.39461686e-005, -0.999999996, 0, 0, 0, 0, 0, 0, 0, 0.262394092, 0.00105012207, -0.217414893, -0.269188153, 0.699686319, -0.661654187, -0.958007812, -0.125, 0.257568359, 0.0975100337, 0.703280645, 0.70421661, 0, -0, 0, 0, 0, 0, 0, 0.286377979, 0.061807666, -0.176035205, -0.192921075, 0.579472784, -0.791764519, -0.189697266, -0.813598633, -0.549316406, -0.962572606, 0.0443347779, 0.266967147, 0, 2, 5, 1, 
691.240498, 56, 0.1, 0.1, 0.0352277036, 0.364818931, -0.0199792124, 0.999651782, -0.0263877858, -1.38257146e-005, -0.0263877861, -0.999651782, -1.95252966e-005, -1.33056709e-005, 1.98833275e-005, -1, 0.99965178, -0.0263878631, -4.55848095e-006, -0.0263878631, -0.99965178, 1.36643146e-005, -4.91746566e-006, -1.35392679e-005, -1, 0, 0, 0, 0, 0, 0, 0, 0.262394092, 0.00105012207, -0.217414893, -0.269188153, 0.699686319, -0.661654187, -0.958007812, -0.125, 0.257568359, 0.0975100337, 0.703280645, 0.70421661, 0, -0, 0, 0, 0, 0, 0, 0.286377979, 0.061807666, -0.176035205, -0.192921075, 0.579472784, -0.791764519, -0.189697266, -0.813598633, -0.549316406, -0.962572606, 0.0443347779, 0.266967147, 0, 2, 5, 1, 
691.241181, 56, 0.1, 0.1, 0.0352277033, 0.364818918, -0.0199790099, 0.999651798, -0.0263871475, 1.93296114e-005, -0.0263871461, -0.999651796, -6.6893864e-005, 2.1088019e-005, 6.63605182e-005, -0.999999998, 0.999651795, -0.0263872981, 1.09551451e-005, -0.0263872972, -0.999651792, -7.32913408e-005, 1.28852909e-005, 7.29767436e-005, -0.999999997, 0, 0, 0, 0, 0, 0, 0, 0.262394092, 0.00105012207, -0.217414893, -0.269188153, 0.699686319, -0.661654187, -0.958007812, -0.125, 0.257568359, 0.0975100337, 0.703280645, 0.70421661, 0, -0, 0, 0, 0, 0, 0, 0.286377979, 0.061807666, -0.176035205, -0.192921075, 0.579472784, -0.791764519, -0.189697266, -0.813598633, -0.549316406, -0.962572606, 0.0443347779, 0.266967147, 0, 2, 5, 1, 
691.241884, 56, 0.1, 0.1, 0.0352277034, 0.364818919, -0.0199761324, 0.999651823, -0.0263862084, -2.26689571e-005, -0.026386207, -0.999651822, 5.92618483e-005, -2.42247597e-005, -5.86430669e-005, -0.999999998, 0.999651818, -0.0263863907, -1.25578232e-005, -0.0263863903, -0.999651818, 3.43835599e-005, -1.34607088e-005, -3.40402326e-005, -0.999999999, 0, 0, 0, 0, 0, 0, 0, 0.265712939, -0.00232695312, -0.217439429, -0.269375365, 0.699146761, -0.662205728, -0.958618164, -0.129760742, 0.252929688, 0.0908657208, 0.702995327, 0.705416292, 0, -0, 0, 0, 0, 0, 0, 0.286377979, 0.061807666, -0.176035205, -0.192921075, 0.579472784, -0.791764519, -0.189697266, -0.813598633, -0.549316406, -0.962572606, 0.0443347779, 0.266967147, 0, 2, 5, 1, 
691.242586, 56, 0.1, 0.1, 0.0352277021, 0.364818932, -0.0199714454, 0.999651842, -0.0263854999, 2.0012394e-005, -0.0263855006, -0.999651841, 3.52438316e-005, 1.90755004e-005, -3.57595982e-005, -0.999999999, 0.999651839, -0.0263855965, 1.03267131e-005, -0.026385597, -0.999651838, 5.94455376e-005, 8.75461176e-006, -5.96973175e-005, -0.999999998, 0, 0, 0, 0, 0, 0, 0, 0.265712939, -0.00232695312, -0.217439429, -0.269375365, 0.699146761, -0.662205728, -0.958618164, -0.129760742, 0.252929688, 0.0908657208, 0.702995327, 0.705416292, 0, -0, 0, 0, 0, 0, 0, 0.289032959, 0.0581310059, -0.176030615, -0.192742438, 0.572769443, -0.796717198, -0.180908203, -0.818603516, -0.544799805, -0.964272228, 0.0392114909, 0.261536891, 0, 2, 5, 1, 
691.243274, 56, 0.1, 0.1, 0.0352277016, 0.364818921, -0.019966766, 0.999651844, -0.0263854372, -1.49788298e-005, -0.0263854384, -0.99965184, -8.57164069e-005, -1.27119499e-005, 8.60817872e-005, -0.999999996, 0.999651844, -0.026385434, -1.69883635e-005, -0.0263854353, -0.99965184, -8.19430796e-005, -1.48203452e-005, 8.23627959e-005, -0.999999996, 0, 0, 0, 0, 0, 0, 0, 0.265712939, -0.00232695312, -0.217439429, -0.269375365, 0.699146761, -0.662205728, -0.958618164, -0.129760742, 0.252929688, 0.0908657208, 0.702995327, 0.705416292, 0, -0, 0, 0, 0, 0, 0, 0.289032959, 0.0581310059, -0.176030615, -0.192742438, 0.572769443, -0.796717198, -0.180908203, -0.818603516, -0.544799805, -0.964272228, 0.0392114909, 0.261536891, 0, 2, 5, 1, 
691.243962, 56, 0.1, 0.1, 0.0352277051, 0.364818917, -0.0199633882, 0.99965185, -0.0263852056, 1.63978874e-005, -0.0263852063, -0.999651849, 4.12545882e-005, 1.53036676e-005, -4.1672887e-005, -0.999999999, 0.999651846, -0.0263853207, 2.93321466e-005, -0.0263853211, -0.999651847, 1.30412376e-005, 2.89778373e-005, -1.38106353e-005, -0.999999999, 0, 0, 0, 0, 0, 0, 0, 0.265712939, -0.00232695312, -0.217439429, -0.269375365, 0.699146761, -0.662205728, -0.958618164, -0.129760742, 0.252929688, 0.0908657208, 0.702995327, 0.705416292, 0, -0, 0, 0, 0, 0, 0, 0.289032959, 0.0581310059, -0.176030615, -0.192742438, 0.572769443, -0.796717198, -0.180908203, -0.818603516, -0.544799805, -0.964272228, 0.0392114909, 0.261536891, 0, 2, 5, 1, 
691.244649, 56, 0.1, 0.1, 0.0352277031, 0.364818924, -0.0199621973, 0.999651871, -0.0263843843, 1.1028418e-005, -0.0263843842, -0.999651871, -9.5685329e-006, 1.12770385e-005, 9.27422381e-006, -1, 0.999651867, -0.0263845589, -9.78504126e-006, -0.0263845587, -0.999651867, 2.42878699e-005, -1.04224595e-005, -2.40212405e-005, -1, 0, 0, 0, 0, 0, 0, 0, 0.265712939, -0.00232695312, -0.217439429, -0.269375365, 0.699146761, -0.662205728, -0.958618164, -0.129760742, 0.252929688, 0.0908657208, 0.702995327, 0.705416292, 0, -0, 0, 0, 0, 0, 0, 0.289032959, 0.0581310059, -0.176030615, -0.192742438, 0.572769443, -0.796717198, -0.180908203, -0.818603516, -0.544799805, -0.964272228, 0.0392114909, 0.261536891, 0, 2, 5, 1, 
691.245338, 56, 0.1, 0.1, 0.0352277029, 0.36481892, -0.0199634005, 0.999651889, -0.0263837252, -2.83212102e-005, -0.0263837249, -0.999651889, 8.94536224e-006, -2.85473632e-005, -8.19502923e-006, -1, 0.999651886, -0.0263838116, -1.74493159e-005, -0.026383812, -0.999651886, -1.8691149e-005, -1.69500978e-005, 1.91450218e-005, -1, 0, 0, 0, 0, 0, 0, 0, 0.265712939, -0.00232695312, -0.217439429, -0.269375365, 0.699146761, -0.662205728, -0.958618164, -0.129760742, 0.252929688, 0.0908657208, 0.702995327, 0.705416292, 0, -0, 0, 0, 0, 0, 0, 0.289032959, 0.0581310059, -0.176030615, -0.192742438, 0.572769443, -0.796717198, -0.180908203, -0.818603516, -0.544799805, -0.964272228, 0.0392114909, 0.261536891, 0, 2, 5, 1, 
691.246019, 56, 0.1, 0.1, 0.0352277024, 0.364818922, -0.0199664104, 0.999651893, -0.0263835813, 1.45187579e-005, -0.0263835809, -0.999651892, -2.66079922e-005, 1.52157179e-005, 2.62156729e-005, -1, 0.999651893, -0.0263835631, 1.56964355e-005, -0.0263835631, -0.999651893, 3.12566493e-007, 1.56827249e-005, -7.26585584e-007, -1, 0, 0, 0, 0, 0, 0, 0, 0.265712939, -0.00232695312, -0.217439429, -0.269375365, 0.699146761, -0.662205728, -0.958618164, -0.129760742, 0.252929688, 0.0908657208, 0.702995327, 0.705416292, 0, -0, 0, 0, 0, 0, 0, 0.289032959, 0.0581310059, -0.176030615, -0.192742438, 0.572769443, -0.796717198, -0.180908203, -0.818603516, -0.544799805, -0.964272228, 0.0392114909, 0.261536891, 0, 2, 5, 1, 
691.246736, 56, 0.1, 0.1, 0.0352276992, 0.364818916, -0.0199703401, 0.999651882, -0.026383988, -1.34234891e-005, -0.026383988, -0.999651882, 2.08217564e-006, -1.34737522e-005, -1.72728562e-006, -1, 0.999651885, -0.026383872, -2.45663787e-005, -0.0263838726, -0.999651885, -2.43555448e-005, -2.39152332e-005, 2.49952225e-005, -0.999999999, 0, 0, 0, 0, 0, 0, 0, 0.265712939, -0.00232695312, -0.217439429, -0.268775893, 0.698810146, -0.662719076, -0.959472656, -0.134399414, 0.247314453, 0.0837260335, 0.702430682, 0.70685711, 0, -0, 0, 0, 0, 0, 0, 0.289032959, 0.0581310059, -0.176030615, -0.192742438, 0.572769443, -0.796717198, -0.180908203, -0.818603516, -0.544799805, -0.964272228, 0.0392114909, 0.261536891, 0, 2, 5, 1, 
691.247436, 56, 0.1, 0.1, 0.0352277006, 0.364818918, -0.0199734839, 0.999651863, -0.0263846959, -9.44534026e-006, -0.026384696, -0.999651863, -1.29492895e-005, -9.10038893e-006, 1.31939938e-005, -1, 0.999651867, -0.0263845548, 7.29697964e-006, -0.0263845548, -0.999651867, 6.73588235e-006, 7.11671606e-006, -6.92606492e-006, -1, 0, 0, 0, 0, 0, 0, 0, 0.269070483, -0.00569450684, -0.217014795, -0.268775893, 0.698810146, -0.662719076, -0.959472656, -0.134399414, 0.247314453, 0.0837260335, 0.702430682, 0.70685711, 0, -0, 0, 0, 0, 0, 0, 0.291892871, 0.0549020508, -0.175997949, -0.192793844, 0.566423744, -0.801145991, -0.171264648, -0.823242188, -0.540893555, -0.966118772, 0.0330211091, 0.25579347, 0, 2, 5, 1, 
691.248116, 56, 0.1, 0.1, 0.0352276995, 0.364818916, -0.0199753746, 0.999651848, -0.0263852778, 1.35025592e-005, -0.026385278, -0.999651848, 1.32607515e-005, 1.31479697e-005, -1.36124035e-005, -1, 0.99965185, -0.0263851917, 6.20627537e-006, -0.0263851917, -0.99965185, -6.90478654e-006, 6.38629877e-006, 6.73862888e-006, -1, 0, 0, 0, 0, 0, 0, 0, 0.269070483, -0.00569450684, -0.217014795, -0.268775893, 0.698810146, -0.662719076, -0.959472656, -0.134399414, 0.247314453, 0.0837260335, 0.702430682, 0.70685711, 0, -0, 0, 0, 0, 0, 0, 0.291892871, 0.0549020508, -0.175997949, -0.192793844, 0.566423744, -0.801145991, -0.171264648, -0.823242188, -0.540893555, -0.966118772, 0.0330211091, 0.25579347, 0, 2, 5, 1, 
691.248806, 56, 0.1, 0.1, 0.0352276985, 0.364818919, -0.0199756201, 0.999651842, -0.0263855014, -1.57219638e-005, -0.0263855015, -0.999651842, -4.68295394e-006, -1.5592928e-005, 5.09615543e-006, -1, 0.999651842, -0.0263854904, -1.66080175e-005, -0.0263854901, -0.999651842, 1.41229611e-005, -1.69748765e-005, -1.36798334e-005, -1, 0, 0, 0, 0, 0, 0, 0, 0.269070483, -0.00569450684, -0.217014795, -0.268775893, 0.698810146, -0.662719076, -0.959472656, -0.134399414, 0.247314453, 0.0837260335, 0.702430682, 0.70685711, 0, -0, 0, 0, 0, 0, 0, 0.291892871, 0.0549020508, -0.175997949, -0.192793844, 0.566423744, -0.801145991, -0.171264648, -0.823242188, -0.540893555, -0.966118772, 0.0330211091, 0.25579347, 0, 2, 5, 1, 
691.24952, 56, 0.1, 0.1, 0.0352277002, 0.364818918, -0.0199740256, 0.999651847, -0.0263853029, 7.47223761e-006, -0.026385303, -0.999651847, 6.47983837e-006, 7.29866363e-006, -6.67473965e-006, -1, 0.999651845, -0.0263853728, 1.70272288e-005, -0.0263853728, -0.999651845, 1.03486948e-006, 1.69939953e-005, -1.48377897e-006, -1, 0, 0, 0, 0, 0, 0, 0, 0.271464136, -0.00897783203, -0.2173646, -0.269792851, 0.70021165, -0.660972723, -0.959472656, -0.138061523, 0.245239258, 0.0804265297, 0.700354826, 0.709299537, 0, -0, 0, 0, 0, 0, 0, 0.291892871, 0.0549020508, -0.175997949, -0.194538309, 0.560889576, -0.804641484, -0.163574219, -0.827270508, -0.537231445, -0.967038579, 0.0272842508, 0.252848482, 0, 2, 5, 1, 
691.250205, 56, 0.1, 0.1, 0.0352276988, 0.364818918, -0.0199712502, 0.999651859, -0.026384852, 1.32664893e-005, -0.0263848521, -0.999651859, 8.73231265e-006, 1.303147e-005, -9.07930693e-006, -1, 0.999651857, -0.0263849485, -5.82580461e-006, -0.0263849485, -0.999651857, -5.21061266e-006, -5.68629464e-006, 5.36251217e-006, -1, 0, 0, 0, 0, 0, 0, 0, 0.271464136, -0.00897783203, -0.2173646, -0.269792851, 0.70021165, -0.660972723, -0.959472656, -0.138061523, 0.245239258, 0.0804265297, 0.700354826, 0.709299537, 0, -0, 0, 0, 0, 0, 0, 0.293767285, 0.0515130859, -0.176514404, -0.194538309, 0.560889576, -0.804641484, -0.163574219, -0.827270508, -0.537231445, -0.967038579, 0.0272842508, 0.252848482, 0, 2, 5, 1, 
