time, trialNum, realDorsalTactorPos, realVentralTactorPos, boxPosX, boxPosY, boxPosZ, boxLocalRot_11, boxLocalRot_12, boxLocalRot_13, boxLocalRot_21, boxLocalRot_22, boxLocalRot_23, boxLocalRot_31, boxLocalRot_32, boxLocalRot_33, boxGlobalRot_11, boxGlobalRot_12, boxGlobalRot_13, boxGlobalRot_21, boxGlobalRot_22, boxGlobalRot_23, boxGlobalRot_31, boxGlobalRot_32, boxGlobalRot_33, indexForceX, indexForceY, indexForceZ, indexForceGlobalX, indexForceGlobalY, indexForceGlobalZ, indexContact, indexPosX, indexPosY, indexPosZ, indexRot_11, indexRot_12, indexRot_13, indexRot_21, indexRot_22, indexRot_23, indexRot_31, indexRot_32, indexRot_33, thumbForceX, thumbForceY, thumbForceZ, thumbForceGlobalX, thumbForceGlobalY, thumbForceGlobalZ, thumbContact, thumbPosX, thumbPosY, thumbPosZ, thumbRot_11, thumbRot_12, thumbRot_13, thumbRot_21, thumbRot_22, thumbRot_23, thumbRot_31, thumbRot_32, thumbRot_33, manipForceTooHigh, cceExpType, mapping, trialSuccess, 
242.866042, 27, 0.1, 0.1, -0.0151558405, 0.370657475, -0.01996, 0.941595546, -2.38103177e-005, 0.336745939, 0.336745939, 3.14586646e-005, -0.941595546, 1.18261115e-005, 0.999999999, 3.76393662e-005, 0.941595454, -4.51052524e-005, 0.336746194, 0.336746196, 6.53269105e-005, -0.941595452, 2.0472312e-005, 0.999999997, 7.67005442e-005, 0, 0, 0, 0, 0, 0, 0, 0.329984912, -0.123816309, -0.188506323, 0.041195487, 0.421969008, -0.905648339, -0.806152344, 0.549438477, 0.219360352, 0.590177135, 0.721188848, 0.363063473, 0, 0, -0, 0, 0, 0, 0, 0.379582715, -0.0756176758, -0.151722314, 0.146282689, 0.367940908, -0.91813348, 0.455688477, -0.848876953, -0.267578125, -0.877946513, -0.379144037, -0.291783369, 0, 2, 1, 1, 
242.909724, 27, 0.1, 0.1, -0.0151559056, 0.370657754, -0.0199668839, 0.941613439, 2.72296538e-005, 0.336695903, 0.336695904, -3.51589676e-005, -0.941613438, -1.38019276e-005, 0.999999999, -4.22742693e-005, 0.941613437, 1.34522388e-005, 0.336695908, 0.336695908, -3.84110135e-005, -0.941613437, 2.6602222e-007, 0.999999999, -4.06976403e-005, 0, 0, 0, 0, 0, 0, 0, 0.350550317, -0.144474951, -0.184114966, 0.00588312632, 0.46159523, -0.887071242, -0.846679688, 0.474121094, 0.241210938, 0.531873033, 0.749765596, 0.393738156, 0, 0, -0, 0, 0, 0, 0, 0.395986328, -0.0963837402, -0.14656123, 0.106588765, 0.382844817, -0.917614324, 0.508789062, -0.813842773, -0.280517578, -0.854133174, -0.436862302, -0.281541158, 0, 2, 1, 1, 
242.910507, 27, 0.1, 0.1, -0.0151559032, 0.370657753, -0.0199671823, 0.941613401, -3.36767067e-005, 0.336696009, 0.336696011, 4.11476852e-005, -0.9416134, 1.78561769e-005, 0.999999999, 5.00840246e-005, 0.941613405, -3.45234776e-005, 0.336695996, 0.336695998, 3.39582842e-005, -0.941613405, 2.10741509e-005, 0.999999999, 4.35994923e-005, 0, 0, 0, 0, 0, 0, 0, 0.350550317, -0.144474951, -0.184114966, 0.00588312632, 0.46159523, -0.887071242, -0.846679688, 0.474121094, 0.241210938, 0.531873033, 0.749765596, 0.393738156, 0, 0, -0, 0, 0, 0, 0, 0.395986328, -0.0963837402, -0.14656123, 0.106588765, 0.382844817, -0.917614324, 0.508789062, -0.813842773, -0.280517578, -0.854133174, -0.436862302, -0.281541158, 0, 2, 1, 1, 
242.911285, 27, 0.1, 0.1, -0.0151559071, 0.370657753, -0.0199670794, 0.941613465, 2.76076179e-005, 0.33669583, 0.336695831, -1.69981201e-005, -0.941613465, -2.02725086e-005, 0.999999999, -2.53010286e-005, 0.941613437, 3.7493699e-005, 0.336695907, 0.336695908, -8.32592541e-006, -0.941613438, -3.25012658e-005, 0.999999999, -2.04637783e-005, 0, 0, 0, 0, 0, 0, 0, 0.350550317, -0.144474951, -0.184114966, 0.00588312632, 0.46159523, -0.887071242, -0.846679688, 0.474121094, 0.241210938, 0.531873033, 0.749765596, 0.393738156, 0, 0, -0, 0, 0, 0, 0, 0.395986328, -0.0963837402, -0.14656123, 0.106588765, 0.382844817, -0.917614324, 0.508789062, -0.813842773, -0.280517578, -0.854133174, -0.436862302, -0.281541158, 0, 2, 1, 1, 
242.912066, 27, 0.1, 0.1, -0.0151559062, 0.370657756, -0.0199666338, 0.941613684, 6.02142477e-006, 0.336695217, 0.336695217, -1.24270916e-005, -0.941613684, -1.48571365e-006, 1, -1.37289045e-005, 0.941613633, -3.06993262e-007, 0.336695361, 0.336695361, 2.53022413e-006, -0.941613633, -5.62845687e-007, 1, 2.48585675e-006, 0, 0, 0, 0, 0, 0, 0, 0.350550317, -0.144474951, -0.184114966, 0.00588312632, 0.46159523, -0.887071242, -0.846679688, 0.474121094, 0.241210938, 0.531873033, 0.749765596, 0.393738156, 0, 0, -0, 0, 0, 0, 0, 0.395986328, -0.0963837402, -0.14656123, 0.106588765, 0.382844817, -0.917614324, 0.508789062, -0.813842773, -0.280517578, -0.854133174, -0.436862302, -0.281541158, 0, 2, 1, 1, 
242.912863, 27, 0.1, 0.1, -0.0151559055, 0.370657758, -0.0199658734, 0.941613965, -8.1726566e-006, 0.336694432, 0.336694432, 1.05965812e-005, -0.941613965, 4.1276777e-006, 1, 1.27295768e-005, 0.941613915, 4.11175114e-008, 0.336694573, 0.336694573, 1.93149608e-005, -0.941613915, -6.54195931e-006, 1, 1.81733918e-005, 0, 0, 0, 0, 0, 0, 0, 0.352288623, -0.145469312, -0.185033667, 0.000747780078, 0.46836011, -0.883451976, -0.848510742, 0.467773437, 0.247314453, 0.529102226, 0.749559288, 0.397861414, 0, 0, -0, 0, 0, 0, 0, 0.395986328, -0.0963837402, -0.14656123, 0.106588765, 0.382844817, -0.917614324, 0.508789062, -0.813842773, -0.280517578, -0.854133174, -0.436862302, -0.281541158, 0, 2, 1, 1, 
242.913659, 27, 0.1, 0.1, -0.015155906, 0.370657759, -0.0199648481, 0.941614135, -7.53984296e-006, 0.336693957, 0.336693957, 2.12855995e-005, -0.941614135, -6.71100105e-008, 1, 2.25814409e-005, 0.941614106, -5.96552745e-006, 0.336694039, 0.336694039, 1.53144938e-005, -0.941614106, 4.60926006e-007, 1, 1.6428901e-005, 0, 0, 0, 0, 0, 0, 0, 0.352288623, -0.145469312, -0.185033667, 0.000747780078, 0.46836011, -0.883451976, -0.848510742, 0.467773437, 0.247314453, 0.529102226, 0.749559288, 0.397861414, 0, 0, -0, 0, 0, 0, 0, 0.396568604, -0.0968742676, -0.147764697, 0.0982889805, 0.386824817, -0.916795863, 0.51171875, -0.809692383, -0.286743164, -0.853409861, -0.440862724, -0.277650111, 0, 2, 1, 1, 
242.914437, 27, 0.1, 0.1, -0.0151559047, 0.370657761, -0.0199642936, 0.941614207, -1.27763076e-005, 0.336693755, 0.336693755, 1.28249988e-005, -0.941614207, 7.71225579e-006, 1, 1.63779041e-005, 0.941614202, 4.46173593e-006, 0.336693771, 0.336693771, -7.79968433e-007, -0.941614202, -3.93862341e-006, 1, -2.23666805e-006, 0, 0, 0, 0, 0, 0, 0, 0.352288623, -0.145469312, -0.185033667, 0.000747780078, 0.46836011, -0.883451976, -0.848510742, 0.467773437, 0.247314453, 0.529102226, 0.749559288, 0.397861414, 0, 0, -0, 0, 0, 0, 0, 0.396568604, -0.0968742676, -0.147764697, 0.0982889805, 0.386824817, -0.916795863, 0.51171875, -0.809692383, -0.286743164, -0.853409861, -0.440862724, -0.277650111, 0, 2, 1, 1, 
242.915235, 27, 0.1, 0.1, -0.0151559043, 0.370657763, -0.0199642601, 0.941614293, -2.49918374e-006, 0.336693516, 0.336693516, -7.426344e-006, -0.941614293, 4.853669e-006, 1, -6.15129269e-006, 0.941614265, -8.55766417e-007, 0.336693593, 0.336693593, -1.39053483e-005, -0.941614265, 5.48764356e-006, 1, -1.28053433e-005, 0, 0, 0, 0, 0, 0, 0, 0.352288623, -0.145469312, -0.185033667, -0.00398655008, 0.473969491, -0.880423564, -0.848632812, 0.464111328, 0.253662109, 0.528863335, 0.748300074, 0.400595151, 0, 0, -0, 0, 0, 0, 0, 0.396568604, -0.0968742676, -0.147764697, 0.0982889805, 0.386824817, -0.916795863, 0.51171875, -0.809692383, -0.286743164, -0.853409861, -0.440862724, -0.277650111, 0, 2, 1, 1, 
242.916031, 27, 0.1, 0.1, -0.0151559051, 0.370657764, -0.0199643596, 0.941614389, 1.58989581e-005, 0.336693245, 0.336693245, -1.19731279e-005, -0.941614389, -1.09394164e-005, 1, -1.66271414e-005, 0.941614383, 1.70228356e-006, 0.336693264, 0.336693264, -9.85621989e-006, -0.941614383, 1.71562815e-006, 1, -9.85390581e-006, 0, 0, 0, 0, 0, 0, 0, 0.353162158, -0.147418896, -0.18576355, -0.00398655008, 0.473969491, -0.880423564, -0.848632812, 0.464111328, 0.253662109, 0.528863335, 0.748300074, 0.400595151, 0, 0, -0, 0, 0, 0, 0, 0.39725, -0.0984634277, -0.148973291, 0.0918164164, 0.390306817, -0.915939122, 0.512329102, -0.807250977, -0.292602539, -0.853721927, -0.442460635, -0.274123268, 0, 2, 1, 1, 
242.916818, 27, 0.1, 0.1, -0.0151559061, 0.370657766, -0.0199648818, 0.941614416, 1.34272497e-005, 0.336693171, 0.336693171, -1.00066795e-005, -0.941614416, -9.27411122e-006, 1, -1.39432969e-005, 0.941614404, 7.70010537e-006, 0.336693204, 0.336693204, 8.42757086e-006, -0.941614404, -1.0088036e-005, 1, 5.34294896e-006, 0, 0, 0, 0, 0, 0, 0, 0.353162158, -0.147418896, -0.18576355, -0.00398655008, 0.473969491, -0.880423564, -0.848632812, 0.464111328, 0.253662109, 0.528863335, 0.748300074, 0.400595151, 0, 0, -0, 0, 0, 0, 0, 0.39725, -0.0984634277, -0.148973291, 0.0918164164, 0.390306817, -0.915939122, 0.512329102, -0.807250977, -0.292602539, -0.853721927, -0.442460635, -0.274123268, 0, 2, 1, 1, 
242.917668, 27, 0.1, 0.1, -0.0151559063, 0.370657768, -0.0199653267, 0.941614522, -7.82592959e-006, 0.336692875, 0.336692875, 3.15593844e-006, -0.941614522, 6.30642696e-006, 1, 5.6066122e-006, 0.941614504, 2.89988802e-006, 0.336692926, 0.336692926, 1.50706215e-005, -0.941614504, -7.80474826e-006, 1, 1.3214344e-005, 0, 0, 0, 0, 0, 0, 0, 0.353162158, -0.147418896, -0.18576355, -0.00398655008, 0.473969491, -0.880423564, -0.848632812, 0.464111328, 0.253662109, 0.528863335, 0.748300074, 0.400595151, 0, 0, -0, 0, 0, 0, 0, 0.39725, -0.0984634277, -0.148973291, 0.0918164164, 0.390306817, -0.915939122, 0.512329102, -0.807250977, -0.292602539, -0.853721927, -0.442460635, -0.274123268, 0, 2, 1, 1, 
242.918579, 27, 0.1, 0.1, -0.0151559081, 0.370657773, -0.0199635513, 0.941614509, -5.41132481e-006, 0.336692911, 0.336692911, 1.20263368e-005, -0.941614509, 1.0461996e-006, 1, 1.31461279e-005, 0.941614514, -2.68096694e-006, 0.336692897, 0.336692897, 5.42236287e-006, -0.941614514, 6.98766324e-007, 1, 6.0084381e-006, 0, 0, 0, 0, 0, 0, 0, 0.353162158, -0.147418896, -0.18576355, -0.00398655008, 0.473969491, -0.880423564, -0.848632812, 0.464111328, 0.253662109, 0.528863335, 0.748300074, 0.400595151, 0, 0, -0, 0, 0, 0, 0, 0.39725, -0.0984634277, -0.148973291, 0.0918164164, 0.390306817, -0.915939122, 0.512329102, -0.807250977, -0.292602539, -0.853721927, -0.442460635, -0.274123268, 0, 2, 1, 1, 
242.919354, 27, 0.1, 0.1, -0.0151559091, 0.370657775, -0.0199626559, 0.94161455, 2.34566172e-006, 0.336692797, 0.336692797, 1.64378508e-005, -0.94161455, -7.74321517e-006, 1, 1.46883521e-005, 0.941614533, -2.02562117e-006, 0.336692844, 0.336692844, -7.94326108e-006, -0.941614533, 4.58179349e-006, 1, -6.79747792e-006, 0, 0, 0, 0, 0, 0, 0, 0.353162158, -0.147418896, -0.18576355, -0.00398655008, 0.473969491, -0.880423564, -0.848632812, 0.464111328, 0.253662109, 0.528863335, 0.748300074, 0.400595151, 0, 0, -0, 0, 0, 0, 0, 0.39725, -0.0984634277, -0.148973291, 0.0918164164, 0.390306817, -0.915939122, 0.512329102, -0.807250977, -0.292602539, -0.853721927, -0.442460635, -0.274123268, 0, 2, 1, 1, 
242.920145, 27, 0.1, 0.1, -0.0151559088, 0.370657776, -0.0199629058, 0.941614564, 5.00649345e-006, 0.336692758, 0.336692758, 1.30524833e-006, -0.941614564, -5.1536548e-006, 1, -4.56609249e-007, 0.941614571, 8.41410036e-006, 0.336692737, 0.336692737, -6.21015044e-006, -0.941614571, -5.83192695e-006, 1, -8.68053463e-006, 0, 0, 0, 0, 0, 0, 0, 0.353162158, -0.147418896, -0.18576355, -0.007504345, 0.475715845, -0.879509199, -0.851196289, 0.458374023, 0.255249023, 0.524600413, 0.750742501, 0.401686249, 0, 0, -0, 0, 0, 0, 0, 0.39725, -0.0984634277, -0.148973291, 0.0918164164, 0.390306817, -0.915939122, 0.512329102, -0.807250977, -0.292602539, -0.853721927, -0.442460635, -0.274123268, 0, 2, 1, 1, 
242.920934, 27, 0.1, 0.1, -0.0151559068, 0.370657776, -0.0199638451, 0.941614554, -7.91209199e-006, 0.336692785, 0.336692785, -1.08492065e-005, -0.941614554, 1.11029905e-005, 1, -7.55182645e-006, 0.941614545, 2.16464419e-006, 0.336692811, 0.336692811, -2.54299314e-007, -0.941614545, -1.9526397e-006, 1, -9.6827207e-007, 0, 0, 0, 0, 0, 0, 0, 0.354755347, -0.149331396, -0.184820532, -0.007504345, 0.475715845, -0.879509199, -0.851196289, 0.458374023, 0.255249023, 0.524600413, 0.750742501, 0.401686249, 0, 0, -0, 0, 0, 0, 0, 0.398555273, -0.1004521, -0.147404248, 0.0907879677, 0.391437344, -0.91561976, 0.515258789, -0.805297852, -0.29309082, -0.852111624, -0.445042151, -0.274826158, 0, 2, 1, 1, 
242.921712, 27, 0.1, 0.1, -0.0151559049, 0.370657777, -0.0199654063, 0.941614601, -7.00130846e-006, 0.336692653, 0.336692653, -9.97219785e-006, -0.941614601, 9.95010002e-006, 1, -7.03267799e-006, 0.941614599, -1.41847344e-005, 0.336692659, 0.336692659, 8.37779981e-006, -0.941614599, 1.05358093e-005, 1, 1.26645545e-005, 0, 0, 0, 0, 0, 0, 0, 0.354755347, -0.149331396, -0.184820532, -0.007504345, 0.475715845, -0.879509199, -0.851196289, 0.458374023, 0.255249023, 0.524600413, 0.750742501, 0.401686249, 0, 0, -0, 0, 0, 0, 0, 0.398555273, -0.1004521, -0.147404248, 0.0907879677, 0.391437344, -0.91561976, 0.515258789, -0.805297852, -0.29309082, -0.852111624, -0.445042151, -0.274826158, 0, 2, 1, 1, 
242.922489, 27, 0.1, 0.1, -0.0151559046, 0.370657779, -0.0199670858, 0.941614569, 3.01993852e-006, 0.336692745, 0.336692745, 5.4531979e-006, -0.941614569, -4.67967027e-006, 1, 4.1180192e-006, 0.941614573, -1.07692755e-005, 0.336692731, 0.336692731, 8.33113023e-006, -0.941614573, 7.33547574e-006, 1, 1.14706504e-005, 0, 0, 0, 0, 0, 0, 0, 0.354755347, -0.149331396, -0.184820532, -0.007504345, 0.475715845, -0.879509199, -0.851196289, 0.458374023, 0.255249023, 0.524600413, 0.750742501, 0.401686249, 0, 0, -0, 0, 0, 0, 0, 0.398555273, -0.1004521, -0.147404248, 0.0907879677, 0.391437344, -0.91561976, 0.515258789, -0.805297852, -0.29309082, -0.852111624, -0.445042151, -0.274826158, 0, 2, 1, 1, 
242.923268, 27, 0.1, 0.1, -0.0151559054, 0.370657782, -0.0199682781, 0.94161461, 3.11213947e-006, 0.336692628, 0.336692628, 8.8685811e-006, -0.94161461, -5.91642187e-006, 1, 7.30295112e-006, 0.941614601, 4.83992892e-006, 0.336692654, 0.336692654, 3.86615065e-006, -0.941614601, -5.85905227e-006, 1, 2.01085539e-006, 0, 0, 0, 0, 0, 0, 0, 0.354755347, -0.149331396, -0.184820532, -0.007504345, 0.475715845, -0.879509199, -0.851196289, 0.458374023, 0.255249023, 0.524600413, 0.750742501, 0.401686249, 0, 0, -0, 0, 0, 0, 0, 0.398555273, -0.1004521, -0.147404248, 0.0907879677, 0.391437344, -0.91561976, 0.515258789, -0.805297852, -0.29309082, -0.852111624, -0.445042151, -0.274826158, 0, 2, 1, 1, 
242.924047, 27, 0.1, 0.1, -0.015155906, 0.370657786, -0.0199686543, 0.941614599, -4.86822132e-006, 0.336692659, 0.336692659, 3.13471741e-006, -0.941614599, 3.52855192e-006, 1, 4.59079006e-006, 0.941614608, 1.09878587e-005, 0.336692634, 0.336692634, -9.72160494e-006, -0.941614608, -7.07313547e-006, 1, -1.28535363e-005, 0, 0, 0, 0, 0, 0, 0, 0.354755347, -0.149331396, -0.184820532, -0.007504345, 0.475715845, -0.879509199, -0.851196289, 0.458374023, 0.255249023, 0.524600413, 0.750742501, 0.401686249, 0, 0, -0, 0, 0, 0, 0, 0.398555273, -0.1004521, -0.147404248, 0.0907879677, 0.391437344, -0.91561976, 0.515258789, -0.805297852, -0.29309082, -0.852111624, -0.445042151, -0.274826158, 0, 2, 1, 1, 
242.924844, 27, 0.1, 0.1, -0.0151559064, 0.370657788, -0.0199679376, 0.941614607, -8.44505262e-007, 0.336692636, 0.336692636, -8.03537986e-006, -0.941614607, 3.50065172e-006, 1, -7.28189234e-006, 0.941614597, 1.48697949e-006, 0.336692664, 0.336692664, -1.50801041e-005, -0.941614597, 3.67719884e-006, 1, -1.47003013e-005, 0, 0, 0, 0, 0, 0, 0, 0.354755347, -0.149331396, -0.184820532, -0.007504345, 0.475715845, -0.879509199, -0.851196289, 0.458374023, 0.255249023, 0.524600413, 0.750742501, 0.401686249, 0, 0, -0, 0, 0, 0, 0, 0.398555273, -0.1004521, -0.147404248, 0.0907879677, 0.391437344, -0.91561976, 0.515258789, -0.805297852, -0.29309082, -0.852111624, -0.445042151, -0.274826158, 0, 2, 1, 1, 
242.92565, 27, 0.1, 0.1, -0.0151559067, 0.370657789, -0.0199663143, 0.941614632, 1.20617945e-005, 0.336692567, 0.336692567, -7.82522741e-006, -0.941614632, -8.72286632e-006, 1, -1.14294652e-005, 0.941614638, -8.13845943e-007, 0.336692551, 0.336692551, -7.39590061e-006, -0.941614638, 3.25647389e-006, 1, -6.69007241e-006, 0, 0, 0, 0, 0, 0, 0, 0.356823096, -0.150608228, -0.183226831, -0.0103189532, 0.476707716, -0.87900072, -0.85546875, 0.450927734, 0.254638672, 0.517754279, 0.754663938, 0.403336001, 0, 0, -0, 0, 0, 0, 0, 0.399937207, -0.102274414, -0.145632227, 0.0906541728, 0.392075702, -0.91533248, 0.519287109, -0.802856445, -0.292480469, -0.849670832, -0.448780081, -0.276391618, 0, 2, 1, 1, 
242.926428, 27, 0.1, 0.1, -0.0151559067, 0.370657789, -0.0199646089, 0.941614599, 8.63255757e-006, 0.336692659, 0.336692659, -2.64035583e-006, -0.941614599, -7.23955381e-006, 1, -5.39271636e-006, 0.941614599, 3.04787845e-006, 0.336692661, 0.336692661, 1.55422527e-005, -0.941614598, -8.10288925e-006, 1, 1.36086137e-005, 0, 0, 0, 0, 0, 0, 0, 0.356823096, -0.150608228, -0.183226831, -0.0103189532, 0.476707716, -0.87900072, -0.85546875, 0.450927734, 0.254638672, 0.517754279, 0.754663938, 0.403336001, 0, 0, -0, 0, 0, 0, 0, 0.399937207, -0.102274414, -0.145632227, 0.0906541728, 0.392075702, -0.91533248, 0.519287109, -0.802856445, -0.292480469, -0.849670832, -0.448780081, -0.276391618, 0, 2, 1, 1, 
242.927203, 27, 0.1, 0.1, -0.0151559059, 0.37065779, -0.0199635076, 0.941614648, -1.08921722e-005, 0.336692523, 0.336692524, 8.73783601e-006, -0.941614648, 7.31426487e-006, 1, 1.18949873e-005, 0.94161464, -1.46732043e-006, 0.336692546, 0.336692545, 2.03611118e-005, -0.94161464, -5.47378417e-006, 1, 1.96663568e-005, 0, 0, 0, 0, 0, 0, 0, 0.356823096, -0.150608228, -0.183226831, -0.0103189532, 0.476707716, -0.87900072, -0.85546875, 0.450927734, 0.254638672, 0.517754279, 0.754663938, 0.403336001, 0, 0, -0, 0, 0, 0, 0, 0.399937207, -0.102274414, -0.145632227, 0.0906541728, 0.392075702, -0.91533248, 0.519287109, -0.802856445, -0.292480469, -0.849670832, -0.448780081, -0.276391618, 0, 2, 1, 1, 
242.928007, 27, 0.1, 0.1, -0.0151559052, 0.370657792, -0.0199631003, 0.941614609, -1.42462654e-005, 0.336692631, 0.336692632, 1.42081107e-005, -0.941614609, 8.63072544e-006, 1, 1.81751771e-005, 0.941614618, -1.25271559e-005, 0.336692606, 0.336692606, 9.10854486e-006, -0.941614618, 8.72897337e-006, 1, 1.27945397e-005, 0, 0, 0, 0, 0, 0, 0, 0.358876074, -0.151416235, -0.181614209, -0.0133436174, 0.478118576, -0.878155626, -0.860229492, 0.442016602, 0.25378418, 0.509581904, 0.758889789, 0.405550398, 0, 0, -0, 0, 0, 0, 0, 0.401781006, -0.103406006, -0.143642334, 0.0904055396, 0.393474186, -0.914821721, 0.525024414, -0.799316406, -0.291870117, -0.846137426, -0.453911031, -0.278915532, 0, 2, 1, 1, 
242.928785, 27, 0.1, 0.1, -0.0151559052, 0.370657795, -0.0199635087, 0.941614631, 1.74399171e-007, 0.336692571, 0.336692571, 9.52103622e-006, -0.941614631, -3.36987897e-006, 1, 8.9064281e-006, 0.941614619, -5.25560584e-006, 0.336692604, 0.336692604, -1.26470413e-005, -0.941614619, 9.20692055e-006, 1, -1.01391153e-005, 0, 0, 0, 0, 0, 0, 0, 0.358876074, -0.151416235, -0.181614209, -0.0133436174, 0.478118576, -0.878155626, -0.860229492, 0.442016602, 0.25378418, 0.509581904, 0.758889789, 0.405550398, 0, 0, -0, 0, 0, 0, 0, 0.401781006, -0.103406006, -0.143642334, 0.0904055396, 0.393474186, -0.914821721, 0.525024414, -0.799316406, -0.291870117, -0.846137426, -0.453911031, -0.278915532, 0, 2, 1, 1, 
242.929563, 27, 0.1, 0.1, -0.0151559051, 0.370657797, -0.0199647099, 0.941614632, 7.55168992e-006, 0.336692567, 0.336692568, -8.54296867e-006, -0.941614632, -4.23442767e-006, 1, -1.05867822e-005, 0.941614641, 9.71759858e-006, 0.336692542, 0.336692542, -1.50455699e-005, -0.941614641, -4.08450191e-006, 1, -1.74389719e-005, 0, 0, 0, 0, 0, 0, 0, 0.358876074, -0.151416235, -0.181614209, -0.0133436174, 0.478118576, -0.878155626, -0.860229492, 0.442016602, 0.25378418, 0.509581904, 0.758889789, 0.405550398, 0, 0, -0, 0, 0, 0, 0, 0.401781006, -0.103406006, -0.143642334, 0.0904055396, 0.393474186, -0.914821721, 0.525024414, -0.799316406, -0.291870117, -0.846137426, -0.453911031, -0.278915532, 0, 2, 1, 1, 
242.930338, 27, 0.1, 0.1, -0.0151559044, 0.370657799, -0.0199662856, 0.941614612, -1.33760028e-006, 0.336692624, 0.336692624, -1.67504737e-005, -0.941614612, 6.89926491e-006, 1, -1.53221306e-005, 0.941614605, 7.6919127e-006, 0.336692642, 0.336692642, -7.89297008e-006, -0.941614605, -4.5853124e-006, 1, -1.00219463e-005, 0, 0, 0, 0, 0, 0, 0, 0.358876074, -0.151416235, -0.181614209, -0.0133436174, 0.478118576, -0.878155626, -0.860229492, 0.442016602, 0.25378418, 0.509581904, 0.758889789, 0.405550398, 0, 0, -0, 0, 0, 0, 0, 0.401781006, -0.103406006, -0.143642334, 0.0904055396, 0.393474186, -0.914821721, 0.525024414, -0.799316406, -0.291870117, -0.846137426, -0.453911031, -0.278915532, 0, 2, 1, 1, 
242.931111, 27, 0.1, 0.1, -0.0151559039, 0.3706578, -0.0199677061, 0.941614646, -2.07800553e-006, 0.336692529, 0.336692528, -9.23151189e-006, -0.941614646, 5.06486152e-006, 1, -7.99287787e-006, 0.941614646, -8.3318573e-006, 0.336692529, 0.336692529, 6.41328364e-006, -0.941614646, 5.68609417e-006, 1, 8.8441159e-006, 0, 0, 0, 0, 0, 0, 0, 0.358876074, -0.151416235, -0.181614209, -0.0133436174, 0.478118576, -0.878155626, -0.860229492, 0.442016602, 0.25378418, 0.509581904, 0.758889789, 0.405550398, 0, 0, -0, 0, 0, 0, 0, 0.401781006, -0.103406006, -0.143642334, 0.0904055396, 0.393474186, -0.914821721, 0.525024414, -0.799316406, -0.291870117, -0.846137426, -0.453911031, -0.278915532, 0, 2, 1, 1, 
242.931895, 27, 0.1, 0.1, -0.0151559041, 0.370657801, -0.0199684341, 0.941614606, 3.28858043e-006, 0.33669264, 0.33669264, 1.10305156e-005, -0.941614606, -6.81046877e-006, 1, 9.27925374e-006, 0.941614612, -8.91618053e-006, 0.336692622, 0.336692623, 1.31936083e-005, -0.941614612, 3.9534153e-006, 1, 1.54253065e-005, 0, 0, 0, 0, 0, 0, 0, 0.358876074, -0.151416235, -0.181614209, -0.0133436174, 0.478118576, -0.878155626, -0.860229492, 0.442016602, 0.25378418, 0.509581904, 0.758889789, 0.405550398, 0, 0, -0, 0, 0, 0, 0, 0.401781006, -0.103406006, -0.143642334, 0.0904055396, 0.393474186, -0.914821721, 0.525024414, -0.799316406, -0.291870117, -0.846137426, -0.453911031, -0.278915532, 0, 2, 1, 1, 
242.932685, 27, 0.1, 0.1, -0.0151559045, 0.370657803, -0.0199682723, 0.941614639, 1.97408702e-007, 0.336692549, 0.336692549, 1.64863417e-005, -0.941614638, -5.73671134e-006, 1, 1.54573147e-005, 0.94161463, 2.34692569e-006, 0.336692572, 0.336692572, 1.1406022e-005, -0.94161463, -6.05022245e-006, 1, 9.94988474e-006, 0, 0, 0, 0, 0, 0, 0, 0.358876074, -0.151416235, -0.181614209, -0.0196344631, 0.484274628, -0.874733311, -0.862426758, 0.434326172, 0.259887695, 0.50575819, 0.759521462, 0.409210482, 0, 0, -0, 0, 0, 0, 0, 0.401781006, -0.103406006, -0.143642334, 0.0904055396, 0.393474186, -0.914821721, 0.525024414, -0.799316406, -0.291870117, -0.846137426, -0.453911031, -0.278915532, 0, 2, 1, 1, 
242.93359, 27, 0.1, 0.1, -0.0151559036, 0.370657805, -0.0199663693, 0.941614605, -1.86980525e-005, 0.336692642, 0.336692642, 1.50124824e-005, -0.941614605, 1.25517669e-005, 1, 2.04314694e-005, 0.941614625, 8.15784209e-006, 0.336692586, 0.336692586, -5.13409901e-006, -0.941614625, -5.95293035e-006, 1, -7.58102766e-006, 0, 0, 0, 0, 0, 0, 0, 0.359659155, -0.151546191, -0.182321143, -0.0196344631, 0.484274628, -0.874733311, -0.862426758, 0.434326172, 0.259887695, 0.50575819, 0.759521462, 0.409210482, 0, 0, -0, 0, 0, 0, 0, 0.402379297, -0.104078027, -0.143759131, 0.0854539602, 0.397875993, -0.913415941, 0.528442383, -0.795166016, -0.29699707, -0.844571232, -0.457253407, -0.278276808, 0, 2, 1, 1, 
242.934537, 27, 0.1, 0.1, -0.0151559028, 0.370657806, -0.019960614, 0.941614601, -2.3719338e-006, 0.336692654, 0.336692653, -1.06466262e-005, -0.941614601, 5.81808833e-006, 1, -9.22640604e-006, 0.94161459, -2.55318479e-007, 0.336692685, 0.336692685, -1.74092456e-005, -0.94161459, 6.10197725e-006, 1, -1.63068358e-005, 0, 0, 0, 0, 0, 0, 0, 0.359659155, -0.151546191, -0.182321143, -0.0196344631, 0.484274628, -0.874733311, -0.862426758, 0.434326172, 0.259887695, 0.50575819, 0.759521462, 0.409210482, 0, 0, -0, 0, 0, 0, 0, 0.402379297, -0.104078027, -0.143759131, 0.0854539602, 0.397875993, -0.913415941, 0.528442383, -0.795166016, -0.29699707, -0.844571232, -0.457253407, -0.278276808, 0, 2, 1, 1, 
242.935319, 27, 0.1, 0.1, -0.0151559034, 0.370657808, -0.0199576447, 0.941614626, 1.63402789e-005, 0.336692583, 0.336692583, -1.83148052e-005, -0.941614626, -9.2197865e-006, 1, -2.27471391e-005, 0.941614635, -3.97794675e-007, 0.33669256, 0.33669256, -1.62701803e-005, -0.941614635, 5.85261796e-006, 1, -1.51863054e-005, 0, 0, 0, 0, 0, 0, 0, 0.359659155, -0.151546191, -0.182321143, -0.0196344631, 0.484274628, -0.874733311, -0.862426758, 0.434326172, 0.259887695, 0.50575819, 0.759521462, 0.409210482, 0, 0, -0, 0, 0, 0, 0, 0.402379297, -0.104078027, -0.143759131, 0.0854539602, 0.397875993, -0.913415941, 0.528442383, -0.795166016, -0.29699707, -0.844571232, -0.457253407, -0.278276808, 0, 2, 1, 1, 
242.936101, 27, 0.1, 0.1, -0.015155904, 0.370657809, -0.0199575716, 0.941614583, 1.32986395e-005, 0.336692704, 0.336692704, -1.2579112e-005, -0.941614583, -8.28689761e-006, 1, -1.63222302e-005, 0.941614583, 6.47066334e-006, 0.336692705, 0.336692705, 8.84686747e-006, -0.941614583, -9.0715467e-006, 1, 6.15171428e-006, 0, 0, 0, 0, 0, 0, 0, 0.359659155, -0.151546191, -0.182321143, -0.0196344631, 0.484274628, -0.874733311, -0.862426758, 0.434326172, 0.259887695, 0.50575819, 0.759521462, 0.409210482, 0, 0, -0, 0, 0, 0, 0, 0.402379297, -0.104078027, -0.143759131, 0.0854539602, 0.397875993, -0.913415941, 0.528442383, -0.795166016, -0.29699707, -0.844571232, -0.457253407, -0.278276808, 0, 2, 1, 1, 
242.936875, 27, 0.1, 0.1, -0.0151559037, 0.370657811, -0.0199602313, 0.941614636, -9.70666364e-006, 0.336692556, 0.336692556, 4.78671688e-006, -0.941614636, 7.52828461e-006, 1, 7.77540407e-006, 0.941614628, 9.73866544e-007, 0.336692579, 0.336692579, 1.58507397e-005, -0.941614628, -6.2538334e-006, 1, 1.45973947e-005, 0, 0, 0, 0, 0, 0, 0, 0.359659155, -0.151546191, -0.182321143, -0.0196344631, 0.484274628, -0.874733311, -0.862426758, 0.434326172, 0.259887695, 0.50575819, 0.759521462, 0.409210482, 0, 0, -0, 0, 0, 0, 0, 0.402379297, -0.104078027, -0.143759131, 0.0854539602, 0.397875993, -0.913415941, 0.528442383, -0.795166016, -0.29699707, -0.844571232, -0.457253407, -0.278276808, 0, 2, 1, 1, 
242.937668, 27, 0.1, 0.1, -0.0151559032, 0.370657814, -0.0199646109, 0.941614599, -1.38494715e-005, 0.33669266, 0.33669266, 1.38409511e-005, -0.941614599, 8.38071786e-006, 1, 1.7695857e-005, 0.941614608, -1.15419613e-005, 0.336692635, 0.336692635, 7.63181442e-006, -0.941614608, 8.29850366e-006, 1, 1.10723213e-005, 0, 0, 0, 0, 0, 0, 0, 0.360052148, -0.15332063, -0.183289038, -0.0251232766, 0.488963653, -0.871914955, -0.861572266, 0.431762695, 0.266967773, 0.506998309, 0.757913649, 0.410617977, 0, 0, -0, 0, 0, 0, 0, 0.402379297, -0.104078027, -0.143759131, 0.0854539602, 0.397875993, -0.913415941, 0.528442383, -0.795166016, -0.29699707, -0.844571232, -0.457253407, -0.278276808, 0, 2, 1, 1, 
242.938459, 27, 0.1, 0.1, -0.0151559031, 0.370657815, -0.0199687647, 0.941614616, -9.41934835e-007, 0.336692613, 0.336692613, 1.18037075e-005, -0.941614616, -3.08728152e-006, 1, 1.1431686e-005, 0.941614606, -5.42973461e-006, 0.33669264, 0.33669264, -7.16594117e-006, -0.941614606, 7.52543707e-006, 1, -4.91940319e-006, 0, 0, 0, 0, 0, 0, 0, 0.360052148, -0.15332063, -0.183289038, -0.0251232766, 0.488963653, -0.871914955, -0.861572266, 0.431762695, 0.266967773, 0.506998309, 0.757913649, 0.410617977, 0, 0, -0, 0, 0, 0, 0, 0.403410889, -0.104745166, -0.144090869, 0.0802340581, 0.402424721, -0.911888759, 0.532104492, -0.790771484, -0.302246094, -0.842787754, -0.460825825, -0.277625324, 0, 2, 1, 1, 
242.939236, 27, 0.1, 0.1, -0.0151559028, 0.370657816, -0.0199716906, 0.941614618, 5.18620487e-006, 0.336692606, 0.336692606, -2.43521052e-006, -0.941614618, -4.06348894e-006, 1, -4.03918666e-006, 0.941614625, 6.65961561e-006, 0.336692586, 0.336692586, -7.25086454e-006, -0.941614625, -3.82947912e-006, 1, -9.0697633e-006, 0, 0, 0, 0, 0, 0, 0, 0.360052148, -0.15332063, -0.183289038, -0.0251232766, 0.488963653, -0.871914955, -0.861572266, 0.431762695, 0.266967773, 0.506998309, 0.757913649, 0.410617977, 0, 0, -0, 0, 0, 0, 0, 0.403410889, -0.104745166, -0.144090869, 0.0802340581, 0.402424721, -0.911888759, 0.532104492, -0.790771484, -0.302246094, -0.842787754, -0.460825825, -0.277625324, 0, 2, 1, 1, 
242.940011, 27, 0.1, 0.1, -0.0151559021, 0.370657817, -0.0199725863, 0.941614603, -1.63440753e-006, 0.33669265, 0.33669265, -1.20359492e-005, -0.941614602, 5.59139762e-006, 1, -1.07829325e-005, 0.941614597, 5.60455275e-006, 0.336692665, 0.336692665, -4.26483136e-006, -0.941614597, -3.84139124e-006, 1, -5.90283926e-006, 0, 0, 0, 0, 0, 0, 0, 0.360052148, -0.15332063, -0.183289038, -0.0251232766, 0.488963653, -0.871914955, -0.861572266, 0.431762695, 0.266967773, 0.506998309, 0.757913649, 0.410617977, 0, 0, -0, 0, 0, 0, 0, 0.403410889, -0.104745166, -0.144090869, 0.0802340581, 0.402424721, -0.911888759, 0.532104492, -0.790771484, -0.302246094, -0.842787754, -0.460825825, -0.277625324, 0, 2, 1, 1, 
242.940818, 27, 0.1, 0.1, -0.0151559017, 0.370657818, -0.0199709009, 0.941614633, -6.91254549e-007, 0.336692563, 0.336692563, -8.82619768e-006, -0.941614633, 3.62261052e-006, 1, -8.07813662e-006, 0.941614633, -6.68324025e-006, 0.336692563, 0.336692563, 6.11350445e-006, -0.941614633, 4.23466534e-006, 1, 8.00676254e-006, 0, 0, 0, 0, 0, 0, 0, 0.360638721, -0.154386768, -0.184230566, -0.031101473, 0.494370091, -0.868620321, -0.861450195, 0.427368164, 0.274047852, 0.506709243, 0.756933762, 0.412691589, 0, 0, -0, 0, 0, 0, 0, 0.404282227, -0.105600391, -0.144194727, 0.0760108884, 0.407261096, -0.910029456, 0.53527832, -0.786743164, -0.307373047, -0.841145001, -0.463631555, -0.277798132, 0, 2, 1, 1, 
242.941595, 27, 0.1, 0.1, -0.0151559021, 0.370657819, -0.0199677797, 0.941614596, 5.1335778e-006, 0.336692667, 0.336692667, 8.52419708e-006, -0.941614596, -7.70388643e-006, 1, 6.29807039e-006, 0.941614602, -7.76586387e-006, 0.336692651, 0.336692651, 1.12933592e-005, -0.941614602, 3.51005976e-006, 1, 1.32487013e-005, 0, 0, 0, 0, 0, 0, 0, 0.360638721, -0.154386768, -0.184230566, -0.031101473, 0.494370091, -0.868620321, -0.861450195, 0.427368164, 0.274047852, 0.506709243, 0.756933762, 0.412691589, 0, 0, -0, 0, 0, 0, 0, 0.404282227, -0.105600391, -0.144194727, 0.0760108884, 0.407261096, -0.910029456, 0.53527832, -0.786743164, -0.307373047, -0.841145001, -0.463631555, -0.277798132, 0, 2, 1, 1, 
242.942371, 27, 0.1, 0.1, -0.0151559028, 0.370657821, -0.0199643615, 0.941614634, 1.24010934e-006, 0.336692561, 0.336692561, 1.58712531e-005, -0.941614634, -6.51143797e-006, 1, 1.45270686e-005, 0.941614625, 3.6643083e-006, 0.336692587, 0.336692587, 1.05830152e-005, -0.941614625, -7.01358905e-006, 1, 8.73137645e-006, 0, 0, 0, 0, 0, 0, 0, 0.360638721, -0.154386768, -0.184230566, -0.031101473, 0.494370091, -0.868620321, -0.861450195, 0.427368164, 0.274047852, 0.506709243, 0.756933762, 0.412691589, 0, 0, -0, 0, 0, 0, 0, 0.404282227, -0.105600391, -0.144194727, 0.0760108884, 0.407261096, -0.910029456, 0.53527832, -0.786743164, -0.307373047, -0.841145001, -0.463631555, -0.277798132, 0, 2, 1, 1, 
242.943148, 27, 0.1, 0.1, -0.0151559028, 0.370657824, -0.0199617369, 0.941614611, -9.9199804e-006, 0.336692626, 0.336692626, 7.4301672e-006, -0.941614611, 6.83911598e-006, 1, 1.03363382e-005, 0.941614623, 9.70489533e-006, 0.336692592, 0.336692592, -7.58329992e-006, -0.941614623, -6.58503045e-006, 1, -1.04081125e-005, 0, 0, 0, 0, 0, 0, 0, 0.360638721, -0.154386768, -0.184230566, -0.031101473, 0.494370091, -0.868620321, -0.861450195, 0.427368164, 0.274047852, 0.506709243, 0.756933762, 0.412691589, 0, 0, -0, 0, 0, 0, 0, 0.404282227, -0.105600391, -0.144194727, 0.0760108884, 0.407261096, -0.910029456, 0.53527832, -0.786743164, -0.307373047, -0.841145001, -0.463631555, -0.277798132, 0, 2, 1, 1, 
242.943924, 27, 0.1, 0.1, -0.0151559025, 0.370657826, -0.0199607146, 0.941614612, -4.22513886e-006, 0.336692623, 0.336692623, -1.11156632e-005, -0.941614612, 7.72101429e-006, 1, -9.04409781e-006, 0.941614602, -1.61842874e-006, 0.336692652, 0.336692651, -1.86181497e-005, -0.941614602, 7.79253033e-006, 1, -1.69862086e-005, 0, 0, 0, 0, 0, 0, 0, 0.360638721, -0.154386768, -0.184230566, -0.031101473, 0.494370091, -0.868620321, -0.861450195, 0.427368164, 0.274047852, 0.506709243, 0.756933762, 0.412691589, 0, 0, -0, 0, 0, 0, 0, 0.404282227, -0.105600391, -0.144194727, 0.0760108884, 0.407261096, -0.910029456, 0.53527832, -0.786743164, -0.307373047, -0.841145001, -0.463631555, -0.277798132, 0, 2, 1, 1, 
242.9447, 27, 0.1, 0.1, -0.0151559023, 0.370657826, -0.0199615259, 0.941614636, 1.0605358e-005, 0.336692556, 0.336692556, -1.1794429e-005, -0.941614636, -6.01506381e-006, 1, -1.46765521e-005, 0.941614643, -3.99994851e-006, 0.336692536, 0.336692536, -1.05121735e-005, -0.941614643, 7.30578045e-006, 1, -8.55166371e-006, 0, 0, 0, 0, 0, 0, 0, 0.360638721, -0.154386768, -0.184230566, -0.031101473, 0.494370091, -0.868620321, -0.861450195, 0.427368164, 0.274047852, 0.506709243, 0.756933762, 0.412691589, 0, 0, -0, 0, 0, 0, 0, 0.404282227, -0.105600391, -0.144194727, 0.0760108884, 0.407261096, -0.910029456, 0.53527832, -0.786743164, -0.307373047, -0.841145001, -0.463631555, -0.277798132, 0, 2, 1, 1, 
242.945505, 27, 0.1, 0.1, -0.0151559015, 0.370657826, -0.019963544, 0.941614595, 5.64125375e-006, 0.33669267, 0.33669267, -3.78109499e-006, -0.941614595, -4.0388199e-006, 1, -5.45970302e-006, 0.941614595, -5.62217877e-007, 0.33669267, 0.33669267, 1.48161574e-005, -0.941614595, -4.45909903e-006, 1, 1.41404047e-005, 0, 0, 0, 0, 0, 0, 0, 0.361762231, -0.155592798, -0.183921387, -0.0351517124, 0.49690912, -0.867026735, -0.863037109, 0.422241211, 0.277099609, 0.503766571, 0.758138314, 0.414169477, 0, 0, -0, 0, 0, 0, 0, 0.405899951, -0.106597217, -0.14369209, 0.0726823725, 0.410404044, -0.908981684, 0.539672852, -0.782592773, -0.310180664, -0.83867176, -0.467842698, -0.278424463, 0, 2, 1, 1, 
242.946288, 27, 0.1, 0.1, -0.0151559004, 0.370657827, -0.0199660477, 0.941614639, -1.11018318e-005, 0.336692547, 0.336692547, 6.8991184e-006, -0.941614639, 8.1307656e-006, 1, 1.02342149e-005, 0.941614632, -2.43862519e-006, 0.336692568, 0.336692568, 1.77367709e-005, -0.941614632, -3.67559377e-006, 1, 1.752227e-005, 0, 0, 0, 0, 0, 0, 0, 0.361762231, -0.155592798, -0.183921387, -0.0351517124, 0.49690912, -0.867026735, -0.863037109, 0.422241211, 0.277099609, 0.503766571, 0.758138314, 0.414169477, 0, 0, -0, 0, 0, 0, 0, 0.405899951, -0.106597217, -0.14369209, 0.0726823725, 0.410404044, -0.908981684, 0.539672852, -0.782592773, -0.310180664, -0.83867176, -0.467842698, -0.278424463, 0, 2, 1, 1, 
242.947065, 27, 0.1, 0.1, -0.0151559001, 0.370657829, -0.0199682854, 0.941614607, -9.62042833e-006, 0.336692638, 0.336692638, 9.99146623e-006, -0.941614607, 5.69468272e-006, 1, 1.26472379e-005, 0.941614615, -8.38212394e-006, 0.336692616, 0.336692616, 5.23866508e-006, -0.941614615, 6.12891056e-006, 1, 7.75500284e-006, 0, 0, 0, 0, 0, 0, 0, 0.361762231, -0.155592798, -0.183921387, -0.0351517124, 0.49690912, -0.867026735, -0.863037109, 0.422241211, 0.277099609, 0.503766571, 0.758138314, 0.414169477, 0, 0, -0, 0, 0, 0, 0, 0.405899951, -0.106597217, -0.14369209, 0.0726823725, 0.410404044, -0.908981684, 0.539672852, -0.782592773, -0.310180664, -0.83867176, -0.467842698, -0.278424463, 0, 2, 1, 1, 
242.947841, 27, 0.1, 0.1, -0.0151559008, 0.370657831, -0.0199696452, 0.941614624, 3.63785189e-006, 0.33669259, 0.33669259, 7.68176569e-006, -0.941614624, -6.01184813e-006, 1, 6.00842514e-006, 0.941614614, -9.87648018e-007, 0.336692616, 0.336692616, -1.09220282e-005, -0.941614614, 4.60735005e-006, 1, -9.95180756e-006, 0, 0, 0, 0, 0, 0, 0, 0.361762231, -0.155592798, -0.183921387, -0.0351517124, 0.49690912, -0.867026735, -0.863037109, 0.422241211, 0.277099609, 0.503766571, 0.758138314, 0.414169477, 0, 0, -0, 0, 0, 0, 0, 0.405899951, -0.106597217, -0.14369209, 0.0726823725, 0.410404044, -0.908981684, 0.539672852, -0.782592773, -0.310180664, -0.83867176, -0.467842698, -0.278424463, 0, 2, 1, 1, 
242.948618, 27, 0.1, 0.1, -0.0151559014, 0.370657833, -0.0199697447, 0.941614623, 8.81142319e-006, 0.336692593, 0.336692593, -6.09099435e-006, -0.941614623, -6.24617224e-006, 1, -8.70211027e-006, 0.941614631, 1.10716155e-005, 0.336692571, 0.336692571, -1.19156734e-005, -0.941614631, -6.41327645e-006, 1, -1.49477031e-005, 0, 0, 0, 0, 0, 0, 0, 0.361762231, -0.155592798, -0.183921387, -0.0351517124, 0.49690912, -0.867026735, -0.863037109, 0.422241211, 0.277099609, 0.503766571, 0.758138314, 0.414169477, 0, 0, -0, 0, 0, 0, 0, 0.405899951, -0.106597217, -0.14369209, 0.0726823725, 0.410404044, -0.908981684, 0.539672852, -0.782592773, -0.310180664, -0.83867176, -0.467842698, -0.278424463, 0, 2, 1, 1, 
242.949434, 27, 0.1, 0.1, -0.0151559011, 0.370657835, -0.0199684663, 0.941614607, -2.59770636e-006, 0.336692636, 0.336692636, -1.58904826e-005, -0.941614607, 7.79624673e-006, 1, -1.40880819e-005, 0.941614599, 8.30318361e-006, 0.33669266, 0.33669266, -6.15002159e-006, -0.941614599, -5.74773178e-006, 1, -8.58657109e-006, 0, 0, 0, 0, 0, 0, 0, 0.361762231, -0.155592798, -0.183921387, -0.0351517124, 0.49690912, -0.867026735, -0.863037109, 0.422241211, 0.277099609, 0.503766571, 0.758138314, 0.414169477, 0, 0, -0, 0, 0, 0, 0, 0.405899951, -0.106597217, -0.14369209, 0.0726823725, 0.410404044, -0.908981684, 0.539672852, -0.782592773, -0.310180664, -0.83867176, -0.467842698, -0.278424463, 0, 2, 1, 1, 
242.950419, 27, 0.1, 0.1, -0.0151559005, 0.370657832, -0.0199629467, 0.941614663, -1.20994518e-006, 0.33669248, 0.33669248, -2.0934814e-006, -0.941614663, 1.84416157e-006, 1, -1.56387334e-006, 0.941614663, -9.13459829e-006, 0.33669248, 0.33669248, 1.80906249e-005, -0.941614663, 2.51029434e-006, 1, 2.01099482e-005, 0, 0, 0, 0, 0, 0, 0, 0.363567676, -0.15548208, -0.182284473, -0.0385893755, 0.498821347, -0.865768643, -0.868164062, 0.412109375, 0.276123047, 0.494547281, 0.762408349, 0.417430789, 0, 0, -0, 0, 0, 0, 0, 0.40766416, -0.107913965, -0.142555127, 0.0711942036, 0.412435055, -0.908036358, 0.545410156, -0.778320313, -0.310791016, -0.835023148, -0.473152652, -0.280411731, 0, 2, 1, 1, 
242.951196, 27, 0.1, 0.1, -0.0151559011, 0.370657832, -0.0199591118, 0.941614617, 6.09611804e-006, 0.336692609, 0.336692609, 1.3714685e-005, -0.941614617, -1.03578269e-005, 1, 1.086143e-005, 0.941614625, -1.01283659e-005, 0.336692587, 0.336692587, 1.86741985e-005, -0.941614625, 3.24955326e-006, 1, 2.09940441e-005, 0, 0, 0, 0, 0, 0, 0, 0.363567676, -0.15548208, -0.182284473, -0.0385893755, 0.498821347, -0.865768643, -0.868164062, 0.412109375, 0.276123047, 0.494547281, 0.762408349, 0.417430789, 0, 0, -0, 0, 0, 0, 0, 0.40766416, -0.107913965, -0.142555127, 0.0711942036, 0.412435055, -0.908036358, 0.545410156, -0.778320313, -0.310791016, -0.835023148, -0.473152652, -0.280411731, 0, 2, 1, 1, 
242.951972, 27, 0.1, 0.1, -0.015155902, 0.370657835, -0.0199578193, 0.941614665, 1.87017233e-006, 0.336692475, 0.336692475, 1.31306244e-005, -0.941614665, -6.18196413e-006, 1, 1.17343156e-005, 0.941614654, 4.88506365e-006, 0.336692507, 0.336692507, 7.78757977e-006, -0.941614654, -7.22186727e-006, 1, 5.6881349e-006, 0, 0, 0, 0, 0, 0, 0, 0.363567676, -0.15548208, -0.182284473, -0.0385893755, 0.498821347, -0.865768643, -0.868164062, 0.412109375, 0.276123047, 0.494547281, 0.762408349, 0.417430789, 0, 0, -0, 0, 0, 0, 0, 0.40766416, -0.107913965, -0.142555127, 0.0711942036, 0.412435055, -0.908036358, 0.545410156, -0.778320313, -0.310791016, -0.835023148, -0.473152652, -0.280411731, 0, 2, 1, 1, 
