time, trialNum, realDorsalTactorPos, realVentralTactorPos, box1PosX, box1PosY, box1PosZ, box1LocalRot_11, box1LocalRot_12, box1LocalRot_13, box1LocalRot_21, box1LocalRot_22, box1LocalRot_23, box1LocalRot_31, box1LocalRot_32, box1LocalRot_33, box1GlobalRot_11, box1GlobalRot_12, box1GlobalRot_13, box1GlobalRot_21, box1GlobalRot_22, box1GlobalRot_23, box1GlobalRot_31, box1GlobalRot_32, box1GlobalRot_33, indexForceX, indexForceY, indexForceZ, indexForceGlobalX, indexForceGlobalY, indexForceGlobalZ, indexContact, indexPosX, indexPosY, indexPosZ, indexRot_11, indexRot_12, indexRot_13, indexRot_21, indexRot_22, indexRot_23, indexRot_31, indexRot_32, indexRot_33, thumbForceX, thumbForceY, thumbForceZ, thumbForceGlobalX, thumbForceGlobalY, thumbForceGlobalZ, thumbContact, thumbPosX, thumbPosY, thumbPosZ, thumbRot_11, thumbRot_12, thumbRot_13, thumbRot_21, thumbRot_22, thumbRot_23, thumbRot_31, thumbRot_32, thumbRot_33, manipForceTooHigh, cceExpType, mapping, trialSuccess, 
410.418335, 26, 0.1, 0.1, 0.00754483843, 0.362863801, -0.0199558771, 0.898862391, -1.26807266e-005, -0.438230991, 0.438230991, 8.31098607e-006, 0.898862391, -7.75609659e-006, -1, 1.30275202e-005, 0.898862388, 8.4448377e-006, -0.438230999, 0.438230998, 1.93505681e-005, 0.898862387, 1.60707658e-005, -1, 1.36927082e-005, 0, 0, 0, 0, 0, 0, 0, 0.265892407, -0.100608252, -0.177430249, -0.0853299436, 0.414951266, -0.905790654, -0.994018555, 0.025390625, 0.10534668, 0.066783059, 0.909418538, 0.410545316, 0, 0, 0, 0, 0, 0, 0, 0.294239062, -0.0407289063, -0.155557373, -0.143257522, 0.161666726, -0.97637898, 0.504882813, -0.836547852, -0.212646484, -0.851180312, -0.523321551, 0.0381643223, 0, 2, 1, 1, 
410.438061, 26, 0.1, 0.1, 0.00754484796, 0.362863777, -0.0199665347, 0.898853904, -2.67193952e-005, -0.438248399, 0.438248399, 3.82151531e-005, 0.898853903, -7.269103e-006, -0.999999999, 4.60595718e-005, 0.898854023, 2.31540325e-006, -0.438248154, 0.438248154, 2.95948845e-005, 0.898854023, 1.5051113e-005, -1, 2.55867598e-005, 0, 0, 0, 0, 0, 0, 0, 0.264034155, -0.0991947754, -0.181117432, -0.0959496161, 0.425426406, -0.899865258, -0.992553711, 0.0269775391, 0.118530273, 0.0746446466, 0.904546048, 0.419864956, 0, 0, 0, 0, 0, 0, 0, 0.293078467, -0.0400989258, -0.158370264, -0.154796504, 0.16889905, -0.973394246, 0.505371094, -0.833007813, -0.224853516, -0.848833569, -0.526734656, 0.0436332243, 0, 2, 1, 1, 
410.438875, 26, 0.1, 0.1, 0.00754484578, 0.362863782, -0.0199716858, 0.898853318, 3.4596495e-005, -0.4382496, 0.438249601, -1.83819466e-005, 0.898853318, 2.30412936e-005, -0.999999999, -3.16845739e-005, 0.898853419, 9.70662235e-006, -0.438249394, 0.438249394, 1.11208101e-005, 0.898853419, 1.3598519e-005, -1, 5.74205678e-006, 0, 0, 0, 0, 0, 0, 0, 0.263840088, -0.0992056396, -0.180681079, -0.095365875, 0.425204367, -0.900043114, -0.992553711, 0.0269775391, 0.117919922, 0.0744285992, 0.904704808, 0.41952235, 0, 0, 0, 0, 0, 0, 0, 0.293078467, -0.0400989258, -0.158370264, -0.155019984, 0.169671936, -0.973196285, 0.506835938, -0.831787109, -0.225708008, -0.847875117, -0.528249077, 0.0429175745, 0, 2, 1, 1, 
410.439655, 26, 0.1, 0.1, 0.00754485127, 0.362863771, -0.0199741544, 0.89885304, 2.44157263e-006, -0.438250172, 0.438250171, -3.67662505e-005, 0.898853039, -1.39182006e-005, -0.999999999, -3.41174757e-005, 0.898853074, 1.08449793e-005, -0.438250102, 0.438250102, -5.49901618e-005, 0.898853072, -1.4351401e-005, -0.999999998, -5.41808892e-005, 0, 0, 0, 0, 0, 0, 0, 0.263840088, -0.0992056396, -0.180681079, -0.095365875, 0.425204367, -0.900043114, -0.992553711, 0.0269775391, 0.117919922, 0.0744285992, 0.904704808, 0.41952235, 0, 0, 0, 0, 0, 0, 0, 0.292860596, -0.0396331543, -0.158372217, -0.155019984, 0.169671936, -0.973196285, 0.506835938, -0.831787109, -0.225708008, -0.847875117, -0.528249077, 0.0429175745, 0, 2, 1, 1, 
410.44044, 26, 0.1, 0.1, 0.00754484952, 0.362863782, -0.019973747, 0.898852921, -2.08863656e-005, -0.438250415, 0.438250415, 7.26678221e-005, 0.898852918, 1.30729325e-005, -0.999999997, 7.44711425e-005, 0.898852953, -1.17666e-005, -0.438250349, 0.438250349, 7.41505278e-005, 0.89885295, 2.19200515e-005, -0.999999997, 7.18071374e-005, 0, 0, 0, 0, 0, 0, 0, 0.263840088, -0.0992056396, -0.180681079, -0.095365875, 0.425204367, -0.900043114, -0.992553711, 0.0269775391, 0.117919922, 0.0744285992, 0.904704808, 0.41952235, 0, 0, 0, 0, 0, 0, 0, 0.292860596, -0.0396331543, -0.158372217, -0.155019984, 0.169671936, -0.973196285, 0.506835938, -0.831787109, -0.225708008, -0.847875117, -0.528249077, 0.0429175745, 0, 2, 1, 1, 
410.441252, 26, 0.1, 0.1, 0.00754484794, 0.362863784, -0.0199705725, 0.898852638, 2.66470058e-005, -0.438250995, 0.438250996, -4.14338696e-005, 0.898852637, 5.79329679e-006, -0.999999999, -4.89210198e-005, 0.898852699, 1.29897717e-005, -0.43825087, 0.43825087, -1.81536482e-005, 0.898852699, 3.72003921e-006, -1, -2.20102344e-005, 0, 0, 0, 0, 0, 0, 0, 0.263879517, -0.0992226074, -0.180248145, -0.0945350077, 0.42486176, -0.900303345, -0.992675781, 0.0264892578, 0.116821289, 0.0734318592, 0.904882663, 0.419439974, 0, 0, 0, 0, 0, 0, 0, 0.292860596, -0.0396331543, -0.158372217, -0.15555663, 0.170234101, -0.972940722, 0.507446289, -0.831298828, -0.2265625, -0.847440549, -0.528926448, 0.0428216925, 0, 2, 1, 1, 
410.442033, 26, 0.1, 0.1, 0.00754485278, 0.362863777, -0.0199660361, 0.898852382, -1.78536643e-006, -0.438251522, 0.438251522, 1.17676556e-005, 0.898852381, 3.5524121e-006, -1, 1.13598248e-005, 0.898852447, 2.33758289e-005, -0.438251386, 0.438251387, -1.55022517e-005, 0.898852447, 1.42175377e-005, -1, -2.41787263e-005, 0, 0, 0, 0, 0, 0, 0, 0.263879517, -0.0992226074, -0.180248145, -0.0945350077, 0.42486176, -0.900303345, -0.992675781, 0.0264892578, 0.116821289, 0.0734318592, 0.904882663, 0.419439974, 0, 0, 0, 0, 0, 0, 0, 0.292610986, -0.0391637207, -0.158134082, -0.15555663, 0.170234101, -0.972940722, 0.507446289, -0.831298828, -0.2265625, -0.847440549, -0.528926448, 0.0428216925, 0, 2, 1, 1, 
410.442812, 26, 0.1, 0.1, 0.0075448488, 0.36286378, -0.0199618564, 0.898851966, 2.84172657e-005, -0.438252372, 0.438252372, -6.19893051e-006, 0.898851967, 2.28262191e-005, -1, -1.8025855e-005, 0.898852049, -1.24039707e-005, -0.438252204, 0.438252204, 1.03450578e-005, 0.898852049, -6.61559009e-006, -1, 1.47347438e-005, 0, 0, 0, 0, 0, 0, 0, 0.263879517, -0.0992226074, -0.180248145, -0.0945350077, 0.42486176, -0.900303345, -0.992675781, 0.0264892578, 0.116821289, 0.0734318592, 0.904882663, 0.419439974, 0, 0, 0, 0, 0, 0, 0, 0.292610986, -0.0391637207, -0.158134082, -0.15555663, 0.170234101, -0.972940722, 0.507446289, -0.831298828, -0.2265625, -0.847440549, -0.528926448, 0.0428216925, 0, 2, 1, 1, 
410.443596, 26, 0.1, 0.1, 0.00754485315, 0.362863779, -0.0199592487, 0.898851637, -3.25334191e-005, -0.438253047, 0.438253048, 2.39537039e-005, 0.898851637, -1.87449333e-005, -0.999999999, 3.5788696e-005, 0.898851678, -4.5278561e-006, -0.438252964, 0.438252964, -5.24315706e-006, 0.898851678, -6.36770018e-006, -1, -2.72847417e-006, 0, 0, 0, 0, 0, 0, 0, 0.263879517, -0.0992226074, -0.180248145, -0.0945350077, 0.42486176, -0.900303345, -0.992675781, 0.0264892578, 0.116821289, 0.0734318592, 0.904882663, 0.419439974, 0, 0, 0, 0, 0, 0, 0, 0.292610986, -0.0391637207, -0.158134082, -0.15555663, 0.170234101, -0.972940722, 0.507446289, -0.831298828, -0.2265625, -0.847440549, -0.528926448, 0.0428216925, 0, 2, 1, 1, 
410.444377, 26, 0.1, 0.1, 0.00754485298, 0.362863788, -0.0199589983, 0.898851622, 3.86805905e-005, -0.438253078, 0.438253078, 7.16381072e-006, 0.898851623, 3.79076737e-005, -0.999999999, -1.0512685e-005, 0.898851594, 2.43421396e-005, -0.438253135, 0.438253134, 4.25210323e-005, 0.898851594, 4.05149467e-005, -0.999999999, 2.75520787e-005, 0, 0, 0, 0, 0, 0, 0, 0.263879517, -0.0992226074, -0.180248145, -0.0945350077, 0.42486176, -0.900303345, -0.992675781, 0.0264892578, 0.116821289, 0.0734318592, 0.904882663, 0.419439974, 0, 0, 0, 0, 0, 0, 0, 0.292610986, -0.0391637207, -0.158134082, -0.15555663, 0.170234101, -0.972940722, 0.507446289, -0.831298828, -0.2265625, -0.847440549, -0.528926448, 0.0428216925, 0, 2, 1, 1, 
410.445157, 26, 0.1, 0.1, 0.00754485291, 0.362863783, -0.0199610621, 0.898851976, -2.11369936e-005, -0.438252353, 0.438252354, 1.6026702e-005, 0.898851976, -1.19752886e-005, -1, 2.366897e-005, 0.898851886, -1.81392072e-005, -0.438252537, 0.438252536, -2.04444082e-005, 0.898851887, -2.52642743e-005, -1, -1.04269413e-005, 0, 0, 0, 0, 0, 0, 0, 0.263879517, -0.0992226074, -0.180248145, -0.0945350077, 0.42486176, -0.900303345, -0.992675781, 0.0264892578, 0.116821289, 0.0734318592, 0.904882663, 0.419439974, 0, 0, 0, 0, 0, 0, 0, 0.292610986, -0.0391637207, -0.158134082, -0.15555663, 0.170234101, -0.972940722, 0.507446289, -0.831298828, -0.2265625, -0.847440549, -0.528926448, 0.0428216925, 0, 2, 1, 1, 
410.445951, 26, 0.1, 0.1, 0.00754485299, 0.362863789, -0.0199646002, 0.898852543, -5.05461268e-006, -0.438251191, 0.438251191, -2.69485243e-005, 0.898852543, -1.63535743e-005, -1, -2.20075596e-005, 0.898852419, 3.32301802e-006, -0.438251444, 0.438251444, 1.82876271e-005, 0.898852419, 1.10014818e-005, -1, 1.49815605e-005, 0, 0, 0, 0, 0, 0, 0, 0.263879517, -0.0992226074, -0.180248145, -0.0936408609, 0.424741193, -0.900423912, -0.992919922, 0.0256347656, 0.115356445, 0.0720543209, 0.904901759, 0.41945907, 0, 0, 0, 0, 0, 0, 0, 0.292610986, -0.0391637207, -0.158134082, -0.15555663, 0.170234101, -0.972940722, 0.507446289, -0.831298828, -0.2265625, -0.847440549, -0.528926448, 0.0428216925, 0, 2, 1, 1, 
410.446743, 26, 0.1, 0.1, 0.00754485351, 0.362863781, -0.0199679805, 0.89885302, 8.57837721e-006, -0.438250212, 0.438250212, 6.64217936e-006, 0.89885302, 1.06216368e-005, -1, 2.21086735e-006, 0.898852949, 1.27376814e-005, -0.438250358, 0.438250358, -2.3519483e-005, 0.898852948, 1.14188059e-006, -1, -2.67228501e-005, 0, 0, 0, 0, 0, 0, 0, 0.264144263, -0.0992287109, -0.179807764, -0.0936408609, 0.424741193, -0.900423912, -0.992919922, 0.0256347656, 0.115356445, 0.0720543209, 0.904901759, 0.41945907, 0, 0, 0, 0, 0, 0, 0, 0.292596094, -0.039348877, -0.15812749, -0.155812193, 0.170866628, -0.972806561, 0.507446289, -0.831054688, -0.227172852, -0.847344667, -0.529105452, 0.0427130508, 0, 2, 1, 1, 
410.447523, 26, 0.1, 0.1, 0.00754485313, 0.362863783, -0.0199704334, 0.898853268, 1.25766999e-005, -0.438249704, 0.438249704, -1.96802111e-005, 0.898853268, 2.6797611e-006, -1, -2.32013571e-005, 0.898853217, 2.9159944e-006, -0.438249808, 0.438249808, 4.1781674e-006, 0.898853217, 4.45213201e-006, -1, 2.47762522e-006, 0, 0, 0, 0, 0, 0, 0, 0.264144263, -0.0992287109, -0.179807764, -0.0936408609, 0.424741193, -0.900423912, -0.992919922, 0.0256347656, 0.115356445, 0.0720543209, 0.904901759, 0.41945907, 0, 0, 0, 0, 0, 0, 0, 0.292596094, -0.039348877, -0.15812749, -0.155812193, 0.170866628, -0.972806561, 0.507446289, -0.831054688, -0.227172852, -0.847344667, -0.529105452, 0.0427130508, 0, 2, 1, 1, 
410.448309, 26, 0.1, 0.1, 0.00754485612, 0.362863779, -0.0199712312, 0.898853547, 1.45072461e-005, -0.438249132, 0.438249132, 2.28817668e-005, 0.898853547, 2.30678041e-005, -1, 1.42095693e-005, 0.898853507, 2.05606511e-005, -0.438249212, 0.438249212, -4.68757109e-006, 0.898853508, 1.64266891e-005, -1, -1.32241289e-005, 0, 0, 0, 0, 0, 0, 0, 0.264144263, -0.0992287109, -0.179807764, -0.0936408609, 0.424741193, -0.900423912, -0.992919922, 0.0256347656, 0.115356445, 0.0720543209, 0.904901759, 0.41945907, 0, 0, 0, 0, 0, 0, 0, 0.292596094, -0.039348877, -0.15812749, -0.155812193, 0.170866628, -0.972806561, 0.507446289, -0.831054688, -0.227172852, -0.847344667, -0.529105452, 0.0427130508, 0, 2, 1, 1, 
410.4491, 26, 0.1, 0.1, 0.00754485216, 0.362863782, -0.0199701299, 0.898853582, -2.09543561e-005, -0.438249059, 0.438249058, -2.5911585e-005, 0.898853582, -3.01906258e-005, -0.999999999, -1.41074941e-005, 0.898853599, -3.24255383e-005, -0.438249024, 0.438249024, -2.58192427e-006, 0.898853599, -3.02773376e-005, -0.999999999, 1.18896886e-005, 0, 0, 0, 0, 0, 0, 0, 0.264144263, -0.0992287109, -0.179807764, -0.0936408609, 0.424741193, -0.900423912, -0.992919922, 0.0256347656, 0.115356445, 0.0720543209, 0.904901759, 0.41945907, 0, 0, 0, 0, 0, 0, 0, 0.292596094, -0.039348877, -0.15812749, -0.155812193, 0.170866628, -0.972806561, 0.507446289, -0.831054688, -0.227172852, -0.847344667, -0.529105452, 0.0427130508, 0, 2, 1, 1, 
410.44989, 26, 0.1, 0.1, 0.00754485339, 0.362863779, -0.0199676081, 0.898853346, -1.59478145e-005, -0.438249544, 0.438249544, 2.38669655e-005, 0.898853346, -3.87505965e-006, -1, 2.84420242e-005, 0.898853408, 9.3704393e-006, -0.438249416, 0.438249416, 2.54255569e-006, 0.898853408, 9.53692485e-006, -1, -1.8212047e-006, 0, 0, 0, 0, 0, 0, 0, 0.264144263, -0.0992287109, -0.179807764, -0.0936408609, 0.424741193, -0.900423912, -0.992919922, 0.0256347656, 0.115356445, 0.0720543209, 0.904901759, 0.41945907, 0, 0, 0, 0, 0, 0, 0, 0.292596094, -0.039348877, -0.15812749, -0.155812193, 0.170866628, -0.972806561, 0.507446289, -0.831054688, -0.227172852, -0.847344667, -0.529105452, 0.0427130508, 0, 2, 1, 1, 
410.450684, 26, 0.1, 0.1, 0.00754484979, 0.362863784, -0.0199646242, 0.898853113, -4.57921431e-006, -0.438250022, 0.438250022, -2.1986987e-005, 0.898853112, -1.37518386e-005, -1, -1.77562309e-005, 0.89885317, -1.93561752e-005, -0.438249904, 0.438249904, 1.09946677e-005, 0.89885317, -1.25799474e-005, -1, 1.83654339e-005, 0, 0, 0, 0, 0, 0, 0, 0.264144263, -0.0992287109, -0.179807764, -0.0929687529, 0.42486176, -0.900506287, -0.993041992, 0.0247802734, 0.114135742, 0.0708355421, 0.904882663, 0.419719301, 0, 0, 0, 0, 0, 0, 0, 0.292596094, -0.039348877, -0.15812749, -0.155812193, 0.170866628, -0.972806561, 0.507446289, -0.831054688, -0.227172852, -0.847344667, -0.529105452, 0.0427130508, 0, 2, 1, 1, 
410.451479, 26, 0.1, 0.1, 0.00754485538, 0.362863782, -0.0199619366, 0.898852684, -2.7509913e-006, -0.438250902, 0.438250902, 2.51849586e-005, 0.898852683, 8.56459489e-006, -1, 2.3843192e-005, 0.898852781, 2.8535207e-005, -0.438250702, 0.438250702, 1.83164207e-006, 0.898852781, 2.64516686e-005, -1, -1.08591979e-005, 0, 0, 0, 0, 0, 0, 0, 0.264398145, -0.0994458496, -0.179364697, -0.0929687529, 0.42486176, -0.900506287, -0.993041992, 0.0247802734, 0.114135742, 0.0708355421, 0.904882663, 0.419719301, 0, 0, 0, 0, 0, 0, 0, 0.292730371, -0.0393222656, -0.157516602, -0.153697327, 0.171218073, -0.97310077, 0.5078125, -0.831054688, -0.22644043, -0.847613357, -0.528945771, 0.0408409875, 0, 2, 1, 1, 
410.452263, 26, 0.1, 0.1, 0.00754484816, 0.362863784, -0.0199608009, 0.89885206, 1.03099774e-005, -0.438252181, 0.438252181, -1.93470765e-005, 0.89885206, 7.88245906e-007, -1, -2.19085297e-005, 0.898852188, -2.97089218e-005, -0.438251918, 0.438251918, 1.24309256e-006, 0.898852188, -2.61591417e-005, -1, 1.41373484e-005, 0, 0, 0, 0, 0, 0, 0, 0.264398145, -0.0994458496, -0.179364697, -0.0929687529, 0.42486176, -0.900506287, -0.993041992, 0.0247802734, 0.114135742, 0.0708355421, 0.904882663, 0.419719301, 0, 0, 0, 0, 0, 0, 0, 0.292730371, -0.0393222656, -0.157516602, -0.153697327, 0.171218073, -0.97310077, 0.5078125, -0.831054688, -0.22644043, -0.847613357, -0.528945771, 0.0408409875, 0, 2, 1, 1, 
410.453044, 26, 0.1, 0.1, 0.00754485196, 0.36286378, -0.0199614289, 0.89885154, 1.80231906e-007, -0.438253247, 0.438253247, 2.31534654e-005, 0.89885154, 1.03090831e-005, -1, 2.07325408e-005, 0.898851621, 4.25308319e-006, -0.438253082, 0.438253082, -1.45749342e-005, 0.898851621, -2.56461912e-006, -1, -1.49646301e-005, 0, 0, 0, 0, 0, 0, 0, 0.264398145, -0.0994458496, -0.179364697, -0.0929687529, 0.42486176, -0.900506287, -0.993041992, 0.0247802734, 0.114135742, 0.0708355421, 0.904882663, 0.419719301, 0, 0, 0, 0, 0, 0, 0, 0.292730371, -0.0393222656, -0.157516602, -0.153697327, 0.171218073, -0.97310077, 0.5078125, -0.831054688, -0.22644043, -0.847613357, -0.528945771, 0.0408409875, 0, 2, 1, 1, 
410.453839, 26, 0.1, 0.1, 0.00754485037, 0.362863785, -0.0199634099, 0.898851069, 1.4824656e-005, -0.438254214, 0.438254214, -1.13986518e-005, 0.898851069, 8.32965076e-006, -1, -1.67426583e-005, 0.89885115, 7.60715437e-007, -0.438254048, 0.438254048, 1.90657471e-005, 0.89885115, 9.03941079e-006, -1, 1.68038821e-005, 0, 0, 0, 0, 0, 0, 0, 0.264398145, -0.0994458496, -0.179364697, -0.0929687529, 0.42486176, -0.900506287, -0.993041992, 0.0247802734, 0.114135742, 0.0708355421, 0.904882663, 0.419719301, 0, 0, 0, 0, 0, 0, 0, 0.293123047, -0.0393110352, -0.156701025, -0.151294814, 0.171684357, -0.973439822, 0.509277344, -0.830444336, -0.225585937, -0.847115357, -0.529878704, 0.0382277548, 0, 2, 1, 1, 
410.454614, 26, 0.1, 0.1, 0.00754485245, 0.362863781, -0.0199659951, 0.898850731, -1.3381092e-005, -0.438254906, 0.438254906, 1.20951998e-005, 0.898850731, -6.72682371e-006, -1, 1.67361084e-005, 0.898850809, 1.12935033e-005, -0.438254747, 0.438254747, -1.02002647e-005, 0.898850809, 5.68086018e-006, -1, -1.41179476e-005, 0, 0, 0, 0, 0, 0, 0, 0.264398145, -0.0994458496, -0.179364697, -0.0929687529, 0.42486176, -0.900506287, -0.993041992, 0.0247802734, 0.114135742, 0.0708355421, 0.904882663, 0.419719301, 0, 0, 0, 0, 0, 0, 0, 0.293123047, -0.0393110352, -0.156701025, -0.151294814, 0.171684357, -0.973439822, 0.509277344, -0.830444336, -0.225585937, -0.847115357, -0.529878704, 0.0382277548, 0, 2, 1, 1, 
410.455394, 26, 0.1, 0.1, 0.00754484951, 0.362863785, -0.0199684464, 0.89885044, -3.31649698e-006, -0.438255503, 0.438255503, -1.69609404e-005, 0.89885044, -1.04142603e-005, -1, -1.37918757e-005, 0.898850501, -1.55271115e-005, -0.438255377, 0.438255378, 8.87096704e-006, 0.898850501, -1.00688029e-005, -1, 1.47785133e-005, 0, 0, 0, 0, 0, 0, 0, 0.264398145, -0.0994458496, -0.179364697, -0.0929687529, 0.42486176, -0.900506287, -0.993041992, 0.0247802734, 0.114135742, 0.0708355421, 0.904882663, 0.419719301, 0, 0, 0, 0, 0, 0, 0, 0.293123047, -0.0393110352, -0.156701025, -0.151294814, 0.171684357, -0.973439822, 0.509277344, -0.830444336, -0.225585937, -0.847115357, -0.529878704, 0.0382277548, 0, 2, 1, 1, 
410.456186, 26, 0.1, 0.1, 0.0075448552, 0.362863783, -0.0199698064, 0.898849997, 5.42803293e-006, -0.438256412, 0.438256412, 1.94150225e-005, 0.898849997, 1.33877455e-005, -1, 1.50723227e-005, 0.898850092, 2.93784617e-005, -0.438256216, 0.438256216, 1.91743648e-006, 0.898850093, 2.72471615e-005, -1, -1.11518055e-005, 0, 0, 0, 0, 0, 0, 0, 0.26487063, -0.0991995361, -0.179127295, -0.0923288456, 0.425324934, -0.900271144, -0.993286133, 0.0230712891, 0.112670898, 0.0686331278, 0.904685712, 0.42042361, 0, 0, 0, 0, 0, 0, 0, 0.293123047, -0.0393110352, -0.156701025, -0.151294814, 0.171684357, -0.973439822, 0.509277344, -0.830444336, -0.225585937, -0.847115357, -0.529878704, 0.0382277548, 0, 2, 1, 1, 
410.456964, 26, 0.1, 0.1, 0.00754485115, 0.362863785, -0.019969796, 0.898849417, 1.29462111e-005, -0.438257602, 0.438257603, -1.82132116e-005, 0.898849416, 3.65461586e-006, -1, -2.20447101e-005, 0.898849535, -1.67154175e-005, -0.438257359, 0.43825736, -1.3396566e-006, 0.898849535, -1.56117597e-005, -1, 6.12150504e-006, 0, 0, 0, 0, 0, 0, 0, 0.26487063, -0.0991995361, -0.179127295, -0.0923288456, 0.425324934, -0.900271144, -0.993286133, 0.0230712891, 0.112670898, 0.0686331278, 0.904685712, 0.42042361, 0, 0, 0, 0, 0, 0, 0, 0.293123047, -0.0393110352, -0.156701025, -0.151294814, 0.171684357, -0.973439822, 0.509277344, -0.830444336, -0.225585937, -0.847115357, -0.529878704, 0.0382277548, 0, 2, 1, 1, 
410.45774, 26, 0.1, 0.1, 0.0075448545, 0.36286378, -0.0199686041, 0.898848933, -6.11411434e-008, -0.438258595, 0.438258595, 1.3103354e-005, 0.898848933, 5.68770088e-006, -1, 1.18047314e-005, 0.898849009, 4.03253851e-006, -0.438258438, 0.438258438, -1.68463329e-005, 0.898849009, -3.7584043e-006, -1, -1.69096037e-005, 0, 0, 0, 0, 0, 0, 0, 0.26487063, -0.0991995361, -0.179127295, -0.0923288456, 0.425324934, -0.900271144, -0.993286133, 0.0230712891, 0.112670898, 0.0686331278, 0.904685712, 0.42042361, 0, 0, 0, 0, 0, 0, 0, 0.293123047, -0.0393110352, -0.156701025, -0.151294814, 0.171684357, -0.973439822, 0.509277344, -0.830444336, -0.225585937, -0.847115357, -0.529878704, 0.0382277548, 0, 2, 1, 1, 
410.458546, 26, 0.1, 0.1, 0.00754485261, 0.362863783, -0.019966357, 0.898848479, 1.06384485e-005, -0.438259526, 0.438259526, -2.34067367e-005, 0.898848478, -6.95872079e-007, -1, -2.5701511e-005, 0.898848556, -1.31152423e-006, -0.438259368, 0.438259368, 4.33416897e-006, 0.898848556, 7.20628491e-007, -1, 4.4705493e-006, 0, 0, 0, 0, 0, 0, 0, 0.265311255, -0.0989579834, -0.178895996, -0.0923108714, 0.425686636, -0.900156568, -0.993408203, 0.0208740234, 0.111816406, 0.0664056262, 0.904628424, 0.421147014, 0, 0, 0, 0, 0, 0, 0, 0.293515479, -0.0395176758, -0.155882031, -0.148707101, 0.17192716, -0.973804393, 0.509765625, -0.830322266, -0.224487305, -0.847211606, -0.529853184, 0.0358573253, 0, 2, 1, 1, 
410.459329, 26, 0.1, 0.1, 0.00754485536, 0.362863778, -0.0199640803, 0.898848103, -5.18144756e-006, -0.438260297, 0.438260297, 2.0192476e-005, 0.898848102, 4.19222623e-006, -1, 2.04207915e-005, 0.898848156, -5.68909486e-007, -0.438260187, 0.438260187, -1.55053387e-005, 0.898848156, -7.30673588e-006, -1, -1.36876147e-005, 0, 0, 0, 0, 0, 0, 0, 0.265311255, -0.0989579834, -0.178895996, -0.0923108714, 0.425686636, -0.900156568, -0.993408203, 0.0208740234, 0.111816406, 0.0664056262, 0.904628424, 0.421147014, 0, 0, 0, 0, 0, 0, 0, 0.293515479, -0.0395176758, -0.155882031, -0.148707101, 0.17192716, -0.973804393, 0.509765625, -0.830322266, -0.224487305, -0.847211606, -0.529853184, 0.0358573253, 0, 2, 1, 1, 
410.460111, 26, 0.1, 0.1, 0.00754485245, 0.362863783, -0.0199625904, 0.898847764, 8.31604039e-006, -0.438260991, 0.438260992, -1.57172815e-005, 0.898847764, 5.86582957e-007, -1, -1.77720394e-005, 0.898847821, -5.51635064e-006, -0.438260875, 0.438260875, 1.50701716e-005, 0.898847821, 1.64630682e-006, -1, 1.59633915e-005, 0, 0, 0, 0, 0, 0, 0, 0.265311255, -0.0989579834, -0.178895996, -0.0923108714, 0.425686636, -0.900156568, -0.993408203, 0.0208740234, 0.111816406, 0.0664056262, 0.904628424, 0.421147014, 0, 0, 0, 0, 0, 0, 0, 0.293515479, -0.0395176758, -0.155882031, -0.148707101, 0.17192716, -0.973804393, 0.509765625, -0.830322266, -0.224487305, -0.847211606, -0.529853184, 0.0358573253, 0, 2, 1, 1, 
410.460889, 26, 0.1, 0.1, 0.00754485559, 0.36286378, -0.0199623573, 0.898847542, 1.91622594e-005, -0.438261447, 0.438261447, 3.71980914e-005, 0.898847542, 3.35264392e-005, -0.999999999, 2.50373335e-005, 0.898847602, 2.52766906e-005, -0.438261324, 0.438261324, 2.17941419e-006, 0.898847602, 2.36750457e-005, -1, -9.11883469e-006, 0, 0, 0, 0, 0, 0, 0, 0.265311255, -0.0989579834, -0.178895996, -0.0923108714, 0.425686636, -0.900156568, -0.993408203, 0.0208740234, 0.111816406, 0.0664056262, 0.904628424, 0.421147014, 0, 0, 0, 0, 0, 0, 0, 0.293515479, -0.0395176758, -0.155882031, -0.148707101, 0.17192716, -0.973804393, 0.509765625, -0.830322266, -0.224487305, -0.847211606, -0.529853184, 0.0358573253, 0, 2, 1, 1, 
410.461665, 26, 0.1, 0.1, 0.00754485175, 0.362863785, -0.0199633669, 0.89884709, -2.0427608e-005, -0.438262373, 0.438262373, -2.45777108e-005, 0.89884709, -2.91327818e-005, -0.999999999, -1.31389519e-005, 0.898847204, -3.48359904e-005, -0.438262138, 0.438262139, 5.41370553e-006, 0.898847205, -2.89396105e-005, -0.999999999, 2.01333898e-005, 0, 0, 0, 0, 0, 0, 0, 0.265311255, -0.0989579834, -0.178895996, -0.0923108714, 0.425686636, -0.900156568, -0.993408203, 0.0208740234, 0.111816406, 0.0664056262, 0.904628424, 0.421147014, 0, 0, 0, 0, 0, 0, 0, 0.293515479, -0.0395176758, -0.155882031, -0.148707101, 0.17192716, -0.973804393, 0.509765625, -0.830322266, -0.224487305, -0.847211606, -0.529853184, 0.0358573253, 0, 2, 1, 1, 
410.462446, 26, 0.1, 0.1, 0.00754485501, 0.362863782, -0.0199651786, 0.898846374, -5.15019868e-006, -0.438263842, 0.438263842, 1.96869739e-005, 0.898846374, 3.99885141e-006, -1, 1.99527109e-005, 0.898846527, 2.09019064e-005, -0.438263528, 0.438263528, -2.14117293e-006, 0.898846528, 1.7849208e-005, -1, -1.10851291e-005, 0, 0, 0, 0, 0, 0, 0, 0.265311255, -0.0989579834, -0.178895996, -0.0923108714, 0.425686636, -0.900156568, -0.993408203, 0.0208740234, 0.111816406, 0.0664056262, 0.904628424, 0.421147014, 0, 0, 0, 0, 0, 0, 0, 0.293515479, -0.0395176758, -0.155882031, -0.148707101, 0.17192716, -0.973804393, 0.509765625, -0.830322266, -0.224487305, -0.847211606, -0.529853184, 0.0358573253, 0, 2, 1, 1, 
410.463265, 26, 0.1, 0.1, 0.00754484848, 0.362863784, -0.0199668849, 0.898845481, 1.13126759e-005, -0.438265674, 0.438265674, -1.56947523e-005, 0.898845481, 3.28987644e-006, -1, -1.90651147e-005, 0.89884565, -2.35466986e-005, -0.438265326, 0.438265327, 1.09379723e-006, 0.898845651, -2.06854742e-005, -1, 1.13028565e-005, 0, 0, 0, 0, 0, 0, 0, 0.265228735, -0.0986777344, -0.179078711, -0.0938220817, 0.426835023, -0.899445146, -0.993408203, 0.0184326172, 0.112426758, 0.0646675074, 0.904075761, 0.422517439, 0, 0, 0, 0, 0, 0, 0, 0.293500586, -0.039704541, -0.155877148, -0.148962664, 0.172572447, -0.973657472, 0.510009766, -0.830078125, -0.225219727, -0.847115724, -0.53015359, 0.0356272819, 0, 2, 1, 1, 
410.464046, 26, 0.1, 0.1, 0.00754485052, 0.36286378, -0.0199678467, 0.898844746, -2.95579626e-005, -0.438267182, 0.438267182, 2.88320581e-006, 0.898844746, -2.53044049e-005, -1, 1.55458394e-005, 0.898844867, -9.16072779e-006, -0.438266933, 0.438266933, -1.94970341e-005, 0.898844867, -1.67789785e-005, -1, -1.3509965e-005, 0, 0, 0, 0, 0, 0, 0, 0.265228735, -0.0986777344, -0.179078711, -0.0938220817, 0.426835023, -0.899445146, -0.993408203, 0.0184326172, 0.112426758, 0.0646675074, 0.904075761, 0.422517439, 0, 0, 0, 0, 0, 0, 0, 0.293500586, -0.039704541, -0.155877148, -0.148962664, 0.172572447, -0.973657472, 0.510009766, -0.830078125, -0.225219727, -0.847115724, -0.53015359, 0.0356272819, 0, 2, 1, 1, 
410.464853, 26, 0.1, 0.1, 0.00754485076, 0.362863784, -0.0199680202, 0.898844319, 3.3886325e-005, -0.438268057, 0.438268057, -7.67684604e-006, 0.898844319, 2.70940143e-005, -0.999999999, -2.17515833e-005, 0.89884438, 1.97525519e-005, -0.438267932, 0.438267932, 2.23917856e-005, 0.89884438, 2.75680719e-005, -1, 1.14698206e-005, 0, 0, 0, 0, 0, 0, 0, 0.265228735, -0.0986777344, -0.179078711, -0.0938220817, 0.426835023, -0.899445146, -0.993408203, 0.0184326172, 0.112426758, 0.0646675074, 0.904075761, 0.422517439, 0, 0, 0, 0, 0, 0, 0, 0.293500586, -0.039704541, -0.155877148, -0.148962664, 0.172572447, -0.973657472, 0.510009766, -0.830078125, -0.225219727, -0.847115724, -0.53015359, 0.0356272819, 0, 2, 1, 1, 
410.465635, 26, 0.1, 0.1, 0.0075448519, 0.362863779, -0.0199672243, 0.898844244, -1.05059902e-005, -0.438268212, 0.438268212, 1.40775305e-005, 0.898844244, -3.27351469e-006, -1, 1.72579487e-005, 0.89884424, -8.95836006e-006, -0.43826822, 0.43826822, -1.89503123e-005, 0.898844239, -1.635749e-005, -1, -1.31072145e-005, 0, 0, 0, 0, 0, 0, 0, 0.265228735, -0.0986777344, -0.179078711, -0.0938220817, 0.426835023, -0.899445146, -0.993408203, 0.0184326172, 0.112426758, 0.0646675074, 0.904075761, 0.422517439, 0, 0, 0, 0, 0, 0, 0, 0.293500586, -0.039704541, -0.155877148, -0.148962664, 0.172572447, -0.973657472, 0.510009766, -0.830078125, -0.225219727, -0.847115724, -0.53015359, 0.0356272819, 0, 2, 1, 1, 
410.466416, 26, 0.1, 0.1, 0.00754485399, 0.362863785, -0.0199660536, 0.898844392, 2.49296999e-006, -0.438267909, 0.438267909, -1.94859002e-005, 0.898844391, -6.29925266e-006, -1, -1.86073809e-005, 0.898844358, 1.14420507e-005, -0.438267978, 0.438267978, 1.84217784e-005, 0.898844358, 1.83582983e-005, -1, 1.15436272e-005, 0, 0, 0, 0, 0, 0, 0, 0.265228735, -0.0986777344, -0.179078711, -0.0938220817, 0.426835023, -0.899445146, -0.993408203, 0.0184326172, 0.112426758, 0.0646675074, 0.904075761, 0.422517439, 0, 0, 0, 0, 0, 0, 0, 0.293500586, -0.039704541, -0.155877148, -0.148962664, 0.172572447, -0.973657472, 0.510009766, -0.830078125, -0.225219727, -0.847115724, -0.53015359, 0.0356272819, 0, 2, 1, 1, 
410.467199, 26, 0.1, 0.1, 0.0075448557, 0.362863781, -0.0199648957, 0.898844508, 1.20588895e-005, -0.43826767, 0.438267669, 3.24653548e-005, 0.898844508, 2.5067582e-005, -0.999999999, 2.38962845e-005, 0.898844504, 1.78635976e-005, -0.438267679, 0.438267679, -8.71761242e-007, 0.898844504, 1.56745318e-005, -1, -8.61261527e-006, 0, 0, 0, 0, 0, 0, 0, 0.265228735, -0.0986777344, -0.179078711, -0.0938220817, 0.426835023, -0.899445146, -0.993408203, 0.0184326172, 0.112426758, 0.0646675074, 0.904075761, 0.422517439, 0, 0, 0, 0, 0, 0, 0, 0.293500586, -0.039704541, -0.155877148, -0.148962664, 0.172572447, -0.973657472, 0.510009766, -0.830078125, -0.225219727, -0.847115724, -0.53015359, 0.0356272819, 0, 2, 1, 1, 
410.46801, 26, 0.1, 0.1, 0.0075448503, 0.362863785, -0.0199639283, 0.898844353, -2.48224544e-005, -0.438267987, 0.438267986, -3.0994855e-005, 0.898844353, -3.58955757e-005, -0.999999999, -1.69806633e-005, 0.89884441, -4.00601441e-005, -0.43826787, 0.43826787, -2.13197798e-006, 0.89884441, -3.6942214e-005, -0.999999999, 1.56407575e-005, 0, 0, 0, 0, 0, 0, 0, 0.265152197, -0.0984192139, -0.179274243, -0.0952819954, 0.427539331, -0.898949772, -0.993286133, 0.0172119141, 0.113525391, 0.0640335915, 0.903840618, 0.423304123, 0, 0, 0, 0, 0, 0, 0, 0.293962207, -0.039675, -0.155879102, -0.148892302, 0.173268774, -0.973459511, 0.510864258, -0.829345703, -0.225708008, -0.846617358, -0.530939602, 0.0349116322, 0, 2, 1, 1, 
410.46879, 26, 0.1, 0.1, 0.00754485293, 0.362863782, -0.0199635233, 0.898843899, -8.65730134e-006, -0.438268919, 0.438268919, 2.18482657e-005, 0.898843899, 1.79385332e-006, -1, 2.34324065e-005, 0.898844005, 1.83224158e-005, -0.438268701, 0.438268701, -2.01130707e-006, 0.898844005, 1.55875006e-005, -1, -9.83799266e-006, 0, 0, 0, 0, 0, 0, 0, 0.265152197, -0.0984192139, -0.179274243, -0.0952819954, 0.427539331, -0.898949772, -0.993286133, 0.0172119141, 0.113525391, 0.0640335915, 0.903840618, 0.423304123, 0, 0, 0, 0, 0, 0, 0, 0.293962207, -0.039675, -0.155879102, -0.148892302, 0.173268774, -0.973459511, 0.510864258, -0.829345703, -0.225708008, -0.846617358, -0.530939602, 0.0349116322, 0, 2, 1, 1, 
410.469568, 26, 0.1, 0.1, 0.00754484622, 0.362863785, -0.0199639717, 0.898843266, 1.16585062e-005, -0.438270217, 0.438270217, -1.43492251e-005, 0.898843266, 4.19033178e-006, -1, -1.80072804e-005, 0.898843392, -2.61470983e-005, -0.438269957, 0.438269957, 4.49404729e-006, 0.898843393, -2.15325406e-005, -1, 1.54989324e-005, 0, 0, 0, 0, 0, 0, 0, 0.265152197, -0.0984192139, -0.179274243, -0.0952819954, 0.427539331, -0.898949772, -0.993286133, 0.0172119141, 0.113525391, 0.0640335915, 0.903840618, 0.423304123, 0, 0, 0, 0, 0, 0, 0, 0.293962207, -0.039675, -0.155879102, -0.148892302, 0.173268774, -0.973459511, 0.510864258, -0.829345703, -0.225708008, -0.846617358, -0.530939602, 0.0349116322, 0, 2, 1, 1, 
410.470382, 26, 0.1, 0.1, 0.00754484837, 0.36286378, -0.0199648633, 0.898842709, -3.40899959e-005, -0.438271357, 0.438271358, 4.23310107e-006, 0.89884271, -2.87862974e-005, -0.999999999, 1.87455608e-005, 0.898842798, -9.95983084e-006, -0.438271176, 0.438271175, -2.18490296e-005, 0.898842798, -1.85281221e-005, -1, -1.52737362e-005, 0, 0, 0, 0, 0, 0, 0, 0.265110205, -0.0981559326, -0.179471118, -0.096081784, 0.428345111, -0.898473494, -0.993286133, 0.0164794922, 0.114013672, 0.0636658978, 0.903465811, 0.42397024, 0, 0, 0, 0, 0, 0, 0, 0.293962207, -0.039675, -0.155879102, -0.148604656, 0.17400338, -0.973357433, 0.512207031, -0.828491211, -0.226318359, -0.845850669, -0.532089819, 0.0339404194, 0, 2, 1, 1, 
410.471165, 26, 0.1, 0.1, 0.00754484815, 0.362863785, -0.019965763, 0.898842489, 3.50884042e-005, -0.438271809, 0.43827181, -5.53645519e-006, 0.898842489, 2.91124764e-005, -0.999999999, -2.03546596e-005, 0.898842503, 2.12607039e-005, -0.438271781, 0.43827178, 2.30384409e-005, 0.898842504, 2.92071228e-005, -1, 1.13899633e-005, 0, 0, 0, 0, 0, 0, 0, 0.265110205, -0.0981559326, -0.179471118, -0.096081784, 0.428345111, -0.898473494, -0.993286133, 0.0164794922, 0.114013672, 0.0636658978, 0.903465811, 0.42397024, 0, 0, 0, 0, 0, 0, 0, 0.293997363, -0.0394273438, -0.155892773, -0.148604656, 0.17400338, -0.973357433, 0.512207031, -0.828491211, -0.226318359, -0.845850669, -0.532089819, 0.0339404194, 0, 2, 1, 1, 
410.471946, 26, 0.1, 0.1, 0.00754484968, 0.36286378, -0.0199666503, 0.8988426, -9.0757348e-006, -0.438271583, 0.438271583, 1.12746406e-005, 0.8988426, -3.21630246e-006, -1, 1.4111764e-005, 0.89884256, -7.10172641e-006, -0.438271664, 0.438271664, -2.18358653e-005, 0.89884256, -1.5953375e-005, -1, -1.65145196e-005, 0, 0, 0, 0, 0, 0, 0, 0.265110205, -0.0981559326, -0.179471118, -0.096081784, 0.428345111, -0.898473494, -0.993286133, 0.0164794922, 0.114013672, 0.0636658978, 0.903465811, 0.42397024, 0, 0, 0, 0, 0, 0, 0, 0.293997363, -0.0394273438, -0.155892773, -0.148604656, 0.17400338, -0.973357433, 0.512207031, -0.828491211, -0.226318359, -0.845850669, -0.532089819, 0.0339404194, 0, 2, 1, 1, 
410.472729, 26, 0.1, 0.1, 0.00754485191, 0.362863785, -0.0199672178, 0.898842909, 2.71467932e-006, -0.43827095, 0.43827095, -2.05612377e-005, 0.898842908, -6.57132294e-006, -1, -1.96710878e-005, 0.898842844, 1.1729958e-005, -0.438271083, 0.438271082, 1.6767882e-005, 0.898842844, 1.78922666e-005, -1, 9.93078937e-006, 0, 0, 0, 0, 0, 0, 0, 0.265110205, -0.0981559326, -0.179471118, -0.096081784, 0.428345111, -0.898473494, -0.993286133, 0.0164794922, 0.114013672, 0.0636658978, 0.903465811, 0.42397024, 0, 0, 0, 0, 0, 0, 0, 0.293997363, -0.0394273438, -0.155892773, -0.148604656, 0.17400338, -0.973357433, 0.512207031, -0.828491211, -0.226318359, -0.845850669, -0.532089819, 0.0339404194, 0, 2, 1, 1, 
410.473507, 26, 0.1, 0.1, 0.00754485341, 0.362863781, -0.0199673195, 0.898843166, 1.00977019e-005, -0.438270422, 0.438270422, 2.64511393e-005, 0.898843166, 2.06690024e-005, -1, 1.93499017e-005, 0.898843133, 1.57349143e-005, -0.438270489, 0.438270489, -4.60888592e-006, 0.898843133, 1.2123281e-005, -1, -1.1038814e-005, 0, 0, 0, 0, 0, 0, 0, 0.265110205, -0.0981559326, -0.179471118, -0.096081784, 0.428345111, -0.898473494, -0.993286133, 0.0164794922, 0.114013672, 0.0636658978, 0.903465811, 0.42397024, 0, 0, 0, 0, 0, 0, 0, 0.293997363, -0.0394273438, -0.155892773, -0.148604656, 0.17400338, -0.973357433, 0.512207031, -0.828491211, -0.226318359, -0.845850669, -0.532089819, 0.0339404194, 0, 2, 1, 1, 
410.474288, 26, 0.1, 0.1, 0.00754484856, 0.362863784, -0.0199669847, 0.898843164, -2.38230297e-005, -0.438270425, 0.438270425, -2.65486574e-005, 0.898843164, -3.30486588e-005, -0.999999999, -1.34221499e-005, 0.89884319, -3.73163402e-005, -0.438270372, 0.438270372, -3.99046922e-007, 0.89884319, -3.37164287e-005, -0.999999999, 1.59959657e-005, 0, 0, 0, 0, 0, 0, 0, 0.265110205, -0.0981559326, -0.179471118, -0.096081784, 0.428345111, -0.898473494, -0.993286133, 0.0164794922, 0.114013672, 0.0636658978, 0.903465811, 0.42397024, 0, 0, 0, 0, 0, 0, 0, 0.293997363, -0.0394273438, -0.155892773, -0.148604656, 0.17400338, -0.973357433, 0.512207031, -0.828491211, -0.226318359, -0.845850669, -0.532089819, 0.0339404194, 0, 2, 1, 1, 
410.4751, 26, 0.1, 0.1, 0.00754485036, 0.362863782, -0.0199661638, 0.898842856, -1.40951868e-005, -0.438271059, 0.438271059, 2.57730494e-005, 0.898842855, -1.37377633e-006, -1, 2.93434337e-005, 0.898842938, 1.33846249e-005, -0.43827089, 0.43827089, 1.99939375e-006, 0.898842938, 1.29069516e-005, -1, -4.06895051e-006, 0, 0, 0, 0, 0, 0, 0, 0.26488623, -0.0980928223, -0.179438037, -0.0961259674, 0.429614065, -0.897901735, -0.993164062, 0.0167236328, 0.114379883, 0.0641672635, 0.902894053, 0.425239193, 0, 0, 0, 0, 0, 0, 0, 0.293997363, -0.0394273438, -0.155892773, -0.149907991, 0.175479156, -0.973005988, 0.512939453, -0.827392578, -0.228271484, -0.845128456, -0.533284879, 0.0341001005, 0, 2, 1, 1, 
410.475885, 26, 0.1, 0.1, 0.00754484755, 0.362863787, -0.0199650645, 0.898842569, -1.17763738e-006, -0.438271647, 0.438271647, -1.72186168e-005, 0.898842569, -8.60494216e-006, -1, -1.49607007e-005, 0.898842631, -1.51759154e-005, -0.438271519, 0.438271519, 1.32876837e-005, 0.898842631, -7.81714642e-006, -1, 1.8594708e-005, 0, 0, 0, 0, 0, 0, 0, 0.26488623, -0.0980928223, -0.179438037, -0.0961259674, 0.429614065, -0.897901735, -0.993164062, 0.0167236328, 0.114379883, 0.0641672635, 0.902894053, 0.425239193, 0, 0, 0, 0, 0, 0, 0, 0.293926318, -0.0391315918, -0.156089404, -0.149907991, 0.175479156, -0.973005988, 0.512939453, -0.827392578, -0.228271484, -0.845128456, -0.533284879, 0.0341001005, 0, 2, 1, 1, 
410.476667, 26, 0.1, 0.1, 0.00754484894, 0.362863783, -0.0199643252, 0.898842259, -8.29912453e-006, -0.438272282, 0.438272282, 1.76800123e-005, 0.898842259, 2.89055489e-007, -1, 1.95288184e-005, 0.898842303, -5.15825221e-006, -0.438272193, 0.438272193, -1.66450213e-005, 0.898842303, -1.19315053e-005, -1, -1.27005307e-005, 0, 0, 0, 0, 0, 0, 0, 0.26488623, -0.0980928223, -0.179438037, -0.0961259674, 0.429614065, -0.897901735, -0.993164062, 0.0167236328, 0.114379883, 0.0641672635, 0.902894053, 0.425239193, 0, 0, 0, 0, 0, 0, 0, 0.293926318, -0.0391315918, -0.156089404, -0.149907991, 0.175479156, -0.973005988, 0.512939453, -0.827392578, -0.228271484, -0.845128456, -0.533284879, 0.0341001005, 0, 2, 1, 1, 
410.477447, 26, 0.1, 0.1, 0.00754484779, 0.362863787, -0.0199641782, 0.89884205, 7.24550806e-006, -0.438272712, 0.438272712, -2.21749352e-005, 0.898842049, -3.20610166e-006, -1, -2.31072727e-005, 0.898842096, -7.17330452e-006, -0.438272616, 0.438272616, 7.92521298e-006, 0.898842096, -2.97426425e-006, -1, 1.0267378e-005, 0, 0, 0, 0, 0, 0, 0, 0.26488623, -0.0980928223, -0.179438037, -0.0961259674, 0.429614065, -0.897901735, -0.993164062, 0.0167236328, 0.114379883, 0.0641672635, 0.902894053, 0.425239193, 0, 0, 0, 0, 0, 0, 0, 0.293926318, -0.0391315918, -0.156089404, -0.149907991, 0.175479156, -0.973005988, 0.512939453, -0.827392578, -0.228271484, -0.845128456, -0.533284879, 0.0341001005, 0, 2, 1, 1, 
410.47823, 26, 0.1, 0.1, 0.00754485119, 0.362863782, -0.0199646403, 0.898841805, 6.68592148e-007, -0.438273213, 0.438273213, 1.56545253e-005, 0.898841805, 7.46191766e-006, -1, 1.37779157e-005, 0.898841836, 3.99088141e-006, -0.43827315, 0.43827315, -1.90176662e-005, 0.898841836, -4.74776128e-006, -1, -1.88429701e-005, 0, 0, 0, 0, 0, 0, 0, 0.26488623, -0.0980928223, -0.179438037, -0.0961259674, 0.429614065, -0.897901735, -0.993164062, 0.0167236328, 0.114379883, 0.0641672635, 0.902894053, 0.425239193, 0, 0, 0, 0, 0, 0, 0, 0.293926318, -0.0391315918, -0.156089404, -0.149907991, 0.175479156, -0.973005988, 0.512939453, -0.827392578, -0.228271484, -0.845128456, -0.533284879, 0.0341001005, 0, 2, 1, 1, 
410.479011, 26, 0.1, 0.1, 0.00754485014, 0.362863786, -0.0199654973, 0.898841584, 1.59709185e-005, -0.438273665, 0.438273666, -1.58389285e-005, 0.898841584, 7.41354039e-006, -1, -2.12363206e-005, 0.898841619, 2.72616752e-006, -0.438273594, 0.438273594, 1.22834721e-005, 0.898841619, 7.83391428e-006, -1, 9.84608871e-006, 0, 0, 0, 0, 0, 0, 0, 0.26488623, -0.0980928223, -0.179438037, -0.0961259674, 0.429614065, -0.897901735, -0.993164062, 0.0167236328, 0.114379883, 0.0641672635, 0.902894053, 0.425239193, 0, 0, 0, 0, 0, 0, 0, 0.293926318, -0.0391315918, -0.156089404, -0.149907991, 0.175479156, -0.973005988, 0.512939453, -0.827392578, -0.228271484, -0.845128456, -0.533284879, 0.0341001005, 0, 2, 1, 1, 
410.479832, 26, 0.1, 0.1, 0.0075448521, 0.362863782, -0.0199663236, 0.898841439, -1.76258048e-005, -0.438273964, 0.438273964, 1.7470505e-005, 0.898841439, -8.18593627e-006, -1, 2.34281452e-005, 0.898841487, 1.09796429e-005, -0.438273866, 0.438273866, -8.83739377e-006, 0.898841487, 5.99575981e-006, -1, -1.27555067e-005, 0, 0, 0, 0, 0, 0, 0, 0.264660913, -0.0980371582, -0.179400195, -0.0961892468, 0.430743355, -0.897228505, -0.993164062, 0.0169677734, 0.114624023, 0.0645480618, 0.902220823, 0.426368484, 0, 0, 0, 0, 0, 0, 0, 0.293926318, -0.0391315918, -0.156089404, -0.15064916, 0.176220325, -0.972654543, 0.512817383, -0.827148438, -0.229248047, -0.845083613, -0.533329721, 0.0342597815, 0, 2, 1, 1, 
