time, trialNum, realDorsalTactorPos, realVentralTactorPos, box1PosX, box1PosY, box1PosZ, box1LocalRot_11, box1LocalRot_12, box1LocalRot_13, box1LocalRot_21, box1LocalRot_22, box1LocalRot_23, box1LocalRot_31, box1LocalRot_32, box1LocalRot_33, box1GlobalRot_11, box1GlobalRot_12, box1GlobalRot_13, box1GlobalRot_21, box1GlobalRot_22, box1GlobalRot_23, box1GlobalRot_31, box1GlobalRot_32, box1GlobalRot_33, indexForceX, indexForceY, indexForceZ, indexForceGlobalX, indexForceGlobalY, indexForceGlobalZ, indexContact, indexPosX, indexPosY, indexPosZ, indexRot_11, indexRot_12, indexRot_13, indexRot_21, indexRot_22, indexRot_23, indexRot_31, indexRot_32, indexRot_33, thumbForceX, thumbForceY, thumbForceZ, thumbForceGlobalX, thumbForceGlobalY, thumbForceGlobalZ, thumbContact, thumbPosX, thumbPosY, thumbPosZ, thumbRot_11, thumbRot_12, thumbRot_13, thumbRot_21, thumbRot_22, thumbRot_23, thumbRot_31, thumbRot_32, thumbRot_33, manipForceTooHigh, cceExpType, mapping, trialSuccess, 
435.114602, 58, 0.1, 0.1, 0.00965294338, 0.349218351, -0.0199624656, 0.969309866, -0.245842193, 1.69016629e-005, 0.245842193, 0.969309866, 1.90576567e-005, -2.10681247e-005, -1.43176328e-005, 1, 0.969309832, -0.245842326, 4.35332635e-006, 0.245842326, 0.969309832, 1.50519814e-005, -7.92013617e-006, -1.35198017e-005, 1, 0, 0, 0, 0, 0, 0, 0, 0.229210547, -0.0879838379, -0.205564746, -0.163291965, 0.77080055, -0.615767409, -0.902099609, 0.135986328, 0.409423828, 0.399357732, 0.622434999, 0.673219206, 0, 0, -0, 0, 0, 0, 0, 0.283645898, -0.0611383789, -0.156876514, -0.072448674, 0.587111166, -0.806166557, 0.529418945, -0.662353516, -0.529907227, -0.845210915, -0.465103841, -0.262831192, 0, 2, 5, 1, 
435.135154, 58, 0.1, 0.1, 0.00965294776, 0.349218369, -0.0199709678, 0.969310432, -0.245839961, 1.9550541e-005, 0.245839962, 0.969310432, -6.73834487e-006, -1.72939889e-005, 1.13378522e-005, 1, 0.96931037, -0.245840206, 2.03564259e-005, 0.245840206, 0.96931037, -2.2308269e-005, -1.42474253e-005, 2.66280644e-005, 1, 0, 0, 0, 0, 0, 0, 0, 0.237233521, -0.0992164551, -0.202166357, -0.17524048, 0.778376079, -0.60269896, -0.91003418, 0.10534668, 0.400634766, 0.375419476, 0.618763314, 0.690182525, 0, 0, -0, 0, 0, 0, 0, 0.290401367, -0.0697678223, -0.15406792, -0.0794684442, 0.575631951, -0.81368726, 0.550537109, -0.655151367, -0.517333984, -0.830974112, -0.489017756, -0.264849076, 0, 2, 5, 1, 
435.13594, 58, 0.1, 0.1, 0.00965295014, 0.349218366, -0.019972621, 0.96931066, -0.245839063, 5.81487565e-007, 0.245839063, 0.96931066, 5.16883047e-006, -1.83434254e-006, -4.86725012e-006, 1, 0.969310621, -0.245839215, -1.55840504e-005, 0.245839215, 0.969310621, 1.88007094e-005, 1.04838339e-005, -2.20548981e-005, 1, 0, 0, 0, 0, 0, 0, 0, 0.237233521, -0.0992164551, -0.202166357, -0.17524048, 0.778376079, -0.60269896, -0.91003418, 0.10534668, 0.400634766, 0.375419476, 0.618763314, 0.690182525, 0, 0, -0, 0, 0, 0, 0, 0.290401367, -0.0697678223, -0.15406792, -0.0794684442, 0.575631951, -0.81368726, 0.550537109, -0.655151367, -0.517333984, -0.830974112, -0.489017756, -0.264849076, 0, 2, 5, 1, 
435.136727, 58, 0.1, 0.1, 0.00965294781, 0.349218372, -0.0199719193, 0.969310889, -0.24583816, 1.70692653e-005, 0.24583816, 0.969310889, -1.38429229e-005, -1.3142306e-005, 1.76143727e-005, 1, 0.96931085, -0.245838313, 1.96168194e-005, 0.245838314, 0.969310849, -3.04874879e-005, -1.15198033e-005, 3.43744186e-005, 0.999999999, 0, 0, 0, 0, 0, 0, 0, 0.237233521, -0.0992164551, -0.202166357, -0.17524048, 0.778376079, -0.60269896, -0.91003418, 0.10534668, 0.400634766, 0.375419476, 0.618763314, 0.690182525, 0, 0, -0, 0, 0, 0, 0, 0.290401367, -0.0697678223, -0.15406792, -0.0794684442, 0.575631951, -0.81368726, 0.550537109, -0.655151367, -0.517333984, -0.830974112, -0.489017756, -0.264849076, 0, 2, 5, 1, 
435.137524, 58, 0.1, 0.1, 0.00965295112, 0.349218369, -0.019969179, 0.969311005, -0.2458377, -8.35178538e-007, 0.2458377, 0.969311005, -9.66692745e-007, 1.04719727e-006, 7.31707545e-007, 1, 0.969310986, -0.245837777, -2.08557743e-005, 0.245837777, 0.969310986, 1.49220849e-005, 1.65473189e-005, -1.9591278e-005, 1, 0, 0, 0, 0, 0, 0, 0, 0.237233521, -0.0992164551, -0.202166357, -0.17524048, 0.778376079, -0.60269896, -0.91003418, 0.10534668, 0.400634766, 0.375419476, 0.618763314, 0.690182525, 0, 0, -0, 0, 0, 0, 0, 0.290401367, -0.0697678223, -0.15406792, -0.0799919635, 0.572762422, -0.815738327, 0.554321289, -0.654541016, -0.514038086, -0.828328796, -0.493247123, -0.265187395, 0, 2, 5, 1, 
435.138305, 58, 0.1, 0.1, 0.00965294706, 0.349218367, -0.019965465, 0.969311006, -0.245837698, -5.77295377e-006, 0.245837698, 0.969311006, 4.91643203e-006, 4.38714329e-006, -6.18476134e-006, 1, 0.969311014, -0.245837664, 1.64661137e-005, 0.245837664, 0.969311014, 1.9798883e-005, -2.08280965e-005, -1.51432844e-005, 1, 0, 0, 0, 0, 0, 0, 0, 0.237233521, -0.0992164551, -0.202166357, -0.17524048, 0.778376079, -0.60269896, -0.91003418, 0.10534668, 0.400634766, 0.375419476, 0.618763314, 0.690182525, 0, 0, -0, 0, 0, 0, 0, 0.291538574, -0.071386084, -0.153541016, -0.0799919635, 0.572762422, -0.815738327, 0.554321289, -0.654541016, -0.514038086, -0.828328796, -0.493247123, -0.265187395, 0, 2, 5, 1, 
435.139089, 58, 0.1, 0.1, 0.00965294588, 0.349218369, -0.0199621408, 0.969310905, -0.245838094, 3.29658706e-005, 0.245838093, 0.969310906, 1.6943763e-005, -3.61196003e-005, -8.31950752e-006, 0.999999999, 0.969310925, -0.245838014, 2.3250868e-005, 0.245838014, 0.969310926, 8.73629329e-006, -2.46850334e-005, -2.75223732e-006, 1, 0, 0, 0, 0, 0, 0, 0, 0.237233521, -0.0992164551, -0.202166357, -0.17524048, 0.778376079, -0.60269896, -0.91003418, 0.10534668, 0.400634766, 0.375419476, 0.618763314, 0.690182525, 0, 0, -0, 0, 0, 0, 0, 0.291538574, -0.071386084, -0.153541016, -0.0799919635, 0.572762422, -0.815738327, 0.554321289, -0.654541016, -0.514038086, -0.828328796, -0.493247123, -0.265187395, 0, 2, 5, 1, 
435.139885, 58, 0.1, 0.1, 0.00965294686, 0.349218372, -0.0199601854, 0.969310869, -0.245838237, -2.97725971e-005, 0.245838237, 0.969310869, -1.00824213e-006, 2.91067665e-005, -6.34194274e-006, 1, 0.969310863, -0.245838261, -2.47745219e-005, 0.245838261, 0.969310863, -2.246871e-005, 2.95378818e-005, 1.56886393e-005, 0.999999999, 0, 0, 0, 0, 0, 0, 0, 0.238037256, -0.101003125, -0.201475024, -0.17684717, 0.778331896, -0.602324154, -0.910766602, 0.102539062, 0.399902344, 0.373078521, 0.61926468, 0.690988305, 0, 0, -0, 0, 0, 0, 0, 0.291538574, -0.071386084, -0.153541016, -0.0799919635, 0.572762422, -0.815738327, 0.554321289, -0.654541016, -0.514038086, -0.828328796, -0.493247123, -0.265187395, 0, 2, 5, 1, 
435.140667, 58, 0.1, 0.1, 0.0096529446, 0.349218372, -0.0199601481, 0.96931098, -0.2458378, 1.01779224e-005, 0.2458378, 0.96931098, -8.28550615e-006, -7.82868129e-006, 1.05333501e-005, 1, 0.969310951, -0.245837913, 2.81863893e-005, 0.245837914, 0.969310951, -1.2317185e-005, -2.42933448e-005, 1.88684654e-005, 1, 0, 0, 0, 0, 0, 0, 0, 0.238037256, -0.101003125, -0.201475024, -0.17684717, 0.778331896, -0.602324154, -0.910766602, 0.102539062, 0.399902344, 0.373078521, 0.61926468, 0.690988305, 0, 0, -0, 0, 0, 0, 0, 0.291538574, -0.071386084, -0.153541016, -0.0799919635, 0.572762422, -0.815738327, 0.554321289, -0.654541016, -0.514038086, -0.828328796, -0.493247123, -0.265187395, 0, 2, 5, 1, 
435.141448, 58, 0.1, 0.1, 0.00965294996, 0.349218372, -0.0199619846, 0.969311101, -0.245837323, 9.45951377e-006, 0.245837323, 0.969311101, -7.72190178e-006, -7.27088005e-006, 9.81042666e-006, 1, 0.969311087, -0.245837379, -1.85448562e-005, 0.245837379, 0.969311087, -9.87821388e-006, 2.04041689e-005, 5.01604338e-006, 1, 0, 0, 0, 0, 0, 0, 0, 0.238037256, -0.101003125, -0.201475024, -0.17684717, 0.778331896, -0.602324154, -0.910766602, 0.102539062, 0.399902344, 0.373078521, 0.61926468, 0.690988305, 0, 0, -0, 0, 0, 0, 0, 0.291538574, -0.071386084, -0.153541016, -0.0799919635, 0.572762422, -0.815738327, 0.554321289, -0.654541016, -0.514038086, -0.828328796, -0.493247123, -0.265187395, 0, 2, 5, 1, 
435.142259, 58, 0.1, 0.1, 0.00965295134, 0.349218369, -0.0199649271, 0.969311079, -0.245837407, -3.04593266e-005, 0.245837407, 0.96931108, -8.39211967e-006, 3.15876597e-005, 6.46532706e-007, 1, 0.969311098, -0.245837333, -2.33182547e-005, 0.245837333, 0.969311098, 1.40103098e-005, 1.91583859e-005, -1.93128463e-005, 1, 0, 0, 0, 0, 0, 0, 0, 0.238746631, -0.102752441, -0.201819214, -0.180369834, 0.779055301, -0.600362874, -0.910522461, 0.0986328125, 0.401489258, 0.371906169, 0.619150103, 0.691666405, 0, 0, -0, 0, 0, 0, 0, 0.291538574, -0.071386084, -0.153541016, -0.0801129985, 0.570314701, -0.81739967, 0.557739258, -0.653930664, -0.510986328, -0.826009406, -0.496818442, -0.265730237, 0, 2, 5, 1, 
435.143039, 58, 0.1, 0.1, 0.00965295202, 0.349218367, -0.0199676091, 0.969310981, -0.245837795, 1.75095616e-005, 0.245837794, 0.969310981, 1.98775282e-005, -2.1858858e-005, -1.49629944e-005, 1, 0.969310998, -0.245837728, 1.55209161e-005, 0.245837728, 0.969310998, 2.59512652e-005, -2.14243947e-005, -2.13392201e-005, 1, 0, 0, 0, 0, 0, 0, 0, 0.238746631, -0.102752441, -0.201819214, -0.180369834, 0.779055301, -0.600362874, -0.910522461, 0.0986328125, 0.401489258, 0.371906169, 0.619150103, 0.691666405, 0, 0, -0, 0, 0, 0, 0, 0.292695557, -0.0731858398, -0.152992627, -0.0801129985, 0.570314701, -0.81739967, 0.557739258, -0.653930664, -0.510986328, -0.826009406, -0.496818442, -0.265730237, 0, 2, 5, 1, 
435.143819, 58, 0.1, 0.1, 0.00965295459, 0.349218367, -0.0199695619, 0.969310962, -0.245837871, -1.03120067e-005, 0.245837871, 0.969310962, 1.52816438e-005, 6.23873434e-006, -1.73477467e-005, 1, 0.969310957, -0.245837892, -2.13689845e-005, 0.245837892, 0.969310957, 8.0646304e-006, 1.87305991e-005, -1.30704407e-005, 1, 0, 0, 0, 0, 0, 0, 0, 0.238746631, -0.102752441, -0.201819214, -0.180369834, 0.779055301, -0.600362874, -0.910522461, 0.0986328125, 0.401489258, 0.371906169, 0.619150103, 0.691666405, 0, 0, -0, 0, 0, 0, 0, 0.292695557, -0.0731858398, -0.152992627, -0.0801129985, 0.570314701, -0.81739967, 0.557739258, -0.653930664, -0.510986328, -0.826009406, -0.496818442, -0.265730237, 0, 2, 5, 1, 
435.144637, 58, 0.1, 0.1, 0.00965295167, 0.349218367, -0.0199702022, 0.969311046, -0.245837542, -9.22966684e-006, 0.245837542, 0.969311046, 5.75962265e-006, 7.53048654e-006, -7.85186446e-006, 1, 0.969311025, -0.245837624, 1.57494938e-005, 0.245837624, 0.969311025, -3.35057672e-006, -1.44424601e-005, 7.11956908e-006, 1, 0, 0, 0, 0, 0, 0, 0, 0.238746631, -0.102752441, -0.201819214, -0.180369834, 0.779055301, -0.600362874, -0.910522461, 0.0986328125, 0.401489258, 0.371906169, 0.619150103, 0.691666405, 0, 0, -0, 0, 0, 0, 0, 0.292695557, -0.0731858398, -0.152992627, -0.0801129985, 0.570314701, -0.81739967, 0.557739258, -0.653930664, -0.510986328, -0.826009406, -0.496818442, -0.265730237, 0, 2, 5, 1, 
435.145545, 58, 0.1, 0.1, 0.00965295129, 0.349218368, -0.0199674253, 0.969311104, -0.245837309, 3.66429199e-005, 0.245837309, 0.969311105, -5.28656199e-006, -3.4218755e-005, 1.41325201e-005, 0.999999999, 0.969311106, -0.245837302, 2.87246291e-005, 0.245837303, 0.969311106, -1.43384194e-005, -2.43181837e-005, 2.09599745e-005, 0.999999999, 0, 0, 0, 0, 0, 0, 0, 0.238746631, -0.102752441, -0.201819214, -0.180369834, 0.779055301, -0.600362874, -0.910522461, 0.0986328125, 0.401489258, 0.371906169, 0.619150103, 0.691666405, 0, 0, -0, 0, 0, 0, 0, 0.292695557, -0.0731858398, -0.152992627, -0.0801129985, 0.570314701, -0.81739967, 0.557739258, -0.653930664, -0.510986328, -0.826009406, -0.496818442, -0.265730237, 0, 2, 5, 1, 
435.146336, 58, 0.1, 0.1, 0.00965295213, 0.34921837, -0.0199638199, 0.969311021, -0.245837639, -1.90193294e-005, 0.245837638, 0.969311021, -2.77789259e-005, 2.52647512e-005, 2.22507519e-005, 0.999999999, 0.969311046, -0.245837538, -2.06399698e-005, 0.245837538, 0.969311046, -2.22718507e-005, 2.54818077e-005, 1.65142716e-005, 1, 0, 0, 0, 0, 0, 0, 0, 0.238746631, -0.102752441, -0.201819214, -0.180369834, 0.779055301, -0.600362874, -0.910522461, 0.0986328125, 0.401489258, 0.371906169, 0.619150103, 0.691666405, 0, 0, -0, 0, 0, 0, 0, 0.292695557, -0.0731858398, -0.152992627, -0.0801129985, 0.570314701, -0.81739967, 0.557739258, -0.653930664, -0.510986328, -0.826009406, -0.496818442, -0.265730237, 0, 2, 5, 1, 
435.147154, 58, 0.1, 0.1, 0.00965294976, 0.349218369, -0.0199608415, 0.96931089, -0.245838157, 9.15110543e-006, 0.245838157, 0.969310889, -1.45201157e-005, -5.30066768e-006, 1.63241971e-005, 1, 0.969310913, -0.245838062, 2.16654654e-005, 0.245838062, 0.969310914, 1.09968967e-005, -2.37040279e-005, -5.33321591e-006, 1, 0, 0, 0, 0, 0, 0, 0, 0.240380469, -0.104383862, -0.201429004, -0.183106937, 0.777571421, -0.601467077, -0.911621094, 0.0946044922, 0.399902344, 0.367890374, 0.62148619, 0.691717701, 0, 0, -0, 0, 0, 0, 0, 0.292695557, -0.0731858398, -0.152992627, -0.0804578803, 0.568199468, -0.818933048, 0.559204102, -0.654296875, -0.508911133, -0.825063713, -0.498881902, -0.265154945, 0, 2, 5, 1, 
435.147945, 58, 0.1, 0.1, 0.00965295522, 0.349218371, -0.0199594568, 0.969310892, -0.245838148, 5.92971709e-006, 0.245838148, 0.969310892, 1.22905847e-005, -8.76923395e-006, -1.0455647e-005, 1, 0.969310879, -0.245838199, -2.48464845e-005, 0.245838199, 0.969310879, 1.18949898e-005, 2.11597249e-005, -1.76381581e-005, 1, 0, 0, 0, 0, 0, 0, 0, 0.240380469, -0.104383862, -0.201429004, -0.183106937, 0.777571421, -0.601467077, -0.911621094, 0.0946044922, 0.399902344, 0.367890374, 0.62148619, 0.691717701, 0, 0, -0, 0, 0, 0, 0, 0.293585596, -0.075155127, -0.152635498, -0.0804578803, 0.568199468, -0.818933048, 0.559204102, -0.654296875, -0.508911133, -0.825063713, -0.498881902, -0.265154945, 0, 2, 5, 1, 
435.148729, 58, 0.1, 0.1, 0.00965295555, 0.349218371, -0.0199602504, 0.969311011, -0.245837675, -3.69772069e-005, 0.245837676, 0.969311012, 1.1466735e-005, 3.30234583e-005, -2.02052231e-005, 0.999999999, 0.969310987, -0.245837771, -2.22970273e-005, 0.245837771, 0.969310987, 7.3829017e-006, 1.97977574e-005, -1.26377792e-005, 1, 0, 0, 0, 0, 0, 0, 0, 0.240380469, -0.104383862, -0.201429004, -0.183106937, 0.777571421, -0.601467077, -0.911621094, 0.0946044922, 0.399902344, 0.367890374, 0.62148619, 0.691717701, 0, 0, -0, 0, 0, 0, 0, 0.293585596, -0.075155127, -0.152635498, -0.0804578803, 0.568199468, -0.818933048, 0.559204102, -0.654296875, -0.508911133, -0.825063713, -0.498881902, -0.265154945, 0, 2, 5, 1, 
435.14951, 58, 0.1, 0.1, 0.00965295501, 0.34921837, -0.0199627766, 0.969311067, -0.245837455, 2.31621804e-005, 0.245837455, 0.969311067, 2.33124915e-005, -2.81824414e-005, -1.69029246e-005, 0.999999999, 0.969311068, -0.24583745, 2.79829019e-005, 0.24583745, 0.969311069, 4.02995555e-006, -2.81148505e-005, 2.97296473e-006, 1, 0, 0, 0, 0, 0, 0, 0, 0.240380469, -0.104383862, -0.201429004, -0.183106937, 0.777571421, -0.601467077, -0.911621094, 0.0946044922, 0.399902344, 0.367890374, 0.62148619, 0.691717701, 0, 0, -0, 0, 0, 0, 0, 0.293585596, -0.075155127, -0.152635498, -0.0804578803, 0.568199468, -0.818933048, 0.559204102, -0.654296875, -0.508911133, -0.825063713, -0.498881902, -0.265154945, 0, 2, 5, 1, 
435.150307, 58, 0.1, 0.1, 0.00965295775, 0.349218369, -0.0199659897, 0.969310984, -0.245837783, -6.68206631e-006, 0.245837783, 0.969310984, -3.87447985e-006, 7.42949381e-006, 2.11287151e-006, 1, 0.969311007, -0.245837693, -1.84116252e-005, 0.245837692, 0.969311007, -1.26401405e-005, 2.0954014e-005, 7.72595582e-006, 1, 0, 0, 0, 0, 0, 0, 0, 0.240380469, -0.104383862, -0.201429004, -0.183106937, 0.777571421, -0.601467077, -0.911621094, 0.0946044922, 0.399902344, 0.367890374, 0.62148619, 0.691717701, 0, 0, -0, 0, 0, 0, 0, 0.293585596, -0.075155127, -0.152635498, -0.0804578803, 0.568199468, -0.818933048, 0.559204102, -0.654296875, -0.508911133, -0.825063713, -0.498881902, -0.265154945, 0, 2, 5, 1, 
435.15109, 58, 0.1, 0.1, 0.00965295474, 0.349218367, -0.0199688292, 0.96931089, -0.245838156, -3.26873459e-006, 0.245838156, 0.96931089, -8.66466746e-006, 5.29852591e-006, 7.59517684e-006, 1, 0.9693109, -0.245838117, 1.70727174e-005, 0.245838117, 0.9693109, 1.79061907e-006, -1.69889734e-005, 2.4614581e-006, 1, 0, 0, 0, 0, 0, 0, 0, 0.240380469, -0.104383862, -0.201429004, -0.183106937, 0.777571421, -0.601467077, -0.911621094, 0.0946044922, 0.399902344, 0.367890374, 0.62148619, 0.691717701, 0, 0, -0, 0, 0, 0, 0, 0.293585596, -0.075155127, -0.152635498, -0.0804578803, 0.568199468, -0.818933048, 0.559204102, -0.654296875, -0.508911133, -0.825063713, -0.498881902, -0.265154945, 0, 2, 5, 1, 
435.151903, 58, 0.1, 0.1, 0.00965295499, 0.349218365, -0.019970421, 0.969310911, -0.245838072, 2.80640747e-005, 0.245838073, 0.969310911, 4.95174715e-007, -2.73245466e-005, 6.41923978e-006, 1, 0.969310895, -0.245838136, 1.43976676e-005, 0.245838135, 0.969310895, 1.50650495e-005, -1.76593798e-005, -1.10632209e-005, 1, 0, 0, 0, 0, 0, 0, 0, 0.241841846, -0.106243286, -0.201062476, -0.184885491, 0.775986071, -0.603009366, -0.912597656, 0.0919189453, 0.398193359, 0.364464311, 0.623961939, 0.691344016, 0, 0, -0, 0, 0, 0, 0, 0.293585596, -0.075155127, -0.152635498, -0.0806109982, 0.566109754, -0.820293985, 0.561279297, -0.654174805, -0.506713867, -0.823606894, -0.501188166, -0.2650525, 0, 2, 5, 1, 
435.15269, 58, 0.1, 0.1, 0.00965295621, 0.349218365, -0.0199700558, 0.969310997, -0.245837731, -2.27103611e-005, 0.245837731, 0.969310998, 8.70776152e-007, 2.17993331e-005, -6.42711654e-006, 1, 0.969310982, -0.245837792, -2.42157321e-005, 0.245837792, 0.969310982, 6.92676179e-006, 2.17697152e-005, -1.26673284e-005, 1, 0, 0, 0, 0, 0, 0, 0, 0.241841846, -0.106243286, -0.201062476, -0.184885491, 0.775986071, -0.603009366, -0.912597656, 0.0919189453, 0.398193359, 0.364464311, 0.623961939, 0.691344016, 0, 0, -0, 0, 0, 0, 0, 0.294499072, -0.0769045898, -0.152276904, -0.0806109982, 0.566109754, -0.820293985, 0.561279297, -0.654174805, -0.506713867, -0.823606894, -0.501188166, -0.2650525, 0, 2, 5, 1, 
435.153469, 58, 0.1, 0.1, 0.00965295467, 0.349218365, -0.0199683143, 0.969311009, -0.245837687, 1.13097849e-006, 0.245837687, 0.969311009, 1.39302157e-005, -4.52084192e-006, -1.32246743e-005, 1, 0.969311016, -0.245837658, 1.52479774e-005, 0.245837658, 0.969311016, 1.22756761e-005, -1.77978559e-005, -8.15042104e-006, 1, 0, 0, 0, 0, 0, 0, 0, 0.241841846, -0.106243286, -0.201062476, -0.184885491, 0.775986071, -0.603009366, -0.912597656, 0.0919189453, 0.398193359, 0.364464311, 0.623961939, 0.691344016, 0, 0, -0, 0, 0, 0, 0, 0.294499072, -0.0769045898, -0.152276904, -0.0806109982, 0.566109754, -0.820293985, 0.561279297, -0.654174805, -0.506713867, -0.823606894, -0.501188166, -0.2650525, 0, 2, 5, 1, 
435.154271, 58, 0.1, 0.1, 0.00965295845, 0.349218367, -0.0199657453, 0.969310908, -0.245838086, 9.45976901e-006, 0.245838086, 0.969310908, 1.22964504e-005, -1.21923931e-005, -9.59351198e-006, 1, 0.969310934, -0.245837983, -1.26070699e-005, 0.245837983, 0.969310934, -1.35059527e-005, 1.55404469e-005, 9.992171e-006, 1, 0, 0, 0, 0, 0, 0, 0, 0.241841846, -0.106243286, -0.201062476, -0.186498173, 0.77549781, -0.603129934, -0.912841797, 0.0899658203, 0.397949219, 0.362865856, 0.624780824, 0.691363112, 0, 0, -0, 0, 0, 0, 0, 0.294499072, -0.0769045898, -0.152276904, -0.0806109982, 0.566109754, -0.820293985, 0.561279297, -0.654174805, -0.506713867, -0.823606894, -0.501188166, -0.2650525, 0, 2, 5, 1, 
435.155073, 58, 0.1, 0.1, 0.00965295785, 0.349218368, -0.0199629653, 0.969310835, -0.24583837, -2.49219237e-005, 0.24583837, 0.969310835, -1.49388402e-005, 2.78296308e-005, 8.35361456e-006, 1, 0.969310838, -0.245838359, -1.17569005e-005, 0.245838359, 0.969310838, -1.94535916e-005, 1.61785302e-005, 1.596628e-005, 1, 0, 0, 0, 0, 0, 0, 0, 0.242424292, -0.107828442, -0.200622095, -0.186498173, 0.77549781, -0.603129934, -0.912841797, 0.0899658203, 0.397949219, 0.362865856, 0.624780824, 0.691363112, 0, 0, -0, 0, 0, 0, 0, 0.294837891, -0.0783126465, -0.152712891, -0.0823744197, 0.565521703, -0.820555745, 0.561645508, -0.653686523, -0.506958008, -0.823178523, -0.502600143, -0.263729843, 0, 2, 5, 1, 
435.155859, 58, 0.1, 0.1, 0.00965295633, 0.349218367, -0.0199613874, 0.969310905, -0.245838096, 3.37696314e-005, 0.245838096, 0.969310905, -9.46705964e-006, -3.0405908e-005, 1.7478386e-005, 0.999999999, 0.969310881, -0.245838189, 3.35535752e-005, 0.245838189, 0.969310881, -2.9089934e-006, -3.18087038e-005, 1.10684691e-005, 0.999999999, 0, 0, 0, 0, 0, 0, 0, 0.242424292, -0.107828442, -0.200622095, -0.186498173, 0.77549781, -0.603129934, -0.912841797, 0.0899658203, 0.397949219, 0.362865856, 0.624780824, 0.691363112, 0, 0, -0, 0, 0, 0, 0, 0.294837891, -0.0783126465, -0.152712891, -0.0823744197, 0.565521703, -0.820555745, 0.561645508, -0.653686523, -0.506958008, -0.823178523, -0.502600143, -0.263729843, 0, 2, 5, 1, 
435.156644, 58, 0.1, 0.1, 0.00965295945, 0.349218367, -0.0199613757, 0.969311024, -0.245837626, -7.09938423e-006, 0.245837626, 0.969311024, -1.44088955e-005, 1.04237601e-005, 1.22214055e-005, 1, 0.969311003, -0.245837708, -2.72748075e-005, 0.245837708, 0.969311003, 2.12597907e-006, 2.59151252e-005, -8.76591108e-006, 1, 0, 0, 0, 0, 0, 0, 0, 0.242424292, -0.107828442, -0.200622095, -0.186498173, 0.77549781, -0.603129934, -0.912841797, 0.0899658203, 0.397949219, 0.362865856, 0.624780824, 0.691363112, 0, 0, -0, 0, 0, 0, 0, 0.294837891, -0.0783126465, -0.152712891, -0.0823744197, 0.565521703, -0.820555745, 0.561645508, -0.653686523, -0.506958008, -0.823178523, -0.502600143, -0.263729843, 0, 2, 5, 1, 
435.157422, 58, 0.1, 0.1, 0.00965295656, 0.349218366, -0.0199627674, 0.969311019, -0.245837645, -1.50064329e-005, 0.245837645, 0.969311019, 7.25284849e-006, 1.27628776e-005, -1.07194121e-005, 1, 0.969311031, -0.245837598, 9.4650652e-006, 0.245837597, 0.969311031, 2.04443039e-005, -1.42005707e-005, -1.74900204e-005, 1, 0, 0, 0, 0, 0, 0, 0, 0.242424292, -0.107828442, -0.200622095, -0.186498173, 0.77549781, -0.603129934, -0.912841797, 0.0899658203, 0.397949219, 0.362865856, 0.624780824, 0.691363112, 0, 0, -0, 0, 0, 0, 0, 0.294837891, -0.0783126465, -0.152712891, -0.0823744197, 0.565521703, -0.820555745, 0.561645508, -0.653686523, -0.506958008, -0.823178523, -0.502600143, -0.263729843, 0, 2, 5, 1, 
435.158204, 58, 0.1, 0.1, 0.00965295784, 0.349218366, -0.0199650956, 0.969310907, -0.245838086, 2.12656704e-005, 0.245838085, 0.969310907, 2.30029117e-005, -2.62680381e-005, -1.70690615e-005, 1, 0.969310929, -0.245838, 1.10285885e-005, 0.245837999, 0.969310929, 1.41714351e-005, -1.41740086e-005, -1.10252808e-005, 1, 0, 0, 0, 0, 0, 0, 0, 0.242424292, -0.107828442, -0.200622095, -0.186498173, 0.77549781, -0.603129934, -0.912841797, 0.0899658203, 0.397949219, 0.362865856, 0.624780824, 0.691363112, 0, 0, -0, 0, 0, 0, 0, 0.294837891, -0.0783126465, -0.152712891, -0.0823744197, 0.565521703, -0.820555745, 0.561645508, -0.653686523, -0.506958008, -0.823178523, -0.502600143, -0.263729843, 0, 2, 5, 1, 
435.158989, 58, 0.1, 0.1, 0.00965295911, 0.349218367, -0.0199674887, 0.969310853, -0.245838298, -2.52511451e-005, 0.245838298, 0.969310854, 6.47956949e-006, 2.28832827e-005, -1.24884156e-005, 1, 0.969310854, -0.245838297, -2.18952197e-005, 0.245838297, 0.969310854, -1.02350219e-005, 2.37394345e-005, 4.53823429e-006, 1, 0, 0, 0, 0, 0, 0, 0, 0.242424292, -0.107828442, -0.200622095, -0.186498173, 0.77549781, -0.603129934, -0.912841797, 0.0899658203, 0.397949219, 0.362865856, 0.624780824, 0.691363112, 0, 0, -0, 0, 0, 0, 0, 0.294837891, -0.0783126465, -0.152712891, -0.0823744197, 0.565521703, -0.820555745, 0.561645508, -0.653686523, -0.506958008, -0.823178523, -0.502600143, -0.263729843, 0, 2, 5, 1, 
435.159806, 58, 0.1, 0.1, 0.00965295653, 0.349218366, -0.0199688905, 0.969310926, -0.245838012, 1.27595474e-005, 0.245838012, 0.969310926, -3.73702861e-006, -1.14492651e-005, 6.75912444e-006, 1, 0.969310906, -0.245838089, 2.61949645e-005, 0.24583809, 0.969310907, -6.06462401e-006, -2.39001493e-005, 1.23182262e-005, 1, 0, 0, 0, 0, 0, 0, 0, 0.243028223, -0.109845801, -0.20038457, -0.187805319, 0.775313963, -0.602825519, -0.912475586, 0.0892333984, 0.399047852, 0.363196479, 0.625180718, 0.690944122, 0, 0, -0, 0, 0, 0, 0, 0.295450488, -0.0793447754, -0.152527979, -0.0839650337, 0.56454356, -0.821003072, 0.564819336, -0.651733398, -0.505859375, -0.820890849, -0.506139745, -0.264145087, 0, 2, 5, 1, 
435.160598, 58, 0.1, 0.1, 0.00965295943, 0.349218366, -0.0199689861, 0.969311007, -0.245837694, 1.44255857e-005, 0.245837694, 0.969311007, -8.93438781e-006, -1.17864698e-005, 1.22065532e-005, 1, 0.969310999, -0.245837725, -8.61134743e-006, 0.245837725, 0.969310999, -9.87481314e-006, 1.07746754e-005, 7.45477094e-006, 1, 0, 0, 0, 0, 0, 0, 0, 0.243028223, -0.109845801, -0.20038457, -0.187805319, 0.775313963, -0.602825519, -0.912475586, 0.0892333984, 0.399047852, 0.363196479, 0.625180718, 0.690944122, 0, 0, -0, 0, 0, 0, 0, 0.295450488, -0.0793447754, -0.152527979, -0.0839650337, 0.56454356, -0.821003072, 0.564819336, -0.651733398, -0.505859375, -0.820890849, -0.506139745, -0.264145087, 0, 2, 5, 1, 
435.161485, 58, 0.1, 0.1, 0.00965295979, 0.349218365, -0.0199669237, 0.969310958, -0.245837885, -2.5868898e-005, 0.245837884, 0.969310959, -1.59685217e-005, 2.90006739e-005, 9.11890791e-006, 1, 0.969310986, -0.245837777, -1.84882912e-005, 0.245837777, 0.969310986, 9.07905583e-006, 1.56889288e-005, -1.3345549e-005, 1, 0, 0, 0, 0, 0, 0, 0, 0.243028223, -0.109845801, -0.20038457, -0.187805319, 0.775313963, -0.602825519, -0.912475586, 0.0892333984, 0.399047852, 0.363196479, 0.625180718, 0.690944122, 0, 0, -0, 0, 0, 0, 0, 0.295450488, -0.0793447754, -0.152527979, -0.0839650337, 0.56454356, -0.821003072, 0.564819336, -0.651733398, -0.505859375, -0.820890849, -0.506139745, -0.264145087, 0, 2, 5, 1, 
435.162283, 58, 0.1, 0.1, 0.00965295909, 0.349218364, -0.0199638823, 0.969310834, -0.245838373, 2.33288763e-005, 0.245838373, 0.969310835, 1.48174491e-005, -2.62556302e-005, -8.62758095e-006, 1, 0.969310856, -0.245838288, 2.26670867e-005, 0.245838288, 0.969310856, 2.18551977e-005, -2.73442976e-005, -1.56120426e-005, 1, 0, 0, 0, 0, 0, 0, 0, 0.243028223, -0.109845801, -0.20038457, -0.187805319, 0.775313963, -0.602825519, -0.912475586, 0.0892333984, 0.399047852, 0.363196479, 0.625180718, 0.690944122, 0, 0, -0, 0, 0, 0, 0, 0.295450488, -0.0793447754, -0.152527979, -0.0839650337, 0.56454356, -0.821003072, 0.564819336, -0.651733398, -0.505859375, -0.820890849, -0.506139745, -0.264145087, 0, 2, 5, 1, 
435.163068, 58, 0.1, 0.1, 0.00965296226, 0.349218365, -0.0199617381, 0.969310807, -0.245838483, -1.47121316e-005, 0.245838483, 0.969310807, 1.57725843e-005, 1.03831199e-005, -1.89053445e-005, 1, 0.9693108, -0.245838509, -2.80351148e-005, 0.245838509, 0.9693108, 5.68486312e-006, 2.57771813e-005, -1.24025101e-005, 1, 0, 0, 0, 0, 0, 0, 0, 0.243028223, -0.109845801, -0.20038457, -0.187805319, 0.775313963, -0.602825519, -0.912475586, 0.0892333984, 0.399047852, 0.363196479, 0.625180718, 0.690944122, 0, 0, -0, 0, 0, 0, 0, 0.295450488, -0.0793447754, -0.152527979, -0.0839650337, 0.56454356, -0.821003072, 0.564819336, -0.651733398, -0.505859375, -0.820890849, -0.506139745, -0.264145087, 0, 2, 5, 1, 
435.163851, 58, 0.1, 0.1, 0.00965295923, 0.349218365, -0.0199610799, 0.969310912, -0.245838069, -1.81190103e-005, 0.245838069, 0.969310912, 7.92053266e-006, 1.5615786e-005, -1.21318013e-005, 1, 0.969310886, -0.24583817, 1.46471597e-005, 0.24583817, 0.969310886, -4.73714469e-006, -1.30330803e-005, 8.19259684e-006, 1, 0, 0, 0, 0, 0, 0, 0, 0.243028223, -0.109845801, -0.20038457, -0.187805319, 0.775313963, -0.602825519, -0.912475586, 0.0892333984, 0.399047852, 0.363196479, 0.625180718, 0.690944122, 0, 0, -0, 0, 0, 0, 0, 0.295450488, -0.0793447754, -0.152527979, -0.0839650337, 0.56454356, -0.821003072, 0.564819336, -0.651733398, -0.505859375, -0.820890849, -0.506139745, -0.264145087, 0, 2, 5, 1, 
435.164674, 58, 0.1, 0.1, 0.00965296088, 0.349218366, -0.0199617017, 0.96931099, -0.245837761, 2.96200484e-005, 0.245837761, 0.96931099, -8.0685209e-007, -2.85126837e-005, 8.06381698e-006, 1, 0.969310987, -0.245837772, 1.82790245e-005, 0.245837772, 0.969310987, -1.23644478e-005, -1.4678411e-005, 1.64786698e-005, 1, 0, 0, 0, 0, 0, 0, 0, 0.243643359, -0.110280811, -0.200512231, -0.193174686, 0.775510914, -0.60095972, -0.911865234, 0.0842285156, 0.401611328, 0.362069432, 0.625643892, 0.691019384, 0, 0, -0, 0, 0, 0, 0, 0.296788232, -0.079902832, -0.15257876, -0.085235919, 0.564459705, -0.820990678, 0.57019043, -0.647949219, -0.504760742, -0.816973915, -0.51118101, -0.266598638, 0, 2, 5, 1, 
435.165456, 58, 0.1, 0.1, 0.00965296258, 0.349218365, -0.0199633816, 0.96931092, -0.245838037, -2.13569552e-005, 0.245838036, 0.96931092, -1.88183293e-005, 2.5327791e-005, 1.29904602e-005, 1, 0.969310943, -0.245837945, -2.40184413e-005, 0.245837945, 0.969310943, -1.32172216e-005, 2.65306326e-005, 6.9069533e-006, 1, 0, 0, 0, 0, 0, 0, 0, 0.243643359, -0.110280811, -0.200512231, -0.193174686, 0.775510914, -0.60095972, -0.911865234, 0.0842285156, 0.401611328, 0.362069432, 0.625643892, 0.691019384, 0, 0, -0, 0, 0, 0, 0, 0.296788232, -0.079902832, -0.15257876, -0.085235919, 0.564459705, -0.820990678, 0.57019043, -0.647949219, -0.504760742, -0.816973915, -0.51118101, -0.266598638, 0, 2, 5, 1, 
435.166239, 58, 0.1, 0.1, 0.00965296008, 0.349218363, -0.0199657245, 0.969310804, -0.245838496, 1.50467314e-005, 0.245838496, 0.969310804, -1.87779019e-006, -1.41233262e-005, 5.51922813e-006, 1, 0.969310823, -0.245838418, 2.33544478e-005, 0.245838418, 0.969310823, 1.83008171e-005, -2.71367629e-005, -1.19977596e-005, 1, 0, 0, 0, 0, 0, 0, 0, 0.243643359, -0.110280811, -0.200512231, -0.193174686, 0.775510914, -0.60095972, -0.911865234, 0.0842285156, 0.401611328, 0.362069432, 0.625643892, 0.691019384, 0, 0, -0, 0, 0, 0, 0, 0.296788232, -0.079902832, -0.15257876, -0.085235919, 0.564459705, -0.820990678, 0.57019043, -0.647949219, -0.504760742, -0.816973915, -0.51118101, -0.266598638, 0, 2, 5, 1, 
435.16706, 58, 0.1, 0.1, 0.00965296297, 0.349218362, -0.0199677824, 0.9693108, -0.245838509, 1.16996381e-005, 0.245838509, 0.9693108, 1.75241603e-005, -1.5648699e-005, -1.41101362e-005, 1, 0.96931079, -0.245838548, -1.41456851e-005, 0.245838548, 0.96931079, 1.83280355e-005, 9.20582754e-006, -2.12431172e-005, 1, 0, 0, 0, 0, 0, 0, 0, 0.244435107, -0.110535425, -0.2004573, -0.199376043, 0.774794623, -0.599874613, -0.911499023, 0.0780029297, 0.403686523, 0.359591057, 0.627364037, 0.69084752, 0, 0, -0, 0, 0, 0, 0, 0.296788232, -0.079902832, -0.15257876, -0.0835993626, 0.56227994, -0.822582392, 0.57824707, -0.644897461, -0.499633789, -0.81152397, -0.517301763, -0.271307414, 0, 2, 5, 1, 
435.167843, 58, 0.1, 0.1, 0.00965296236, 0.349218361, -0.0199686616, 0.969310893, -0.245838141, -2.7837369e-005, 0.245838141, 0.969310894, 1.07735745e-005, 2.43345095e-005, -1.72864302e-005, 1, 0.969310875, -0.245838213, -1.52776704e-005, 0.245838214, 0.969310875, 9.39452256e-006, 1.24992794e-005, -1.28620481e-005, 1, 0, 0, 0, 0, 0, 0, 0, 0.244435107, -0.110535425, -0.2004573, -0.199376043, 0.774794623, -0.599874613, -0.911499023, 0.0780029297, 0.403686523, 0.359591057, 0.627364037, 0.69084752, 0, 0, -0, 0, 0, 0, 0, 0.29879707, -0.0808455078, -0.150997168, -0.0835993626, 0.56227994, -0.822582392, 0.57824707, -0.644897461, -0.499633789, -0.81152397, -0.517301763, -0.271307414, 0, 2, 5, 1, 
435.168626, 58, 0.1, 0.1, 0.00965296235, 0.349218361, -0.0199685606, 0.969310931, -0.245837992, 1.39091003e-005, 0.245837992, 0.969310931, 1.50823511e-005, -1.71900578e-005, -1.12001025e-005, 1, 0.969310933, -0.245837985, 1.95491756e-005, 0.245837985, 0.969310933, -4.97457864e-007, -1.88269357e-005, 5.28812129e-006, 1, 0, 0, 0, 0, 0, 0, 0, 0.244435107, -0.110535425, -0.2004573, -0.199376043, 0.774794623, -0.599874613, -0.911499023, 0.0780029297, 0.403686523, 0.359591057, 0.627364037, 0.69084752, 0, 0, -0, 0, 0, 0, 0, 0.29879707, -0.0808455078, -0.150997168, -0.0835993626, 0.56227994, -0.822582392, 0.57824707, -0.644897461, -0.499633789, -0.81152397, -0.517301763, -0.271307414, 0, 2, 5, 1, 
435.169407, 58, 0.1, 0.1, 0.00965296625, 0.349218363, -0.0199675959, 0.969310855, -0.245838294, -1.17435358e-005, 0.245838293, 0.969310855, -1.13326814e-005, 1.41691438e-005, 8.09788033e-006, 1, 0.969310876, -0.24583821, -2.32835502e-005, 0.24583821, 0.969310876, -2.00946548e-005, 2.75090325e-005, 1.37539811e-005, 1, 0, 0, 0, 0, 0, 0, 0, 0.244435107, -0.110535425, -0.2004573, -0.199376043, 0.774794623, -0.599874613, -0.911499023, 0.0780029297, 0.403686523, 0.359591057, 0.627364037, 0.69084752, 0, 0, -0, 0, 0, 0, 0, 0.29879707, -0.0808455078, -0.150997168, -0.0835993626, 0.56227994, -0.822582392, 0.57824707, -0.644897461, -0.499633789, -0.81152397, -0.517301763, -0.271307414, 0, 2, 5, 1, 
435.17019, 58, 0.1, 0.1, 0.00965296438, 0.349218362, -0.0199661126, 0.969310768, -0.245838634, -1.01295315e-005, 0.245838634, 0.969310768, -1.88572804e-005, 1.4454512e-005, 1.57883348e-005, 1, 0.969310776, -0.245838602, 1.14958668e-005, 0.245838603, 0.969310777, -8.19332385e-006, -9.12883231e-006, 1.07680049e-005, 1, 0, 0, 0, 0, 0, 0, 0, 0.244435107, -0.110535425, -0.2004573, -0.199376043, 0.774794623, -0.599874613, -0.911499023, 0.0780029297, 0.403686523, 0.359591057, 0.627364037, 0.69084752, 0, 0, -0, 0, 0, 0, 0, 0.29879707, -0.0808455078, -0.150997168, -0.0835993626, 0.56227994, -0.822582392, 0.57824707, -0.644897461, -0.499633789, -0.81152397, -0.517301763, -0.271307414, 0, 2, 5, 1, 
435.170972, 58, 0.1, 0.1, 0.00965296546, 0.349218362, -0.0199646691, 0.969310806, -0.245838486, 2.96968346e-005, 0.245838486, 0.969310806, -2.31868385e-006, -2.8215441e-005, 9.54815017e-006, 1, 0.969310786, -0.245838564, 1.37284996e-005, 0.245838564, 0.969310786, 1.26958757e-005, -1.64283186e-005, -8.9312546e-006, 1, 0, 0, 0, 0, 0, 0, 0, 0.244435107, -0.110535425, -0.2004573, -0.199376043, 0.774794623, -0.599874613, -0.911499023, 0.0780029297, 0.403686523, 0.359591057, 0.627364037, 0.69084752, 0, 0, -0, 0, 0, 0, 0, 0.29879707, -0.0808455078, -0.150997168, -0.0835993626, 0.56227994, -0.822582392, 0.57824707, -0.644897461, -0.499633789, -0.81152397, -0.517301763, -0.271307414, 0, 2, 5, 1, 
435.17177, 58, 0.1, 0.1, 0.0096529671, 0.349218362, -0.0199636652, 0.969310918, -0.245838043, -2.6666014e-005, 0.245838043, 0.969310918, 2.32119555e-006, 2.52770203e-005, -8.80548089e-006, 1, 0.969310897, -0.245838127, -2.97385998e-005, 0.245838127, 0.969310897, 9.1656077e-006, 2.6572693e-005, -1.61952051e-005, 1, 0, 0, 0, 0, 0, 0, 0, 0.244435107, -0.110535425, -0.2004573, -0.205902033, 0.773348935, -0.599512911, -0.911743164, 0.0706787109, 0.404296875, 0.355063035, 0.629941258, 0.690790232, 0, 0, -0, 0, 0, 0, 0, 0.29879707, -0.0808455078, -0.150997168, -0.0835993626, 0.56227994, -0.822582392, 0.57824707, -0.644897461, -0.499633789, -0.81152397, -0.517301763, -0.271307414, 0, 2, 5, 1, 
435.172571, 58, 0.1, 0.1, 0.00965296398, 0.349218361, -0.019963052, 0.96931094, -0.245837959, 7.8344557e-006, 0.245837958, 0.96931094, 2.05901351e-005, -1.26558604e-005, -1.80322366e-005, 1, 0.969310948, -0.245837927, 2.38979205e-005, 0.245837927, 0.969310948, 1.76663446e-005, -2.75075735e-005, -1.12491661e-005, 1, 0, 0, 0, 0, 0, 0, 0, 0.245650513, -0.110824707, -0.200215747, -0.205902033, 0.773348935, -0.599512911, -0.911743164, 0.0706787109, 0.404296875, 0.355063035, 0.629941258, 0.690790232, 0, 0, -0, 0, 0, 0, 0, 0.300167041, -0.082235498, -0.150134473, -0.0836438387, 0.562107132, -0.822723117, 0.580322266, -0.643554688, -0.498779297, -0.809932989, -0.519161066, -0.272304147, 0, 2, 5, 1, 
435.173354, 58, 0.1, 0.1, 0.00965296699, 0.349218363, -0.0199633758, 0.969310832, -0.245838384, 1.1753515e-005, 0.245838384, 0.969310832, 1.64147682e-005, -1.54281895e-005, -1.30215475e-005, 1, 0.969310857, -0.245838283, -9.39809226e-006, 0.245838283, 0.969310857, -9.05499294e-006, 1.13357368e-005, 6.46669211e-006, 1, 0, 0, 0, 0, 0, 0, 0, 0.245650513, -0.110824707, -0.200215747, -0.205902033, 0.773348935, -0.599512911, -0.911743164, 0.0706787109, 0.404296875, 0.355063035, 0.629941258, 0.690790232, 0, 0, -0, 0, 0, 0, 0, 0.300167041, -0.082235498, -0.150134473, -0.0836438387, 0.562107132, -0.822723117, 0.580322266, -0.643554688, -0.498779297, -0.809932989, -0.519161066, -0.272304147, 0, 2, 5, 1, 
435.17414, 58, 0.1, 0.1, 0.00965296601, 0.349218362, -0.0199644541, 0.969310752, -0.245838698, -2.32694755e-005, 0.245838698, 0.969310752, -9.45412973e-006, 2.48795437e-005, 3.44345204e-006, 1, 0.969310757, -0.245838679, -9.61930008e-006, 0.245838679, 0.969310757, -1.33738691e-005, 1.26119054e-005, 1.05986391e-005, 1, 0, 0, 0, 0, 0, 0, 0, 0.245650513, -0.110824707, -0.200215747, -0.205902033, 0.773348935, -0.599512911, -0.911743164, 0.0706787109, 0.404296875, 0.355063035, 0.629941258, 0.690790232, 0, 0, -0, 0, 0, 0, 0, 0.300167041, -0.082235498, -0.150134473, -0.0836438387, 0.562107132, -0.822723117, 0.580322266, -0.643554688, -0.498779297, -0.809932989, -0.519161066, -0.272304147, 0, 2, 5, 1, 
435.174926, 58, 0.1, 0.1, 0.00965296536, 0.34921836, -0.0199658418, 0.969310805, -0.245838488, 2.63750091e-005, 0.245838488, 0.969310805, -3.35296705e-006, -2.4741293e-005, 9.73405956e-006, 1, 0.969310786, -0.245838565, 2.62245006e-005, 0.245838565, 0.969310786, 2.77482814e-006, -2.6101851e-005, 3.75732274e-006, 1, 0, 0, 0, 0, 0, 0, 0, 0.245650513, -0.110824707, -0.200215747, -0.205902033, 0.773348935, -0.599512911, -0.911743164, 0.0706787109, 0.404296875, 0.355063035, 0.629941258, 0.690790232, 0, 0, -0, 0, 0, 0, 0, 0.300167041, -0.082235498, -0.150134473, -0.0836438387, 0.562107132, -0.822723117, 0.580322266, -0.643554688, -0.498779297, -0.809932989, -0.519161066, -0.272304147, 0, 2, 5, 1, 
435.175713, 58, 0.1, 0.1, 0.00965296891, 0.349218359, -0.0199670808, 0.969310905, -0.245838096, -1.09688524e-005, 0.245838096, 0.969310905, -7.98220622e-006, 1.25945586e-005, 5.04067775e-006, 1, 0.969310888, -0.245838161, -2.76112546e-005, 0.245838161, 0.969310888, 5.82065621e-006, 2.53329503e-005, -1.24299255e-005, 1, 0, 0, 0, 0, 0, 0, 0, 0.245650513, -0.110824707, -0.200215747, -0.205902033, 0.773348935, -0.599512911, -0.911743164, 0.0706787109, 0.404296875, 0.355063035, 0.629941258, 0.690790232, 0, 0, -0, 0, 0, 0, 0, 0.300167041, -0.082235498, -0.150134473, -0.0836438387, 0.562107132, -0.822723117, 0.580322266, -0.643554688, -0.498779297, -0.809932989, -0.519161066, -0.272304147, 0, 2, 5, 1, 
435.176511, 58, 0.1, 0.1, 0.00965296749, 0.349218358, -0.0199677511, 0.969310898, -0.245838124, -1.86440382e-005, 0.245838124, 0.969310898, 5.16201644e-006, 1.6802849e-005, -9.58701416e-006, 1, 0.969310909, -0.245838079, 3.94185984e-006, 0.245838079, 0.969310909, 1.87306107e-005, -8.4255851e-006, -1.7186726e-005, 1, 0, 0, 0, 0, 0, 0, 0, 0.245650513, -0.110824707, -0.200215747, -0.208638013, 0.771401882, -0.601106497, -0.911865234, 0.0687255859, 0.404663086, 0.353395309, 0.632474295, 0.689312344, 0, 0, -0, 0, 0, 0, 0, 0.300167041, -0.082235498, -0.150134473, -0.0836438387, 0.562107132, -0.822723117, 0.580322266, -0.643554688, -0.498779297, -0.809932989, -0.519161066, -0.272304147, 0, 2, 5, 1, 
435.177452, 58, 0.1, 0.1, 0.00965296883, 0.34921836, -0.0199656952, 0.969310758, -0.245838672, 2.66599799e-005, 0.245838672, 0.969310759, 2.13125296e-005, -3.10812493e-005, -1.41044102e-005, 0.999999999, 0.969310783, -0.245838576, 1.62595699e-005, 0.245838576, 0.969310783, 1.272833e-005, -1.88896909e-005, -8.34047798e-006, 1, 0, 0, 0, 0, 0, 0, 0, 0.246621826, -0.112702441, -0.199408716, -0.208638013, 0.771401882, -0.601106497, -0.911865234, 0.0687255859, 0.404663086, 0.353395309, 0.632474295, 0.689312344, 0, 0, -0, 0, 0, 0, 0, 0.300701855, -0.0833721191, -0.150105908, -0.089221749, 0.559525249, -0.823853278, 0.580322266, -0.642944336, -0.499633789, -0.809414567, -0.522623743, -0.26739048, 0, 2, 5, 1, 
