time, trialNum, realDorsalTactorPos, realVentralTactorPos, boxPosX, boxPosY, boxPosZ, boxLocalRot_11, boxLocalRot_12, boxLocalRot_13, boxLocalRot_21, boxLocalRot_22, boxLocalRot_23, boxLocalRot_31, boxLocalRot_32, boxLocalRot_33, boxGlobalRot_11, boxGlobalRot_12, boxGlobalRot_13, boxGlobalRot_21, boxGlobalRot_22, boxGlobalRot_23, boxGlobalRot_31, boxGlobalRot_32, boxGlobalRot_33, indexForceX, indexForceY, indexForceZ, indexForceGlobalX, indexForceGlobalY, indexForceGlobalZ, indexContact, indexPosX, indexPosY, indexPosZ, indexRot_11, indexRot_12, indexRot_13, indexRot_21, indexRot_22, indexRot_23, indexRot_31, indexRot_32, indexRot_33, thumbForceX, thumbForceY, thumbForceZ, thumbForceGlobalX, thumbForceGlobalY, thumbForceGlobalZ, thumbContact, thumbPosX, thumbPosY, thumbPosZ, thumbRot_11, thumbRot_12, thumbRot_13, thumbRot_21, thumbRot_22, thumbRot_23, thumbRot_31, thumbRot_32, thumbRot_33, manipForceTooHigh, cceExpType, mapping, trialSuccess, 
848.197516, 60, 0.1, 0.1, 0.0129196071, 0.382345674, -0.0199702745, 0.976749117, -0.214385544, 5.1912839e-006, -0.214385544, -0.976749117, -6.74262948e-006, 6.51610426e-006, 5.47292117e-006, -1, 0.976749117, -0.214385544, 5.94295401e-006, -0.214385544, -0.976749117, -7.38210073e-006, 7.38739077e-006, 5.93637694e-006, -1, 0, 0, 0, 0, 0, 0, 0, 0.206416504, -0.0788972412, -0.185656348, -0.331913986, 0.194140251, -0.923143568, -0.918212891, 0.157226562, 0.36328125, 0.215711364, 0.96824481, 0.126189684, -0, 0, 0, 0, 0, 0, 0, 0.240066406, -0.0248762695, -0.17138291, -0.0816150269, -0.11899298, -0.989481519, 0.552734375, -0.831420898, 0.0544433594, -0.829235843, -0.542509688, 0.133631188, 0, 2, 5, 1, 
848.224959, 60, 0.1, 0.1, 0.0129195959, 0.382345692, -0.0199639177, 0.976746914, -0.214395581, -1.20672401e-005, -0.214395581, -0.976746914, 1.39239081e-005, -1.47718639e-005, -1.10129713e-005, -1, 0.976746915, -0.214395576, 1.40834402e-005, -0.214395576, -0.976746915, 1.48448357e-005, 1.05732896e-005, -1.75190748e-005, -1, 0, 0, 0, 0, 0, 0, 0, 0.218918994, -0.109104907, -0.174780737, -0.358277765, 0.121784065, -0.925630893, -0.922241211, 0.108032227, 0.37109375, 0.145237448, 0.986626052, 0.0738098816, -0, 0, 0, 0, 0, 0, 0, 0.249368213, -0.053326416, -0.162731738, -0.0825924012, -0.172026924, -0.981648716, 0.611083984, -0.786743164, 0.0865478516, -0.78723782, -0.592639383, 0.170049835, 0, 2, 5, 1, 
848.225751, 60, 0.1, 0.1, 0.012919595, 0.382345692, -0.0199669611, 0.976746958, -0.214395381, 2.8992572e-005, -0.214395381, -0.976746958, 1.06991062e-005, 2.60245675e-005, -1.66661929e-005, -1, 0.976746949, -0.214395422, 1.58372513e-005, -0.214395422, -0.976746949, 7.70810237e-006, 1.3816405e-005, -1.09242997e-005, -1, 0, 0, 0, 0, 0, 0, 0, 0.218918994, -0.109104907, -0.174780737, -0.358277765, 0.121784065, -0.925630893, -0.922241211, 0.108032227, 0.37109375, 0.145237448, 0.986626052, 0.0738098816, -0, 0, 0, 0, 0, 0, 0, 0.249368213, -0.053326416, -0.162731738, -0.0825924012, -0.172026924, -0.981648716, 0.611083984, -0.786743164, 0.0865478516, -0.78723782, -0.592639383, 0.170049835, 0, 2, 5, 1, 
848.226552, 60, 0.1, 0.1, 0.012919595, 0.382345692, -0.0199692023, 0.976746959, -0.214395377, -1.56438796e-005, -0.214395377, -0.976746959, 1.64347285e-005, -1.88036416e-005, -1.26985956e-005, -1, 0.976746967, -0.214395339, -2.02360536e-005, -0.214395339, -0.976746968, 1.90947798e-007, -1.98064423e-005, 4.1520079e-006, -1, 0, 0, 0, 0, 0, 0, 0, 0.218918994, -0.109104907, -0.174780737, -0.358277765, 0.121784065, -0.925630893, -0.922241211, 0.108032227, 0.37109375, 0.145237448, 0.986626052, 0.0738098816, -0, 0, 0, 0, 0, 0, 0, 0.249368213, -0.053326416, -0.162731738, -0.0825924012, -0.172026924, -0.981648716, 0.611083984, -0.786743164, 0.0865478516, -0.78723782, -0.592639383, 0.170049835, 0, 2, 5, 1, 
848.227376, 60, 0.1, 0.1, 0.012919599, 0.382345692, -0.0199696698, 0.976746856, -0.214395846, 1.20445072e-005, -0.214395846, -0.976746856, -7.73605988e-006, 1.34230137e-005, 4.97387985e-006, -1, 0.97674688, -0.214395735, 2.32514504e-005, -0.214395735, -0.976746881, -1.61362581e-005, 2.61703266e-005, 1.07760279e-005, -1, 0, 0, 0, 0, 0, 0, 0, 0.220793652, -0.112193481, -0.173019336, -0.360325907, 0.113661865, -0.925810992, -0.922851562, 0.100585937, 0.371582031, 0.135427304, 0.98840685, 0.0687711372, -0, 0, 0, 0, 0, 0, 0, 0.250910791, -0.0565355957, -0.161253125, -0.081358329, -0.177970139, -0.980670573, 0.618530273, -0.780517578, 0.0904541016, -0.781461949, -0.599155691, 0.173589437, 0, 2, 5, 1, 
848.228171, 60, 0.1, 0.1, 0.0129195971, 0.382345693, -0.0199685021, 0.976746753, -0.214396315, 9.33311394e-006, -0.214396315, -0.976746753, -1.39095464e-005, 1.20982442e-005, 1.1585119e-005, -1, 0.976746766, -0.214396258, -1.1258732e-005, -0.214396259, -0.976746766, -4.39822031e-006, -1.00539681e-005, 6.70977748e-006, -1, 0, 0, 0, 0, 0, 0, 0, 0.220793652, -0.112193481, -0.173019336, -0.360325907, 0.113661865, -0.925810992, -0.922851562, 0.100585937, 0.371582031, 0.135427304, 0.98840685, 0.0687711372, -0, 0, 0, 0, 0, 0, 0, 0.250910791, -0.0565355957, -0.161253125, -0.081358329, -0.177970139, -0.980670573, 0.618530273, -0.780517578, 0.0904541016, -0.781461949, -0.599155691, 0.173589437, 0, 2, 5, 1, 
848.228963, 60, 0.1, 0.1, 0.0129195974, 0.382345694, -0.0199664178, 0.976746756, -0.214396302, -3.19586906e-005, -0.214396302, -0.976746756, -2.22348194e-006, -3.07388411e-005, 9.02360384e-006, -0.999999999, 0.976746745, -0.214396353, -1.68393016e-005, -0.214396353, -0.976746745, 1.32633932e-005, -1.92913562e-005, -9.3446913e-006, -1, 0, 0, 0, 0, 0, 0, 0, 0.220793652, -0.112193481, -0.173019336, -0.360325907, 0.113661865, -0.925810992, -0.922851562, 0.100585937, 0.371582031, 0.135427304, 0.98840685, 0.0687711372, -0, 0, 0, 0, 0, 0, 0, 0.250910791, -0.0565355957, -0.161253125, -0.081358329, -0.177970139, -0.980670573, 0.618530273, -0.780517578, 0.0904541016, -0.781461949, -0.599155691, 0.173589437, 0, 2, 5, 1, 
848.229771, 60, 0.1, 0.1, 0.0129195984, 0.382345694, -0.0199640089, 0.976746827, -0.21439598, 2.40690498e-005, -0.21439598, -0.976746827, 2.40642405e-006, 2.29934404e-005, -7.51077457e-006, -1, 0.976746815, -0.214396033, 2.69875501e-005, -0.214396034, -0.976746815, 9.32098008e-006, 2.43616224e-005, -1.48902613e-005, -1, 0, 0, 0, 0, 0, 0, 0, 0.220793652, -0.112193481, -0.173019336, -0.360325907, 0.113661865, -0.925810992, -0.922851562, 0.100585937, 0.371582031, 0.135427304, 0.98840685, 0.0687711372, -0, 0, 0, 0, 0, 0, 0, 0.252143701, -0.059678125, -0.160215869, -0.0813127532, -0.183127342, -0.97973071, 0.625366211, -0.774658203, 0.0928955078, -0.77605648, -0.604975671, 0.177493245, 0, 2, 5, 1, 
848.230561, 60, 0.1, 0.1, 0.0129195949, 0.382345693, -0.0199621692, 0.976746819, -0.214396014, -8.84662927e-006, -0.214396014, -0.976746819, 1.74025986e-005, -1.23719648e-005, -1.51012508e-005, -1, 0.976746831, -0.214395961, -2.57317111e-005, -0.214395961, -0.976746831, 1.49297666e-005, -2.83342489e-005, -9.06582724e-006, -1, 0, 0, 0, 0, 0, 0, 0, 0.220793652, -0.112193481, -0.173019336, -0.360325907, 0.113661865, -0.925810992, -0.922851562, 0.100585937, 0.371582031, 0.135427304, 0.98840685, 0.0687711372, -0, 0, 0, 0, 0, 0, 0, 0.252143701, -0.059678125, -0.160215869, -0.0813127532, -0.183127342, -0.97973071, 0.625366211, -0.774658203, 0.0928955078, -0.77605648, -0.604975671, 0.177493245, 0, 2, 5, 1, 
848.231351, 60, 0.1, 0.1, 0.0129195981, 0.382345691, -0.0199615908, 0.9767467, -0.214396559, -1.25007548e-005, -0.214396559, -0.9767467, 1.00137386e-005, -1.43569821e-005, -7.10076732e-006, -1, 0.976746727, -0.214396433, 1.07103091e-005, -0.214396433, -0.976746727, -1.57390893e-005, 1.3835664e-005, 1.30768519e-005, -1, 0, 0, 0, 0, 0, 0, 0, 0.220793652, -0.112193481, -0.173019336, -0.360325907, 0.113661865, -0.925810992, -0.922851562, 0.100585937, 0.371582031, 0.135427304, 0.98840685, 0.0687711372, -0, 0, 0, 0, 0, 0, 0, 0.252143701, -0.059678125, -0.160215869, -0.0813127532, -0.183127342, -0.97973071, 0.625366211, -0.774658203, 0.0928955078, -0.77605648, -0.604975671, 0.177493245, 0, 2, 5, 1, 
848.232157, 60, 0.1, 0.1, 0.0129195972, 0.38234569, -0.0199622253, 0.976746607, -0.214396978, 2.66878805e-005, -0.214396977, -0.976746608, -1.8818321e-005, 3.01018879e-005, 1.26589303e-005, -0.999999999, 0.976746615, -0.214396945, 1.22589666e-005, -0.214396944, -0.976746615, -2.41700197e-005, 1.71558825e-005, 2.09797e-005, -1, 0, 0, 0, 0, 0, 0, 0, 0.222368896, -0.115595605, -0.171874316, -0.363997592, 0.108173051, -0.925063622, -0.922485352, 0.0943603516, 0.374023438, 0.127851774, 0.989646969, 0.065686559, -0, 0, 0, 0, 0, 0, 0, 0.252143701, -0.059678125, -0.160215869, -0.0813127532, -0.183127342, -0.97973071, 0.625366211, -0.774658203, 0.0928955078, -0.77605648, -0.604975671, 0.177493245, 0, 2, 5, 1, 
848.232965, 60, 0.1, 0.1, 0.0129195965, 0.38234569, -0.0199636394, 0.976746649, -0.214396788, -2.82575238e-005, -0.214396789, -0.976746649, -9.23924157e-006, -2.5619578e-005, 1.50827206e-005, -1, 0.976746632, -0.214396865, -2.82491033e-005, -0.214396865, -0.976746633, -3.42980903e-006, -2.68568762e-005, 9.4065736e-006, -1, 0, 0, 0, 0, 0, 0, 0, 0.222368896, -0.115595605, -0.171874316, -0.363997592, 0.108173051, -0.925063622, -0.922485352, 0.0943603516, 0.374023438, 0.127851774, 0.989646969, 0.065686559, -0, 0, 0, 0, 0, 0, 0, 0.252143701, -0.059678125, -0.160215869, -0.0813127532, -0.183127342, -0.97973071, 0.625366211, -0.774658203, 0.0928955078, -0.77605648, -0.604975671, 0.177493245, 0, 2, 5, 1, 
848.233755, 60, 0.1, 0.1, 0.0129196002, 0.38234569, -0.0199654648, 0.976746734, -0.214396403, 1.20927e-005, -0.214396403, -0.976746734, -8.71648425e-006, 1.36802881e-005, 5.92116613e-006, -1, 0.976746719, -0.214396468, 2.90154254e-005, -0.214396468, -0.97674672, 5.6447017e-006, 2.71305175e-005, -1.17342486e-005, -1, 0, 0, 0, 0, 0, 0, 0, 0.222368896, -0.115595605, -0.171874316, -0.363997592, 0.108173051, -0.925063622, -0.922485352, 0.0943603516, 0.374023438, 0.127851774, 0.989646969, 0.065686559, -0, 0, 0, 0, 0, 0, 0, 0.252143701, -0.059678125, -0.160215869, -0.0813127532, -0.183127342, -0.97973071, 0.625366211, -0.774658203, 0.0928955078, -0.77605648, -0.604975671, 0.177493245, 0, 2, 5, 1, 
848.234579, 60, 0.1, 0.1, 0.0129195984, 0.382345693, -0.0199669378, 0.97674672, -0.214396465, 1.81506343e-005, -0.214396466, -0.97674672, 1.17584773e-005, 1.52075965e-005, -1.5376486e-005, -1, 0.976746731, -0.214396415, -3.38850123e-006, -0.214396415, -0.976746731, 2.33081334e-005, -8.30688773e-006, -2.20396606e-005, -1, 0, 0, 0, 0, 0, 0, 0, 0.22368623, -0.118986865, -0.170936914, -0.368398673, 0.102906276, -0.923992741, -0.921630859, 0.0889892578, 0.377441406, 0.12113332, 0.990728328, 0.0623035579, -0, 0, 0, 0, 0, 0, 0, 0.253336572, -0.0633015625, -0.159141748, -0.0817017445, -0.189127792, -0.978515961, 0.631225586, -0.76953125, 0.0960693359, -0.771187656, -0.609779596, 0.182285143, 0, 2, 5, 1, 
848.235436, 60, 0.1, 0.1, 0.0129195994, 0.382345693, -0.0199670813, 0.976746609, -0.214396972, -2.43102538e-005, -0.214396972, -0.976746609, 2.73554401e-005, -2.96098815e-005, -2.15072886e-005, -0.999999999, 0.97674663, -0.214396876, -1.42387928e-005, -0.214396876, -0.97674663, 2.03527527e-005, -1.82712595e-005, -1.68267299e-005, -1, 0, 0, 0, 0, 0, 0, 0, 0.22368623, -0.118986865, -0.170936914, -0.368398673, 0.102906276, -0.923992741, -0.921630859, 0.0889892578, 0.377441406, 0.12113332, 0.990728328, 0.0623035579, -0, 0, 0, 0, 0, 0, 0, 0.253336572, -0.0633015625, -0.159141748, -0.0817017445, -0.189127792, -0.978515961, 0.631225586, -0.76953125, 0.0960693359, -0.771187656, -0.609779596, 0.182285143, 0, 2, 5, 1, 
848.23624, 60, 0.1, 0.1, 0.0129196005, 0.382345693, -0.019966071, 0.976746558, -0.214397203, 2.56426593e-005, -0.214397204, -0.976746558, 8.46731671e-006, 2.32310102e-005, -1.37681369e-005, -1, 0.976746558, -0.214397202, 2.28175997e-005, -0.214397202, -0.976746559, -8.88189572e-006, 2.41912656e-005, 3.78333154e-006, -1, 0, 0, 0, 0, 0, 0, 0, 0.22368623, -0.118986865, -0.170936914, -0.368398673, 0.102906276, -0.923992741, -0.921630859, 0.0889892578, 0.377441406, 0.12113332, 0.990728328, 0.0623035579, -0, 0, 0, 0, 0, 0, 0, 0.253336572, -0.0633015625, -0.159141748, -0.0817017445, -0.189127792, -0.978515961, 0.631225586, -0.76953125, 0.0960693359, -0.771187656, -0.609779596, 0.182285143, 0, 2, 5, 1, 
848.237075, 60, 0.1, 0.1, 0.0129195975, 0.382345693, -0.0199645009, 0.976746626, -0.214396893, -1.03582568e-005, -0.214396893, -0.976746626, -8.59942409e-006, -8.27370253e-006, 1.06202365e-005, -1, 0.976746606, -0.214396983, -2.70363198e-005, -0.214396984, -0.976746606, -1.13846833e-005, -2.39667918e-005, 1.69164561e-005, -1, 0, 0, 0, 0, 0, 0, 0, 0.22368623, -0.118986865, -0.170936914, -0.368398673, 0.102906276, -0.923992741, -0.921630859, 0.0889892578, 0.377441406, 0.12113332, 0.990728328, 0.0623035579, -0, 0, 0, 0, 0, 0, 0, 0.253336572, -0.0633015625, -0.159141748, -0.0817017445, -0.189127792, -0.978515961, 0.631225586, -0.76953125, 0.0960693359, -0.771187656, -0.609779596, 0.182285143, 0, 2, 5, 1, 
848.237876, 60, 0.1, 0.1, 0.0129196018, 0.382345692, -0.0199629848, 0.976746705, -0.214396537, -1.4305451e-005, -0.214396537, -0.976746704, -1.56029517e-005, -1.06275833e-005, 1.83071708e-005, -1, 0.976746698, -0.214396567, 1.37268004e-005, -0.214396567, -0.976746698, -1.58609216e-005, 1.68081341e-005, 1.25491239e-005, -1, 0, 0, 0, 0, 0, 0, 0, 0.22368623, -0.118986865, -0.170936914, -0.368398673, 0.102906276, -0.923992741, -0.921630859, 0.0889892578, 0.377441406, 0.12113332, 0.990728328, 0.0623035579, -0, 0, 0, 0, 0, 0, 0, 0.253336572, -0.0633015625, -0.159141748, -0.0817017445, -0.189127792, -0.978515961, 0.631225586, -0.76953125, 0.0960693359, -0.771187656, -0.609779596, 0.182285143, 0, 2, 5, 1, 
848.238674, 60, 0.1, 0.1, 0.0129196018, 0.382345693, -0.0199623106, 0.97674666, -0.214396738, 2.74203348e-005, -0.214396737, -0.976746661, -1.76183389e-005, 3.05600348e-005, 1.13298234e-005, -0.999999999, 0.976746681, -0.214396645, 1.99502239e-005, -0.214396645, -0.976746681, 4.66003537e-006, 1.8487219e-005, -8.82893514e-006, -1, 0, 0, 0, 0, 0, 0, 0, 0.22368623, -0.118986865, -0.170936914, -0.368398673, 0.102906276, -0.923992741, -0.921630859, 0.0889892578, 0.377441406, 0.12113332, 0.990728328, 0.0623035579, -0, 0, 0, 0, 0, 0, 0, 0.253336572, -0.0633015625, -0.159141748, -0.0817017445, -0.189127792, -0.978515961, 0.631225586, -0.76953125, 0.0960693359, -0.771187656, -0.609779596, 0.182285143, 0, 2, 5, 1, 
848.239519, 60, 0.1, 0.1, 0.0129195997, 0.382345694, -0.0199622247, 0.976746538, -0.214397294, -3.14374063e-005, -0.214397293, -0.976746538, 1.88534275e-005, -3.47485017e-005, -1.16749253e-005, -0.999999999, 0.976746559, -0.214397198, -3.08026813e-005, -0.214397197, -0.976746559, 2.61157838e-005, -3.56855638e-005, -1.89044935e-005, -0.999999999, 0, 0, 0, 0, 0, 0, 0, 0.225210205, -0.121476367, -0.169760156, -0.372934547, 0.0977982612, -0.922692709, -0.921142578, 0.0802001953, 0.380737305, 0.111222826, 0.992031726, 0.0603673659, -0, 0, 0, 0, 0, 0, 0, 0.254878174, -0.0657853516, -0.158119629, -0.0810105147, -0.193652834, -0.97764646, 0.640380859, -0.76171875, 0.0979003906, -0.763750442, -0.61811073, 0.185690585, 0, 2, 5, 1, 
848.240323, 60, 0.1, 0.1, 0.0129196017, 0.382345693, -0.0199628227, 0.976746509, -0.21439743, 1.12749558e-005, -0.21439743, -0.976746508, 1.84027477e-005, 7.06727193e-006, -2.03921411e-005, -1, 0.976746503, -0.214397453, 2.3919039e-005, -0.214397453, -0.976746503, 8.90004519e-006, 2.14546907e-005, -1.38212691e-005, -1, 0, 0, 0, 0, 0, 0, 0, 0.225210205, -0.121476367, -0.169760156, -0.372934547, 0.0977982612, -0.922692709, -0.921142578, 0.0802001953, 0.380737305, 0.111222826, 0.992031726, 0.0603673659, -0, 0, 0, 0, 0, 0, 0, 0.254878174, -0.0657853516, -0.158119629, -0.0810105147, -0.193652834, -0.97764646, 0.640380859, -0.76171875, 0.0979003906, -0.763750442, -0.61811073, 0.185690585, 0, 2, 5, 1, 
848.241132, 60, 0.1, 0.1, 0.0129195983, 0.382345694, -0.0199640928, 0.976746597, -0.214397026, 1.73715704e-005, -0.214397026, -0.976746597, 1.01529588e-005, 1.47908581e-005, -1.3641281e-005, -1, 0.976746574, -0.214397131, -1.53128581e-005, -0.214397131, -0.976746574, -3.13870745e-006, -1.42838518e-005, 6.3487546e-006, -1, 0, 0, 0, 0, 0, 0, 0, 0.225210205, -0.121476367, -0.169760156, -0.372934547, 0.0977982612, -0.922692709, -0.921142578, 0.0802001953, 0.380737305, 0.111222826, 0.992031726, 0.0603673659, -0, 0, 0, 0, 0, 0, 0, 0.254878174, -0.0657853516, -0.158119629, -0.0810105147, -0.193652834, -0.97764646, 0.640380859, -0.76171875, 0.0979003906, -0.763750442, -0.61811073, 0.185690585, 0, 2, 5, 1, 
848.241929, 60, 0.1, 0.1, 0.0129196006, 0.382345694, -0.0199654973, 0.97674666, -0.214396737, -2.12096549e-005, -0.214396737, -0.976746661, 7.29391232e-007, -2.08728387e-005, 3.83485035e-006, -1, 0.976746658, -0.214396751, -1.12507827e-005, -0.214396751, -0.976746658, -8.5674531e-006, -9.15233028e-006, 1.07803624e-005, -1, 0, 0, 0, 0, 0, 0, 0, 0.225210205, -0.121476367, -0.169760156, -0.372934547, 0.0977982612, -0.922692709, -0.921142578, 0.0802001953, 0.380737305, 0.111222826, 0.992031726, 0.0603673659, -0, 0, 0, 0, 0, 0, 0, 0.254878174, -0.0657853516, -0.158119629, -0.0810105147, -0.193652834, -0.97764646, 0.640380859, -0.76171875, 0.0979003906, -0.763750442, -0.61811073, 0.185690585, 0, 2, 5, 1, 
848.24273, 60, 0.1, 0.1, 0.0129196034, 0.382345695, -0.0199666622, 0.976746608, -0.214396975, 2.52003717e-005, -0.214396974, -0.976746608, -1.56154962e-005, 2.79622927e-005, 9.84949952e-006, -1, 0.976746626, -0.214396892, 2.79749893e-005, -0.214396892, -0.976746627, -1.0136968e-005, 2.94978109e-005, 3.90349857e-006, -1, 0, 0, 0, 0, 0, 0, 0, 0.225210205, -0.121476367, -0.169760156, -0.372934547, 0.0977982612, -0.922692709, -0.921142578, 0.0802001953, 0.380737305, 0.111222826, 0.992031726, 0.0603673659, -0, 0, 0, 0, 0, 0, 0, 0.254878174, -0.0657853516, -0.158119629, -0.0810105147, -0.193652834, -0.97764646, 0.640380859, -0.76171875, 0.0979003906, -0.763750442, -0.61811073, 0.185690585, 0, 2, 5, 1, 
848.24353, 60, 0.1, 0.1, 0.0129196014, 0.382345696, -0.0199672414, 0.976746517, -0.21439739, -1.24268991e-005, -0.21439739, -0.976746517, -4.21997011e-006, -1.12331799e-005, 6.78613585e-006, -1, 0.976746532, -0.214397323, -2.05982898e-005, -0.214397323, -0.976746532, 1.60272716e-005, -2.35555123e-005, -1.12383637e-005, -1, 0, 0, 0, 0, 0, 0, 0, 0.225210205, -0.121476367, -0.169760156, -0.372934547, 0.0977982612, -0.922692709, -0.921142578, 0.0802001953, 0.380737305, 0.111222826, 0.992031726, 0.0603673659, -0, 0, 0, 0, 0, 0, 0, 0.254878174, -0.0657853516, -0.158119629, -0.0810105147, -0.193652834, -0.97764646, 0.640380859, -0.76171875, 0.0979003906, -0.763750442, -0.61811073, 0.185690585, 0, 2, 5, 1, 
848.24436, 60, 0.1, 0.1, 0.0129196041, 0.382345697, -0.0199667262, 0.976746524, -0.214397359, -1.49032712e-005, -0.214397359, -0.976746524, 1.33259225e-005, -1.74137609e-005, -9.82082646e-006, -1, 0.976746514, -0.214397403, 1.0965154e-005, -0.214397403, -0.976746514, 1.55463491e-005, 7.37707904e-006, -1.75357428e-005, -1, 0, 0, 0, 0, 0, 0, 0, 0.226513501, -0.124123315, -0.168795898, -0.377501501, 0.0939973916, -0.921239908, -0.920166016, 0.072265625, 0.384521484, 0.102676765, 0.9930045, 0.0593957133, -0, 0, 0, 0, 0, 0, 0, 0.256187988, -0.068207373, -0.156897705, -0.0802554857, -0.197538785, -0.976968724, 0.6484375, -0.754638672, 0.0993652344, -0.756920236, -0.625515495, 0.1885849, 0, 2, 5, 1, 
848.245162, 60, 0.1, 0.1, 0.0129196025, 0.382345696, -0.0199655888, 0.976746621, -0.214396917, 2.58297819e-005, -0.214396917, -0.976746621, 6.85511914e-006, 2.37594358e-005, -1.22335401e-005, -1, 0.976746602, -0.214397005, 1.28850015e-005, -0.214397005, -0.976746602, 4.73676689e-006, 1.15698328e-005, -7.3891267e-006, -1, 0, 0, 0, 0, 0, 0, 0, 0.226513501, -0.124123315, -0.168795898, -0.377501501, 0.0939973916, -0.921239908, -0.920166016, 0.072265625, 0.384521484, 0.102676765, 0.9930045, 0.0593957133, -0, 0, 0, 0, 0, 0, 0, 0.256187988, -0.068207373, -0.156897705, -0.0802554857, -0.197538785, -0.976968724, 0.6484375, -0.754638672, 0.0993652344, -0.756920236, -0.625515495, 0.1885849, 0, 2, 5, 1, 
848.245959, 60, 0.1, 0.1, 0.0129196006, 0.382345694, -0.0199643873, 0.976746662, -0.214396728, -2.46013365e-005, -0.214396728, -0.976746663, 1.23549586e-005, -2.6678136e-005, -6.79321854e-006, -1, 0.976746664, -0.214396721, -3.05439423e-005, -0.214396721, -0.976746664, -6.14508259e-006, -2.85162082e-005, 1.255071e-005, -1, 0, 0, 0, 0, 0, 0, 0, 0.226513501, -0.124123315, -0.168795898, -0.377501501, 0.0939973916, -0.921239908, -0.920166016, 0.072265625, 0.384521484, 0.102676765, 0.9930045, 0.0593957133, -0, 0, 0, 0, 0, 0, 0, 0.256187988, -0.068207373, -0.156897705, -0.0802554857, -0.197538785, -0.976968724, 0.6484375, -0.754638672, 0.0993652344, -0.756920236, -0.625515495, 0.1885849, 0, 2, 5, 1, 
848.246788, 60, 0.1, 0.1, 0.0129196042, 0.382345692, -0.019963172, 0.976746578, -0.214397115, 1.03436656e-005, -0.214397115, -0.976746578, -1.73171002e-005, 1.38158763e-005, 1.46967663e-005, -1, 0.9767466, -0.214397012, 2.39149475e-005, -0.214397012, -0.9767466, -2.7800791e-005, 2.93192502e-005, 2.20270348e-005, -0.999999999, 0, 0, 0, 0, 0, 0, 0, 0.228290503, -0.126603296, -0.167397974, -0.381478722, 0.0890923192, -0.920003155, -0.919555664, 0.0635986328, 0.387573242, 0.0931721564, 0.994028571, 0.0578403196, -0, 0, 0, 0, 0, 0, 0, 0.257607764, -0.0710900391, -0.155845312, -0.0808551973, -0.202235901, -0.975958498, 0.655029297, -0.748779297, 0.100952148, -0.751214361, -0.631041633, 0.192987074, 0, 2, 5, 1, 
848.247585, 60, 0.1, 0.1, 0.0129196013, 0.382345692, -0.0199626047, 0.976746484, -0.214397541, 1.05528487e-005, -0.214397541, -0.976746484, -1.97357879e-005, 1.45387623e-005, 1.70143566e-005, -1, 0.976746494, -0.214397496, -1.46017996e-005, -0.214397496, -0.976746494, -9.46329917e-006, -1.22333489e-005, 1.23738336e-005, -1, 0, 0, 0, 0, 0, 0, 0, 0.228290503, -0.126603296, -0.167397974, -0.381478722, 0.0890923192, -0.920003155, -0.919555664, 0.0635986328, 0.387573242, 0.0931721564, 0.994028571, 0.0578403196, -0, 0, 0, 0, 0, 0, 0, 0.257607764, -0.0710900391, -0.155845312, -0.0808551973, -0.202235901, -0.975958498, 0.655029297, -0.748779297, 0.100952148, -0.751214361, -0.631041633, 0.192987074, 0, 2, 5, 1, 
848.248383, 60, 0.1, 0.1, 0.0129196028, 0.382345693, -0.0199629358, 0.976746514, -0.214397403, -2.89126569e-005, -0.214397403, -0.976746514, 1.89773072e-006, -2.86472054e-005, 4.3451967e-006, -1, 0.976746497, -0.214397485, -1.26688402e-005, -0.214397484, -0.976746496, 1.77499796e-005, -1.61797963e-005, -1.46210629e-005, -1, 0, 0, 0, 0, 0, 0, 0, 0.228290503, -0.126603296, -0.167397974, -0.381478722, 0.0890923192, -0.920003155, -0.919555664, 0.0635986328, 0.387573242, 0.0931721564, 0.994028571, 0.0578403196, -0, 0, 0, 0, 0, 0, 0, 0.257607764, -0.0710900391, -0.155845312, -0.0808551973, -0.202235901, -0.975958498, 0.655029297, -0.748779297, 0.100952148, -0.751214361, -0.631041633, 0.192987074, 0, 2, 5, 1, 
848.249319, 60, 0.1, 0.1, 0.0129196075, 0.382345696, -0.0199630509, 0.976746625, -0.214396894, 4.09594917e-005, -0.214396895, -0.976746626, 1.22083517e-005, 3.73896126e-005, -2.07060541e-005, -0.999999999, 0.976746609, -0.214396968, 4.40888392e-005, -0.214396969, -0.97674661, 1.91105709e-005, 3.89663758e-005, -2.81186988e-005, -0.999999999, 0, 0, 0, 0, 0, 0, 0, 0.228290503, -0.126603296, -0.167397974, -0.381478722, 0.0890923192, -0.920003155, -0.919555664, 0.0635986328, 0.387573242, 0.0931721564, 0.994028571, 0.0578403196, -0, 0, 0, 0, 0, 0, 0, 0.257607764, -0.0710900391, -0.155845312, -0.0808551973, -0.202235901, -0.975958498, 0.655029297, -0.748779297, 0.100952148, -0.751214361, -0.631041633, 0.192987074, 0, 2, 5, 1, 
848.250123, 60, 0.1, 0.1, 0.0129196042, 0.382345688, -0.019962752, 0.976746695, -0.214396581, -1.87010471e-005, -0.214396581, -0.976746694, -3.53837509e-005, -1.06800308e-005, 3.85704023e-005, -0.999999999, 0.976746681, -0.21439664, -3.3159148e-005, -0.214396641, -0.976746681, -4.50247503e-005, -2.27349326e-005, 5.10869854e-005, -0.999999998, 0, 0, 0, 0, 0, 0, 0, 0.228290503, -0.126603296, -0.167397974, -0.381478722, 0.0890923192, -0.920003155, -0.919555664, 0.0635986328, 0.387573242, 0.0931721564, 0.994028571, 0.0578403196, -0, 0, 0, 0, 0, 0, 0, 0.257607764, -0.0710900391, -0.155845312, -0.0808551973, -0.202235901, -0.975958498, 0.655029297, -0.748779297, 0.100952148, -0.751214361, -0.631041633, 0.192987074, 0, 2, 5, 1, 
848.250918, 60, 0.1, 0.1, 0.0129196076, 0.382345695, -0.0199632912, 0.976746829, -0.214395969, -1.28818092e-005, -0.214395968, -0.976746828, 5.06801316e-005, -2.34478822e-005, -4.67398499e-005, -0.999999999, 0.976746792, -0.214396137, 1.55365558e-005, -0.214396138, -0.976746791, 5.19620922e-005, 4.03480921e-006, -5.40847844e-005, -0.999999999, 0, 0, 0, 0, 0, 0, 0, 0.228290503, -0.126603296, -0.167397974, -0.381478722, 0.0890923192, -0.920003155, -0.919555664, 0.0635986328, 0.387573242, 0.0931721564, 0.994028571, 0.0578403196, -0, 0, 0, 0, 0, 0, 0, 0.257607764, -0.0710900391, -0.155845312, -0.0808551973, -0.202235901, -0.975958498, 0.655029297, -0.748779297, 0.100952148, -0.751214361, -0.631041633, 0.192987074, 0, 2, 5, 1, 
848.251821, 60, 0.1, 0.1, 0.012919601, 0.382345691, -0.019963023, 0.97674717, -0.214394417, 6.30265129e-006, -0.214394417, -0.976747169, -3.41685705e-005, 1.34816476e-005, 3.20228013e-005, -0.999999999, 0.976747098, -0.214394744, -8.91437807e-006, -0.214394744, -0.976747097, -4.19648453e-005, 2.89949357e-007, 4.29002367e-005, -0.999999999, 0, 0, 0, 0, 0, 0, 0, 0.229676929, -0.129744824, -0.165580542, -0.384559552, 0.0843710937, -0.919217593, -0.918945312, 0.0588378906, 0.389892578, 0.0869861475, 0.994652748, 0.0549968762, -0, 0, 0, 0, 0, 0, 0, 0.258564453, -0.0737460449, -0.154781201, -0.0816977122, -0.206958537, -0.974852391, 0.661376953, -0.742919922, 0.102294922, -0.745534006, -0.636324967, 0.197644811, 0, 2, 5, 1, 
848.25262, 60, 0.1, 0.1, 0.0129196043, 0.382345698, -0.0199634664, 0.976747528, -0.214392784, 1.91611605e-005, -0.214392784, -0.976747527, 4.3644474e-005, 9.3585559e-006, -4.67376466e-005, -0.999999999, 0.976747465, -0.21439307, 2.21550554e-005, -0.214393071, -0.976747464, 5.14866913e-005, 1.06015044e-005, -5.50393856e-005, -0.999999998, 0, 0, 0, 0, 0, 0, 0, 0.229676929, -0.129744824, -0.165580542, -0.384559552, 0.0843710937, -0.919217593, -0.918945312, 0.0588378906, 0.389892578, 0.0869861475, 0.994652748, 0.0549968762, -0, 0, 0, 0, 0, 0, 0, 0.258564453, -0.0737460449, -0.154781201, -0.0816977122, -0.206958537, -0.974852391, 0.661376953, -0.742919922, 0.102294922, -0.745534006, -0.636324967, 0.197644811, 0, 2, 5, 1, 
848.253423, 60, 0.1, 0.1, 0.0129196035, 0.382345694, -0.0199644234, 0.976747862, -0.214391263, -1.2440924e-005, -0.214391263, -0.976747862, -2.48892876e-005, -6.8156001e-006, 2.69777839e-005, -1, 0.976747797, -0.214391559, -1.52989632e-006, -0.214391559, -0.976747797, -3.55542217e-005, 6.12820218e-006, 3.50555046e-005, -0.999999999, 0, 0, 0, 0, 0, 0, 0, 0.229676929, -0.129744824, -0.165580542, -0.384559552, 0.0843710937, -0.919217593, -0.918945312, 0.0588378906, 0.389892578, 0.0869861475, 0.994652748, 0.0549968762, -0, 0, 0, 0, 0, 0, 0, 0.258564453, -0.0737460449, -0.154781201, -0.0816977122, -0.206958537, -0.974852391, 0.661376953, -0.742919922, 0.102294922, -0.745534006, -0.636324967, 0.197644811, 0, 2, 5, 1, 
848.254219, 60, 0.1, 0.1, 0.0129196048, 0.3823457, -0.0199655807, 0.976748145, -0.214389975, 2.79321324e-006, -0.214389975, -0.976748144, 3.87060704e-005, -5.56992762e-006, -3.84049193e-005, -0.999999999, 0.976748087, -0.214390238, 4.14683213e-006, -0.214390238, -0.976748086, 4.78335828e-005, -6.20464286e-006, -4.76104008e-005, -0.999999999, 0, 0, 0, 0, 0, 0, 0, 0.229676929, -0.129744824, -0.165580542, -0.384559552, 0.0843710937, -0.919217593, -0.918945312, 0.0588378906, 0.389892578, 0.0869861475, 0.994652748, 0.0549968762, -0, 0, 0, 0, 0, 0, 0, 0.258564453, -0.0737460449, -0.154781201, -0.0816977122, -0.206958537, -0.974852391, 0.661376953, -0.742919922, 0.102294922, -0.745534006, -0.636324967, 0.197644811, 0, 2, 5, 1, 
848.25502, 60, 0.1, 0.1, 0.0129196044, 0.382345695, -0.0199665154, 0.976748377, -0.214388918, -2.88059724e-007, -0.214388918, -0.976748376, -3.56440612e-005, 7.36032984e-006, 3.48770358e-005, -0.999999999, 0.976748336, -0.214389104, -1.33511925e-005, -0.214389104, -0.976748335, -4.01946073e-005, -4.42346921e-006, 4.2122366e-005, -0.999999999, 0, 0, 0, 0, 0, 0, 0, 0.229676929, -0.129744824, -0.165580542, -0.384559552, 0.0843710937, -0.919217593, -0.918945312, 0.0588378906, 0.389892578, 0.0869861475, 0.994652748, 0.0549968762, -0, 0, 0, 0, 0, 0, 0, 0.258564453, -0.0737460449, -0.154781201, -0.0816977122, -0.206958537, -0.974852391, 0.661376953, -0.742919922, 0.102294922, -0.745534006, -0.636324967, 0.197644811, 0, 2, 5, 1, 
848.255834, 60, 0.1, 0.1, 0.0129196058, 0.382345699, -0.0199669134, 0.976748587, -0.21438796, 1.05004825e-005, -0.21438796, -0.976748587, 2.54112329e-005, 4.80846911e-006, -2.70715629e-005, -1, 0.97674855, -0.214388131, 1.33448434e-005, -0.214388131, -0.976748549, 3.42853824e-005, 5.68417738e-006, -3.63491736e-005, -0.999999999, 0, 0, 0, 0, 0, 0, 0, 0.229676929, -0.129744824, -0.165580542, -0.389727099, 0.083063948, -0.917129755, -0.917114258, 0.0550537109, 0.39465332, 0.083231705, 0.994983371, 0.054913379, -0, 0, 0, 0, 0, 0, 0, 0.258564453, -0.0737460449, -0.154781201, -0.0816977122, -0.206958537, -0.974852391, 0.661376953, -0.742919922, 0.102294922, -0.745534006, -0.636324967, 0.197644811, 0, 2, 5, 1, 
848.256653, 60, 0.1, 0.1, 0.0129196036, 0.382345692, -0.0199662519, 0.97674879, -0.214387034, -1.65236403e-005, -0.214387034, -0.97674879, -3.71759537e-005, -8.16940323e-006, 3.98540221e-005, -0.999999999, 0.97674875, -0.214387219, -7.16665534e-006, -0.214387219, -0.976748749, -4.88687311e-005, 3.4768097e-006, 4.92689113e-005, -0.999999999, 0, 0, 0, 0, 0, 0, 0, 0.230294385, -0.133159253, -0.16480437, -0.389727099, 0.083063948, -0.917129755, -0.917114258, 0.0550537109, 0.39465332, 0.083231705, 0.994983371, 0.054913379, -0, 0, 0, 0, 0, 0, 0, 0.259174854, -0.0767220703, -0.153958643, -0.0841888101, -0.210058109, -0.973976327, 0.666625977, -0.73828125, 0.10168457, -0.740517894, -0.640701255, 0.202155626, 0, 2, 5, 1, 
848.257451, 60, 0.1, 0.1, 0.0129196044, 0.382345696, -0.0199653088, 0.976748958, -0.21438627, 2.04044601e-006, -0.21438627, -0.976748958, 3.29093765e-005, -5.06231495e-006, -3.25816428e-005, -0.999999999, 0.976748922, -0.214386435, 2.74024713e-006, -0.214386435, -0.976748921, 4.06423936e-005, -6.03664445e-006, -4.02848859e-005, -0.999999999, 0, 0, 0, 0, 0, 0, 0, 0.230294385, -0.133159253, -0.16480437, -0.389727099, 0.083063948, -0.917129755, -0.917114258, 0.0550537109, 0.39465332, 0.083231705, 0.994983371, 0.054913379, -0, 0, 0, 0, 0, 0, 0, 0.259174854, -0.0767220703, -0.153958643, -0.0841888101, -0.210058109, -0.973976327, 0.666625977, -0.73828125, 0.10168457, -0.740517894, -0.640701255, 0.202155626, 0, 2, 5, 1, 
848.258267, 60, 0.1, 0.1, 0.0129196044, 0.38234569, -0.0199643299, 0.976749089, -0.214385673, 3.47220559e-006, -0.214385672, -0.976749089, -3.22832991e-005, 1.03125504e-005, 3.07882919e-005, -0.999999999, 0.976749067, -0.214385774, -1.19776099e-005, -0.214385774, -0.976749066, -3.96989576e-005, -3.18822757e-006, 4.13437489e-005, -0.999999999, 0, 0, 0, 0, 0, 0, 0, 0.230294385, -0.133159253, -0.16480437, -0.389727099, 0.083063948, -0.917129755, -0.917114258, 0.0550537109, 0.39465332, 0.083231705, 0.994983371, 0.054913379, -0, 0, 0, 0, 0, 0, 0, 0.259174854, -0.0767220703, -0.153958643, -0.0841888101, -0.210058109, -0.973976327, 0.666625977, -0.73828125, 0.10168457, -0.740517894, -0.640701255, 0.202155626, 0, 2, 5, 1, 
848.259087, 60, 0.1, 0.1, 0.0129196069, 0.382345698, -0.0199633465, 0.976749212, -0.214385111, 1.59003939e-005, -0.214385112, -0.976749212, 4.16843389e-005, 6.59419553e-006, -4.41239529e-005, -0.999999999, 0.976749195, -0.214385191, 1.91005321e-005, -0.214385192, -0.976749193, 5.07557614e-005, 7.77514571e-006, -5.36705203e-005, -0.999999999, 0, 0, 0, 0, 0, 0, 0, 0.230294385, -0.133159253, -0.16480437, -0.389727099, 0.083063948, -0.917129755, -0.917114258, 0.0550537109, 0.39465332, 0.083231705, 0.994983371, 0.054913379, -0, 0, 0, 0, 0, 0, 0, 0.25944043, -0.0801438477, -0.153315625, -0.0881560502, -0.213713283, -0.972876416, 0.670410156, -0.735107422, 0.100708008, -0.736638873, -0.643294798, 0.208040139, 0, 2, 5, 1, 
848.259885, 60, 0.1, 0.1, 0.0129196054, 0.382345693, -0.0199629896, 0.976749335, -0.214384554, -1.57578649e-005, -0.214384554, -0.976749334, -2.93951141e-005, -9.08962567e-006, 3.2089901e-005, -0.999999999, 0.976749309, -0.214384672, -4.55695751e-006, -0.214384672, -0.976749308, -4.04770668e-005, 4.22665759e-006, 4.05128888e-005, -0.999999999, 0, 0, 0, 0, 0, 0, 0, 0.230294385, -0.133159253, -0.16480437, -0.389727099, 0.083063948, -0.917129755, -0.917114258, 0.0550537109, 0.39465332, 0.083231705, 0.994983371, 0.054913379, -0, 0, 0, 0, 0, 0, 0, 0.25944043, -0.0801438477, -0.153315625, -0.0881560502, -0.213713283, -0.972876416, 0.670410156, -0.735107422, 0.100708008, -0.736638873, -0.643294798, 0.208040139, 0, 2, 5, 1, 
848.260686, 60, 0.1, 0.1, 0.0129196062, 0.382345699, -0.0199633761, 0.976749434, -0.2143841, 7.86767387e-007, -0.2143841, -0.976749434, 3.84988254e-005, -7.48506142e-006, -3.77723763e-005, -0.999999999, 0.976749411, -0.214384208, 2.16818706e-006, -0.214384207, -0.97674941, 4.80878471e-005, -8.19149956e-006, -4.74346014e-005, -0.999999999, 0, 0, 0, 0, 0, 0, 0, 0.230294385, -0.133159253, -0.16480437, -0.389727099, 0.083063948, -0.917129755, -0.917114258, 0.0550537109, 0.39465332, 0.083231705, 0.994983371, 0.054913379, -0, 0, 0, 0, 0, 0, 0, 0.25944043, -0.0801438477, -0.153315625, -0.0881560502, -0.213713283, -0.972876416, 0.670410156, -0.735107422, 0.100708008, -0.736638873, -0.643294798, 0.208040139, 0, 2, 5, 1, 
848.2615, 60, 0.1, 0.1, 0.0129196056, 0.382345693, -0.0199640971, 0.976749508, -0.214383764, -1.2641019e-006, -0.214383764, -0.976749507, -4.12284068e-005, 7.60399012e-006, 4.0540829e-005, -0.999999999, 0.976749498, -0.214383809, -1.50836706e-005, -0.214383809, -0.976749497, -4.66797584e-005, -4.72558332e-006, 4.88281254e-005, -0.999999999, 0, 0, 0, 0, 0, 0, 0, 0.231128857, -0.136585889, -0.164030151, -0.395084484, 0.0815156675, -0.915035925, -0.915039062, 0.0523681641, 0.399780273, 0.0806196573, 0.995352187, 0.0540873812, -0, 0, 0, 0, 0, 0, 0, 0.25944043, -0.0801438477, -0.153315625, -0.0881560502, -0.213713283, -0.972876416, 0.670410156, -0.735107422, 0.100708008, -0.736638873, -0.643294798, 0.208040139, 0, 2, 5, 1, 
848.262297, 60, 0.1, 0.1, 0.012919607, 0.382345697, -0.0199651952, 0.976749576, -0.214383456, 1.14354197e-005, -0.214383456, -0.976749575, 2.90389888e-005, 4.94406252e-006, -3.08153848e-005, -1, 0.976749568, -0.214383493, 1.38968354e-005, -0.214383493, -0.976749567, 3.66662591e-005, 5.71308729e-006, -3.87930048e-005, -0.999999999, 0, 0, 0, 0, 0, 0, 0, 0.231128857, -0.136585889, -0.164030151, -0.395084484, 0.0815156675, -0.915035925, -0.915039062, 0.0523681641, 0.399780273, 0.0806196573, 0.995352187, 0.0540873812, -0, 0, 0, 0, 0, 0, 0, 0.25944043, -0.0801438477, -0.153315625, -0.0881560502, -0.213713283, -0.972876416, 0.670410156, -0.735107422, 0.100708008, -0.736638873, -0.643294798, 0.208040139, 0, 2, 5, 1, 
848.263108, 60, 0.1, 0.1, 0.0129196049, 0.382345691, -0.0199661049, 0.976749652, -0.214383109, -1.65846516e-005, -0.214383109, -0.976749651, -3.32201922e-005, -9.07720462e-006, 3.60032803e-005, -0.999999999, 0.976749634, -0.214383189, -6.75919158e-006, -0.214383189, -0.976749633, -4.45622748e-005, 2.95136468e-006, 4.49752427e-005, -0.999999999, 0, 0, 0, 0, 0, 0, 0, 0.231128857, -0.136585889, -0.164030151, -0.395084484, 0.0815156675, -0.915035925, -0.915039062, 0.0523681641, 0.399780273, 0.0806196573, 0.995352187, 0.0540873812, -0, 0, 0, 0, 0, 0, 0, 0.25944043, -0.0801438477, -0.153315625, -0.0881560502, -0.213713283, -0.972876416, 0.670410156, -0.735107422, 0.100708008, -0.736638873, -0.643294798, 0.208040139, 0, 2, 5, 1, 
848.263939, 60, 0.1, 0.1, 0.012919606, 0.382345697, -0.0199661928, 0.976749709, -0.214382847, 3.09761327e-006, -0.214382847, -0.976749709, 3.83568045e-005, -5.19744808e-006, -3.81290728e-005, -0.999999999, 0.976749695, -0.214382914, 4.00755687e-006, -0.214382914, -0.976749694, 4.65113947e-005, -6.05686841e-006, -4.62891423e-005, -0.999999999, 0, 0, 0, 0, 0, 0, 0, 0.232201831, -0.139336694, -0.16325813, -0.39995473, 0.0800879544, -0.913074646, -0.913452148, 0.0465087891, 0.404174805, 0.0748406559, 0.995701906, 0.0547654806, -0, 0, 0, 0, 0, 0, 0, 0.260247705, -0.0826387207, -0.1527146, -0.0911837938, -0.216154808, -0.972013112, 0.676025391, -0.730102539, 0.0989990234, -0.731188194, -0.648092893, 0.212672356, 0, 2, 5, 1, 
848.264738, 60, 0.1, 0.1, 0.0129196059, 0.382345692, -0.019965909, 0.976749742, -0.214382701, 2.29677078e-006, -0.214382701, -0.976749741, -3.01470428e-005, 8.70637473e-006, 2.89537284e-005, -1, 0.976749738, -0.214382715, -1.14711628e-005, -0.214382715, -0.976749738, -3.5663022e-005, -3.55891974e-006, 3.72930665e-005, -0.999999999, 0, 0, 0, 0, 0, 0, 0, 0.232201831, -0.139336694, -0.16325813, -0.39995473, 0.0800879544, -0.913074646, -0.913452148, 0.0465087891, 0.404174805, 0.0748406559, 0.995701906, 0.0547654806, -0, 0, 0, 0, 0, 0, 0, 0.260247705, -0.0826387207, -0.1527146, -0.0911837938, -0.216154808, -0.972013112, 0.676025391, -0.730102539, 0.0989990234, -0.731188194, -0.648092893, 0.212672356, 0, 2, 5, 1, 
848.265538, 60, 0.1, 0.1, 0.0129196079, 0.382345698, -0.019965383, 0.976749776, -0.214382542, 1.30216776e-005, -0.214382542, -0.976749776, 3.37014912e-005, 5.49390938e-006, -3.57095443e-005, -0.999999999, 0.976749774, -0.21438255, 1.60704817e-005, -0.214382551, -0.976749773, 4.26914751e-005, 6.54453209e-006, -4.51441196e-005, -0.999999999, 0, 0, 0, 0, 0, 0, 0, 0.232201831, -0.139336694, -0.16325813, -0.39995473, 0.0800879544, -0.913074646, -0.913452148, 0.0465087891, 0.404174805, 0.0748406559, 0.995701906, 0.0547654806, -0, 0, 0, 0, 0, 0, 0, 0.260247705, -0.0826387207, -0.1527146, -0.0911837938, -0.216154808, -0.972013112, 0.676025391, -0.730102539, 0.0989990234, -0.731188194, -0.648092893, 0.212672356, 0, 2, 5, 1, 
848.266465, 60, 0.1, 0.1, 0.0129196082, 0.382345697, -0.0199627808, 0.976749783, -0.214382511, 3.57468072e-005, -0.214382511, -0.976749783, 7.57465057e-006, 3.32918136e-005, -1.50620286e-005, -0.999999999, 0.97674978, -0.214382523, 2.3901289e-005, -0.214382523, -0.976749781, 5.97881308e-006, 2.20638258e-005, -1.0963823e-005, -1, 0, 0, 0, 0, 0, 0, 0, 0.232201831, -0.139336694, -0.16325813, -0.39995473, 0.0800879544, -0.913074646, -0.913452148, 0.0465087891, 0.404174805, 0.0748406559, 0.995701906, 0.0547654806, -0, 0, 0, 0, 0, 0, 0, 0.260247705, -0.0826387207, -0.1527146, -0.0911837938, -0.216154808, -0.972013112, 0.676025391, -0.730102539, 0.0989990234, -0.731188194, -0.648092893, 0.212672356, 0, 2, 5, 1, 
848.267273, 60, 0.1, 0.1, 0.0129196061, 0.382345696, -0.0199613757, 0.976749741, -0.214382699, -3.10129049e-005, -0.214382699, -0.976749742, 1.16839001e-005, -3.27966729e-005, -4.76361614e-006, -0.999999999, 0.97674976, -0.214382614, -3.55068928e-005, -0.214382614, -0.97674976, -7.98704313e-006, -3.29690658e-005, 1.5413403e-005, -0.999999999, 0, 0, 0, 0, 0, 0, 0, 0.232201831, -0.139336694, -0.16325813, -0.39995473, 0.0800879544, -0.913074646, -0.913452148, 0.0465087891, 0.404174805, 0.0748406559, 0.995701906, 0.0547654806, -0, 0, 0, 0, 0, 0, 0, 0.260247705, -0.0826387207, -0.1527146, -0.0911837938, -0.216154808, -0.972013112, 0.676025391, -0.730102539, 0.0989990234, -0.731188194, -0.648092893, 0.212672356, 0, 2, 5, 1, 
