time, trialNum, realDorsalTactorPos, realVentralTactorPos, boxPosX, boxPosY, boxPosZ, boxLocalRot_11, boxLocalRot_12, boxLocalRot_13, boxLocalRot_21, boxLocalRot_22, boxLocalRot_23, boxLocalRot_31, boxLocalRot_32, boxLocalRot_33, boxGlobalRot_11, boxGlobalRot_12, boxGlobalRot_13, boxGlobalRot_21, boxGlobalRot_22, boxGlobalRot_23, boxGlobalRot_31, boxGlobalRot_32, boxGlobalRot_33, indexForceX, indexForceY, indexForceZ, indexForceGlobalX, indexForceGlobalY, indexForceGlobalZ, indexContact, indexPosX, indexPosY, indexPosZ, indexRot_11, indexRot_12, indexRot_13, indexRot_21, indexRot_22, indexRot_23, indexRot_31, indexRot_32, indexRot_33, thumbForceX, thumbForceY, thumbForceZ, thumbForceGlobalX, thumbForceGlobalY, thumbForceGlobalZ, thumbContact, thumbPosX, thumbPosY, thumbPosZ, thumbRot_11, thumbRot_12, thumbRot_13, thumbRot_21, thumbRot_22, thumbRot_23, thumbRot_31, thumbRot_32, thumbRot_33, manipForceTooHigh, cceExpType, mapping, trialSuccess, 
423.778498, 27, 0.1, 0.1, -0.00219994621, 0.360865158, -0.0199656701, 0.992229442, -1.09748035e-005, 0.124421603, 0.124421603, -1.36236276e-005, -0.992229442, 1.25845967e-005, 1, -1.21522618e-005, 0.992229442, -6.32969358e-006, 0.1244216, 0.1244216, -7.41816734e-006, -0.992229442, 7.20348858e-006, 1, -6.57297344e-006, 0, 0, 0, 0, 0, 0, 0, 0.33034585, -0.199031812, -0.151747925, -0.270497109, 0.483645888, -0.8324363, -0.962646484, -0.135009766, 0.234375, 0.00106845939, 0.86479778, 0.502249985, 0, 0, 0, 0, 0, 0, 0, 0.358907812, -0.143923096, -0.123769971, -0.120934623, 0.160289102, -0.979579531, 0.410888672, -0.890258789, -0.196411133, -0.90357733, -0.426131377, 0.0417556975, 0, 2, 1, 1, 
423.796094, 27, 0.1, 0.1, -0.00219995649, 0.360865137, -0.0199637073, 0.992225515, -1.20822556e-005, 0.124452908, 0.124452908, 2.51659154e-005, -0.992225515, 8.85635099e-006, 1, 2.64739352e-005, 0.992225595, 1.64955713e-005, 0.124452273, 0.124452273, 3.54574345e-005, -0.992225595, -2.07800864e-005, 0.999999999, 3.31288627e-005, 0, 0, 0, 0, 0, 0, 0, 0.331349512, -0.19907793, -0.146287964, -0.316001942, 0.487583056, -0.813759593, -0.948608398, -0.167236328, 0.268188477, -0.00531939584, 0.85688227, 0.51560602, 0, 0, 0, 0, 0, 0, 0, 0.357147852, -0.144438184, -0.118219922, -0.164775524, 0.172537502, -0.970994631, 0.443115234, -0.866577148, -0.229248047, -0.881181798, -0.467926709, 0.0663473499, 0, 2, 1, 1, 
423.796786, 27, 0.1, 0.1, -0.00219995364, 0.360865143, -0.0199663666, 0.992225083, 1.63154297e-005, 0.124456359, 0.124456359, -3.07711849e-005, -0.992225082, -1.2358909e-005, 0.999999999, -3.25625004e-005, 0.992225168, -7.63531901e-006, 0.124455681, 0.124455681, -4.12830912e-005, -0.992225167, 1.27138709e-005, 0.999999999, -4.00118632e-005, 0, 0, 0, 0, 0, 0, 0, 0.331349512, -0.19907793, -0.146287964, -0.316001942, 0.487583056, -0.813759593, -0.948608398, -0.167236328, 0.268188477, -0.00531939584, 0.85688227, 0.51560602, 0, 0, 0, 0, 0, 0, 0, 0.357147852, -0.144438184, -0.118219922, -0.164775524, 0.172537502, -0.970994631, 0.443115234, -0.866577148, -0.229248047, -0.881181798, -0.467926709, 0.0663473499, 0, 2, 1, 1, 
423.797488, 27, 0.1, 0.1, -0.00219995608, 0.360865139, -0.0199698231, 0.992224629, -2.12597637e-005, 0.124459972, 0.124459972, 2.71014185e-005, -0.992224629, 1.77214194e-005, 0.999999999, 2.95366845e-005, 0.992224718, 2.06489546e-006, 0.124459263, 0.124459262, 3.5005444e-005, -0.992224718, -6.40559207e-006, 0.999999999, 3.44762715e-005, 0, 0, 0, 0, 0, 0, 0, 0.331349512, -0.19907793, -0.146287964, -0.316001942, 0.487583056, -0.813759593, -0.948608398, -0.167236328, 0.268188477, -0.00531939584, 0.85688227, 0.51560602, 0, 0, 0, 0, 0, 0, 0, 0.357147852, -0.144438184, -0.118219922, -0.164775524, 0.172537502, -0.970994631, 0.443115234, -0.866577148, -0.229248047, -0.881181798, -0.467926709, 0.0663473499, 0, 2, 1, 1, 
423.798186, 27, 0.1, 0.1, -0.00219995224, 0.360865141, -0.0199730103, 0.992224167, 7.52736652e-006, 0.124463657, 0.124463657, -1.7457179e-005, -0.992224167, -5.29605064e-006, 1, -1.82583184e-005, 0.992224264, -1.44374493e-005, 0.124462884, 0.124462884, -2.56048386e-005, -0.992224264, 1.75120395e-005, 1, -2.36088156e-005, 0, 0, 0, 0, 0, 0, 0, 0.331349512, -0.19907793, -0.146287964, -0.316001942, 0.487583056, -0.813759593, -0.948608398, -0.167236328, 0.268188477, -0.00531939584, 0.85688227, 0.51560602, 0, 0, 0, 0, 0, 0, 0, 0.357147852, -0.144438184, -0.118219922, -0.164775524, 0.172537502, -0.970994631, 0.443115234, -0.866577148, -0.229248047, -0.881181798, -0.467926709, 0.0663473499, 0, 2, 1, 1, 
423.798876, 27, 0.1, 0.1, -0.00219995386, 0.360865137, -0.0199749624, 0.992223707, -1.67078619e-005, 0.124467325, 0.124467325, 2.2555843e-005, -0.992223707, 1.37704712e-005, 1, 2.44600251e-005, 0.992223798, 1.44989159e-006, 0.124466604, 0.124466604, 3.04084539e-005, -0.992223797, -5.22345393e-006, 1, 2.99915286e-005, 0, 0, 0, 0, 0, 0, 0, 0.331349512, -0.19907793, -0.146287964, -0.316001942, 0.487583056, -0.813759593, -0.948608398, -0.167236328, 0.268188477, -0.00531939584, 0.85688227, 0.51560602, 0, 0, 0, 0, 0, 0, 0, 0.357147852, -0.144438184, -0.118219922, -0.164775524, 0.172537502, -0.970994631, 0.443115234, -0.866577148, -0.229248047, -0.881181798, -0.467926709, 0.0663473499, 0, 2, 1, 1, 
423.799634, 27, 0.1, 0.1, -0.00219995146, 0.360865142, -0.0199746346, 0.9922232, 1.57145787e-005, 0.124471364, 0.124471364, -2.50946373e-005, -0.9922232, -1.24688058e-005, 1, -2.68554964e-005, 0.992223291, -3.74829042e-006, 0.12447064, 0.12447064, -3.34822963e-005, -0.992223291, 7.8867039e-006, 0.999999999, -3.27553622e-005, 0, 0, 0, 0, 0, 0, 0, 0.331349512, -0.19907793, -0.146287964, -0.316001942, 0.487583056, -0.813759593, -0.948608398, -0.167236328, 0.268188477, -0.00531939584, 0.85688227, 0.51560602, 0, 0, 0, 0, 0, 0, 0, 0.357147852, -0.144438184, -0.118219922, -0.164775524, 0.172537502, -0.970994631, 0.443115234, -0.866577148, -0.229248047, -0.881181798, -0.467926709, 0.0663473499, 0, 2, 1, 1, 
423.800362, 27, 0.1, 0.1, -0.00219995362, 0.360865139, -0.0199725072, 0.992222711, -2.10776624e-005, 0.124475262, 0.124475263, 1.6111785e-005, -0.992222711, 1.89082167e-005, 1, 1.86101265e-005, 0.992222813, 1.82606906e-006, 0.124474455, 0.124474455, 2.51795114e-005, -0.992222812, -4.94607333e-006, 1, 2.47563867e-005, 0, 0, 0, 0, 0, 0, 0, 0.332075464, -0.198561377, -0.145860376, -0.323510445, 0.489086031, -0.809975576, -0.946044922, -0.174072266, 0.272827148, -0.00746714806, 0.854666751, 0.519208816, 0, 0, 0, 0, 0, 0, 0, 0.357147852, -0.144438184, -0.118219922, -0.171509481, 0.175239321, -0.969371201, 0.447143555, -0.862915039, -0.235107422, -0.877839056, -0.473779872, 0.069586547, 0, 2, 1, 1, 
423.801048, 27, 0.1, 0.1, -0.00219995117, 0.360865143, -0.0199695953, 0.992222246, 1.83677847e-005, 0.124478968, 0.124478969, -2.02377629e-005, -0.992222246, -1.57057488e-005, 1, -2.23667615e-005, 0.992222338, -4.8446684e-006, 0.124478242, 0.124478242, -3.14930767e-005, -0.992222337, 8.72719104e-006, 0.999999999, -3.06450784e-005, 0, 0, 0, 0, 0, 0, 0, 0.332075464, -0.198561377, -0.145860376, -0.323510445, 0.489086031, -0.809975576, -0.946044922, -0.174072266, 0.272827148, -0.00746714806, 0.854666751, 0.519208816, 0, 0, 0, 0, 0, 0, 0, 0.357219092, -0.144605762, -0.117821143, -0.171509481, 0.175239321, -0.969371201, 0.447143555, -0.862915039, -0.235107422, -0.877839056, -0.473779872, 0.069586547, 0, 2, 1, 1, 
423.801746, 27, 0.1, 0.1, -0.0021999543, 0.360865137, -0.0199668375, 0.992221761, -1.91308259e-005, 0.12448284, 0.124482841, 3.4097407e-005, -0.99222176, 1.47374797e-005, 0.999999999, 3.62136488e-005, 0.992221856, 5.52110906e-006, 0.124482082, 0.124482082, 4.43730803e-005, -0.992221855, -1.10018185e-005, 0.999999999, 4.33406609e-005, 0, 0, 0, 0, 0, 0, 0, 0.332075464, -0.198561377, -0.145860376, -0.323510445, 0.489086031, -0.809975576, -0.946044922, -0.174072266, 0.272827148, -0.00746714806, 0.854666751, 0.519208816, 0, 0, 0, 0, 0, 0, 0, 0.357219092, -0.144605762, -0.117821143, -0.171509481, 0.175239321, -0.969371201, 0.447143555, -0.862915039, -0.235107422, -0.877839056, -0.473779872, 0.069586547, 0, 2, 1, 1, 
423.802464, 27, 0.1, 0.1, -0.00219995222, 0.360865141, -0.0199649437, 0.992221245, 2.61575068e-005, 0.124486952, 0.124486952, -1.9994786e-005, -0.992221245, -2.3464944e-005, 0.999999999, -2.30955198e-005, 0.992221344, -5.32591469e-007, 0.124486162, 0.124486162, -3.13114851e-005, -0.992221343, 4.42629524e-006, 1, -3.10016236e-005, 0, 0, 0, 0, 0, 0, 0, 0.332075464, -0.198561377, -0.145860376, -0.323510445, 0.489086031, -0.809975576, -0.946044922, -0.174072266, 0.272827148, -0.00746714806, 0.854666751, 0.519208816, 0, 0, 0, 0, 0, 0, 0, 0.357219092, -0.144605762, -0.117821143, -0.171509481, 0.175239321, -0.969371201, 0.447143555, -0.862915039, -0.235107422, -0.877839056, -0.473779872, 0.069586547, 0, 2, 1, 1, 
423.803185, 27, 0.1, 0.1, -0.00219995626, 0.360865134, -0.0199642915, 0.992220709, -2.03673038e-005, 0.124491221, 0.124491222, 3.49748648e-005, -0.992220709, 1.5854797e-005, 0.999999999, 3.72383357e-005, 0.992220816, 8.16038753e-006, 0.124490372, 0.124490371, 4.77262442e-005, -0.992220815, -1.40383642e-005, 0.999999999, 4.63390833e-005, 0, 0, 0, 0, 0, 0, 0, 0.33173562, -0.199152979, -0.14543877, -0.330268212, 0.490703582, -0.806242855, -0.943847656, -0.176879883, 0.278930664, -0.00565527129, 0.853174637, 0.52170741, 0, 0, 0, 0, 0, 0, 0, 0.356588867, -0.144769434, -0.1174021, -0.178556604, 0.177545218, -0.967715688, 0.449707031, -0.859985352, -0.240844727, -0.8750202, -0.478201735, 0.0736883151, 0, 2, 1, 1, 
423.80387, 27, 0.1, 0.1, -0.00219995315, 0.360865138, -0.0199652143, 0.99222018, 1.87232332e-005, 0.124495434, 0.124495435, -2.89090535e-005, -0.99222018, -1.49785246e-005, 0.999999999, -3.10151034e-005, 0.992220286, -7.92302053e-006, 0.124494592, 0.124494592, -3.76704564e-005, -0.992220286, 1.25511498e-005, 0.999999999, -3.63910178e-005, 0, 0, 0, 0, 0, 0, 0, 0.33173562, -0.199152979, -0.14543877, -0.330268212, 0.490703582, -0.806242855, -0.943847656, -0.176879883, 0.278930664, -0.00565527129, 0.853174637, 0.52170741, 0, 0, 0, 0, 0, 0, 0, 0.356588867, -0.144769434, -0.1174021, -0.178556604, 0.177545218, -0.967715688, 0.449707031, -0.859985352, -0.240844727, -0.8750202, -0.478201735, 0.0736883151, 0, 2, 1, 1, 
423.804565, 27, 0.1, 0.1, -0.0021999567, 0.360865135, -0.0199674484, 0.992219634, -1.64464051e-005, 0.12449979, 0.12449979, 2.11088905e-005, -0.992219634, 1.36903936e-005, 1, 2.29922296e-005, 0.992219742, 8.54708405e-006, 0.12449893, 0.12449893, 3.13622604e-005, -0.992219742, -1.23851534e-005, 0.999999999, 3.00541511e-005, 0, 0, 0, 0, 0, 0, 0, 0.33173562, -0.199152979, -0.14543877, -0.330268212, 0.490703582, -0.806242855, -0.943847656, -0.176879883, 0.278930664, -0.00565527129, 0.853174637, 0.52170741, 0, 0, 0, 0, 0, 0, 0, 0.356588867, -0.144769434, -0.1174021, -0.178556604, 0.177545218, -0.967715688, 0.449707031, -0.859985352, -0.240844727, -0.8750202, -0.478201735, 0.0736883151, 0, 2, 1, 1, 
423.805261, 27, 0.1, 0.1, -0.002199954, 0.36086514, -0.0199702359, 0.992219084, 1.48100194e-005, 0.124504175, 0.124504175, -3.14901683e-005, -0.992219083, -1.07741264e-005, 0.999999999, -3.30890552e-005, 0.992219192, -7.11483446e-006, 0.124503315, 0.124503315, -3.99887859e-005, -0.992219191, 1.20382117e-005, 0.999999999, -3.87918203e-005, 0, 0, 0, 0, 0, 0, 0, 0.33173562, -0.199152979, -0.14543877, -0.330268212, 0.490703582, -0.806242855, -0.943847656, -0.176879883, 0.278930664, -0.00565527129, 0.853174637, 0.52170741, 0, 0, 0, 0, 0, 0, 0, 0.356588867, -0.144769434, -0.1174021, -0.178556604, 0.177545218, -0.967715688, 0.449707031, -0.859985352, -0.240844727, -0.8750202, -0.478201735, 0.0736883151, 0, 2, 1, 1, 
423.805949, 27, 0.1, 0.1, -0.00219995645, 0.360865138, -0.0199726892, 0.992218541, -1.71313902e-005, 0.1245085, 0.1245085, 1.58892317e-005, -0.992218541, 1.50197386e-005, 1, 1.7898594e-005, 0.992218649, 4.20213205e-006, 0.124507643, 0.124507643, 2.32101797e-005, -0.992218648, -7.05927856e-006, 1, 2.25063756e-005, 0, 0, 0, 0, 0, 0, 0, 0.33173562, -0.199152979, -0.14543877, -0.330268212, 0.490703582, -0.806242855, -0.943847656, -0.176879883, 0.278930664, -0.00565527129, 0.853174637, 0.52170741, 0, 0, 0, 0, 0, 0, 0, 0.356588867, -0.144769434, -0.1174021, -0.178556604, 0.177545218, -0.967715688, 0.449707031, -0.859985352, -0.240844727, -0.8750202, -0.478201735, 0.0736883151, 0, 2, 1, 1, 
423.806646, 27, 0.1, 0.1, -0.00219995333, 0.360865142, -0.0199741327, 0.992217999, 8.22635723e-006, 0.124512822, 0.124512822, -2.29306158e-005, -0.992217999, -5.30718402e-006, 1, -2.37764567e-005, 0.992218103, -1.05966809e-005, 0.124511988, 0.124511988, -3.16833186e-005, -0.992218103, 1.44591716e-005, 0.999999999, -3.01173485e-005, 0, 0, 0, 0, 0, 0, 0, 0.33173562, -0.199152979, -0.14543877, -0.330268212, 0.490703582, -0.806242855, -0.943847656, -0.176879883, 0.278930664, -0.00565527129, 0.853174637, 0.52170741, 0, 0, 0, 0, 0, 0, 0, 0.356588867, -0.144769434, -0.1174021, -0.178556604, 0.177545218, -0.967715688, 0.449707031, -0.859985352, -0.240844727, -0.8750202, -0.478201735, 0.0736883151, 0, 2, 1, 1, 
423.807344, 27, 0.1, 0.1, -0.0021999548, 0.360865139, -0.0199741959, 0.992217465, -8.18991192e-006, 0.124517073, 0.124517073, 2.30177751e-005, -0.992217465, 5.26006766e-006, 1, 2.38584223e-005, 0.992217569, -3.93333437e-006, 0.124516245, 0.124516245, 2.83006103e-005, -0.992217569, 3.78837748e-007, 1, 2.85701267e-005, 0, 0, 0, 0, 0, 0, 0, 0.33173562, -0.199152979, -0.14543877, -0.330268212, 0.490703582, -0.806242855, -0.943847656, -0.176879883, 0.278930664, -0.00565527129, 0.853174637, 0.52170741, 0, 0, 0, 0, 0, 0, 0, 0.356588867, -0.144769434, -0.1174021, -0.178556604, 0.177545218, -0.967715688, 0.449707031, -0.859985352, -0.240844727, -0.8750202, -0.478201735, 0.0736883151, 0, 2, 1, 1, 
423.808057, 27, 0.1, 0.1, -0.00219995629, 0.360865141, -0.0199727181, 0.992216965, -4.38078596e-006, 0.124521059, 0.124521059, -1.90211081e-005, -0.992216965, 6.71521867e-006, 1, -1.83275661e-005, 0.992217055, 9.77038646e-006, 0.124520344, 0.124520344, -2.40519302e-005, -0.992217055, -6.69938945e-006, 1, -2.50813472e-005, 0, 0, 0, 0, 0, 0, 0, 0.331921973, -0.199741919, -0.142967358, -0.33525079, 0.487867252, -0.805850074, -0.942016602, -0.180419922, 0.282714844, -0.00746153905, 0.853994643, 0.520285688, 0, 0, 0, 0, 0, 0, 0, 0.356847363, -0.145322363, -0.115529004, -0.182287604, 0.177423083, -0.967082794, 0.453613281, -0.857421875, -0.242797852, -0.872221033, -0.482878795, 0.075841461, 0, 2, 1, 1, 
423.808751, 27, 0.1, 0.1, -0.00219995593, 0.360865137, -0.0199703842, 0.992216574, 9.28102349e-007, 0.124524172, 0.124524171, 3.01132573e-005, -0.992216574, -4.67070695e-006, 1, 2.97633018e-005, 0.992216646, 5.24724788e-006, 0.124523605, 0.124523605, 3.76211566e-005, -0.992216645, -9.89112874e-006, 0.999999999, 3.66749315e-005, 0, 0, 0, 0, 0, 0, 0, 0.331921973, -0.199741919, -0.142967358, -0.33525079, 0.487867252, -0.805850074, -0.942016602, -0.180419922, 0.282714844, -0.00746153905, 0.853994643, 0.520285688, 0, 0, 0, 0, 0, 0, 0, 0.356847363, -0.145322363, -0.115529004, -0.182287604, 0.177423083, -0.967082794, 0.453613281, -0.857421875, -0.242797852, -0.872221033, -0.482878795, 0.075841461, 0, 2, 1, 1, 
423.809445, 27, 0.1, 0.1, -0.00219995607, 0.36086514, -0.0199680667, 0.992216216, 1.46605505e-005, 0.124527028, 0.124527029, -2.31224629e-005, -0.992216216, -1.16670643e-005, 1, -2.47681175e-005, 0.992216287, 1.08562074e-005, 0.12452646, 0.124526461, -3.01198789e-005, -0.992216287, -7.0209839e-006, 0.999999999, -3.12373195e-005, 0, 0, 0, 0, 0, 0, 0, 0.331921973, -0.199741919, -0.142967358, -0.33525079, 0.487867252, -0.805850074, -0.942016602, -0.180419922, 0.282714844, -0.00746153905, 0.853994643, 0.520285688, 0, 0, 0, 0, 0, 0, 0, 0.356847363, -0.145322363, -0.115529004, -0.182287604, 0.177423083, -0.967082794, 0.453613281, -0.857421875, -0.242797852, -0.872221033, -0.482878795, 0.075841461, 0, 2, 1, 1, 
423.810139, 27, 0.1, 0.1, -0.00219995507, 0.360865136, -0.0199664377, 0.992215877, 4.21967055e-006, 0.124529732, 0.124529732, 2.81698807e-005, -0.992215876, -7.69481179e-006, 1, 2.74251284e-005, 0.992215942, -1.26283346e-005, 0.124529212, 0.124529212, 3.43881485e-005, -0.992215941, 8.24770582e-006, 0.999999999, 3.56930657e-005, 0, 0, 0, 0, 0, 0, 0, 0.331921973, -0.199741919, -0.142967358, -0.33525079, 0.487867252, -0.805850074, -0.942016602, -0.180419922, 0.282714844, -0.00746153905, 0.853994643, 0.520285688, 0, 0, 0, 0, 0, 0, 0, 0.356847363, -0.145322363, -0.115529004, -0.182287604, 0.177423083, -0.967082794, 0.453613281, -0.857421875, -0.242797852, -0.872221033, -0.482878795, 0.075841461, 0, 2, 1, 1, 
423.810827, 27, 0.1, 0.1, -0.00219995511, 0.36086514, -0.0199658768, 0.992215623, -7.22568609e-006, 0.124531754, 0.124531754, -3.3192053e-005, -0.992215622, 1.13029032e-005, 0.999999999, -3.20338461e-005, 0.992215668, -1.11627419e-005, 0.124531394, 0.124531394, -4.08349506e-005, -0.992215667, 1.61610807e-005, 0.999999999, -3.9126966e-005, 0, 0, 0, 0, 0, 0, 0, 0.331921973, -0.199741919, -0.142967358, -0.33525079, 0.487867252, -0.805850074, -0.942016602, -0.180419922, 0.282714844, -0.00746153905, 0.853994643, 0.520285688, 0, 0, 0, 0, 0, 0, 0, 0.356847363, -0.145322363, -0.115529004, -0.182287604, 0.177423083, -0.967082794, 0.453613281, -0.857421875, -0.242797852, -0.872221033, -0.482878795, 0.075841461, 0, 2, 1, 1, 
423.811522, 27, 0.1, 0.1, -0.00219995408, 0.360865137, -0.0199664996, 0.992215382, -2.28560258e-005, 0.124533673, 0.124533673, 2.6141312e-005, -0.992215382, 1.94226267e-005, 0.999999999, 2.87841567e-005, 0.992215431, -1.84657932e-005, 0.124533281, 0.124533282, 3.3348415e-005, -0.992215431, 1.41690574e-005, 0.999999999, 3.53884178e-005, 0, 0, 0, 0, 0, 0, 0, 0.331921973, -0.199741919, -0.142967358, -0.33525079, 0.487867252, -0.805850074, -0.942016602, -0.180419922, 0.282714844, -0.00746153905, 0.853994643, 0.520285688, 0, 0, 0, 0, 0, 0, 0, 0.356847363, -0.145322363, -0.115529004, -0.182287604, 0.177423083, -0.967082794, 0.453613281, -0.857421875, -0.242797852, -0.872221033, -0.482878795, 0.075841461, 0, 2, 1, 1, 
423.812221, 27, 0.1, 0.1, -0.00219995395, 0.360865141, -0.019968086, 0.992215143, -1.05262045e-005, 0.124535579, 0.124535578, -2.90711034e-005, -0.992215142, 1.40646462e-005, 1, -2.7533902e-005, 0.992215189, 5.28681669e-006, 0.124535211, 0.124535211, -3.39291327e-005, -0.992215188, -1.02028811e-006, 0.999999999, -3.43233956e-005, 0, 0, 0, 0, 0, 0, 0, 0.331921973, -0.199741919, -0.142967358, -0.33525079, 0.487867252, -0.805850074, -0.942016602, -0.180419922, 0.282714844, -0.00746153905, 0.853994643, 0.520285688, 0, 0, 0, 0, 0, 0, 0, 0.356847363, -0.145322363, -0.115529004, -0.182287604, 0.177423083, -0.967082794, 0.453613281, -0.857421875, -0.242797852, -0.872221033, -0.482878795, 0.075841461, 0, 2, 1, 1, 
423.812937, 27, 0.1, 0.1, -0.00219995339, 0.360865137, -0.0199698801, 0.992214969, 3.27275702e-006, 0.124536961, 0.12453696, 2.80149934e-005, -0.992214969, -6.73618063e-006, 1, 2.73893166e-005, 0.992214998, 6.25865411e-006, 0.12453673, 0.12453673, 3.46094307e-005, -0.992214998, -1.05200758e-005, 0.999999999, 3.35605639e-005, 0, 0, 0, 0, 0, 0, 0, 0.332041797, -0.200253467, -0.141084497, -0.341584697, 0.48660429, -0.803965179, -0.939697266, -0.184570313, 0.287475586, -0.00843581763, 0.853823901, 0.520481518, 0, 0, 0, 0, 0, 0, 0, 0.356834766, -0.145652539, -0.11385083, -0.186944974, 0.17767135, -0.966111215, 0.458251953, -0.854003906, -0.245849609, -0.868782776, -0.488744351, 0.0782756896, 0, 2, 1, 1, 
423.81363, 27, 0.1, 0.1, -0.00219995429, 0.36086514, -0.0199713179, 0.992214809, 1.84150485e-005, 0.124538235, 0.124538236, -2.34850704e-005, -0.992214809, -1.53468946e-005, 1, -2.55956123e-005, 0.992214843, 1.42075042e-005, 0.124537964, 0.124537965, -2.95599992e-005, -0.992214843, -1.04155545e-005, 0.999999999, -3.10992436e-005, 0, 0, 0, 0, 0, 0, 0, 0.332041797, -0.200253467, -0.141084497, -0.341584697, 0.48660429, -0.803965179, -0.939697266, -0.184570313, 0.287475586, -0.00843581763, 0.853823901, 0.520481518, 0, 0, 0, 0, 0, 0, 0, 0.356834766, -0.145652539, -0.11385083, -0.186944974, 0.17767135, -0.966111215, 0.458251953, -0.854003906, -0.245849609, -0.868782776, -0.488744351, 0.0782756896, 0, 2, 1, 1, 
423.814323, 27, 0.1, 0.1, -0.00219995481, 0.360865137, -0.0199722456, 0.992214646, 9.63730396e-006, 0.124539538, 0.124539538, 2.32463822e-005, -0.992214646, -1.24573678e-005, 1, 2.18651755e-005, 0.992214675, -3.48911821e-006, 0.124539307, 0.124539307, 2.73147986e-005, -0.992214674, 6.01881975e-008, 1, 2.75366764e-005, 0, 0, 0, 0, 0, 0, 0, 0.332041797, -0.200253467, -0.141084497, -0.341584697, 0.48660429, -0.803965179, -0.939697266, -0.184570313, 0.287475586, -0.00843581763, 0.853823901, 0.520481518, 0, 0, 0, 0, 0, 0, 0, 0.356834766, -0.145652539, -0.11385083, -0.186944974, 0.17767135, -0.966111215, 0.458251953, -0.854003906, -0.245849609, -0.868782776, -0.488744351, 0.0782756896, 0, 2, 1, 1, 
423.815025, 27, 0.1, 0.1, -0.00219995611, 0.360865141, -0.0199723736, 0.992214536, 5.52112156e-007, 0.12454041, 0.12454041, -2.35518439e-005, -0.992214536, 2.38534258e-006, 1, -2.34372421e-005, 0.992214556, -2.84713783e-006, 0.124540251, 0.12454025, -3.06615491e-005, -0.992214556, 6.64356861e-006, 1, -3.00682521e-005, 0, 0, 0, 0, 0, 0, 0, 0.332041797, -0.200253467, -0.141084497, -0.348127539, 0.485480991, -0.801959716, -0.93737793, -0.187988281, 0.29309082, -0.00838826881, 0.85375463, 0.520658252, 0, 0, 0, 0, 0, 0, 0, 0.356834766, -0.145652539, -0.11385083, -0.186944974, 0.17767135, -0.966111215, 0.458251953, -0.854003906, -0.245849609, -0.868782776, -0.488744351, 0.0782756896, 0, 2, 1, 1, 
423.815773, 27, 0.1, 0.1, -0.00219995736, 0.360865136, -0.0199708586, 0.992214422, -1.10179647e-005, 0.124541319, 0.124541319, 2.7191475e-005, -0.992214422, 7.54572135e-006, 1, 2.83519655e-005, 0.992214446, -6.8663522e-006, 0.124541128, 0.124541128, 3.48961735e-005, -0.992214446, 2.46688504e-006, 0.999999999, 3.54796307e-005, 0, 0, 0, 0, 0, 0, 0, 0.331707568, -0.200980811, -0.13897229, -0.348127539, 0.485480991, -0.801959716, -0.93737793, -0.187988281, 0.29309082, -0.00838826881, 0.85375463, 0.520658252, 0, 0, 0, 0, 0, 0, 0, 0.357010742, -0.14578291, -0.112159229, -0.192260392, 0.177727853, -0.965056513, 0.463500977, -0.850341797, -0.249023437, -0.864922711, -0.495121034, 0.0810868828, 0, 2, 1, 1, 
423.816469, 27, 0.1, 0.1, -0.00219995875, 0.360865139, -0.0199692198, 0.992214304, -4.06059301e-006, 0.124542263, 0.124542263, -2.70906686e-005, -0.992214304, 7.40291164e-006, 1, -2.63740335e-005, 0.992214324, 1.12075436e-005, 0.124542102, 0.124542102, -3.13378173e-005, -0.992214324, -7.21740763e-006, 0.999999999, -3.24896423e-005, 0, 0, 0, 0, 0, 0, 0, 0.331707568, -0.200980811, -0.13897229, -0.348127539, 0.485480991, -0.801959716, -0.93737793, -0.187988281, 0.29309082, -0.00838826881, 0.85375463, 0.520658252, 0, 0, 0, 0, 0, 0, 0, 0.357010742, -0.14578291, -0.112159229, -0.192260392, 0.177727853, -0.965056513, 0.463500977, -0.850341797, -0.249023437, -0.864922711, -0.495121034, 0.0810868828, 0, 2, 1, 1, 
423.817188, 27, 0.1, 0.1, -0.00219995876, 0.360865136, -0.0199677746, 0.992214239, 2.83180807e-006, 0.124542778, 0.124542778, 2.19264275e-005, -0.992214239, -5.54053848e-006, 1, 2.14030323e-005, 0.992214251, 8.14805826e-006, 0.124542685, 0.124542684, 3.19052723e-005, -0.99221425, -1.20581878e-005, 0.999999999, 3.06420848e-005, 0, 0, 0, 0, 0, 0, 0, 0.331707568, -0.200980811, -0.13897229, -0.348127539, 0.485480991, -0.801959716, -0.93737793, -0.187988281, 0.29309082, -0.00838826881, 0.85375463, 0.520658252, 0, 0, 0, 0, 0, 0, 0, 0.357010742, -0.14578291, -0.112159229, -0.192260392, 0.177727853, -0.965056513, 0.463500977, -0.850341797, -0.249023437, -0.864922711, -0.495121034, 0.0810868828, 0, 2, 1, 1, 
423.817875, 27, 0.1, 0.1, -0.00219995906, 0.360865141, -0.0199668087, 0.992214169, 1.62229335e-005, 0.124543339, 0.124543339, -3.28850609e-005, -0.992214168, -1.20010092e-005, 0.999999999, -3.46494817e-005, 0.992214186, 1.22865623e-005, 0.124543199, 0.1245432, -4.07497109e-005, -0.992214185, -7.115802e-006, 0.999999999, -4.1962649e-005, 0, 0, 0, 0, 0, 0, 0, 0.331707568, -0.200980811, -0.13897229, -0.348127539, 0.485480991, -0.801959716, -0.93737793, -0.187988281, 0.29309082, -0.00838826881, 0.85375463, 0.520658252, 0, 0, 0, 0, 0, 0, 0, 0.357010742, -0.14578291, -0.112159229, -0.192260392, 0.177727853, -0.965056513, 0.463500977, -0.850341797, -0.249023437, -0.864922711, -0.495121034, 0.0810868828, 0, 2, 1, 1, 
423.818571, 27, 0.1, 0.1, -0.002199958, 0.360865138, -0.0199667716, 0.99221408, 2.75390251e-006, 0.124544049, 0.124544049, 2.77103678e-005, -0.992214079, -6.18362227e-006, 1, 2.71516349e-005, 0.992214094, -1.29904526e-005, 0.124543931, 0.124543932, 3.20739918e-005, -0.992214094, 8.89468908e-006, 0.999999999, 3.34421488e-005, 0, 0, 0, 0, 0, 0, 0, 0.331707568, -0.200980811, -0.13897229, -0.348127539, 0.485480991, -0.801959716, -0.93737793, -0.187988281, 0.29309082, -0.00838826881, 0.85375463, 0.520658252, 0, 0, 0, 0, 0, 0, 0, 0.357010742, -0.14578291, -0.112159229, -0.192260392, 0.177727853, -0.965056513, 0.463500977, -0.850341797, -0.249023437, -0.864922711, -0.495121034, 0.0810868828, 0, 2, 1, 1, 
423.819271, 27, 0.1, 0.1, -0.00219995774, 0.360865142, -0.0199676037, 0.992214043, -8.0640207e-006, 0.124544338, 0.124544337, -2.75829059e-005, -0.992214043, 1.14365293e-005, 1, -2.63638185e-005, 0.992214048, -1.19079366e-005, 0.124544302, 0.124544302, -3.54501489e-005, -0.992214047, 1.62303361e-005, 0.999999999, -3.36910701e-005, 0, 0, 0, 0, 0, 0, 0, 0.331707568, -0.200980811, -0.13897229, -0.348127539, 0.485480991, -0.801959716, -0.93737793, -0.187988281, 0.29309082, -0.00838826881, 0.85375463, 0.520658252, 0, 0, 0, 0, 0, 0, 0, 0.357010742, -0.14578291, -0.112159229, -0.192260392, 0.177727853, -0.965056513, 0.463500977, -0.850341797, -0.249023437, -0.864922711, -0.495121034, 0.0810868828, 0, 2, 1, 1, 
423.819959, 27, 0.1, 0.1, -0.00219995663, 0.360865138, -0.0199689889, 0.992213998, -2.16958599e-005, 0.124544701, 0.124544702, 2.89616329e-005, -0.992213997, 1.7919918e-005, 0.999999999, 3.1438242e-005, 0.99221401, -1.77287137e-005, 0.1245446, 0.1245446, 3.52226448e-005, -0.99221401, 1.32038879e-005, 0.999999999, 3.71564172e-005, 0, 0, 0, 0, 0, 0, 0, 0.331707568, -0.200980811, -0.13897229, -0.348127539, 0.485480991, -0.801959716, -0.93737793, -0.187988281, 0.29309082, -0.00838826881, 0.85375463, 0.520658252, 0, 0, 0, 0, 0, 0, 0, 0.357010742, -0.14578291, -0.112159229, -0.192260392, 0.177727853, -0.965056513, 0.463500977, -0.850341797, -0.249023437, -0.864922711, -0.495121034, 0.0810868828, 0, 2, 1, 1, 
423.820684, 27, 0.1, 0.1, -0.00219995682, 0.360865141, -0.0199702063, 0.992213928, -7.31585169e-006, 0.124545258, 0.124545258, -2.6605546e-005, -0.992213928, 1.05724845e-005, 1, -2.54872387e-005, 0.992213939, 6.64761405e-006, 0.124545171, 0.124545171, -3.09809162e-005, -0.992213938, -2.73733181e-006, 0.999999999, -3.15676251e-005, 0, 0, 0, 0, 0, 0, 0, 0.330796362, -0.201105542, -0.13890708, -0.357404117, 0.487523524, -0.796506851, -0.933837891, -0.19140625, 0.301879883, -0.00531230798, 0.85182443, 0.523873136, 0, 0, 0, 0, 0, 0, 0, 0.356612549, -0.145821973, -0.111287109, -0.199556514, 0.179119773, -0.963266839, 0.467895508, -0.846313477, -0.254272461, -0.860902599, -0.501357358, 0.0850800092, 0, 2, 1, 1, 
423.821387, 27, 0.1, 0.1, -0.00219995652, 0.360865138, -0.0199711384, 0.992213907, 3.09878294e-006, 0.124545427, 0.124545427, 2.52970276e-005, -0.992213906, -6.22528463e-006, 1, 2.47141234e-005, 0.992213909, 6.31698612e-006, 0.124545412, 0.124545411, 3.17181257e-005, -0.992213908, -1.02181485e-005, 0.999999999, 3.06844138e-005, 0, 0, 0, 0, 0, 0, 0, 0.330796362, -0.201105542, -0.13890708, -0.357404117, 0.487523524, -0.796506851, -0.933837891, -0.19140625, 0.301879883, -0.00531230798, 0.85182443, 0.523873136, 0, 0, 0, 0, 0, 0, 0, 0.356612549, -0.145821973, -0.111287109, -0.199556514, 0.179119773, -0.963266839, 0.467895508, -0.846313477, -0.254272461, -0.860902599, -0.501357358, 0.0850800092, 0, 2, 1, 1, 
423.822075, 27, 0.1, 0.1, -0.00219995721, 0.360865141, -0.0199715532, 0.992213875, 1.67326578e-005, 0.124545677, 0.124545677, -2.2706896e-005, -0.992213875, -1.37743295e-005, 1, -2.46140774e-005, 0.992213885, 1.29124877e-005, 0.124545599, 0.1245456, -2.90757979e-005, -0.992213885, -9.19068688e-006, 0.999999999, -3.04576039e-005, 0, 0, 0, 0, 0, 0, 0, 0.330796362, -0.201105542, -0.13890708, -0.357404117, 0.487523524, -0.796506851, -0.933837891, -0.19140625, 0.301879883, -0.00531230798, 0.85182443, 0.523873136, 0, 0, 0, 0, 0, 0, 0, 0.356612549, -0.145821973, -0.111287109, -0.199556514, 0.179119773, -0.963266839, 0.467895508, -0.846313477, -0.254272461, -0.860902599, -0.501357358, 0.0850800092, 0, 2, 1, 1, 
423.822772, 27, 0.1, 0.1, -0.00219995713, 0.360865137, -0.0199713812, 0.992213824, 6.61703967e-006, 0.124546086, 0.124546086, 2.52305085e-005, -0.992213824, -9.70787933e-006, 1, 2.42099329e-005, 0.992213832, -7.06871973e-006, 0.124546021, 0.124546021, 2.98040351e-005, -0.992213832, 3.30170751e-006, 1, 3.04523568e-005, 0, 0, 0, 0, 0, 0, 0, 0.330796362, -0.201105542, -0.13890708, -0.357404117, 0.487523524, -0.796506851, -0.933837891, -0.19140625, 0.301879883, -0.00531230798, 0.85182443, 0.523873136, 0, 0, 0, 0, 0, 0, 0, 0.356612549, -0.145821973, -0.111287109, -0.199556514, 0.179119773, -0.963266839, 0.467895508, -0.846313477, -0.254272461, -0.860902599, -0.501357358, 0.0850800092, 0, 2, 1, 1, 
423.823479, 27, 0.1, 0.1, -0.00219995757, 0.360865141, -0.0199707142, 0.992213816, -4.12182303e-006, 0.124546151, 0.124546151, -2.51903814e-005, -0.992213816, 7.2270948e-006, 1, -2.44808873e-005, 0.992213815, -7.60320904e-006, 0.124546156, 0.124546155, -3.21944814e-005, -0.992213815, 1.15537079e-005, 0.999999999, -3.09968588e-005, 0, 0, 0, 0, 0, 0, 0, 0.330796362, -0.201105542, -0.13890708, -0.357404117, 0.487523524, -0.796506851, -0.933837891, -0.19140625, 0.301879883, -0.00531230798, 0.85182443, 0.523873136, 0, 0, 0, 0, 0, 0, 0, 0.356612549, -0.145821973, -0.111287109, -0.199556514, 0.179119773, -0.963266839, 0.467895508, -0.846313477, -0.254272461, -0.860902599, -0.501357358, 0.0850800092, 0, 2, 1, 1, 
423.824176, 27, 0.1, 0.1, -0.002199957, 0.360865137, -0.019969736, 0.992213794, -1.85094386e-005, 0.124546321, 0.124546321, 2.34986151e-005, -0.992213794, 1.54386542e-005, 1, 2.56209325e-005, 0.992213803, -1.44108694e-005, 0.124546253, 0.124546253, 3.10161503e-005, -0.992213803, 1.04357183e-005, 0.999999999, 3.25694722e-005, 0, 0, 0, 0, 0, 0, 0, 0.330796362, -0.201105542, -0.13890708, -0.357404117, 0.487523524, -0.796506851, -0.933837891, -0.19140625, 0.301879883, -0.00531230798, 0.85182443, 0.523873136, 0, 0, 0, 0, 0, 0, 0, 0.356612549, -0.145821973, -0.111287109, -0.199556514, 0.179119773, -0.963266839, 0.467895508, -0.846313477, -0.254272461, -0.860902599, -0.501357358, 0.0850800092, 0, 2, 1, 1, 
423.824863, 27, 0.1, 0.1, -0.00219995743, 0.360865141, -0.0199688151, 0.992213752, -7.18242005e-006, 0.12454666, 0.124546659, -2.7312334e-005, -0.992213752, 1.05281559e-005, 1, -2.6205127e-005, 0.992213758, 7.45617955e-006, 0.124546608, 0.124546608, -3.23104328e-005, -0.992213758, -3.37396914e-006, 0.999999999, -3.29874979e-005, 0, 0, 0, 0, 0, 0, 0, 0.330796362, -0.201105542, -0.13890708, -0.357404117, 0.487523524, -0.796506851, -0.933837891, -0.19140625, 0.301879883, -0.00531230798, 0.85182443, 0.523873136, 0, 0, 0, 0, 0, 0, 0, 0.356612549, -0.145821973, -0.111287109, -0.199556514, 0.179119773, -0.963266839, 0.467895508, -0.846313477, -0.254272461, -0.860902599, -0.501357358, 0.0850800092, 0, 2, 1, 1, 
423.825593, 27, 0.1, 0.1, -0.00219995738, 0.360865136, -0.0199678596, 0.992213757, 5.90808726e-006, 0.124546622, 0.124546622, 3.17990278e-005, -0.992213756, -9.82254694e-006, 0.999999999, 3.08156005e-005, 0.992213753, 9.47549319e-006, 0.12454665, 0.124546649, 3.98272919e-005, -0.992213752, -1.43620704e-005, 0.999999999, 3.83370458e-005, 0, 0, 0, 0, 0, 0, 0, 0.330667188, -0.202172192, -0.138706519, -0.364610832, 0.488532247, -0.79264158, -0.931030273, -0.19140625, 0.310302734, -9.23427121e-005, 0.851170296, 0.524867633, 0, 0, 0, 0, 0, 0, 0, 0.356395361, -0.146219873, -0.110617969, -0.206904043, 0.180774186, -0.961445082, 0.46862793, -0.844238281, -0.259643555, -0.85872903, -0.50425204, 0.0899357066, 0, 2, 1, 1, 
423.826287, 27, 0.1, 0.1, -0.00219995881, 0.36086514, -0.0199675186, 0.992213746, 2.29549275e-005, 0.124546703, 0.124546703, -2.52987116e-005, -0.992213746, -1.96253235e-005, 0.999999999, -2.796069e-005, 0.992213753, 1.86086479e-005, 0.124546653, 0.124546653, -3.20338699e-005, -0.992213752, -1.44740451e-005, 0.999999999, -3.41020911e-005, 0, 0, 0, 0, 0, 0, 0, 0.330667188, -0.202172192, -0.138706519, -0.364610832, 0.488532247, -0.79264158, -0.931030273, -0.19140625, 0.310302734, -9.23427121e-005, 0.851170296, 0.524867633, 0, 0, 0, 0, 0, 0, 0, 0.356395361, -0.146219873, -0.110617969, -0.206904043, 0.180774186, -0.961445082, 0.46862793, -0.844238281, -0.259643555, -0.85872903, -0.50425204, 0.0899357066, 0, 2, 1, 1, 
423.826972, 27, 0.1, 0.1, -0.00219995945, 0.360865136, -0.0199678857, 0.992213712, 1.08259695e-005, 0.124546977, 0.124546977, 2.65536415e-005, -0.992213712, -1.40488512e-005, 1, 2.49985454e-005, 0.992213717, -4.02061297e-006, 0.124546937, 0.124546938, 3.16301062e-005, -0.992213717, 4.98744798e-008, 0.999999999, 3.18845803e-005, 0, 0, 0, 0, 0, 0, 0, 0.330667188, -0.202172192, -0.138706519, -0.364610832, 0.488532247, -0.79264158, -0.931030273, -0.19140625, 0.310302734, -9.23427121e-005, 0.851170296, 0.524867633, 0, 0, 0, 0, 0, 0, 0, 0.356395361, -0.146219873, -0.110617969, -0.206904043, 0.180774186, -0.961445082, 0.46862793, -0.844238281, -0.259643555, -0.85872903, -0.50425204, 0.0899357066, 0, 2, 1, 1, 
423.82768, 27, 0.1, 0.1, -0.00219996071, 0.360865141, -0.0199687801, 0.992213722, -7.64034094e-007, 0.124546896, 0.124546896, -3.02675996e-005, -0.992213722, 4.52782069e-006, 1, -2.99367696e-005, 0.992213718, -4.2288549e-006, 0.124546933, 0.124546932, -3.78233742e-005, -0.992213717, 8.90671308e-006, 0.999999999, -3.70021799e-005, 0, 0, 0, 0, 0, 0, 0, 0.330667188, -0.202172192, -0.138706519, -0.370980688, 0.489521874, -0.78909982, -0.928588867, -0.192504883, 0.317138672, 0.003388382, 0.850395595, 0.526160552, 0, 0, 0, 0, 0, 0, 0, 0.356395361, -0.146219873, -0.110617969, -0.206904043, 0.180774186, -0.961445082, 0.46862793, -0.844238281, -0.259643555, -0.85872903, -0.50425204, 0.0899357066, 0, 2, 1, 1, 
423.828385, 27, 0.1, 0.1, -0.00219996077, 0.360865137, -0.0199696338, 0.992213717, -1.74216357e-005, 0.124546935, 0.124546935, 2.49883336e-005, -0.992213717, 1.41737655e-005, 1, 2.69635787e-005, 0.992213723, -1.26603643e-005, 0.124546893, 0.124546894, 3.13215271e-005, -0.992213722, 8.66078825e-006, 0.999999999, 3.2654458e-005, 0, 0, 0, 0, 0, 0, 0, 0.330352246, -0.202347217, -0.138075098, -0.370980688, 0.489521874, -0.78909982, -0.928588867, -0.192504883, 0.317138672, 0.003388382, 0.850395595, 0.526160552, 0, 0, 0, 0, 0, 0, 0, 0.355773193, -0.146381348, -0.109744141, -0.213644563, 0.182696922, -0.959668167, 0.469726563, -0.842041016, -0.264892578, -0.856491662, -0.507364005, 0.0940502345, 0, 2, 1, 1, 
423.829074, 27, 0.1, 0.1, -0.00219996073, 0.36086514, -0.01997051, 0.992213688, -1.05303205e-005, 0.124547172, 0.124547172, -2.53532869e-005, -0.992213687, 1.36060083e-005, 1, -2.38443566e-005, 0.992213692, 4.18827807e-006, 0.12454714, 0.12454714, -2.95959194e-005, -0.992213691, -4.6957973e-007, 1, -2.98871145e-005, 0, 0, 0, 0, 0, 0, 0, 0.330352246, -0.202347217, -0.138075098, -0.370980688, 0.489521874, -0.78909982, -0.928588867, -0.192504883, 0.317138672, 0.003388382, 0.850395595, 0.526160552, 0, 0, 0, 0, 0, 0, 0, 0.355773193, -0.146381348, -0.109744141, -0.213644563, 0.182696922, -0.959668167, 0.469726563, -0.842041016, -0.264892578, -0.856491662, -0.507364005, 0.0940502345, 0, 2, 1, 1, 
423.829767, 27, 0.1, 0.1, -0.00219996123, 0.360865137, -0.0199711076, 0.992213706, 2.95327155e-005, 0.124547019, 0.124547018, 2.89722652e-005, -0.992213707, -3.29111744e-005, 0.999999999, 2.5068467e-005, 0.992213698, 1.71088226e-005, 0.124547089, 0.124547089, 3.38076828e-005, -0.992213698, -2.11862566e-005, 0.999999999, 3.14135919e-005, 0, 0, 0, 0, 0, 0, 0, 0.330352246, -0.202347217, -0.138075098, -0.370980688, 0.489521874, -0.78909982, -0.928588867, -0.192504883, 0.317138672, 0.003388382, 0.850395595, 0.526160552, 0, 0, 0, 0, 0, 0, 0, 0.355773193, -0.146381348, -0.109744141, -0.213644563, 0.182696922, -0.959668167, 0.469726563, -0.842041016, -0.264892578, -0.856491662, -0.507364005, 0.0940502345, 0, 2, 1, 1, 
423.830465, 27, 0.1, 0.1, -0.0021999628, 0.36086514, -0.0199712915, 0.992213786, -2.68884311e-005, 0.124546385, 0.124546384, -2.70433344e-005, -0.992213786, 3.00472216e-005, 0.999999999, -2.34839123e-005, 0.992213766, -1.15953249e-005, 0.124546549, 0.124546549, -3.13456169e-005, -0.992213765, 1.54090294e-005, 0.999999999, -2.96573949e-005, 0, 0, 0, 0, 0, 0, 0, 0.330352246, -0.202347217, -0.138075098, -0.370980688, 0.489521874, -0.78909982, -0.928588867, -0.192504883, 0.317138672, 0.003388382, 0.850395595, 0.526160552, 0, 0, 0, 0, 0, 0, 0, 0.355773193, -0.146381348, -0.109744141, -0.213644563, 0.182696922, -0.959668167, 0.469726563, -0.842041016, -0.264892578, -0.856491662, -0.507364005, 0.0940502345, 0, 2, 1, 1, 
423.831207, 27, 0.1, 0.1, -0.00219996087, 0.360865137, -0.0199708225, 0.992213932, 2.04444188e-005, 0.124545224, 0.124545223, 2.32671274e-005, -0.992213932, -2.31830467e-005, 1, 2.05397132e-005, 0.992213889, 2.50476068e-006, 0.124545567, 0.124545566, 2.9999924e-005, -0.992213889, -6.22161586e-006, 1, 2.94543844e-005, 0, 0, 0, 0, 0, 0, 0, 0.330352246, -0.202347217, -0.138075098, -0.370980688, 0.489521874, -0.78909982, -0.928588867, -0.192504883, 0.317138672, 0.003388382, 0.850395595, 0.526160552, 0, 0, 0, 0, 0, 0, 0, 0.355773193, -0.146381348, -0.109744141, -0.213644563, 0.182696922, -0.959668167, 0.469726563, -0.842041016, -0.264892578, -0.856491662, -0.507364005, 0.0940502345, 0, 2, 1, 1, 
423.831897, 27, 0.1, 0.1, -0.00219996108, 0.360865141, -0.0199696359, 0.992214116, -3.26231739e-005, 0.124543759, 0.124543758, -3.05554623e-005, -0.992214116, 3.61746658e-005, 0.999999999, -2.62545484e-005, 0.992214076, -1.79328179e-005, 0.124544075, 0.124544075, -3.62444958e-005, -0.992214076, 2.23072316e-005, 0.999999999, -3.37288727e-005, 0, 0, 0, 0, 0, 0, 0, 0.330352246, -0.202347217, -0.138075098, -0.370980688, 0.489521874, -0.78909982, -0.928588867, -0.192504883, 0.317138672, 0.003388382, 0.850395595, 0.526160552, 0, 0, 0, 0, 0, 0, 0, 0.355773193, -0.146381348, -0.109744141, -0.213644563, 0.182696922, -0.959668167, 0.469726563, -0.842041016, -0.264892578, -0.856491662, -0.507364005, 0.0940502345, 0, 2, 1, 1, 
423.832626, 27, 0.1, 0.1, -0.00219995883, 0.360865136, -0.0199682333, 0.992214359, 2.44196684e-005, 0.124541824, 0.124541823, 3.4161774e-005, -0.992214359, -2.84841152e-005, 0.999999999, 3.08545327e-005, 0.992214309, 8.90728455e-006, 0.124542218, 0.124542218, 3.9354656e-005, -0.992214309, -1.37392513e-005, 0.999999999, 3.79389198e-005, 0, 0, 0, 0, 0, 0, 0, 0.329843115, -0.202241992, -0.137408521, -0.376836073, 0.491659887, -0.784923021, -0.926147461, -0.192993164, 0.323730469, 0.0077763581, 0.849068231, 0.528341627, 0, 0, 0, 0, 0, 0, 0, 0.355773193, -0.146381348, -0.109744141, -0.220749288, 0.185213906, -0.957527048, 0.470458984, -0.83972168, -0.270874023, -0.854292574, -0.51029077, 0.0982030419, 0, 2, 1, 1, 
