time, trialNum, realDorsalTactorPos, realVentralTactorPos, boxPosX, boxPosY, boxPosZ, boxLocalRot_11, boxLocalRot_12, boxLocalRot_13, boxLocalRot_21, boxLocalRot_22, boxLocalRot_23, boxLocalRot_31, boxLocalRot_32, boxLocalRot_33, boxGlobalRot_11, boxGlobalRot_12, boxGlobalRot_13, boxGlobalRot_21, boxGlobalRot_22, boxGlobalRot_23, boxGlobalRot_31, boxGlobalRot_32, boxGlobalRot_33, indexForceX, indexForceY, indexForceZ, indexForceGlobalX, indexForceGlobalY, indexForceGlobalZ, indexContact, indexPosX, indexPosY, indexPosZ, indexRot_11, indexRot_12, indexRot_13, indexRot_21, indexRot_22, indexRot_23, indexRot_31, indexRot_32, indexRot_33, thumbForceX, thumbForceY, thumbForceZ, thumbForceGlobalX, thumbForceGlobalY, thumbForceGlobalZ, thumbContact, thumbPosX, thumbPosY, thumbPosZ, thumbRot_11, thumbRot_12, thumbRot_13, thumbRot_21, thumbRot_22, thumbRot_23, thumbRot_31, thumbRot_32, thumbRot_33, manipForceTooHigh, cceExpType, mapping, trialSuccess, 
853.451951, 61, 0.1, 0.1, 0.024413705, 0.327910014, -0.0199772569, 0.918090929, 3.92441168e-005, -0.396369832, -0.396369832, -1.09566566e-005, -0.91809093, -4.03725559e-005, 0.999999999, 5.49597696e-006, 0.918090855, 4.92664582e-005, -0.396370004, -0.396370004, -8.00125592e-006, -0.918090856, -4.84025426e-005, 0.999999999, 1.21818664e-005, 0, 0, 0, 0, 0, 0, 0, 0.282360718, -0.226333911, -0.127375024, -0.215780402, 0.571081287, -0.792023701, -0.850219727, 0.288818359, 0.439941406, 0.479972365, 0.768389961, 0.423424384, 0, 0, -0, 0, 0, 0, 0, 0.340271875, -0.21387959, -0.10783584, 0.180243752, -0.206135867, -0.961753658, 0.369628906, -0.891845703, 0.260498047, -0.911445359, -0.402413639, -0.0846368596, 0, 2, 5, 1, 
853.465438, 61, 0.1, 0.1, 0.024413706, 0.327910022, -0.0199715456, 0.918108811, 1.00410128e-005, -0.396328412, -0.39632841, -8.72648392e-005, -0.918108808, -4.38042775e-005, 0.999999996, -7.61390791e-005, 0.91810852, -4.55473818e-006, -0.396329088, -0.396329088, -6.16308059e-005, -0.918108518, -2.02443372e-005, 0.999999998, -5.83889432e-005, 0, 0, 0, 0, 0, 0, 0, 0.286160693, -0.227951733, -0.122760864, -0.219730292, 0.578841786, -0.78527343, -0.852294922, 0.277587891, 0.443115234, 0.474541962, 0.766666451, 0.432489785, 0, 0, -0, 0, 0, 0, 0, 0.343401318, -0.214710645, -0.103261523, 0.182397631, -0.199096041, -0.962737997, 0.378540039, -0.889526367, 0.255737305, -0.907413954, -0.411002169, -0.0869496865, 0, 2, 5, 1, 
853.466227, 61, 0.1, 0.1, 0.0244136996, 0.327910036, -0.0199745003, 0.91811022, 1.57315659e-005, -0.396325148, -0.396325148, -5.11349209e-006, -0.91811022, -1.64699169e-005, 1, 1.54006584e-006, 0.918109947, 2.41129109e-005, -0.39632578, -0.396325779, -4.57299298e-005, -0.918109947, -4.02622534e-005, 0.999999999, -3.24285352e-005, 0, 0, 0, 0, 0, 0, 0, 0.286160693, -0.227951733, -0.122760864, -0.219730292, 0.578841786, -0.78527343, -0.852294922, 0.277587891, 0.443115234, 0.474541962, 0.766666451, 0.432489785, 0, 0, -0, 0, 0, 0, 0, 0.343401318, -0.214710645, -0.103261523, 0.182397631, -0.199096041, -0.962737997, 0.378540039, -0.889526367, 0.255737305, -0.907413954, -0.411002169, -0.0869496865, 0, 2, 5, 1, 
853.467048, 61, 0.1, 0.1, 0.0244137036, 0.327910025, -0.0199741, 0.918111704, -2.97671999e-005, -0.396321711, -0.39632171, 3.56532761e-005, -0.918111704, 4.1459782e-005, 0.999999999, 2.09363025e-005, 0.9181114, -3.26538508e-005, -0.396322415, -0.396322413, 5.39307688e-005, -0.918111399, 5.13538452e-005, 0.999999998, 3.65730007e-005, 0, 0, 0, 0, 0, 0, 0, 0.287173145, -0.227942187, -0.122763525, -0.221779938, 0.583536802, -0.78119099, -0.85168457, 0.274169922, 0.446533203, 0.474866594, 0.764316139, 0.436416091, 0, 0, -0, 0, 0, 0, 0, 0.343401318, -0.214710645, -0.103261523, 0.181068777, -0.195684403, -0.963773009, 0.381225586, -0.889282227, 0.252197266, -0.906448937, -0.413098446, -0.0864447571, 0, 2, 5, 1, 
853.467837, 61, 0.1, 0.1, 0.0244137004, 0.327910027, -0.019970689, 0.91811309, 2.42241273e-005, -0.396318499, -0.396318499, 1.780769e-007, -0.918113091, -2.21699132e-005, 1, 9.76396451e-006, 0.918112812, 2.22180662e-005, -0.396319143, -0.396319143, -1.82816376e-005, -0.918112813, -2.76440542e-005, 1, -7.97916073e-006, 0, 0, 0, 0, 0, 0, 0, 0.287173145, -0.227942187, -0.122763525, -0.221779938, 0.583536802, -0.78119099, -0.85168457, 0.274169922, 0.446533203, 0.474866594, 0.764316139, 0.436416091, 0, 0, -0, 0, 0, 0, 0, 0.34422666, -0.214752246, -0.103096143, 0.181068777, -0.195684403, -0.963773009, 0.381225586, -0.889282227, 0.252197266, -0.906448937, -0.413098446, -0.0864447571, 0, 2, 5, 1, 
853.468623, 61, 0.1, 0.1, 0.024413703, 0.327910025, -0.0199658749, 0.918114491, -2.03700036e-005, -0.396315255, -0.396315255, 7.4223243e-006, -0.918114491, 2.16435758e-005, 1, -1.25839966e-006, 0.918114216, -3.47061141e-005, -0.396315892, -0.396315892, 5.0427201e-006, -0.918114216, 3.38626869e-005, 0.999999999, -9.12479155e-006, 0, 0, 0, 0, 0, 0, 0, 0.287173145, -0.227942187, -0.122763525, -0.221779938, 0.583536802, -0.78119099, -0.85168457, 0.274169922, 0.446533203, 0.474866594, 0.764316139, 0.436416091, 0, 0, -0, 0, 0, 0, 0, 0.34422666, -0.214752246, -0.103096143, 0.181068777, -0.195684403, -0.963773009, 0.381225586, -0.889282227, 0.252197266, -0.906448937, -0.413098446, -0.0864447571, 0, 2, 5, 1, 
853.469442, 61, 0.1, 0.1, 0.0244137, 0.327910024, -0.0199610148, 0.9181158, -1.07694994e-005, -0.396312224, -0.396312224, -9.16384669e-006, -0.9181158, 6.25590312e-006, 1, -1.26815567e-005, 0.918115543, -6.6508728e-006, -0.396312817, -0.396312817, -3.33266452e-006, -0.918115543, 4.78549203e-006, 1, -5.69559723e-006, 0, 0, 0, 0, 0, 0, 0, 0.288449341, -0.225771875, -0.121883594, -0.226867354, 0.586571205, -0.777424947, -0.855102539, 0.262084961, 0.447265625, 0.466155782, 0.766307375, 0.442246389, 0, 0, -0, 0, 0, 0, 0, 0.34422666, -0.214752246, -0.103096143, 0.182800848, -0.191615451, -0.964252418, 0.388427734, -0.88684082, 0.25, -0.903075579, -0.42028083, -0.0877225722, 0, 2, 5, 1, 
853.470235, 61, 0.1, 0.1, 0.0244136986, 0.327910022, -0.0199578491, 0.918116988, -3.89386186e-006, -0.39630947, -0.39630947, -9.05389818e-006, -0.918116988, -1.31248644e-008, 1, -9.85571206e-006, 0.918116751, -7.37120652e-006, -0.39631002, -0.39631002, 1.83526146e-005, -0.918116751, 1.40409532e-005, 1, 1.39285598e-005, 0, 0, 0, 0, 0, 0, 0, 0.288449341, -0.225771875, -0.121883594, -0.226867354, 0.586571205, -0.777424947, -0.855102539, 0.262084961, 0.447265625, 0.466155782, 0.766307375, 0.442246389, 0, 0, -0, 0, 0, 0, 0, 0.345305176, -0.213741113, -0.10248501, 0.182800848, -0.191615451, -0.964252418, 0.388427734, -0.88684082, 0.25, -0.903075579, -0.42028083, -0.0877225722, 0, 2, 5, 1, 
853.471028, 61, 0.1, 0.1, 0.0244136967, 0.327910021, -0.0199573805, 0.918118123, -3.92983759e-006, -0.39630684, -0.39630684, 1.22769318e-005, -0.918118123, 8.47348718e-006, 1, 9.7142521e-006, 0.918117897, 1.11215921e-006, -0.396307365, -0.396307365, 2.0184378e-005, -0.918117897, 6.97812437e-006, 1, 1.89723955e-005, 0, 0, 0, 0, 0, 0, 0, 0.288449341, -0.225771875, -0.121883594, -0.226867354, 0.586571205, -0.777424947, -0.855102539, 0.262084961, 0.447265625, 0.466155782, 0.766307375, 0.442246389, 0, 0, -0, 0, 0, 0, 0, 0.345305176, -0.213741113, -0.10248501, 0.182800848, -0.191615451, -0.964252418, 0.388427734, -0.88684082, 0.25, -0.903075579, -0.42028083, -0.0877225722, 0, 2, 5, 1, 
853.47182, 61, 0.1, 0.1, 0.0244136965, 0.327910022, -0.0199596349, 0.918119145, 5.79669678e-006, -0.396304473, -0.396304473, 1.20315977e-005, -0.918119145, -5.53882322e-007, 1, 1.3343697e-005, 0.918118966, -9.28330452e-006, -0.396304888, -0.396304888, 1.12752445e-005, -0.918118966, 1.29916124e-005, 1, 6.67299683e-006, 0, 0, 0, 0, 0, 0, 0, 0.288449341, -0.225771875, -0.121883594, -0.226867354, 0.586571205, -0.777424947, -0.855102539, 0.262084961, 0.447265625, 0.466155782, 0.766307375, 0.442246389, 0, 0, -0, 0, 0, 0, 0, 0.345305176, -0.213741113, -0.10248501, 0.182800848, -0.191615451, -0.964252418, 0.388427734, -0.88684082, 0.25, -0.903075579, -0.42028083, -0.0877225722, 0, 2, 5, 1, 
853.472605, 61, 0.1, 0.1, 0.0244136951, 0.327910024, -0.01996363, 0.918119936, -2.53673682e-007, -0.396302641, -0.396302641, 5.75784304e-006, -0.918119936, 2.51475127e-006, 1, 5.18585893e-006, 0.918119797, -7.59992052e-006, -0.396302964, -0.396302964, -1.24330031e-005, -0.918119797, 2.05040151e-006, 1, -1.44268573e-005, 0, 0, 0, 0, 0, 0, 0, 0.288449341, -0.225771875, -0.121883594, -0.226867354, 0.586571205, -0.777424947, -0.855102539, 0.262084961, 0.447265625, 0.466155782, 0.766307375, 0.442246389, 0, 0, -0, 0, 0, 0, 0, 0.345305176, -0.213741113, -0.10248501, 0.182800848, -0.191615451, -0.964252418, 0.388427734, -0.88684082, 0.25, -0.903075579, -0.42028083, -0.0877225722, 0, 2, 5, 1, 
853.473392, 61, 0.1, 0.1, 0.0244136935, 0.327910025, -0.0199680023, 0.918120536, 6.6336806e-007, -0.396301251, -0.396301251, -1.1217581e-005, -0.918120536, -5.05459322e-006, 1, -1.00361979e-005, 0.918120422, -1.11112863e-005, -0.396301514, -0.396301514, -1.32714354e-005, -0.918120422, 4.94200889e-006, 1, -1.65881955e-005, 0, 0, 0, 0, 0, 0, 0, 0.288449341, -0.225771875, -0.121883594, -0.226867354, 0.586571205, -0.777424947, -0.855102539, 0.262084961, 0.447265625, 0.466155782, 0.766307375, 0.442246389, 0, 0, -0, 0, 0, 0, 0, 0.345305176, -0.213741113, -0.10248501, 0.182800848, -0.191615451, -0.964252418, 0.388427734, -0.88684082, 0.25, -0.903075579, -0.42028083, -0.0877225722, 0, 2, 5, 1, 
853.474195, 61, 0.1, 0.1, 0.0244136923, 0.327910025, -0.01997124, 0.918121151, -3.50648759e-006, -0.396299825, -0.396299825, -1.18715845e-005, -0.918121151, -1.48532643e-006, 1, -1.22891732e-005, 0.918121035, -1.30181641e-006, -0.396300095, -0.396300095, -8.28220149e-006, -0.918121035, -2.0870122e-006, 1, -8.11997337e-006, 0, 0, 0, 0, 0, 0, 0, 0.289033008, -0.224515405, -0.12040376, -0.228158769, 0.589274985, -0.775023337, -0.858276367, 0.25402832, 0.445800781, 0.459562766, 0.766991466, 0.448045609, 0, 0, -0, 0, 0, 0, 0, 0.345305176, -0.213741113, -0.10248501, 0.182800848, -0.191615451, -0.964252418, 0.388427734, -0.88684082, 0.25, -0.903075579, -0.42028083, -0.0877225722, 0, 2, 5, 1, 
853.475001, 61, 0.1, 0.1, 0.0244136896, 0.327910024, -0.0199720008, 0.918121625, 2.24913594e-005, -0.396298726, -0.396298726, -1.5936501e-005, -0.918121626, -2.69654185e-005, 1, -5.71834911e-006, 0.918121553, 2.1097681e-005, -0.396298894, -0.396298894, 9.18869959e-007, -0.918121553, -1.90060885e-005, 1, 9.20462198e-006, 0, 0, 0, 0, 0, 0, 0, 0.289033008, -0.224515405, -0.12040376, -0.228158769, 0.589274985, -0.775023337, -0.858276367, 0.25402832, 0.445800781, 0.459562766, 0.766991466, 0.448045609, 0, 0, -0, 0, 0, 0, 0, 0.346170215, -0.212957617, -0.101425928, 0.184826763, -0.188063821, -0.964559387, 0.394165039, -0.884765625, 0.248046875, -0.900162307, -0.426044674, -0.0894732339, 0, 2, 5, 1, 
853.475794, 61, 0.1, 0.1, 0.0244136888, 0.327910023, -0.0199705426, 0.918121929, -1.71603523e-005, -0.396298023, -0.396298023, 1.70079059e-005, -0.918121929, 2.24954953e-005, 1, 8.81471766e-006, 0.918121868, -1.47446609e-005, -0.396298165, -0.396298164, 2.2382475e-005, -0.918121868, 2.24075294e-005, 1, 1.47065577e-005, 0, 0, 0, 0, 0, 0, 0, 0.289033008, -0.224515405, -0.12040376, -0.228158769, 0.589274985, -0.775023337, -0.858276367, 0.25402832, 0.445800781, 0.459562766, 0.766991466, 0.448045609, 0, 0, -0, 0, 0, 0, 0, 0.346170215, -0.212957617, -0.101425928, 0.184826763, -0.188063821, -0.964559387, 0.394165039, -0.884765625, 0.248046875, -0.900162307, -0.426044674, -0.0894732339, 0, 2, 5, 1, 
853.476588, 61, 0.1, 0.1, 0.0244136858, 0.327910024, -0.0199674146, 0.918122303, 1.01124904e-005, -0.396297157, -0.396297158, 1.51054317e-005, -0.918122303, -3.29826335e-006, 1, 1.78761849e-005, 0.918122217, 2.09333158e-005, -0.396297356, -0.396297356, 4.57481007e-006, -0.918122217, -1.74063572e-005, 1, 1.24960525e-005, 0, 0, 0, 0, 0, 0, 0, 0.289033008, -0.224515405, -0.12040376, -0.228158769, 0.589274985, -0.775023337, -0.858276367, 0.25402832, 0.445800781, 0.459562766, 0.766991466, 0.448045609, 0, 0, -0, 0, 0, 0, 0, 0.346170215, -0.212957617, -0.101425928, 0.184826763, -0.188063821, -0.964559387, 0.394165039, -0.884765625, 0.248046875, -0.900162307, -0.426044674, -0.0894732339, 0, 2, 5, 1, 
853.477377, 61, 0.1, 0.1, 0.0244136885, 0.327910022, -0.0199639193, 0.91812281, 1.4175193e-005, -0.396295982, -0.396295982, 7.84766332e-006, -0.91812281, -9.90457058e-006, 1, 1.28226907e-005, 0.918122706, -1.83262872e-005, -0.396296224, -0.396296224, 9.67297094e-007, -0.918122706, 1.72091166e-005, 1, -6.374541e-006, 0, 0, 0, 0, 0, 0, 0, 0.289033008, -0.224515405, -0.12040376, -0.228158769, 0.589274985, -0.775023337, -0.858276367, 0.25402832, 0.445800781, 0.459562766, 0.766991466, 0.448045609, 0, 0, -0, 0, 0, 0, 0, 0.346170215, -0.212957617, -0.101425928, 0.184826763, -0.188063821, -0.964559387, 0.394165039, -0.884765625, 0.248046875, -0.900162307, -0.426044674, -0.0894732339, 0, 2, 5, 1, 
853.478396, 61, 0.1, 0.1, 0.0244136911, 0.327910022, -0.0199588964, 0.918123284, -5.22883373e-005, -0.39629488, -0.39629488, 1.35737979e-005, -0.918123286, 5.33863666e-005, 0.999999999, -8.25918046e-006, 0.918123207, -4.23252865e-005, -0.39629506, -0.39629506, -6.57904395e-006, -0.918123208, 3.62525852e-005, 0.999999999, -2.28136749e-005, 0, 0, 0, 0, 0, 0, 0, 0.289033008, -0.224515405, -0.12040376, -0.228158769, 0.589274985, -0.775023337, -0.858276367, 0.25402832, 0.445800781, 0.459562766, 0.766991466, 0.448045609, 0, 0, -0, 0, 0, 0, 0, 0.346170215, -0.212957617, -0.101425928, 0.184826763, -0.188063821, -0.964559387, 0.394165039, -0.884765625, 0.248046875, -0.900162307, -0.426044674, -0.0894732339, 0, 2, 5, 1, 
853.479388, 61, 0.1, 0.1, 0.0244136845, 0.327910019, -0.0199515044, 0.918123318, 4.3991718e-005, -0.396294804, -0.396294803, -3.50583869e-005, -0.918123318, -5.42832787e-005, 0.999999998, -1.47542333e-005, 0.918123341, 4.87045083e-005, -0.396294749, -0.396294748, -2.66964342e-005, -0.918123343, -5.52964026e-005, 0.999999998, -5.20927851e-006, 0, 0, 0, 0, 0, 0, 0, 0.289634351, -0.222738477, -0.121029517, -0.233555467, 0.593469758, -0.770108908, -0.859619141, 0.244140625, 0.448852539, 0.454361514, 0.766945039, 0.453323244, 0, 0, -0, 0, 0, 0, 0, 0.346729834, -0.211579932, -0.102609521, 0.182348058, -0.182314203, -0.966073442, 0.401123047, -0.883300781, 0.242431641, -0.897599747, -0.431700243, -0.0879139696, 0, 2, 5, 1, 
853.480168, 61, 0.1, 0.1, 0.0244136829, 0.327910018, -0.0199504788, 0.918123193, -7.36689889e-006, -0.396295095, -0.396295095, -1.48264867e-005, -0.918123193, 8.88056771e-007, 1, -1.65320072e-005, 0.918123209, -1.24765929e-005, -0.396295059, -0.396295058, 1.80304063e-005, -0.918123209, 1.86004104e-005, 1, 1.16097224e-005, 0, 0, 0, 0, 0, 0, 0, 0.289634351, -0.222738477, -0.121029517, -0.233555467, 0.593469758, -0.770108908, -0.859619141, 0.244140625, 0.448852539, 0.454361514, 0.766945039, 0.453323244, 0, 0, -0, 0, 0, 0, 0, 0.346729834, -0.211579932, -0.102609521, 0.182348058, -0.182314203, -0.966073442, 0.401123047, -0.883300781, 0.242431641, -0.897599747, -0.431700243, -0.0879139696, 0, 2, 5, 1, 
853.48094, 61, 0.1, 0.1, 0.0244136768, 0.327910022, -0.0199546157, 0.918123301, -9.94205197e-006, -0.396294845, -0.396294845, 3.7247374e-006, -0.918123301, 1.06041238e-005, 1, -5.20215745e-007, 0.91812326, 2.55130963e-005, -0.396294939, -0.396294939, -1.08575813e-006, -0.91812326, -2.38544476e-005, 1, 9.11385115e-006, 0, 0, 0, 0, 0, 0, 0, 0.289634351, -0.222738477, -0.121029517, -0.233555467, 0.593469758, -0.770108908, -0.859619141, 0.244140625, 0.448852539, 0.454361514, 0.766945039, 0.453323244, 0, 0, -0, 0, 0, 0, 0, 0.346729834, -0.211579932, -0.102609521, 0.182348058, -0.182314203, -0.966073442, 0.401123047, -0.883300781, 0.242431641, -0.897599747, -0.431700243, -0.0879139696, 0, 2, 5, 1, 
853.481747, 61, 0.1, 0.1, 0.0244136779, 0.327910021, -0.0199623485, 0.918123471, 1.69159522e-005, -0.396294452, -0.396294452, -1.02793209e-005, -0.918123471, -1.96045706e-005, 1, -2.73398782e-006, 0.918123432, 2.9853169e-006, -0.396294542, -0.396294542, -9.91677217e-006, -0.918123432, -6.67085209e-006, 1, -7.9217561e-006, 0, 0, 0, 0, 0, 0, 0, 0.289634351, -0.222738477, -0.121029517, -0.233555467, 0.593469758, -0.770108908, -0.859619141, 0.244140625, 0.448852539, 0.454361514, 0.766945039, 0.453323244, 0, 0, -0, 0, 0, 0, 0, 0.346729834, -0.211579932, -0.102609521, 0.176035175, -0.177470899, -0.968168619, 0.40246582, -0.884643555, 0.235351563, -0.898263258, -0.431068448, -0.0843291575, 0, 2, 5, 1, 
853.482534, 61, 0.1, 0.1, 0.024413679, 0.327910019, -0.0199700567, 0.918123746, -3.56122728e-005, -0.396293812, -0.396293813, -5.627385e-007, -0.918123747, 3.24734635e-005, 0.999999999, -1.46295869e-005, 0.918123679, -3.22726234e-005, -0.396293969, -0.396293969, 5.99012164e-006, -0.918123679, 3.20041088e-005, 0.999999999, -7.28977348e-006, 0, 0, 0, 0, 0, 0, 0, 0.289634351, -0.222738477, -0.121029517, -0.233555467, 0.593469758, -0.770108908, -0.859619141, 0.244140625, 0.448852539, 0.454361514, 0.766945039, 0.453323244, 0, 0, -0, 0, 0, 0, 0, 0.346298193, -0.211915918, -0.104458691, 0.176035175, -0.177470899, -0.968168619, 0.40246582, -0.884643555, 0.235351563, -0.898263258, -0.431068448, -0.0843291575, 0, 2, 5, 1, 
853.483321, 61, 0.1, 0.1, 0.0244136745, 0.327910022, -0.0199757234, 0.91812403, 4.48955919e-005, -0.396293155, -0.396293154, -2.07242214e-005, -0.918124031, -4.94325888e-005, 0.999999999, -1.23558996e-006, 0.918123983, 3.72949599e-005, -0.396293263, -0.396293262, -1.98539085e-005, -0.918123984, -4.21093674e-005, 0.999999999, -3.44860825e-006, 0, 0, 0, 0, 0, 0, 0, 0.289634351, -0.222738477, -0.121029517, -0.233555467, 0.593469758, -0.770108908, -0.859619141, 0.244140625, 0.448852539, 0.454361514, 0.766945039, 0.453323244, 0, 0, -0, 0, 0, 0, 0, 0.346298193, -0.211915918, -0.104458691, 0.176035175, -0.177470899, -0.968168619, 0.40246582, -0.884643555, 0.235351563, -0.898263258, -0.431068448, -0.0843291575, 0, 2, 5, 1, 
853.484125, 61, 0.1, 0.1, 0.0244136712, 0.327910023, -0.0199776219, 0.918124312, -3.35270292e-005, -0.3962925, -0.396292501, -3.17774472e-006, -0.918124313, 2.95226642e-005, 0.999999999, -1.62040749e-005, 0.918124258, -1.54943945e-005, -0.396292629, -0.396292629, -5.00919583e-006, -0.918124258, 1.22406721e-005, 1, -1.07393785e-005, 0, 0, 0, 0, 0, 0, 0, 0.289323218, -0.223344214, -0.122100171, -0.235514503, 0.599344239, -0.765036841, -0.856933594, 0.243286133, 0.454345703, 0.458379553, 0.76267763, 0.45647485, 0, 0, -0, 0, 0, 0, 0, 0.346298193, -0.211915918, -0.104458691, 0.176035175, -0.177470899, -0.968168619, 0.40246582, -0.884643555, 0.235351563, -0.898263258, -0.431068448, -0.0843291575, 0, 2, 5, 1, 
853.484917, 61, 0.1, 0.1, 0.0244136732, 0.32791002, -0.0199752593, 0.918124488, 2.54149835e-005, -0.396292095, -0.396292096, 1.16802829e-005, -0.918124488, -1.87053149e-005, 1, 2.07957108e-005, 0.918124473, 1.74223606e-006, -0.39629213, -0.39629213, 2.33059884e-005, -0.918124473, 7.63639021e-006, 1, 2.20882327e-005, 0, 0, 0, 0, 0, 0, 0, 0.289323218, -0.223344214, -0.122100171, -0.235514503, 0.599344239, -0.765036841, -0.856933594, 0.243286133, 0.454345703, 0.458379553, 0.76267763, 0.45647485, 0, 0, -0, 0, 0, 0, 0, 0.346298193, -0.211915918, -0.104458691, 0.176035175, -0.177470899, -0.968168619, 0.40246582, -0.884643555, 0.235351563, -0.898263258, -0.431068448, -0.0843291575, 0, 2, 5, 1, 
853.485703, 61, 0.1, 0.1, 0.0244136679, 0.327910023, -0.0199699267, 0.918124422, -8.61431846e-006, -0.396292248, -0.396292248, -3.55262874e-007, -0.918124422, 7.76822823e-006, 1, -3.73996315e-006, 0.918124448, 1.07720505e-005, -0.396292188, -0.396292188, -2.19670892e-005, -0.918124448, -1.85954687e-005, 1, -1.58996422e-005, 0, 0, 0, 0, 0, 0, 0, 0.289323218, -0.223344214, -0.122100171, -0.235514503, 0.599344239, -0.765036841, -0.856933594, 0.243286133, 0.454345703, 0.458379553, 0.76267763, 0.45647485, 0, 0, -0, 0, 0, 0, 0, 0.346298193, -0.211915918, -0.104458691, 0.176035175, -0.177470899, -0.968168619, 0.40246582, -0.884643555, 0.235351563, -0.898263258, -0.431068448, -0.0843291575, 0, 2, 5, 1, 
853.486524, 61, 0.1, 0.1, 0.0244136669, 0.32791002, -0.0199631599, 0.918124166, 9.3613156e-006, -0.39629284, -0.39629284, -2.83090127e-005, -0.918124166, -1.98135091e-005, 1, -2.22813663e-005, 0.918124237, 1.3633965e-005, -0.396292676, -0.396292677, 3.24656917e-006, -0.918124237, -1.12310821e-005, 1, 8.38379431e-006, 0, 0, 0, 0, 0, 0, 0, 0.288506641, -0.223061743, -0.123364893, -0.238615934, 0.605117249, -0.759381033, -0.854003906, 0.241333008, 0.460693359, 0.462207754, 0.758549885, 0.459410408, 0, 0, -0, 0, 0, 0, 0, 0.346298193, -0.211915918, -0.104458691, 0.169671252, -0.172161311, -0.970276556, 0.404785156, -0.885498047, 0.227905273, -0.898441162, -0.431369587, -0.0806229439, 0, 2, 5, 1, 
853.487314, 61, 0.1, 0.1, 0.0244136667, 0.327910022, -0.0199575707, 0.918123766, 9.39030064e-006, -0.396293767, -0.396293767, 2.87419259e-005, -0.918123766, 2.76878791e-006, 1, 3.01099629e-005, 0.918123845, 7.52423767e-006, -0.396293585, -0.396293585, 1.37052372e-005, -0.918123845, -1.47688442e-006, 1, 1.55649122e-005, 0, 0, 0, 0, 0, 0, 0, 0.288506641, -0.223061743, -0.123364893, -0.238615934, 0.605117249, -0.759381033, -0.854003906, 0.241333008, 0.460693359, 0.462207754, 0.758549885, 0.459410408, 0, 0, -0, 0, 0, 0, 0, 0.345650146, -0.211347705, -0.10608291, 0.169671252, -0.172161311, -0.970276556, 0.404785156, -0.885498047, 0.227905273, -0.898441162, -0.431369587, -0.0806229439, 0, 2, 5, 1, 
853.488101, 61, 0.1, 0.1, 0.0244136682, 0.327910024, -0.0199550687, 0.918123357, -2.24220353e-005, -0.396294716, -0.396294716, -2.72367626e-005, -0.918123356, 9.79240918e-006, 0.999999999, -3.3892442e-005, 0.91812343, -3.38034815e-005, -0.396294545, -0.396294546, -2.47855592e-005, -0.91812343, 2.12133865e-005, 0.999999999, -3.61523379e-005, 0, 0, 0, 0, 0, 0, 0, 0.288506641, -0.223061743, -0.123364893, -0.238615934, 0.605117249, -0.759381033, -0.854003906, 0.241333008, 0.460693359, 0.462207754, 0.758549885, 0.459410408, 0, 0, -0, 0, 0, 0, 0, 0.345650146, -0.211347705, -0.10608291, 0.169671252, -0.172161311, -0.970276556, 0.404785156, -0.885498047, 0.227905273, -0.898441162, -0.431369587, -0.0806229439, 0, 2, 5, 1, 
853.488887, 61, 0.1, 0.1, 0.0244136636, 0.327910021, -0.0199562329, 0.918123158, -9.38296669e-007, -0.396295176, -0.396295176, 1.91480331e-005, -0.918123158, 8.44974504e-006, 1, 1.72084102e-005, 0.918123174, 1.1181693e-005, -0.396295138, -0.396295138, 3.18026069e-005, -0.918123174, 2.33704702e-006, 0.999999999, 3.3629961e-005, 0, 0, 0, 0, 0, 0, 0, 0.288506641, -0.223061743, -0.123364893, -0.238615934, 0.605117249, -0.759381033, -0.854003906, 0.241333008, 0.460693359, 0.462207754, 0.758549885, 0.459410408, 0, 0, -0, 0, 0, 0, 0, 0.345650146, -0.211347705, -0.10608291, 0.169671252, -0.172161311, -0.970276556, 0.404785156, -0.885498047, 0.227905273, -0.898441162, -0.431369587, -0.0806229439, 0, 2, 5, 1, 
853.489669, 61, 0.1, 0.1, 0.0244136636, 0.327910024, -0.0199604515, 0.918123106, 1.29200616e-005, -0.396295297, -0.396295297, 1.19757513e-005, -0.918123106, -7.11627317e-006, 1, 1.61153737e-005, 0.918123121, -6.27869378e-006, -0.396295262, -0.396295262, -1.1144518e-005, -0.918123121, 1.34809424e-006, 1, -1.27202562e-005, 0, 0, 0, 0, 0, 0, 0, 0.288506641, -0.223061743, -0.123364893, -0.238615934, 0.605117249, -0.759381033, -0.854003906, 0.241333008, 0.460693359, 0.462207754, 0.758549885, 0.459410408, 0, 0, -0, 0, 0, 0, 0, 0.345650146, -0.211347705, -0.10608291, 0.169671252, -0.172161311, -0.970276556, 0.404785156, -0.885498047, 0.227905273, -0.898441162, -0.431369587, -0.0806229439, 0, 2, 5, 1, 
853.490459, 61, 0.1, 0.1, 0.0244136633, 0.327910021, -0.0199661075, 0.918123156, 5.80945262e-007, -0.396295181, -0.396295181, -2.25605255e-005, -0.918123156, -9.47400686e-006, 1, -2.04831151e-005, 0.918123126, -1.31466833e-005, -0.39629525, -0.39629525, -3.56218355e-006, -0.918123126, 1.06585975e-005, 1, -8.48049123e-006, 0, 0, 0, 0, 0, 0, 0, 0.288506641, -0.223061743, -0.123364893, -0.238615934, 0.605117249, -0.759381033, -0.854003906, 0.241333008, 0.460693359, 0.462207754, 0.758549885, 0.459410408, 0, 0, -0, 0, 0, 0, 0, 0.345650146, -0.211347705, -0.10608291, 0.169671252, -0.172161311, -0.970276556, 0.404785156, -0.885498047, 0.227905273, -0.898441162, -0.431369587, -0.0806229439, 0, 2, 5, 1, 
853.491284, 61, 0.1, 0.1, 0.0244136604, 0.32791002, -0.0199711578, 0.918123335, 1.23609809e-005, -0.396294767, -0.396294767, 2.10703448e-005, -0.918123334, -2.99883758e-006, 1, 2.42437673e-005, 0.918123302, 6.23122481e-006, -0.396294844, -0.396294844, 2.46475905e-005, -0.918123301, 4.04668031e-006, 1, 2.50989294e-005, 0, 0, 0, 0, 0, 0, 0, 0.288039526, -0.223047314, -0.12337561, -0.239179457, 0.609983008, -0.755413169, -0.852416992, 0.240600586, 0.464111328, 0.464892437, 0.75493661, 0.46261331, 0, 0, -0, 0, 0, 0, 0, 0.345650146, -0.211347705, -0.10608291, 0.167703307, -0.168455464, -0.971286048, 0.405639648, -0.886108398, 0.223754883, -0.898402516, -0.431593801, -0.0803608177, 0, 2, 5, 1, 
853.49207, 61, 0.1, 0.1, 0.0244136607, 0.327910021, -0.0199735181, 0.91812345, -1.3928126e-005, -0.3962945, -0.3962945, -1.45185957e-006, -0.91812345, 1.22123751e-005, 1, -6.85262606e-006, 0.918123437, -1.5482696e-005, -0.396294531, -0.396294531, -1.13551443e-005, -0.918123437, 9.71504445e-006, 1, -1.65611318e-005, 0, 0, 0, 0, 0, 0, 0, 0.288039526, -0.223047314, -0.12337561, -0.239179457, 0.609983008, -0.755413169, -0.852416992, 0.240600586, 0.464111328, 0.464892437, 0.75493661, 0.46261331, 0, 0, -0, 0, 0, 0, 0, 0.34529751, -0.210660742, -0.105920947, 0.167703307, -0.168455464, -0.971286048, 0.405639648, -0.886108398, 0.223754883, -0.898402516, -0.431593801, -0.0803608177, 0, 2, 5, 1, 
853.492896, 61, 0.1, 0.1, 0.0244136579, 0.32791002, -0.0199729204, 0.918123423, -9.57480492e-006, -0.396294562, -0.396294562, -1.50744802e-005, -0.918123423, 2.81691815e-006, 1, -1.76346765e-005, 0.918123439, 1.48719265e-005, -0.396294525, -0.396294525, 1.14325393e-006, -0.918123439, -1.32011991e-005, 1, 6.9433113e-006, 0, 0, 0, 0, 0, 0, 0, 0.288039526, -0.223047314, -0.12337561, -0.239179457, 0.609983008, -0.755413169, -0.852416992, 0.240600586, 0.464111328, 0.464892437, 0.75493661, 0.46261331, 0, 0, -0, 0, 0, 0, 0, 0.34529751, -0.210660742, -0.105920947, 0.167703307, -0.168455464, -0.971286048, 0.405639648, -0.886108398, 0.223754883, -0.898402516, -0.431593801, -0.0803608177, 0, 2, 5, 1, 
853.493687, 61, 0.1, 0.1, 0.0244136581, 0.327910022, -0.0199695643, 0.918123388, 6.94619393e-006, -0.396294643, -0.396294643, 1.66976128e-005, -0.918123388, 2.39711401e-007, 1, 1.80832083e-005, 0.918123392, 6.41398526e-006, -0.396294634, -0.396294634, 5.70421868e-006, -0.918123392, -3.62827865e-006, 1, 7.77900454e-006, 0, 0, 0, 0, 0, 0, 0, 0.288039526, -0.223047314, -0.12337561, -0.239179457, 0.609983008, -0.755413169, -0.852416992, 0.240600586, 0.464111328, 0.464892437, 0.75493661, 0.46261331, 0, 0, -0, 0, 0, 0, 0, 0.34529751, -0.210660742, -0.105920947, 0.167703307, -0.168455464, -0.971286048, 0.405639648, -0.886108398, 0.223754883, -0.898402516, -0.431593801, -0.0803608177, 0, 2, 5, 1, 
853.494484, 61, 0.1, 0.1, 0.0244136594, 0.327910024, -0.0199651057, 0.918123344, -1.7945236e-005, -0.396294746, -0.396294746, -2.249412e-005, -0.918123343, 7.56163845e-006, 1, -2.77639794e-005, 0.91812335, -2.74320674e-005, -0.39629473, -0.39629473, -2.14947025e-005, -0.91812335, 1.66677843e-005, 0.999999999, -3.0605972e-005, 0, 0, 0, 0, 0, 0, 0, 0.288039526, -0.223047314, -0.12337561, -0.239179457, 0.609983008, -0.755413169, -0.852416992, 0.240600586, 0.464111328, 0.464892437, 0.75493661, 0.46261331, 0, 0, -0, 0, 0, 0, 0, 0.34529751, -0.210660742, -0.105920947, 0.167703307, -0.168455464, -0.971286048, 0.405639648, -0.886108398, 0.223754883, -0.898402516, -0.431593801, -0.0803608177, 0, 2, 5, 1, 
853.495298, 61, 0.1, 0.1, 0.0244136555, 0.327910021, -0.0199606388, 0.918123438, -5.26689068e-006, -0.396294528, -0.396294527, 1.82215264e-005, -0.918123438, 1.2056747e-005, 1, 1.46423705e-005, 0.918123401, 6.48092451e-006, -0.396294614, -0.396294614, 3.03209761e-005, -0.9181234, 6.06575108e-006, 1, 3.04067532e-005, 0, 0, 0, 0, 0, 0, 0, 0.288039526, -0.223047314, -0.12337561, -0.239179457, 0.609983008, -0.755413169, -0.852416992, 0.240600586, 0.464111328, 0.464892437, 0.75493661, 0.46261331, 0, 0, -0, 0, 0, 0, 0, 0.34529751, -0.210660742, -0.105920947, 0.167703307, -0.168455464, -0.971286048, 0.405639648, -0.886108398, 0.223754883, -0.898402516, -0.431593801, -0.0803608177, 0, 2, 5, 1, 
853.496117, 61, 0.1, 0.1, 0.0244136537, 0.327910024, -0.0199580173, 0.918123751, 2.12575926e-006, -0.396293803, -0.396293803, 2.74856843e-005, -0.91812375, 8.94069629e-006, 1, 2.60776848e-005, 0.918123678, 1.16328804e-005, -0.396293972, -0.396293972, -1.32571506e-005, -0.918123678, -1.59341518e-005, 1, -7.56166349e-006, 0, 0, 0, 0, 0, 0, 0, 0.288258618, -0.222681494, -0.123025171, -0.239306016, 0.612888609, -0.753063978, -0.851928711, 0.239501953, 0.465576172, 0.465654034, 0.752993305, 0.464960257, 0, 0, -0, 0, 0, 0, 0, 0.34529751, -0.210660742, -0.105920947, 0.166936618, -0.165938114, -0.971880296, 0.406738281, -0.886230469, 0.221191406, -0.89811487, -0.432188415, -0.0805460184, 0, 2, 5, 1, 
853.496909, 61, 0.1, 0.1, 0.0244136512, 0.327910022, -0.0199578048, 0.918123989, -2.17106862e-006, -0.39629325, -0.39629325, -2.75706015e-005, -0.918123989, -8.93273309e-006, 1, -2.61736105e-005, 0.918123964, 1.27009772e-005, -0.396293308, -0.396293308, -1.66089036e-005, -0.918123964, -1.82430689e-005, 1, -1.02157202e-005, 0, 0, 0, 0, 0, 0, 0, 0.288258618, -0.222681494, -0.123025171, -0.239306016, 0.612888609, -0.753063978, -0.851928711, 0.239501953, 0.465576172, 0.465654034, 0.752993305, 0.464960257, 0, 0, -0, 0, 0, 0, 0, 0.345476074, -0.210060205, -0.105517676, 0.166936618, -0.165938114, -0.971880296, 0.406738281, -0.886230469, 0.221191406, -0.89811487, -0.432188415, -0.0805460184, 0, 2, 5, 1, 
853.497699, 61, 0.1, 0.1, 0.0244136513, 0.327910019, -0.0199601397, 0.918123956, 2.18417565e-005, -0.396293327, -0.396293328, 2.0186896e-005, -0.918123956, -1.20535077e-005, 1, 2.71898152e-005, 0.91812398, 1.68471337e-005, -0.396293272, -0.396293272, 2.48945953e-005, -0.91812398, -5.60219685e-006, 1, 2.95327306e-005, 0, 0, 0, 0, 0, 0, 0, 0.288258618, -0.222681494, -0.123025171, -0.239306016, 0.612888609, -0.753063978, -0.851928711, 0.239501953, 0.465576172, 0.465654034, 0.752993305, 0.464960257, 0, 0, -0, 0, 0, 0, 0, 0.345476074, -0.210060205, -0.105517676, 0.166936618, -0.165938114, -0.971880296, 0.406738281, -0.886230469, 0.221191406, -0.89811487, -0.432188415, -0.0805460184, 0, 2, 5, 1, 
853.498518, 61, 0.1, 0.1, 0.0244136546, 0.327910023, -0.019964002, 0.918123822, -6.51244226e-006, -0.396293639, -0.396293639, -2.06081047e-005, -0.918123821, -2.18763244e-006, 1, -2.15016313e-005, 0.918123843, -3.04609214e-005, -0.396293587, -0.396293588, -2.59049843e-005, -0.918123843, 1.7700919e-005, 0.999999999, -3.58554515e-005, 0, 0, 0, 0, 0, 0, 0, 0.288258618, -0.222681494, -0.123025171, -0.241648094, 0.615686747, -0.750054662, -0.85168457, 0.235717773, 0.467895508, 0.464912655, 0.751932164, 0.467573427, 0, 0, -0, 0, 0, 0, 0, 0.345476074, -0.210060205, -0.105517676, 0.166936618, -0.165938114, -0.971880296, 0.406738281, -0.886230469, 0.221191406, -0.89811487, -0.432188415, -0.0805460184, 0, 2, 5, 1, 
853.499327, 61, 0.1, 0.1, 0.0244136551, 0.327910021, -0.0199675798, 0.918123877, -2.21791982e-005, -0.396293509, -0.39629351, -9.47812844e-006, -0.918123877, 1.66071307e-005, 1, -1.74915683e-005, 0.918123851, -1.88334308e-005, -0.39629357, -0.39629357, 1.42482087e-005, -0.918123851, 2.29378955e-005, 1, 5.61805275e-006, 0, 0, 0, 0, 0, 0, 0, 0.289029639, -0.222318481, -0.122863428, -0.241648094, 0.615686747, -0.750054662, -0.85168457, 0.235717773, 0.467895508, 0.464912655, 0.751932164, 0.467573427, 0, 0, -0, 0, 0, 0, 0, 0.346078174, -0.209910059, -0.105327393, 0.165607764, -0.163024842, -0.972551103, 0.409301758, -0.885864258, 0.218261719, -0.897149854, -0.43421433, -0.0800028095, 0, 2, 5, 1, 
853.500114, 61, 0.1, 0.1, 0.0244136562, 0.327910022, -0.0199701372, 0.918124081, -9.37795402e-006, -0.396293039, -0.396293038, 2.57256619e-005, -0.918124081, 1.88050261e-005, 1, 1.99029318e-005, 0.918124041, -1.00381521e-005, -0.39629313, -0.39629313, 1.34507742e-005, -0.918124041, 1.45467182e-005, 1, 8.37142848e-006, 0, 0, 0, 0, 0, 0, 0, 0.289029639, -0.222318481, -0.122863428, -0.241648094, 0.615686747, -0.750054662, -0.85168457, 0.235717773, 0.467895508, 0.464912655, 0.751932164, 0.467573427, 0, 0, -0, 0, 0, 0, 0, 0.346078174, -0.209910059, -0.105327393, 0.165607764, -0.163024842, -0.972551103, 0.409301758, -0.885864258, 0.218261719, -0.897149854, -0.43421433, -0.0800028095, 0, 2, 5, 1, 
853.500898, 61, 0.1, 0.1, 0.0244136561, 0.327910023, -0.0199710608, 0.918124191, -1.74683705e-005, -0.396292782, -0.396292783, -1.11426216e-005, -0.918124191, 1.1622393e-005, 1, -1.71528996e-005, 0.918124183, -4.67753666e-006, -0.396292801, -0.396292801, -1.87698656e-005, -0.918124183, -3.1438031e-006, 1, -1.90867416e-005, 0, 0, 0, 0, 0, 0, 0, 0.289029639, -0.222318481, -0.122863428, -0.241648094, 0.615686747, -0.750054662, -0.85168457, 0.235717773, 0.467895508, 0.464912655, 0.751932164, 0.467573427, 0, 0, -0, 0, 0, 0, 0, 0.346078174, -0.209910059, -0.105327393, 0.165607764, -0.163024842, -0.972551103, 0.409301758, -0.885864258, 0.218261719, -0.897149854, -0.43421433, -0.0800028095, 0, 2, 5, 1, 
853.501683, 61, 0.1, 0.1, 0.0244136538, 0.327910019, -0.0199701818, 0.918124126, 1.27225067e-005, -0.396292934, -0.396292934, 9.3871389e-006, -0.918124126, -7.96078356e-006, 1, 1.36603982e-005, 0.918124148, 2.19788677e-005, -0.396292882, -0.396292882, 1.84232921e-005, -0.918124148, -1.28783096e-005, 1, 2.56249382e-005, 0, 0, 0, 0, 0, 0, 0, 0.289029639, -0.222318481, -0.122863428, -0.241648094, 0.615686747, -0.750054662, -0.85168457, 0.235717773, 0.467895508, 0.464912655, 0.751932164, 0.467573427, 0, 0, -0, 0, 0, 0, 0, 0.346078174, -0.209910059, -0.105327393, 0.165607764, -0.163024842, -0.972551103, 0.409301758, -0.885864258, 0.218261719, -0.897149854, -0.43421433, -0.0800028095, 0, 2, 5, 1, 
853.502468, 61, 0.1, 0.1, 0.0244136535, 0.327910021, -0.0199678891, 0.91812404, 2.23079283e-005, -0.396293133, -0.396293133, 8.55673037e-006, -0.91812404, -1.70904717e-005, 1, 1.66966186e-005, 0.918124043, 8.66589968e-006, -0.396293125, -0.396293125, -1.04429272e-005, -0.918124043, -1.20948311e-005, 1, -6.15366604e-006, 0, 0, 0, 0, 0, 0, 0, 0.289029639, -0.222318481, -0.122863428, -0.241648094, 0.615686747, -0.750054662, -0.85168457, 0.235717773, 0.467895508, 0.464912655, 0.751932164, 0.467573427, 0, 0, -0, 0, 0, 0, 0, 0.346078174, -0.209910059, -0.105327393, 0.165607764, -0.163024842, -0.972551103, 0.409301758, -0.885864258, 0.218261719, -0.897149854, -0.43421433, -0.0800028095, 0, 2, 5, 1, 
853.50327, 61, 0.1, 0.1, 0.0244136524, 0.32791002, -0.0199649567, 0.918124147, 2.70835613e-006, -0.396292886, -0.396292885, -3.01519552e-005, -0.918124146, -1.44356125e-005, 1, -2.66099359e-005, 0.918124102, -1.11306252e-005, -0.396292989, -0.39629299, -1.02288253e-005, -0.918124102, 6.16568351e-006, 1, -1.38023198e-005, 0, 0, 0, 0, 0, 0, 0, 0.289029639, -0.222318481, -0.122863428, -0.243444622, 0.61792024, -0.747565808, -0.851806641, 0.232177734, 0.469482422, 0.463714094, 0.751207637, 0.470021845, 0, 0, -0, 0, 0, 0, 0, 0.346078174, -0.209910059, -0.105327393, 0.165607764, -0.163024842, -0.972551103, 0.409301758, -0.885864258, 0.218261719, -0.897149854, -0.43421433, -0.0800028095, 0, 2, 5, 1, 
853.504088, 61, 0.1, 0.1, 0.0244136505, 0.327910019, -0.0199618584, 0.918124378, 5.08662348e-006, -0.396292349, -0.396292349, 2.99741616e-005, -0.918124378, 7.20837791e-006, 1, 2.95357985e-005, 0.918124338, -3.79015135e-007, -0.396292443, -0.396292443, 3.44489534e-005, -0.918124337, 1.39998429e-005, 0.999999999, 3.14782217e-005, 0, 0, 0, 0, 0, 0, 0, 0.289827148, -0.221983301, -0.1222823, -0.243444622, 0.61792024, -0.747565808, -0.851806641, 0.232177734, 0.469482422, 0.463714094, 0.751207637, 0.470021845, 0, 0, -0, 0, 0, 0, 0, 0.346803076, -0.209574756, -0.104249756, 0.166112693, -0.160744098, -0.97281323, 0.411254883, -0.885375977, 0.216552734, -0.896114842, -0.43606124, -0.0810123017, 0, 2, 5, 1, 
853.504878, 61, 0.1, 0.1, 0.0244136508, 0.327910022, -0.0199602963, 0.918124443, -2.39025384e-005, -0.396292199, -0.396292199, -4.07458766e-006, -0.918124443, 2.03307775e-005, 1, -1.3213368e-005, 0.918124452, -2.3224278e-005, -0.396292179, -0.396292179, -2.11734399e-005, -0.918124451, 1.29319088e-005, 1, -2.86434526e-005, 0, 0, 0, 0, 0, 0, 0, 0.289827148, -0.221983301, -0.1222823, -0.243444622, 0.61792024, -0.747565808, -0.851806641, 0.232177734, 0.469482422, 0.463714094, 0.751207637, 0.470021845, 0, 0, -0, 0, 0, 0, 0, 0.346803076, -0.209574756, -0.104249756, 0.166112693, -0.160744098, -0.97281323, 0.411254883, -0.885375977, 0.216552734, -0.896114842, -0.43606124, -0.0810123017, 0, 2, 5, 1, 
853.505674, 61, 0.1, 0.1, 0.0244136487, 0.327910019, -0.0199604674, 0.918124276, -2.03491817e-005, -0.396292586, -0.396292586, -1.24827078e-005, -0.918124276, 1.37362732e-005, 1, -1.95249069e-005, 0.918124317, 1.08759203e-005, -0.396292491, -0.396292491, 6.33035992e-006, -0.918124317, -7.47677283e-006, 1, 1.01221029e-005, 0, 0, 0, 0, 0, 0, 0, 0.289827148, -0.221983301, -0.1222823, -0.243444622, 0.61792024, -0.747565808, -0.851806641, 0.232177734, 0.469482422, 0.463714094, 0.751207637, 0.470021845, 0, 0, -0, 0, 0, 0, 0, 0.346803076, -0.209574756, -0.104249756, 0.166112693, -0.160744098, -0.97281323, 0.411254883, -0.885375977, 0.216552734, -0.896114842, -0.43606124, -0.0810123017, 0, 2, 5, 1, 
853.506467, 61, 0.1, 0.1, 0.0244136498, 0.327910022, -0.0199622213, 0.918124155, 1.10117039e-005, -0.396292866, -0.396292866, 1.85133065e-005, -0.918124155, -2.77341998e-006, 1, 2.13613736e-005, 0.91812416, 1.29923692e-005, -0.396292855, -0.396292855, 3.21507568e-006, -0.91812416, -1.06544965e-005, 1, 8.10062173e-006, 0, 0, 0, 0, 0, 0, 0, 0.289827148, -0.221983301, -0.1222823, -0.243444622, 0.61792024, -0.747565808, -0.851806641, 0.232177734, 0.469482422, 0.463714094, 0.751207637, 0.470021845, 0, 0, -0, 0, 0, 0, 0, 0.346803076, -0.209574756, -0.104249756, 0.166112693, -0.160744098, -0.97281323, 0.411254883, -0.885375977, 0.216552734, -0.896114842, -0.43606124, -0.0810123017, 0, 2, 5, 1, 
853.507253, 61, 0.1, 0.1, 0.0244136521, 0.327910023, -0.0199649649, 0.918124261, -4.97283964e-006, -0.39629262, -0.39629262, -2.86715885e-005, -0.918124261, -6.79665422e-006, 1, -2.82947807e-005, 0.918124226, -1.10996787e-005, -0.396292702, -0.396292703, -2.782081e-005, -0.918124225, -8.34300092e-007, 1, -2.99416813e-005, 0, 0, 0, 0, 0, 0, 0, 0.289827148, -0.221983301, -0.1222823, -0.243444622, 0.61792024, -0.747565808, -0.851806641, 0.232177734, 0.469482422, 0.463714094, 0.751207637, 0.470021845, 0, 0, -0, 0, 0, 0, 0, 0.346803076, -0.209574756, -0.104249756, 0.166112693, -0.160744098, -0.97281323, 0.411254883, -0.885375977, 0.216552734, -0.896114842, -0.43606124, -0.0810123017, 0, 2, 5, 1, 
853.508056, 61, 0.1, 0.1, 0.0244136523, 0.327910019, -0.0199677692, 0.918124442, 8.30214323e-006, -0.396292201, -0.396292201, 9.91723155e-006, -0.918124442, -3.6922791e-006, 1, 1.23953273e-005, 0.918124411, -4.11458558e-006, -0.396292274, -0.396292274, 2.8866212e-005, -0.91812441, 1.52171583e-005, 1, 2.48721954e-005, 0, 0, 0, 0, 0, 0, 0, 0.289827148, -0.221983301, -0.1222823, -0.247050784, 0.620934426, -0.743864166, -0.852539062, 0.225463867, 0.471313477, 0.460453904, 0.750730237, 0.473884872, 0, 0, -0, 0, 0, 0, 0, 0.346803076, -0.209574756, -0.104249756, 0.166112693, -0.160744098, -0.97281323, 0.411254883, -0.885375977, 0.216552734, -0.896114842, -0.43606124, -0.0810123017, 0, 2, 5, 1, 
