time, trialNum, realDorsalTactorPos, realVentralTactorPos, box1PosX, box1PosY, box1PosZ, box1LocalRot_11, box1LocalRot_12, box1LocalRot_13, box1LocalRot_21, box1LocalRot_22, box1LocalRot_23, box1LocalRot_31, box1LocalRot_32, box1LocalRot_33, box1GlobalRot_11, box1GlobalRot_12, box1GlobalRot_13, box1GlobalRot_21, box1GlobalRot_22, box1GlobalRot_23, box1GlobalRot_31, box1GlobalRot_32, box1GlobalRot_33, indexForceX, indexForceY, indexForceZ, indexForceGlobalX, indexForceGlobalY, indexForceGlobalZ, indexContact, indexPosX, indexPosY, indexPosZ, indexRot_11, indexRot_12, indexRot_13, indexRot_21, indexRot_22, indexRot_23, indexRot_31, indexRot_32, indexRot_33, thumbForceX, thumbForceY, thumbForceZ, thumbForceGlobalX, thumbForceGlobalY, thumbForceGlobalZ, thumbContact, thumbPosX, thumbPosY, thumbPosZ, thumbRot_11, thumbRot_12, thumbRot_13, thumbRot_21, thumbRot_22, thumbRot_23, thumbRot_31, thumbRot_32, thumbRot_33, manipForceTooHigh, cceExpType, mapping, trialSuccess, 
827.656233, 60, 0.1, 0.1, 0.0144103284, 0.357471528, -0.019959722, 0.996068849, 2.12666095e-005, -0.0885824304, 0.088582431, -3.07386192e-005, 0.996068849, 1.84601057e-005, -0.999999999, -3.2501629e-005, 0.996068776, -2.03213404e-005, -0.0885832604, 0.0885832604, -1.66186698e-006, 0.996068776, -2.03886663e-005, -1, 1.44796783e-007, 0, 0, 0, 0, 0, 0, 0, 0.229884302, -0.100863379, -0.176289722, -0.212207335, 0.121353092, -0.969649246, -0.969482422, 0.0975341797, 0.224365234, 0.121731389, 0.987806639, 0.0970958392, 0, 0, 0, 0, 0, 0, 0, 0.270292725, -0.0305846191, -0.167961914, -0.222841236, 0.116554679, -0.967797274, 0.345581055, -0.918823242, -0.190307617, -0.911465064, -0.376721257, 0.164386603, 0, 2, 5, 1, 
827.659445, 60, 0.1, 0.1, 0.0144103604, 0.3574715, -0.0199648138, 0.996069881, -7.86655969e-006, -0.0885708306, 0.08857083, -5.62320499e-005, 0.99606988, -1.28161625e-005, -0.999999998, -5.53143035e-005, 0.996069865, 3.51977559e-005, -0.0885710082, 0.0885710093, -2.92937252e-005, 0.996069865, 3.24648492e-005, -0.999999999, -3.22960976e-005, 0, 0, 0, 0, 0, 0, 0, 0.23167124, -0.101051562, -0.177406665, -0.207532536, 0.126410933, -0.970064871, -0.971191406, 0.0919189453, 0.219848633, 0.11691244, 0.987747107, 0.103835632, 0, 0, 0, 0, 0, 0, 0, 0.271744238, -0.0303342773, -0.168246191, -0.221844137, 0.119103013, -0.967708322, 0.351928711, -0.915771484, -0.193359375, -0.909273639, -0.383449751, 0.161204642, 0, 2, 5, 1, 
827.660242, 60, 0.1, 0.1, 0.0144103465, 0.35747149, -0.0199741963, 0.996069985, -5.58715567e-005, -0.0885696424, 0.0885696423, -4.62499982e-006, 0.996069987, -5.60616153e-005, -0.999999998, 3.41700284e-007, 0.996069961, -6.80095115e-005, -0.0885699044, 0.0885699022, -3.48422805e-005, 0.996069963, -7.0828209e-005, -0.999999997, -2.86817532e-005, 0, 0, 0, 0, 0, 0, 0, 0.23167124, -0.101051562, -0.177406665, -0.207532536, 0.126410933, -0.970064871, -0.971191406, 0.0919189453, 0.219848633, 0.11691244, 0.987747107, 0.103835632, 0, 0, 0, 0, 0, 0, 0, 0.271744238, -0.0303342773, -0.168246191, -0.221844137, 0.119103013, -0.967708322, 0.351928711, -0.915771484, -0.193359375, -0.909273639, -0.383449751, 0.161204642, 0, 2, 5, 1, 
827.661031, 60, 0.1, 0.1, 0.0144103522, 0.357471497, -0.0199797606, 0.996070147, 7.76930814e-005, -0.0885678028, 0.0885678013, 2.24043385e-005, 0.99607015, 7.93720623e-005, -0.999999997, 1.54351874e-005, 0.996070111, 5.97044079e-005, -0.0885682203, 0.0885682185, 3.25115009e-005, 0.996070113, 6.23492621e-005, -0.999999998, 2.70958212e-005, 0, 0, 0, 0, 0, 0, 0, 0.23167124, -0.101051562, -0.177406665, -0.207532536, 0.126410933, -0.970064871, -0.971191406, 0.0919189453, 0.219848633, 0.11691244, 0.987747107, 0.103835632, 0, 0, 0, 0, 0, 0, 0, 0.271744238, -0.0303342773, -0.168246191, -0.221844137, 0.119103013, -0.967708322, 0.351928711, -0.915771484, -0.193359375, -0.909273639, -0.383449751, 0.161204642, 0, 2, 5, 1, 
827.661811, 60, 0.1, 0.1, 0.0144103674, 0.357471497, -0.0199804183, 0.996070345, 3.57006452e-005, -0.0885656041, 0.0885656043, -1.90894305e-006, 0.996070346, 3.53912873e-005, -0.999999999, -5.06329078e-006, 0.996070305, 6.05562877e-005, -0.0885660449, 0.0885660456, -8.65573554e-006, 0.996070307, 5.95517158e-005, -0.999999998, -1.39849521e-005, 0, 0, 0, 0, 0, 0, 0, 0.23167124, -0.101051562, -0.177406665, -0.207532536, 0.126410933, -0.970064871, -0.971191406, 0.0919189453, 0.219848633, 0.11691244, 0.987747107, 0.103835632, 0, 0, 0, 0, 0, 0, 0, 0.271744238, -0.0303342773, -0.168246191, -0.221844137, 0.119103013, -0.967708322, 0.351928711, -0.915771484, -0.193359375, -0.909273639, -0.383449751, 0.161204642, 0, 2, 5, 1, 
827.662609, 60, 0.1, 0.1, 0.0144103555, 0.3574715, -0.0199761793, 0.996070506, -8.22248606e-005, -0.0885637586, 0.0885637578, -1.31353899e-005, 0.99607051, -8.30650783e-005, -0.999999997, -5.80163186e-006, 0.996070479, -7.73209701e-005, -0.0885640717, 0.0885640723, 3.6482602e-006, 0.996070482, -7.66940311e-005, -0.999999997, 1.04817843e-005, 0, 0, 0, 0, 0, 0, 0, 0.23167124, -0.101051562, -0.177406665, -0.205248869, 0.127274001, -0.970438556, -0.971923828, 0.08984375, 0.217285156, 0.114944047, 0.987734003, 0.105377921, 0, 0, 0, 0, 0, 0, 0, 0.271744238, -0.0303342773, -0.168246191, -0.221844137, 0.119103013, -0.967708322, 0.351928711, -0.915771484, -0.193359375, -0.909273639, -0.383449751, 0.161204642, 0, 2, 5, 1, 
827.663414, 60, 0.1, 0.1, 0.0144103482, 0.357471499, -0.0199684846, 0.996070626, 2.40239006e-005, -0.0885624445, 0.0885624446, -1.71606824e-006, 0.996070627, 2.37775225e-005, -1, -3.83694053e-006, 0.996070601, -3.04951052e-007, -0.0885627345, 0.0885627345, 5.3434032e-006, 0.996070601, 1.69473621e-007, -1, 5.34941414e-006, 0, 0, 0, 0, 0, 0, 0, 0.232451685, -0.101230737, -0.177421069, -0.205248869, 0.127274001, -0.970438556, -0.971923828, 0.08984375, 0.217285156, 0.114944047, 0.987734003, 0.105377921, 0, 0, 0, 0, 0, 0, 0, 0.272478906, -0.0301068848, -0.168281592, -0.221045366, 0.119805536, -0.967810767, 0.353881836, -0.914794922, -0.194091797, -0.908698713, -0.385462539, 0.159843704, 0, 2, 5, 1, 
827.664202, 60, 0.1, 0.1, 0.0144103497, 0.3574715, -0.0199607435, 0.996070723, -2.49151059e-005, -0.0885613591, 0.0885613584, -2.55844208e-005, 0.996070723, -2.70829987e-005, -0.999999999, -2.32773769e-005, 0.99607071, -1.3647668e-005, -0.0885615076, 0.0885615077, 5.99226651e-007, 0.99607071, -1.35409739e-005, -1, 1.80553017e-006, 0, 0, 0, 0, 0, 0, 0, 0.232451685, -0.101230737, -0.177421069, -0.205248869, 0.127274001, -0.970438556, -0.971923828, 0.08984375, 0.217285156, 0.114944047, 0.987734003, 0.105377921, 0, 0, 0, 0, 0, 0, 0, 0.272478906, -0.0301068848, -0.168281592, -0.221045366, 0.119805536, -0.967810767, 0.353881836, -0.914794922, -0.194091797, -0.908698713, -0.385462539, 0.159843704, 0, 2, 5, 1, 
827.664993, 60, 0.1, 0.1, 0.0144103516, 0.357471502, -0.0199551602, 0.996070761, 2.58827551e-005, -0.0885609323, 0.0885609309, 5.02581831e-005, 0.99607076, 3.02319671e-005, -0.999999998, 4.77685058e-005, 0.996070759, 3.13522032e-005, -0.088560954, 0.088560953, 3.2415359e-005, 0.996070759, 3.4099748e-005, -0.999999999, 2.95114102e-005, 0, 0, 0, 0, 0, 0, 0, 0.232451685, -0.101230737, -0.177421069, -0.205248869, 0.127274001, -0.970438556, -0.971923828, 0.08984375, 0.217285156, 0.114944047, 0.987734003, 0.105377921, 0, 0, 0, 0, 0, 0, 0, 0.272478906, -0.0301068848, -0.168281592, -0.221045366, 0.119805536, -0.967810767, 0.353881836, -0.914794922, -0.194091797, -0.908698713, -0.385462539, 0.159843704, 0, 2, 5, 1, 
827.665795, 60, 0.1, 0.1, 0.0144103458, 0.357471504, -0.0199532938, 0.996070733, -2.02428334e-005, -0.0885612431, 0.0885612427, -1.98887536e-005, 0.996070733, -2.19246667e-005, -1, -1.80178749e-005, 0.996070743, -3.82772028e-005, -0.0885611325, 0.0885611316, -2.29763507e-005, 0.996070743, -4.01616135e-005, -0.999999999, -1.94961983e-005, 0, 0, 0, 0, 0, 0, 0, 0.232451685, -0.101230737, -0.177421069, -0.205248869, 0.127274001, -0.970438556, -0.971923828, 0.08984375, 0.217285156, 0.114944047, 0.987734003, 0.105377921, 0, 0, 0, 0, 0, 0, 0, 0.273210156, -0.030107373, -0.168313574, -0.220221074, 0.120175937, -0.967938731, 0.355224609, -0.914306641, -0.194335937, -0.908366591, -0.386651035, 0.15872557, 0, 2, 5, 1, 
827.666578, 60, 0.1, 0.1, 0.0144103478, 0.357471511, -0.0199556238, 0.996070654, -1.93202315e-005, -0.0885621319, 0.0885621324, 2.25511481e-005, 0.996070654, -1.72471379e-005, -1, 2.41735777e-005, 0.996070673, 8.99735292e-006, -0.0885619281, 0.0885619276, 4.45207265e-005, 0.996070672, 1.29048407e-005, -0.999999999, 4.3548967e-005, 0, 0, 0, 0, 0, 0, 0, 0.232451685, -0.101230737, -0.177421069, -0.205248869, 0.127274001, -0.970438556, -0.971923828, 0.08984375, 0.217285156, 0.114944047, 0.987734003, 0.105377921, 0, 0, 0, 0, 0, 0, 0, 0.273210156, -0.030107373, -0.168313574, -0.220221074, 0.120175937, -0.967938731, 0.355224609, -0.914306641, -0.194335937, -0.908366591, -0.386651035, 0.15872557, 0, 2, 5, 1, 
827.667375, 60, 0.1, 0.1, 0.014410347, 0.357471508, -0.0199610724, 0.996070525, 3.33541356e-005, -0.0885635813, 0.0885635811, 9.27769107e-006, 0.996070526, 3.40447369e-005, -0.999999999, 6.28727292e-006, 0.996070555, 2.09562349e-005, -0.0885632487, 0.0885632491, -1.6834011e-005, 0.996070555, 1.93830138e-005, -1, -1.86238149e-005, 0, 0, 0, 0, 0, 0, 0, 0.232451685, -0.101230737, -0.177421069, -0.205248869, 0.127274001, -0.970438556, -0.971923828, 0.08984375, 0.217285156, 0.114944047, 0.987734003, 0.105377921, 0, 0, 0, 0, 0, 0, 0, 0.273210156, -0.030107373, -0.168313574, -0.220221074, 0.120175937, -0.967938731, 0.355224609, -0.914306641, -0.194335937, -0.908366591, -0.386651035, 0.15872557, 0, 2, 5, 1, 
827.66818, 60, 0.1, 0.1, 0.0144103477, 0.357471508, -0.0199674102, 0.996070365, -1.37672223e-005, -0.0885653906, 0.08856539, -3.65309697e-005, 0.996070364, -1.69485017e-005, -0.999999999, -3.51681169e-005, 0.996070398, -1.45021528e-005, -0.0885650155, 0.0885650152, -2.46625304e-005, 0.996070398, -1.66294025e-005, -1, -2.32812331e-005, 0, 0, 0, 0, 0, 0, 0, 0.233933716, -0.101668433, -0.177220288, -0.202343268, 0.12743276, -0.970926817, -0.97265625, 0.0882568359, 0.214355469, 0.113000742, 0.987956042, 0.106196806, 0, 0, 0, 0, 0, 0, 0, 0.273210156, -0.030107373, -0.168313574, -0.220221074, 0.120175937, -0.967938731, 0.355224609, -0.914306641, -0.194335937, -0.908366591, -0.386651035, 0.15872557, 0, 2, 5, 1, 
827.668967, 60, 0.1, 0.1, 0.01441035, 0.35747151, -0.0199725227, 0.996070185, 5.83703885e-006, -0.0885674155, 0.0885674151, 4.7711982e-005, 0.996070184, 1.00398273e-005, -0.999999999, 4.70075113e-005, 0.996070224, 1.83073866e-005, -0.088566974, 0.0885669734, 3.02260771e-005, 0.996070224, 2.09124748e-005, -0.999999999, 2.84858656e-005, 0, 0, 0, 0, 0, 0, 0, 0.233933716, -0.101668433, -0.177220288, -0.202343268, 0.12743276, -0.970926817, -0.97265625, 0.0882568359, 0.214355469, 0.113000742, 0.987956042, 0.106196806, 0, 0, 0, 0, 0, 0, 0, 0.273210156, -0.030107373, -0.168313574, -0.220221074, 0.120175937, -0.967938731, 0.355224609, -0.914306641, -0.194335937, -0.908366591, -0.386651035, 0.15872557, 0, 2, 5, 1, 
827.669755, 60, 0.1, 0.1, 0.0144103467, 0.357471517, -0.0199750237, 0.996069977, 5.94609462e-006, -0.088569752, 0.0885697521, -1.28924315e-005, 0.996069977, 4.78084687e-006, -1, -1.3368408e-005, 0.996070019, -1.32602631e-005, -0.0885692789, 0.0885692791, 1.57086251e-005, 0.996070019, -1.18168489e-005, -1, 1.68213425e-005, 0, 0, 0, 0, 0, 0, 0, 0.233933716, -0.101668433, -0.177220288, -0.202343268, 0.12743276, -0.970926817, -0.97265625, 0.0882568359, 0.214355469, 0.113000742, 0.987956042, 0.106196806, 0, 0, 0, 0, 0, 0, 0, 0.273210156, -0.030107373, -0.168313574, -0.220221074, 0.120175937, -0.967938731, 0.355224609, -0.914306641, -0.194335937, -0.908366591, -0.386651035, 0.15872557, 0, 2, 5, 1, 
827.670574, 60, 0.1, 0.1, 0.0144103465, 0.357471509, -0.0199739102, 0.996069793, -2.35171718e-005, -0.0885718222, 0.0885718219, -1.58561371e-005, 0.996069793, -2.48291514e-005, -1, -1.37108604e-005, 0.996069823, -1.37991489e-005, -0.0885714841, 0.0885714836, -3.48892568e-005, 0.996069822, -1.68351091e-005, -0.999999999, -3.35299247e-005, 0, 0, 0, 0, 0, 0, 0, 0.23496377, -0.101674536, -0.177029639, -0.199583321, 0.127312193, -0.971592934, -0.973388672, 0.0871582031, 0.211425781, 0.111698466, 0.987975138, 0.106673084, 0, 0, 0, 0, 0, 0, 0, 0.27414292, -0.0305555664, -0.16834043, -0.219601306, 0.120188697, -0.968104976, 0.35559082, -0.91418457, -0.194091797, -0.908424194, -0.386772437, 0.157971641, 0, 2, 5, 1, 
827.671363, 60, 0.1, 0.1, 0.0144103466, 0.357471516, -0.019970086, 0.996069689, 1.92550391e-005, -0.0885729884, 0.088572988, 1.85798602e-005, 0.996069689, 2.08250345e-005, -1, 1.68013592e-005, 0.996069705, 1.8382071e-005, -0.0885728132, 0.0885728126, 3.44962204e-005, 0.996069704, 2.13652513e-005, -0.999999999, 3.27324883e-005, 0, 0, 0, 0, 0, 0, 0, 0.23496377, -0.101674536, -0.177029639, -0.199583321, 0.127312193, -0.971592934, -0.973388672, 0.0871582031, 0.211425781, 0.111698466, 0.987975138, 0.106673084, 0, 0, 0, 0, 0, 0, 0, 0.27414292, -0.0305555664, -0.16834043, -0.219601306, 0.120188697, -0.968104976, 0.35559082, -0.91418457, -0.194091797, -0.908424194, -0.386772437, 0.157971641, 0, 2, 5, 1, 
827.672149, 60, 0.1, 0.1, 0.0144103441, 0.357471514, -0.0199651058, 0.996069642, -7.17227641e-006, -0.0885735229, 0.088573523, 9.61764808e-006, 0.996069642, -6.29221782e-006, -1, 1.02151211e-005, 0.996069648, -2.00296823e-005, -0.0885734466, 0.0885734463, -1.47371771e-005, 0.996069648, -2.12562812e-005, -1, -1.29051568e-005, 0, 0, 0, 0, 0, 0, 0, 0.23496377, -0.101674536, -0.177029639, -0.199583321, 0.127312193, -0.971592934, -0.973388672, 0.0871582031, 0.211425781, 0.111698466, 0.987975138, 0.106673084, 0, 0, 0, 0, 0, 0, 0, 0.27414292, -0.0305555664, -0.16834043, -0.219601306, 0.120188697, -0.968104976, 0.35559082, -0.91418457, -0.194091797, -0.908424194, -0.386772437, 0.157971641, 0, 2, 5, 1, 
827.672936, 60, 0.1, 0.1, 0.0144103473, 0.357471517, -0.0199606781, 0.996069643, -1.61163031e-005, -0.0885735086, 0.0885735087, 6.07208884e-006, 0.996069643, -1.5515134e-005, -1, 7.47570087e-006, 0.996069639, 1.42970123e-005, -0.0885735503, 0.0885735504, -2.42373542e-006, 0.996069639, 1.40261411e-005, -1, -3.68054641e-006, 0, 0, 0, 0, 0, 0, 0, 0.23496377, -0.101674536, -0.177029639, -0.199583321, 0.127312193, -0.971592934, -0.973388672, 0.0871582031, 0.211425781, 0.111698466, 0.987975138, 0.106673084, 0, 0, 0, 0, 0, 0, 0, 0.27414292, -0.0305555664, -0.16834043, -0.219601306, 0.120188697, -0.968104976, 0.35559082, -0.91418457, -0.194091797, -0.908424194, -0.386772437, 0.157971641, 0, 2, 5, 1, 
827.67373, 60, 0.1, 0.1, 0.014410346, 0.357471517, -0.0199582106, 0.996069633, 2.86539044e-005, -0.0885736102, 0.0885736094, 2.86106686e-005, 0.996069634, 3.10754343e-005, -0.999999999, 2.59602384e-005, 0.996069641, 1.75371084e-005, -0.0885735322, 0.0885735322, 6.64402774e-007, 0.996069641, 1.75270298e-005, -1, -8.91532205e-007, 0, 0, 0, 0, 0, 0, 0, 0.23496377, -0.101674536, -0.177029639, -0.199583321, 0.127312193, -0.971592934, -0.973388672, 0.0871582031, 0.211425781, 0.111698466, 0.987975138, 0.106673084, 0, 0, 0, 0, 0, 0, 0, 0.27414292, -0.0305555664, -0.16834043, -0.219601306, 0.120188697, -0.968104976, 0.35559082, -0.91418457, -0.194091797, -0.908424194, -0.386772437, 0.157971641, 0, 2, 5, 1, 
827.674527, 60, 0.1, 0.1, 0.0144103439, 0.357471519, -0.0199581149, 0.996069576, -2.76061183e-005, -0.0885742607, 0.0885742595, -4.10763013e-005, 0.996069575, -3.11359176e-005, -0.999999999, -3.84696625e-005, 0.996069591, -3.10640345e-005, -0.0885740851, 0.0885740844, -2.36328071e-005, 0.996069591, -3.30351944e-005, -0.999999999, -2.07884521e-005, 0, 0, 0, 0, 0, 0, 0, 0.23496377, -0.101674536, -0.177029639, -0.199583321, 0.127312193, -0.971592934, -0.973388672, 0.0871582031, 0.211425781, 0.111698466, 0.987975138, 0.106673084, 0, 0, 0, 0, 0, 0, 0, 0.27414292, -0.0305555664, -0.16834043, -0.219601306, 0.120188697, -0.968104976, 0.35559082, -0.91418457, -0.194091797, -0.908424194, -0.386772437, 0.157971641, 0, 2, 5, 1, 
827.675338, 60, 0.1, 0.1, 0.0144103476, 0.357471519, -0.0199603125, 0.996069468, 1.45227349e-005, -0.0885754696, 0.0885754693, 1.75771538e-005, 0.996069468, 1.60225574e-005, -1, 1.62217082e-005, 0.996069491, 2.97272057e-005, -0.0885752069, 0.0885752063, 2.04708103e-005, 0.996069492, 3.1423569e-005, -0.999999999, 1.77572562e-005, 0, 0, 0, 0, 0, 0, 0, 0.235620679, -0.101574194, -0.177676538, -0.199799369, 0.129279464, -0.971268302, -0.973388672, 0.0861816406, 0.211669922, 0.111114725, 0.987910736, 0.10872273, 0, 0, 0, 0, 0, 0, 0, 0.274865625, -0.0309671387, -0.168145752, -0.218713215, 0.120661544, -0.96825846, 0.35546875, -0.91418457, -0.194213867, -0.90869908, -0.386599996, 0.15709631, 0, 2, 5, 1, 
827.676123, 60, 0.1, 0.1, 0.0144103448, 0.357471513, -0.0199640023, 0.996069331, 1.27082931e-005, -0.0885770205, 0.0885770207, -2.28705363e-005, 0.99606933, 1.0632537e-005, -1, -2.39063025e-005, 0.996069359, -1.00763479e-005, -0.0885766962, 0.0885766957, -3.97440392e-005, 0.996069359, -1.35571371e-005, -0.999999999, -3.869529e-005, 0, 0, 0, 0, 0, 0, 0, 0.235620679, -0.101574194, -0.177676538, -0.199799369, 0.129279464, -0.971268302, -0.973388672, 0.0861816406, 0.211669922, 0.111114725, 0.987910736, 0.10872273, 0, 0, 0, 0, 0, 0, 0, 0.274865625, -0.0309671387, -0.168145752, -0.218713215, 0.120661544, -0.96825846, 0.35546875, -0.91418457, -0.194213867, -0.90869908, -0.386599996, 0.15709631, 0, 2, 5, 1, 
827.676904, 60, 0.1, 0.1, 0.0144103445, 0.357471515, -0.0199679733, 0.996069164, -2.80106062e-005, -0.088578891, 0.0885788906, -1.49265452e-005, 0.996069164, -2.9222678e-005, -0.999999999, -1.2386723e-005, 0.9960692, -1.8273166e-005, -0.0885784905, 0.0885784907, 6.63649948e-006, 0.9960692, -1.76134867e-005, -1, 8.22902219e-006, 0, 0, 0, 0, 0, 0, 0, 0.235620679, -0.101574194, -0.177676538, -0.199799369, 0.129279464, -0.971268302, -0.973388672, 0.0861816406, 0.211669922, 0.111114725, 0.987910736, 0.10872273, 0, 0, 0, 0, 0, 0, 0, 0.274865625, -0.0309671387, -0.168145752, -0.218713215, 0.120661544, -0.96825846, 0.35546875, -0.91418457, -0.194213867, -0.90869908, -0.386599996, 0.15709631, 0, 2, 5, 1, 
827.67769, 60, 0.1, 0.1, 0.0144103436, 0.357471516, -0.0199709722, 0.996068981, 1.10931608e-005, -0.0885809569, 0.0885809566, 2.70474454e-005, 0.99606898, 1.34454419e-005, -1, 2.59584785e-005, 0.996069018, 1.23156001e-005, -0.0885805304, 0.0885805302, 1.62406985e-005, 0.996069018, 1.37057974e-005, -1, 1.50859342e-005, 0, 0, 0, 0, 0, 0, 0, 0.235620679, -0.101574194, -0.177676538, -0.199799369, 0.129279464, -0.971268302, -0.973388672, 0.0861816406, 0.211669922, 0.111114725, 0.987910736, 0.10872273, 0, 0, 0, 0, 0, 0, 0, 0.274865625, -0.0309671387, -0.168145752, -0.218713215, 0.120661544, -0.96825846, 0.35546875, -0.91418457, -0.194213867, -0.90869908, -0.386599996, 0.15709631, 0, 2, 5, 1, 
827.678475, 60, 0.1, 0.1, 0.0144103404, 0.357471517, -0.0199720228, 0.996068785, -7.93790902e-006, -0.0885831529, 0.0885831528, -1.35109037e-005, 0.996068785, -9.10354184e-006, -1, -1.27546244e-005, 0.996068824, -2.00822676e-005, -0.0885827108, 0.0885827105, -1.54064806e-005, 0.996068825, -2.13680685e-005, -1, -1.35669733e-005, 0, 0, 0, 0, 0, 0, 0, 0.235620679, -0.101574194, -0.177676538, -0.199799369, 0.129279464, -0.971268302, -0.973388672, 0.0861816406, 0.211669922, 0.111114725, 0.987910736, 0.10872273, 0, 0, 0, 0, 0, 0, 0, 0.274865625, -0.0309671387, -0.168145752, -0.218713215, 0.120661544, -0.96825846, 0.35546875, -0.91418457, -0.194213867, -0.90869908, -0.386599996, 0.15709631, 0, 2, 5, 1, 
827.679257, 60, 0.1, 0.1, 0.0144103426, 0.357471521, -0.019970973, 0.996068581, -8.11967587e-006, -0.0885854515, 0.0885854516, 1.24233575e-005, 0.996068581, -6.98722529e-006, -1, 1.30938012e-005, 0.996068621, 1.02543073e-005, -0.0885849957, 0.0885849954, 2.64527083e-005, 0.996068621, 1.25573067e-005, -1, 2.54403349e-005, 0, 0, 0, 0, 0, 0, 0, 0.235620679, -0.101574194, -0.177676538, -0.199799369, 0.129279464, -0.971268302, -0.973388672, 0.0861816406, 0.211669922, 0.111114725, 0.987910736, 0.10872273, 0, 0, 0, 0, 0, 0, 0, 0.274865625, -0.0309671387, -0.168145752, -0.218713215, 0.120661544, -0.96825846, 0.35546875, -0.91418457, -0.194213867, -0.90869908, -0.386599996, 0.15709631, 0, 2, 5, 1, 
827.680068, 60, 0.1, 0.1, 0.0144103412, 0.357471519, -0.01996794, 0.996068357, -7.93027795e-006, -0.0885879645, 0.0885879646, 1.3316263e-005, 0.996068357, -6.7194383e-006, -1, 1.39664354e-005, 0.9960684, 3.56912114e-006, -0.0885874829, 0.0885874829, -8.16796216e-006, 0.9960684, 2.83150958e-006, -1, -8.45202846e-006, 0, 0, 0, 0, 0, 0, 0, 0.236043481, -0.101456885, -0.178319409, -0.200237455, 0.131589341, -0.970886382, -0.973388672, 0.0852050781, 0.212402344, 0.110689743, 0.98766848, 0.111134079, 0, 0, 0, 0, 0, 0, 0, 0.275336768, -0.0315882813, -0.167937646, -0.21816381, 0.121032312, -0.968328822, 0.354370117, -0.914672852, -0.194213867, -0.909255049, -0.385456342, 0.156597944, 0, 2, 5, 1, 
827.680854, 60, 0.1, 0.1, 0.0144103413, 0.35747152, -0.0199643967, 0.996068171, 1.24053687e-006, -0.0885900545, 0.0885900545, -3.13617484e-005, 0.996068171, -1.5426797e-006, -1, -3.13483386e-005, 0.996068206, -7.57363876e-007, -0.0885896662, 0.0885896662, -1.92123924e-005, 0.996068206, -2.45640551e-006, -1, -1.90697586e-005, 0, 0, 0, 0, 0, 0, 0, 0.236043481, -0.101456885, -0.178319409, -0.200237455, 0.131589341, -0.970886382, -0.973388672, 0.0852050781, 0.212402344, 0.110689743, 0.98766848, 0.111134079, 0, 0, 0, 0, 0, 0, 0, 0.275336768, -0.0315882813, -0.167937646, -0.21816381, 0.121032312, -0.968328822, 0.354370117, -0.914672852, -0.194213867, -0.909255049, -0.385456342, 0.156597944, 0, 2, 5, 1, 
827.681638, 60, 0.1, 0.1, 0.0144103425, 0.357471522, -0.0199615669, 0.996068001, 9.95906639e-006, -0.0885919735, 0.0885919732, 2.50014123e-005, 0.996068001, 1.21348318e-005, -1, 2.40208134e-005, 0.996068032, -3.36876699e-006, -0.0885916224, 0.0885916224, 2.5276934e-005, 0.996068032, -1.11619652e-006, -1, 2.54759904e-005, 0, 0, 0, 0, 0, 0, 0, 0.236043481, -0.101456885, -0.178319409, -0.200237455, 0.131589341, -0.970886382, -0.973388672, 0.0852050781, 0.212402344, 0.110689743, 0.98766848, 0.111134079, 0, 0, 0, 0, 0, 0, 0, 0.275336768, -0.0315882813, -0.167937646, -0.21816381, 0.121032312, -0.968328822, 0.354370117, -0.914672852, -0.194213867, -0.909255049, -0.385456342, 0.156597944, 0, 2, 5, 1, 
827.682456, 60, 0.1, 0.1, 0.0144103437, 0.357471518, -0.0199600196, 0.996067854, 1.03074849e-005, -0.0885936184, 0.0885936185, -1.41050421e-005, 0.996067854, 9.01733767e-006, -1, -1.49627564e-005, 0.996067883, 1.31684609e-005, -0.0885932969, 0.0885932973, -3.04478807e-005, 0.996067883, 1.04192028e-005, -0.999999999, -3.14947935e-005, 0, 0, 0, 0, 0, 0, 0, 0.236462866, -0.101116333, -0.178956177, -0.200757917, 0.133899218, -0.970383894, -0.973266602, 0.0844726562, 0.213012695, 0.110524992, 0.987426223, 0.113526331, 0, 0, 0, 0, 0, 0, 0, 0.275844531, -0.031521875, -0.167971338, -0.217154318, 0.122003525, -0.968444027, 0.354248047, -0.914550781, -0.194702148, -0.909517175, -0.385354264, 0.155358408, 0, 2, 5, 1, 
827.683241, 60, 0.1, 0.1, 0.0144103424, 0.357471522, -0.0199603139, 0.996067727, -1.04600962e-005, -0.0885950495, 0.0885950493, -1.46180962e-005, 0.996067727, -1.17140552e-005, -1, -1.36339011e-005, 0.996067749, 2.21738386e-006, -0.088594808, 0.088594808, 1.48876372e-005, 0.996067749, 3.52763191e-006, -1, 1.46326465e-005, 0, 0, 0, 0, 0, 0, 0, 0.236462866, -0.101116333, -0.178956177, -0.200757917, 0.133899218, -0.970383894, -0.973266602, 0.0844726562, 0.213012695, 0.110524992, 0.987426223, 0.113526331, 0, 0, 0, 0, 0, 0, 0, 0.275844531, -0.031521875, -0.167971338, -0.217154318, 0.122003525, -0.968444027, 0.354248047, -0.914550781, -0.194702148, -0.909517175, -0.385354264, 0.155358408, 0, 2, 5, 1, 
827.684029, 60, 0.1, 0.1, 0.0144103454, 0.357471522, -0.0199623584, 0.996067605, 2.66788038e-005, -0.0885964159, 0.0885964149, 3.41157337e-005, 0.996067605, 2.9596424e-005, -0.999999999, 3.16179308e-005, 0.996067632, 3.21299479e-005, -0.088596109, 0.0885961084, 2.08511698e-005, 0.996067633, 3.38509337e-005, -0.999999999, 1.7922587e-005, 0, 0, 0, 0, 0, 0, 0, 0.236462866, -0.101116333, -0.178956177, -0.200757917, 0.133899218, -0.970383894, -0.973266602, 0.0844726562, 0.213012695, 0.110524992, 0.987426223, 0.113526331, 0, 0, 0, 0, 0, 0, 0, 0.275844531, -0.031521875, -0.167971338, -0.217154318, 0.122003525, -0.968444027, 0.354248047, -0.914550781, -0.194702148, -0.909517175, -0.385354264, 0.155358408, 0, 2, 5, 1, 
827.684818, 60, 0.1, 0.1, 0.0144103414, 0.357471522, -0.019965317, 0.996067451, -1.79681625e-005, -0.088598148, 0.0885981476, -2.45155791e-005, 0.996067451, -2.00695368e-005, -1, -2.28272245e-005, 0.996067484, -2.96412738e-005, -0.088597775, 0.0885977743, -2.50232805e-005, 0.996067485, -3.1741716e-005, -0.999999999, -2.22987251e-005, 0, 0, 0, 0, 0, 0, 0, 0.236462866, -0.101116333, -0.178956177, -0.200757917, 0.133899218, -0.970383894, -0.973266602, 0.0844726562, 0.213012695, 0.110524992, 0.987426223, 0.113526331, 0, 0, 0, 0, 0, 0, 0, 0.275844531, -0.031521875, -0.167971338, -0.217154318, 0.122003525, -0.968444027, 0.354248047, -0.914550781, -0.194702148, -0.909517175, -0.385354264, 0.155358408, 0, 2, 5, 1, 
827.685603, 60, 0.1, 0.1, 0.0144103419, 0.357471525, -0.0199681448, 0.996067277, -3.93062351e-006, -0.0886001156, 0.0886001156, 8.42481362e-006, 0.996067277, -3.168726e-006, -1, 8.73993485e-006, 0.996067313, -3.61736984e-006, -0.0885997105, 0.0885997106, 2.1304549e-005, 0.996067312, -1.71556698e-006, -1, 2.15412628e-005, 0, 0, 0, 0, 0, 0, 0, 0.236462866, -0.101116333, -0.178956177, -0.200757917, 0.133899218, -0.970383894, -0.973266602, 0.0844726562, 0.213012695, 0.110524992, 0.987426223, 0.113526331, 0, 0, 0, 0, 0, 0, 0, 0.275844531, -0.031521875, -0.167971338, -0.217154318, 0.122003525, -0.968444027, 0.354248047, -0.914550781, -0.194702148, -0.909517175, -0.385354264, 0.155358408, 0, 2, 5, 1, 
827.686389, 60, 0.1, 0.1, 0.014410342, 0.357471522, -0.0199699763, 0.996067114, 1.84306082e-006, -0.0886019402, 0.0886019402, 7.31478172e-006, 0.996067114, 2.48391612e-006, -1, 7.12271476e-006, 0.996067143, -5.86156453e-006, -0.0886016215, 0.0886016214, -1.51352912e-005, 0.996067143, -7.17952318e-006, -1, -1.45564221e-005, 0, 0, 0, 0, 0, 0, 0, 0.236462866, -0.101116333, -0.178956177, -0.200757917, 0.133899218, -0.970383894, -0.973266602, 0.0844726562, 0.213012695, 0.110524992, 0.987426223, 0.113526331, 0, 0, 0, 0, 0, 0, 0, 0.275844531, -0.031521875, -0.167971338, -0.217154318, 0.122003525, -0.968444027, 0.354248047, -0.914550781, -0.194702148, -0.909517175, -0.385354264, 0.155358408, 0, 2, 5, 1, 
827.687203, 60, 0.1, 0.1, 0.0144103411, 0.357471523, -0.0199701178, 0.996066965, 2.87146261e-006, -0.088603622, 0.0886036221, -2.72229016e-005, 0.996066964, 4.48121364e-007, -1, -2.73702549e-005, 0.996066995, 2.1441291e-006, -0.0886032768, 0.0886032769, -1.66707504e-005, 0.996066995, 6.58613111e-007, -1, -1.67951612e-005, 0, 0, 0, 0, 0, 0, 0, 0.236740308, -0.101018677, -0.178953003, -0.199716993, 0.135828296, -0.97044006, -0.973510742, 0.0844726562, 0.212158203, 0.110854494, 0.987120687, 0.115512698, 0, 0, 0, 0, 0, 0, 0, 0.275844531, -0.031521875, -0.167971338, -0.217774086, 0.123351702, -0.968092582, 0.353881836, -0.914428711, -0.196166992, -0.909459572, -0.385335307, 0.155518089, 0, 2, 5, 1, 
827.687987, 60, 0.1, 0.1, 0.0144103396, 0.357471524, -0.0199685829, 0.996066846, -1.04097245e-005, -0.0886049611, 0.0886049613, 2.02427673e-005, 0.996066845, -8.57517185e-006, -1, 2.10855026e-005, 0.996066869, -1.32634955e-007, -0.0886047027, 0.0886047027, 2.17556888e-005, 0.996066868, 1.79554305e-006, -1, 2.16818729e-005, 0, 0, 0, 0, 0, 0, 0, 0.236740308, -0.101018677, -0.178953003, -0.199716993, 0.135828296, -0.97044006, -0.973510742, 0.0844726562, 0.212158203, 0.110854494, 0.987120687, 0.115512698, 0, 0, 0, 0, 0, 0, 0, 0.276251221, -0.0316555176, -0.168167969, -0.217774086, 0.123351702, -0.968092582, 0.353881836, -0.914428711, -0.196166992, -0.909459572, -0.385335307, 0.155518089, 0, 2, 5, 1, 
827.688772, 60, 0.1, 0.1, 0.0144103393, 0.357471522, -0.0199662474, 0.996066734, -3.67118868e-006, -0.0886062122, 0.0886062122, -8.07641364e-006, 0.996066734, -4.37236934e-006, -1, -7.71935684e-006, 0.996066754, -3.6512647e-006, -0.0886059931, 0.088605993, -2.25182212e-005, 0.996066754, -5.63215272e-006, -1, -2.21061275e-005, 0, 0, 0, 0, 0, 0, 0, 0.236740308, -0.101018677, -0.178953003, -0.199716993, 0.135828296, -0.97044006, -0.973510742, 0.0844726562, 0.212158203, 0.110854494, 0.987120687, 0.115512698, 0, 0, 0, 0, 0, 0, 0, 0.276251221, -0.0316555176, -0.168167969, -0.217774086, 0.123351702, -0.968092582, 0.353881836, -0.914428711, -0.196166992, -0.909459572, -0.385335307, 0.155518089, 0, 2, 5, 1, 
827.689561, 60, 0.1, 0.1, 0.0144103402, 0.357471526, -0.0199638789, 0.99606664, 1.47704534e-005, -0.0886072741, 0.0886072742, -9.82361334e-006, 0.99606664, 1.38419123e-005, -1, -1.10937431e-005, 0.99606666, -1.41529256e-006, -0.0886070472, 0.0886070473, 1.5272132e-005, 0.99606666, -5.6507208e-008, -1, 1.53374665e-005, 0, 0, 0, 0, 0, 0, 0, 0.236740308, -0.101018677, -0.178953003, -0.199716993, 0.135828296, -0.97044006, -0.973510742, 0.0844726562, 0.212158203, 0.110854494, 0.987120687, 0.115512698, 0, 0, 0, 0, 0, 0, 0, 0.276251221, -0.0316555176, -0.168167969, -0.217774086, 0.123351702, -0.968092582, 0.353881836, -0.914428711, -0.196166992, -0.909459572, -0.385335307, 0.155518089, 0, 2, 5, 1, 
827.690362, 60, 0.1, 0.1, 0.0144103368, 0.357471526, -0.0199620744, 0.996066566, -3.16308443e-005, -0.0886080973, 0.0886080982, 2.88509049e-005, 0.996066566, -2.89500027e-005, -0.999999999, 3.15401707e-005, 0.996066575, -3.50082715e-005, -0.0886079926, 0.0886079932, 1.59208943e-005, 0.996066576, -3.34598507e-005, -0.999999999, 1.89602834e-005, 0, 0, 0, 0, 0, 0, 0, 0.236740308, -0.101018677, -0.178953003, -0.199716993, 0.135828296, -0.97044006, -0.973510742, 0.0844726562, 0.212158203, 0.110854494, 0.987120687, 0.115512698, 0, 0, 0, 0, 0, 0, 0, 0.276251221, -0.0316555176, -0.168167969, -0.217774086, 0.123351702, -0.968092582, 0.353881836, -0.914428711, -0.196166992, -0.909459572, -0.385335307, 0.155518089, 0, 2, 5, 1, 
827.691148, 60, 0.1, 0.1, 0.0144103409, 0.357471526, -0.0199616013, 0.996066552, 2.16108602e-005, -0.0886082609, 0.0886082614, -2.70680982e-005, 0.996066552, 1.91273979e-005, -0.999999999, -2.8876528e-005, 0.99606655, 3.55161576e-005, -0.0886082735, 0.0886082744, -2.58139373e-005, 0.996066551, 3.30891282e-005, -0.999999999, -2.88594249e-005, 0, 0, 0, 0, 0, 0, 0, 0.236740308, -0.101018677, -0.178953003, -0.199716993, 0.135828296, -0.97044006, -0.973510742, 0.0844726562, 0.212158203, 0.110854494, 0.987120687, 0.115512698, 0, 0, 0, 0, 0, 0, 0, 0.276251221, -0.0316555176, -0.168167969, -0.217774086, 0.123351702, -0.968092582, 0.353881836, -0.914428711, -0.196166992, -0.909459572, -0.385335307, 0.155518089, 0, 2, 5, 1, 
827.691949, 60, 0.1, 0.1, 0.0144103394, 0.357471528, -0.0199624575, 0.996066587, 2.48909397e-005, -0.0886078699, 0.0886078697, 8.98710728e-006, 0.996066587, 2.55893618e-005, -1, 6.74622413e-006, 0.996066577, -5.58984734e-006, -0.0886079853, 0.0886079855, 2.28371142e-005, 0.996066576, -3.54430941e-006, -1, 2.32425913e-005, 0, 0, 0, 0, 0, 0, 0, 0.236740308, -0.101018677, -0.178953003, -0.198364543, 0.13677374, -0.970566619, -0.973632812, 0.0859375, 0.211181641, 0.112370574, 0.986847352, 0.116274295, 0, 0, 0, 0, 0, 0, 0, 0.276251221, -0.0316555176, -0.168167969, -0.217774086, 0.123351702, -0.968092582, 0.353881836, -0.914428711, -0.196166992, -0.909459572, -0.385335307, 0.155518089, 0, 2, 5, 1, 
827.692747, 60, 0.1, 0.1, 0.014410343, 0.357471524, -0.019963978, 0.996066668, -1.96732434e-005, -0.0886069535, 0.0886069535, 1.33843459e-006, 0.996066668, -1.94772674e-005, -1, 3.07635625e-006, 0.996066649, -3.93184624e-006, -0.0886071765, 0.0886071764, -2.29092594e-005, 0.996066648, -5.9463057e-006, -1, -2.24707594e-005, 0, 0, 0, 0, 0, 0, 0, 0.237260522, -0.101417676, -0.179180396, -0.198364543, 0.13677374, -0.970566619, -0.973632812, 0.0859375, 0.211181641, 0.112370574, 0.986847352, 0.116274295, 0, 0, 0, 0, 0, 0, 0, 0.276719189, -0.0315891113, -0.168401465, -0.217384361, 0.124322915, -0.968016024, 0.353759766, -0.914306641, -0.196899414, -0.909664096, -0.385233229, 0.15478968, 0, 2, 5, 1, 
827.693533, 60, 0.1, 0.1, 0.0144103444, 0.357471524, -0.0199659732, 0.996066782, 2.56910357e-005, -0.0886056667, 0.0886056675, -2.946621e-005, 0.996066782, 2.29791141e-005, -0.999999999, -3.16266843e-005, 0.996066757, 2.7286829e-005, -0.0886059552, 0.0886059557, -1.8127124e-005, 0.996066757, 2.55733321e-005, -0.999999999, -2.04736011e-005, 0, 0, 0, 0, 0, 0, 0, 0.237260522, -0.101417676, -0.179180396, -0.198364543, 0.13677374, -0.970566619, -0.973632812, 0.0859375, 0.211181641, 0.112370574, 0.986847352, 0.116274295, 0, 0, 0, 0, 0, 0, 0, 0.276719189, -0.0315891113, -0.168401465, -0.217384361, 0.124322915, -0.968016024, 0.353759766, -0.914306641, -0.196899414, -0.909664096, -0.385233229, 0.15478968, 0, 2, 5, 1, 
827.694314, 60, 0.1, 0.1, 0.0144103409, 0.357471525, -0.0199677398, 0.996066923, -1.62232184e-005, -0.0886040937, 0.088604094, 2.0653925e-005, 0.996066922, -1.43293889e-005, -1, 2.20101351e-005, 0.996066892, -2.83925341e-005, -0.0886044304, 0.0886044309, 1.87405942e-005, 0.996066893, -2.66203635e-005, -0.999999999, 2.11825898e-005, 0, 0, 0, 0, 0, 0, 0, 0.237260522, -0.101417676, -0.179180396, -0.198364543, 0.13677374, -0.970566619, -0.973632812, 0.0859375, 0.211181641, 0.112370574, 0.986847352, 0.116274295, 0, 0, 0, 0, 0, 0, 0, 0.276719189, -0.0315891113, -0.168401465, -0.217384361, 0.124322915, -0.968016024, 0.353759766, -0.914306641, -0.196899414, -0.909664096, -0.385233229, 0.15478968, 0, 2, 5, 1, 
827.695113, 60, 0.1, 0.1, 0.0144103427, 0.357471523, -0.0199686128, 0.996067089, -1.4187609e-005, -0.0886022257, 0.0886022256, -7.63068683e-006, 0.996067089, -1.48079062e-005, -1, -6.34362228e-006, 0.996067056, 9.00472329e-006, -0.0886025981, 0.0886025983, -1.91399e-005, 0.996067056, 7.27346334e-006, -1, -1.98624658e-005, 0, 0, 0, 0, 0, 0, 0, 0.237260522, -0.101417676, -0.179180396, -0.198364543, 0.13677374, -0.970566619, -0.973632812, 0.0859375, 0.211181641, 0.112370574, 0.986847352, 0.116274295, 0, 0, 0, 0, 0, 0, 0, 0.277198877, -0.0315212402, -0.168423437, -0.216898755, 0.125466568, -0.968035347, 0.354125977, -0.91394043, -0.197753906, -0.909613057, -0.385603997, 0.153805707, 0, 2, 5, 1, 
827.695896, 60, 0.1, 0.1, 0.0144103411, 0.357471527, -0.0199684326, 0.996067272, 2.34867076e-005, -0.0886001684, 0.0886001685, -3.72625749e-006, 0.996067272, 2.30641937e-005, -1, -5.79252938e-006, 0.996067233, 1.07673646e-005, -0.088600603, 0.0886006028, 1.79087636e-005, 0.996067233, 1.23117463e-005, -1, 1.68843376e-005, 0, 0, 0, 0, 0, 0, 0, 0.237260522, -0.101417676, -0.179180396, -0.198364543, 0.13677374, -0.970566619, -0.973632812, 0.0859375, 0.211181641, 0.112370574, 0.986847352, 0.116274295, 0, 0, 0, 0, 0, 0, 0, 0.277198877, -0.0315212402, -0.168423437, -0.216898755, 0.125466568, -0.968035347, 0.354125977, -0.91394043, -0.197753906, -0.909613057, -0.385603997, 0.153805707, 0, 2, 5, 1, 
827.69668, 60, 0.1, 0.1, 0.0144103396, 0.357471528, -0.0199673952, 0.996067471, -2.4616169e-005, -0.0885979265, 0.0885979271, 2.67506693e-005, 0.996067471, -2.21493114e-005, -0.999999999, 2.8826413e-005, 0.99606743, -2.54854856e-005, -0.0885983865, 0.0885983869, 1.62886315e-005, 0.99606743, -2.39421157e-005, -1, 1.84825483e-005, 0, 0, 0, 0, 0, 0, 0, 0.237260522, -0.101417676, -0.179180396, -0.198364543, 0.13677374, -0.970566619, -0.973632812, 0.0859375, 0.211181641, 0.112370574, 0.986847352, 0.116274295, 0, 0, 0, 0, 0, 0, 0, 0.277198877, -0.0315212402, -0.168423437, -0.216898755, 0.125466568, -0.968035347, 0.354125977, -0.91394043, -0.197753906, -0.909613057, -0.385603997, 0.153805707, 0, 2, 5, 1, 
827.697479, 60, 0.1, 0.1, 0.0144103425, 0.357471528, -0.0199656748, 0.996067689, 1.28723849e-005, -0.0885954728, 0.0885954731, -2.3651427e-005, 0.996067689, 1.07263574e-005, -1, -2.46988573e-005, 0.996067645, 2.66431092e-005, -0.0885959643, 0.088595965, -2.32001482e-005, 0.996067646, 2.44828996e-005, -0.999999999, -2.5469389e-005, 0, 0, 0, 0, 0, 0, 0, 0.237796362, -0.101357983, -0.17918186, -0.196688581, 0.137960318, -0.970654986, -0.973754883, 0.0871582031, 0.209716797, 0.113588231, 0.986535824, 0.117277026, 0, 0, 0, 0, 0, 0, 0, 0.277198877, -0.0315212402, -0.168423437, -0.216898755, 0.125466568, -0.968035347, 0.354125977, -0.91394043, -0.197753906, -0.909613057, -0.385603997, 0.153805707, 0, 2, 5, 1, 
827.698262, 60, 0.1, 0.1, 0.0144103393, 0.357471531, -0.0199641326, 0.996067918, 1.38898498e-005, -0.0885928984, 0.0885928983, 9.75448667e-006, 0.996067919, 1.4699412e-005, -1, 8.48558919e-006, 0.996067873, -1.25841196e-005, -0.0885934082, 0.0885934084, 2.21854898e-005, 0.996067873, -1.05691491e-005, -1, 2.32131237e-005, 0, 0, 0, 0, 0, 0, 0, 0.237796362, -0.101357983, -0.17918186, -0.196688581, 0.137960318, -0.970654986, -0.973754883, 0.0871582031, 0.209716797, 0.113588231, 0.986535824, 0.117277026, 0, 0, 0, 0, 0, 0, 0, 0.277198877, -0.0315212402, -0.168423437, -0.216898755, 0.125466568, -0.968035347, 0.354125977, -0.91394043, -0.197753906, -0.909613057, -0.385603997, 0.153805707, 0, 2, 5, 1, 
827.699043, 60, 0.1, 0.1, 0.0144103402, 0.357471528, -0.0199633003, 0.996068164, -2.86813807e-005, -0.088590136, 0.0885901362, 8.03802818e-006, 0.996068164, -2.78565202e-005, -1, 1.05473114e-005, 0.996068113, -1.46480498e-005, -0.0885907073, 0.088590707, -1.69855876e-005, 0.996068113, -1.60952206e-005, -1, -1.56211211e-005, 0, 0, 0, 0, 0, 0, 0, 0.237796362, -0.101357983, -0.17918186, -0.196688581, 0.137960318, -0.970654986, -0.973754883, 0.0871582031, 0.209716797, 0.113588231, 0.986535824, 0.117277026, 0, 0, 0, 0, 0, 0, 0, 0.277198877, -0.0315212402, -0.168423437, -0.216898755, 0.125466568, -0.968035347, 0.354125977, -0.91394043, -0.197753906, -0.909613057, -0.385603997, 0.153805707, 0, 2, 5, 1, 
827.699853, 60, 0.1, 0.1, 0.0144103418, 0.357471529, -0.0199631226, 0.996068435, 3.20037121e-005, -0.0885870895, 0.0885870904, -2.86236479e-005, 0.996068435, 2.93422017e-005, -0.999999999, -3.13462279e-005, 0.996068381, 3.23021543e-005, -0.0885876962, 0.0885876967, -1.64522343e-005, 0.996068381, 3.0717689e-005, -0.999999999, -1.92491238e-005, 0, 0, 0, 0, 0, 0, 0, 0.238337573, -0.101507983, -0.1791854, -0.194936236, 0.139407127, -0.970806632, -0.973876953, 0.0887451172, 0.208374023, 0.115288158, 0.986306672, 0.118660556, 0, 0, 0, 0, 0, 0, 0, 0.277929883, -0.0314333496, -0.168460547, -0.215889262, 0.126827506, -0.968125032, 0.354125977, -0.913696289, -0.198730469, -0.909875183, -0.385706442, 0.152323368, 0, 2, 5, 1, 
827.700637, 60, 0.1, 0.1, 0.0144103394, 0.35747153, -0.0199636637, 0.996068709, -9.84684304e-006, -0.088584008, 0.0885840082, 2.65911001e-005, 0.996068709, -7.45258601e-006, -1, 2.73588355e-005, 0.996068653, -2.36790555e-005, -0.0885846328, 0.0885846334, 2.53702353e-005, 0.996068653, -2.13385519e-005, -0.999999999, 2.73680965e-005, 0, 0, 0, 0, 0, 0, 0, 0.238337573, -0.101507983, -0.1791854, -0.194936236, 0.139407127, -0.970806632, -0.973876953, 0.0887451172, 0.208374023, 0.115288158, 0.986306672, 0.118660556, 0, 0, 0, 0, 0, 0, 0, 0.277929883, -0.0314333496, -0.168460547, -0.215889262, 0.126827506, -0.968125032, 0.354125977, -0.913696289, -0.198730469, -0.909875183, -0.385706442, 0.152323368, 0, 2, 5, 1, 
