time, trialNum, realDorsalTactorPos, realVentralTactorPos, box1PosX, box1PosY, box1PosZ, box1LocalRot_11, box1LocalRot_12, box1LocalRot_13, box1LocalRot_21, box1LocalRot_22, box1LocalRot_23, box1LocalRot_31, box1LocalRot_32, box1LocalRot_33, box1GlobalRot_11, box1GlobalRot_12, box1GlobalRot_13, box1GlobalRot_21, box1GlobalRot_22, box1GlobalRot_23, box1GlobalRot_31, box1GlobalRot_32, box1GlobalRot_33, indexForceX, indexForceY, indexForceZ, indexForceGlobalX, indexForceGlobalY, indexForceGlobalZ, indexContact, indexPosX, indexPosY, indexPosZ, indexRot_11, indexRot_12, indexRot_13, indexRot_21, indexRot_22, indexRot_23, indexRot_31, indexRot_32, indexRot_33, thumbForceX, thumbForceY, thumbForceZ, thumbForceGlobalX, thumbForceGlobalY, thumbForceGlobalZ, thumbContact, thumbPosX, thumbPosY, thumbPosZ, thumbRot_11, thumbRot_12, thumbRot_13, thumbRot_21, thumbRot_22, thumbRot_23, thumbRot_31, thumbRot_32, thumbRot_33, manipForceTooHigh, cceExpType, mapping, trialSuccess, 
218.938457, 24, 0.1, 0.1, -0.00670909048, 0.385794613, -0.0199636287, 0.872371029, -0.48884434, -2.59611612e-006, 0.48884434, 0.872371028, -2.1803307e-005, 1.29231997e-005, 1.77514767e-005, 1, 0.872371039, -0.488844322, -8.23806597e-006, 0.488844321, 0.872371038, -3.86005524e-005, 2.6056311e-005, 2.96468722e-005, 0.999999999, 0, 0, 0, 0, 0, 0, 0, 0.211870044, -0.0576079834, -0.239521997, 0.041418468, 0.411371339, -0.910444852, -0.95715332, 0.277587891, 0.0819091797, 0.286476435, 0.868087877, 0.405350056, 0, 0, -0, 0, 0, 0, 0, 0.259939648, -0.00368603516, -0.209188965, 0.0873872566, 0.155513559, -0.983903855, 0.499511719, -0.861328125, -0.091796875, -0.861797499, -0.483463181, -0.153000517, 0, 2, 1, 1, 
218.9521, 24, 0.1, 0.1, -0.00670909115, 0.385794577, -0.0199669904, 0.872370488, -0.488845302, -5.08772172e-005, 0.488845302, 0.872370489, -1.13703387e-005, 4.99421196e-005, -1.49519407e-005, 0.999999999, 0.872370387, -0.488845481, -5.78762766e-005, 0.488845481, 0.872370389, -1.31726332e-005, 5.69289322e-005, -1.68011412e-005, 0.999999998, 0, 0, 0, 0, 0, 0, 0, 0.220362451, -0.0638095703, -0.239091992, 0.0317210633, 0.411429366, -0.910881817, -0.972045898, 0.224487305, 0.0676269531, 0.232272391, 0.883280494, 0.407273143, 0, 0, -0, 0, 0, 0, 0, 0.264811084, -0.00763261719, -0.208099121, 0.0805169736, 0.155793141, -0.984440501, 0.549560547, -0.830810547, -0.0865478516, -0.831465689, -0.534003792, -0.15256595, 0, 2, 1, 1, 
218.952927, 24, 0.1, 0.1, -0.0067090956, 0.385794581, -0.0199667161, 0.872370982, -0.488844422, 2.94316615e-005, 0.488844422, 0.872370983, -6.74875761e-006, -2.2376235e-005, 2.02749239e-005, 1, 0.872370899, -0.488844568, 4.19343509e-005, 0.488844569, 0.8723709, -1.63025658e-005, -2.86128867e-005, 3.47212637e-005, 0.999999999, 0, 0, 0, 0, 0, 0, 0, 0.222501367, -0.0656033203, -0.238878271, 0.0306614263, 0.41108189, -0.91108476, -0.975097656, 0.212280273, 0.0629882813, 0.219339476, 0.886548919, 0.40755247, 0, 0, -0, 0, 0, 0, 0, 0.266030078, -0.00878266602, -0.207442822, 0.0795661836, 0.155695426, -0.984523623, 0.561401367, -0.823120117, -0.0848388672, -0.823587345, -0.545920105, -0.152942915, 0, 2, 1, 1, 
218.953717, 24, 0.1, 0.1, -0.00670908959, 0.385794583, -0.0199659868, 0.872371212, -0.488844012, -1.89024903e-005, 0.488844012, 0.872371212, -2.92010696e-005, 3.07647564e-005, 1.62338033e-005, 0.999999999, 0.872371185, -0.48884406, -3.96374427e-005, 0.488844059, 0.872371186, -1.49524138e-005, 4.18879615e-005, -6.33247347e-006, 0.999999999, 0, 0, 0, 0, 0, 0, 0, 0.222501367, -0.0656033203, -0.238878271, 0.0306614263, 0.41108189, -0.91108476, -0.975097656, 0.212280273, 0.0629882813, 0.219339476, 0.886548919, 0.40755247, 0, 0, -0, 0, 0, 0, 0, 0.266030078, -0.00878266602, -0.207442822, 0.0795661836, 0.155695426, -0.984523623, 0.561401367, -0.823120117, -0.0848388672, -0.823587345, -0.545920105, -0.152942915, 0, 2, 1, 1, 
218.954505, 24, 0.1, 0.1, -0.0067090958, 0.38579458, -0.0199651787, 0.872371087, -0.488844236, 2.20241915e-005, 0.488844234, 0.872371086, 4.89156431e-005, -4.31253981e-005, -3.19061937e-005, 0.999999999, 0.87237114, -0.488844139, 3.53629323e-005, 0.488844138, 0.872371141, 4.13647011e-005, -5.10704933e-005, -1.87984093e-005, 0.999999999, 0, 0, 0, 0, 0, 0, 0, 0.222501367, -0.0656033203, -0.238878271, 0.0306614263, 0.41108189, -0.91108476, -0.975097656, 0.212280273, 0.0629882813, 0.219339476, 0.886548919, 0.40755247, 0, 0, -0, 0, 0, 0, 0, 0.266030078, -0.00878266602, -0.207442822, 0.0795661836, 0.155695426, -0.984523623, 0.561401367, -0.823120117, -0.0848388672, -0.823587345, -0.545920105, -0.152942915, 0, 2, 1, 1, 
218.955305, 24, 0.1, 0.1, -0.00670909233, 0.385794581, -0.0199644383, 0.872370653, -0.488845009, -1.41541972e-005, 0.488845009, 0.872370653, -2.61681141e-005, 2.51398582e-005, 1.59090862e-005, 1, 0.872370751, -0.488844835, -2.12159294e-005, 0.488844834, 0.872370751, -3.14215196e-005, 3.38684038e-005, 1.70399172e-005, 0.999999999, 0, 0, 0, 0, 0, 0, 0, 0.222501367, -0.0656033203, -0.238878271, 0.0306614263, 0.41108189, -0.91108476, -0.975097656, 0.212280273, 0.0629882813, 0.219339476, 0.886548919, 0.40755247, 0, 0, -0, 0, 0, 0, 0, 0.266030078, -0.00878266602, -0.207442822, 0.0795661836, 0.155695426, -0.984523623, 0.561401367, -0.823120117, -0.0848388672, -0.823587345, -0.545920105, -0.152942915, 0, 2, 1, 1, 
218.9561, 24, 0.1, 0.1, -0.00670909633, 0.385794573, -0.0199641145, 0.872370177, -0.488845859, 2.6052449e-005, 0.488845858, 0.872370177, 3.91220021e-005, -4.18520083e-005, -2.13932361e-005, 0.999999999, 0.872370265, -0.488845701, 2.84512153e-005, 0.488845699, 0.872370265, 5.57178214e-005, -5.20574117e-005, -3.46983164e-005, 0.999999998, 0, 0, 0, 0, 0, 0, 0, 0.222501367, -0.0656033203, -0.238878271, 0.0306614263, 0.41108189, -0.91108476, -0.975097656, 0.212280273, 0.0629882813, 0.219339476, 0.886548919, 0.40755247, 0, 0, -0, 0, 0, 0, 0, 0.266030078, -0.00878266602, -0.207442822, 0.0795661836, 0.155695426, -0.984523623, 0.561401367, -0.823120117, -0.0848388672, -0.823587345, -0.545920105, -0.152942915, 0, 2, 1, 1, 
218.956893, 24, 0.1, 0.1, -0.00670909192, 0.385794577, -0.0199641772, 0.872369941, -0.488846278, -4.33352489e-005, 0.488846279, 0.872369942, 3.96389394e-006, 3.58666337e-005, -2.46422571e-005, 0.999999999, 0.872369961, -0.488846243, -3.779008e-005, 0.488846242, 0.872369962, -2.17000275e-005, 4.35749075e-005, 4.56913526e-007, 0.999999999, 0, 0, 0, 0, 0, 0, 0, 0.222501367, -0.0656033203, -0.238878271, 0.0306614263, 0.41108189, -0.91108476, -0.975097656, 0.212280273, 0.0629882813, 0.219339476, 0.886548919, 0.40755247, 0, 0, -0, 0, 0, 0, 0, 0.266030078, -0.00878266602, -0.207442822, 0.0795661836, 0.155695426, -0.984523623, 0.561401367, -0.823120117, -0.0848388672, -0.823587345, -0.545920105, -0.152942915, 0, 2, 1, 1, 
218.957721, 24, 0.1, 0.1, -0.00670909521, 0.385794572, -0.0199643187, 0.872370111, -0.488845975, 3.89797141e-005, 0.488845975, 0.872370112, -3.11451275e-006, -3.24822205e-005, 2.17720842e-005, 0.999999999, 0.872370045, -0.488846093, 4.09872175e-005, 0.488846093, 0.872370046, 1.42034871e-005, -4.269934e-005, 7.64574445e-006, 0.999999999, 0, 0, 0, 0, 0, 0, 0, 0.225116064, -0.0674506592, -0.238241016, 0.0302548012, 0.409668404, -0.911681605, -0.978149414, 0.19934082, 0.0570068359, 0.205067215, 0.890109775, 0.406905449, 0, 0, -0, 0, 0, 0, 0, 0.267012402, -0.00998056641, -0.20678457, 0.0785322714, 0.154671341, -0.984804706, 0.572387695, -0.815673828, -0.0823974609, -0.816085965, -0.557197328, -0.152604229, 0, 2, 1, 1, 
218.958505, 24, 0.1, 0.1, -0.0067090889, 0.385794574, -0.0199647421, 0.872370579, -0.488845139, -4.57270595e-005, 0.48884514, 0.87237058, 1.46859725e-006, 3.91730248e-005, -2.36346118e-005, 0.999999999, 0.872370474, -0.488845327, -5.37898023e-005, 0.488845327, 0.872370475, -1.28595049e-006, 4.75532663e-005, -2.51730683e-005, 0.999999999, 0, 0, 0, 0, 0, 0, 0, 0.225116064, -0.0674506592, -0.238241016, 0.0302548012, 0.409668404, -0.911681605, -0.978149414, 0.19934082, 0.0570068359, 0.205067215, 0.890109775, 0.406905449, 0, 0, -0, 0, 0, 0, 0, 0.267012402, -0.00998056641, -0.20678457, 0.0785322714, 0.154671341, -0.984804706, 0.572387695, -0.815673828, -0.0823974609, -0.816085965, -0.557197328, -0.152604229, 0, 2, 1, 1, 
218.959291, 24, 0.1, 0.1, -0.0067090945, 0.385794575, -0.0199654689, 0.872371081, -0.488844245, 3.55157174e-005, 0.488844245, 0.872371082, 3.61353969e-006, -3.27493429e-005, 1.42093065e-005, 0.999999999, 0.872370991, -0.488844404, 4.80759299e-005, 0.488844405, 0.872370992, -3.49808779e-006, -4.0230026e-005, 2.65532796e-005, 0.999999999, 0, 0, 0, 0, 0, 0, 0, 0.225116064, -0.0674506592, -0.238241016, 0.0302548012, 0.409668404, -0.911681605, -0.978149414, 0.19934082, 0.0570068359, 0.205067215, 0.890109775, 0.406905449, 0, 0, -0, 0, 0, 0, 0, 0.267012402, -0.00998056641, -0.20678457, 0.0785322714, 0.154671341, -0.984804706, 0.572387695, -0.815673828, -0.0823974609, -0.816085965, -0.557197328, -0.152604229, 0, 2, 1, 1, 
218.960104, 24, 0.1, 0.1, -0.00670908827, 0.385794576, -0.01996586, 0.872371351, -0.488843765, -2.09587446e-005, 0.488843764, 0.872371351, -3.06725964e-005, 3.32779158e-005, 1.65123427e-005, 0.999999999, 0.872371322, -0.488843814, -4.13012282e-005, 0.488843814, 0.872371323, -1.42693776e-005, 4.30055041e-005, -7.74165408e-006, 0.999999999, 0, 0, 0, 0, 0, 0, 0, 0.227713916, -0.0690551025, -0.237599731, 0.0295748406, 0.408635715, -0.912221163, -0.981323242, 0.185180664, 0.0511474609, 0.18984951, 0.893733911, 0.406620131, 0, 0, -0, 0, 0, 0, 0, 0.268428271, -0.0111738281, -0.20634126, 0.0770448357, 0.153979378, -0.984964387, 0.584350586, -0.807495117, -0.0804443359, -0.807773054, -0.569298842, -0.152252784, 0, 2, 1, 1, 
218.960891, 24, 0.1, 0.1, -0.00670909415, 0.385794575, -0.0199661483, 0.872371233, -0.488843975, 2.2050507e-005, 0.488843974, 0.872371233, 3.92568103e-005, -3.84266831e-005, -2.34672545e-005, 0.999999999, 0.872371283, -0.488843884, 3.41870865e-005, 0.488843883, 0.872371284, 3.24539655e-005, -4.56887551e-005, -1.15997595e-005, 0.999999999, 0, 0, 0, 0, 0, 0, 0, 0.227713916, -0.0690551025, -0.237599731, 0.0295748406, 0.408635715, -0.912221163, -0.981323242, 0.185180664, 0.0511474609, 0.18984951, 0.893733911, 0.406620131, 0, 0, -0, 0, 0, 0, 0, 0.268428271, -0.0111738281, -0.20634126, 0.0770448357, 0.153979378, -0.984964387, 0.584350586, -0.807495117, -0.0804443359, -0.807773054, -0.569298842, -0.152252784, 0, 2, 1, 1, 
218.961675, 24, 0.1, 0.1, -0.00670909168, 0.385794578, -0.019966293, 0.872370836, -0.488844683, -9.154105e-006, 0.488844682, 0.872370836, -3.14780999e-005, 2.3373676e-005, 2.29856408e-005, 0.999999999, 0.872370928, -0.48884452, -1.62364314e-005, 0.488844519, 0.872370927, -3.66065103e-005, 3.20590827e-005, 2.39973649e-005, 0.999999999, 0, 0, 0, 0, 0, 0, 0, 0.227713916, -0.0690551025, -0.237599731, 0.0295748406, 0.408635715, -0.912221163, -0.981323242, 0.185180664, 0.0511474609, 0.18984951, 0.893733911, 0.406620131, 0, 0, -0, 0, 0, 0, 0, 0.268428271, -0.0111738281, -0.20634126, 0.0770448357, 0.153979378, -0.984964387, 0.584350586, -0.807495117, -0.0804443359, -0.807773054, -0.569298842, -0.152252784, 0, 2, 1, 1, 
218.962463, 24, 0.1, 0.1, -0.00670909653, 0.385794572, -0.0199662296, 0.872370392, -0.488845475, 2.98657789e-005, 0.488845474, 0.872370392, 3.23575395e-005, -4.1871858e-005, -1.36280086e-005, 0.999999999, 0.872370473, -0.488845331, 3.18892257e-005, 0.488845329, 0.872370473, 4.6978511e-005, -5.07844447e-005, -2.53937668e-005, 0.999999998, 0, 0, 0, 0, 0, 0, 0, 0.227713916, -0.0690551025, -0.237599731, 0.0295748406, 0.408635715, -0.912221163, -0.981323242, 0.185180664, 0.0511474609, 0.18984951, 0.893733911, 0.406620131, 0, 0, -0, 0, 0, 0, 0, 0.268428271, -0.0111738281, -0.20634126, 0.0770448357, 0.153979378, -0.984964387, 0.584350586, -0.807495117, -0.0804443359, -0.807773054, -0.569298842, -0.152252784, 0, 2, 1, 1, 
218.96325, 24, 0.1, 0.1, -0.00670909353, 0.385794575, -0.0199659692, 0.872370175, -0.488845862, -3.66656898e-005, 0.488845862, 0.872370175, 4.18145116e-006, 2.99419692e-005, -2.1571644e-005, 0.999999999, 0.872370192, -0.488845831, -3.0772366e-005, 0.48884583, 0.872370193, -2.09759731e-005, 3.70989118e-005, 3.25587086e-006, 0.999999999, 0, 0, 0, 0, 0, 0, 0, 0.227713916, -0.0690551025, -0.237599731, 0.0295748406, 0.408635715, -0.912221163, -0.981323242, 0.185180664, 0.0511474609, 0.18984951, 0.893733911, 0.406620131, 0, 0, -0, 0, 0, 0, 0, 0.268428271, -0.0111738281, -0.20634126, 0.0770448357, 0.153979378, -0.984964387, 0.584350586, -0.807495117, -0.0804443359, -0.807773054, -0.569298842, -0.152252784, 0, 2, 1, 1, 
218.964042, 24, 0.1, 0.1, -0.00670909663, 0.385794571, -0.0199656182, 0.872370327, -0.48884559, 3.52587737e-005, 0.488845591, 0.872370328, -1.5575693e-006, -2.99972971e-005, 1.85948733e-005, 0.999999999, 0.87237027, -0.488845693, 3.77822692e-005, 0.488845693, 0.87237027, 1.36637642e-005, -3.96396007e-005, 6.54983791e-006, 0.999999999, 0, 0, 0, 0, 0, 0, 0, 0.227713916, -0.0690551025, -0.237599731, 0.0295748406, 0.408635715, -0.912221163, -0.981323242, 0.185180664, 0.0511474609, 0.18984951, 0.893733911, 0.406620131, 0, 0, -0, 0, 0, 0, 0, 0.268428271, -0.0111738281, -0.20634126, 0.0770448357, 0.153979378, -0.984964387, 0.584350586, -0.807495117, -0.0804443359, -0.807773054, -0.569298842, -0.152252784, 0, 2, 1, 1, 
218.964955, 24, 0.1, 0.1, -0.00670908693, 0.385794572, -0.0199643, 0.872370845, -0.488844665, -5.39221406e-005, 0.488844666, 0.872370846, 8.64933483e-006, 4.28119222e-005, -3.39049783e-005, 0.999999999, 0.872370726, -0.488844875, -6.44123981e-005, 0.488844877, 0.872370728, 5.0070102e-006, 5.37438393e-005, -3.58556399e-005, 0.999999998, 0, 0, 0, 0, 0, 0, 0, 0.229318701, -0.0703316895, -0.238020581, 0.0266947094, 0.409766127, -0.911789068, -0.983398438, 0.173828125, 0.0493164063, 0.178688036, 0.895408751, 0.407787613, 0, 0, -0, 0, 0, 0, 0, 0.269575732, -0.0122801758, -0.206119482, 0.0751611123, 0.15410551, -0.985136828, 0.594726562, -0.799804688, -0.0798339844, -0.800360994, -0.579841458, -0.151779938, 0, 2, 1, 1, 
218.965852, 24, 0.1, 0.1, -0.00670909606, 0.385794572, -0.0199608606, 0.872371441, -0.488843602, 4.81990486e-005, 0.488843602, 0.872371442, 6.40904516e-006, -4.51804943e-005, 1.79707286e-005, 0.999999999, 0.872371346, -0.488843769, 6.52386534e-005, 0.48884377, 0.872371348, -4.26198355e-007, -5.67039875e-005, 3.22633125e-005, 0.999999998, 0, 0, 0, 0, 0, 0, 0, 0.229318701, -0.0703316895, -0.238020581, 0.0266947094, 0.409766127, -0.911789068, -0.983398438, 0.173828125, 0.0493164063, 0.178688036, 0.895408751, 0.407787613, 0, 0, -0, 0, 0, 0, 0, 0.269575732, -0.0122801758, -0.206119482, 0.0751611123, 0.15410551, -0.985136828, 0.594726562, -0.799804688, -0.0798339844, -0.800360994, -0.579841458, -0.151779938, 0, 2, 1, 1, 
218.966645, 24, 0.1, 0.1, -0.00670908985, 0.385794575, -0.0199595185, 0.872371688, -0.488843163, -2.40346429e-005, 0.488843161, 0.872371688, -4.39629287e-005, 4.24581191e-005, 2.66028435e-005, 0.999999999, 0.872371669, -0.488843195, -4.6010789e-005, 0.488843195, 0.87237167, -2.24102757e-005, 5.10936196e-005, -2.94197145e-006, 0.999999999, 0, 0, 0, 0, 0, 0, 0, 0.229318701, -0.0703316895, -0.238020581, 0.0266947094, 0.409766127, -0.911789068, -0.983398438, 0.173828125, 0.0493164063, 0.178688036, 0.895408751, 0.407787613, 0, 0, -0, 0, 0, 0, 0, 0.269575732, -0.0122801758, -0.206119482, 0.0751611123, 0.15410551, -0.985136828, 0.594726562, -0.799804688, -0.0798339844, -0.800360994, -0.579841458, -0.151779938, 0, 2, 1, 1, 
218.967432, 24, 0.1, 0.1, -0.00670909565, 0.385794576, -0.0199602857, 0.872371497, -0.488843503, 1.74891758e-005, 0.488843502, 0.872371497, 3.3402274e-005, -3.15855431e-005, -2.05897218e-005, 0.999999999, 0.872371566, -0.48884338, 3.32495511e-005, 0.488843379, 0.872371566, 2.58760297e-005, -4.16552888e-005, -6.31968964e-006, 0.999999999, 0, 0, 0, 0, 0, 0, 0, 0.229318701, -0.0703316895, -0.238020581, 0.0266947094, 0.409766127, -0.911789068, -0.983398438, 0.173828125, 0.0493164063, 0.178688036, 0.895408751, 0.407787613, 0, 0, -0, 0, 0, 0, 0, 0.269575732, -0.0122801758, -0.206119482, 0.0751611123, 0.15410551, -0.985136828, 0.594726562, -0.799804688, -0.0798339844, -0.800360994, -0.579841458, -0.151779938, 0, 2, 1, 1, 
218.968219, 24, 0.1, 0.1, -0.00670909001, 0.385794582, -0.0199628048, 0.87237098, -0.488844426, -2.54119554e-005, 0.488844424, 0.87237098, -4.91520521e-005, 4.61963591e-005, 3.04563312e-005, 0.999999998, 0.872371096, -0.488844219, -3.25933749e-005, 0.488844217, 0.872371096, -5.42719771e-005, 5.49640604e-005, 3.14122214e-005, 0.999999998, 0, 0, 0, 0, 0, 0, 0, 0.229318701, -0.0703316895, -0.238020581, 0.0266947094, 0.409766127, -0.911789068, -0.983398438, 0.173828125, 0.0493164063, 0.178688036, 0.895408751, 0.407787613, 0, 0, -0, 0, 0, 0, 0, 0.269575732, -0.0122801758, -0.206119482, 0.0751611123, 0.15410551, -0.985136828, 0.594726562, -0.799804688, -0.0798339844, -0.800360994, -0.579841458, -0.151779938, 0, 2, 1, 1, 
218.969024, 24, 0.1, 0.1, -0.00670909252, 0.385794578, -0.0199660266, 0.872370413, -0.488845438, 2.32853609e-005, 0.488845437, 0.872370413, 2.37570052e-005, -3.19269635e-005, -9.34196603e-006, 0.999999999, 0.87237052, -0.488845247, 2.30898751e-005, 0.488845246, 0.87237052, 3.78965661e-005, -3.86684826e-005, -2.17724714e-005, 0.999999999, 0, 0, 0, 0, 0, 0, 0, 0.229318701, -0.0703316895, -0.238020581, 0.0247218296, 0.409043845, -0.912106587, -0.985595703, 0.162353516, 0.0460205078, 0.167012092, 0.897871396, 0.407343536, 0, 0, -0, 0, 0, 0, 0, 0.269575732, -0.0122801758, -0.206119482, 0.0751611123, 0.15410551, -0.985136828, 0.594726562, -0.799804688, -0.0798339844, -0.800360994, -0.579841458, -0.151779938, 0, 2, 1, 1, 
218.96983, 24, 0.1, 0.1, -0.00670908941, 0.385794583, -0.0199685583, 0.872370098, -0.488846, -3.30641446e-005, 0.488846, 0.872370098, -8.33353119e-007, 2.92515524e-005, -1.54362825e-005, 0.999999999, 0.872370135, -0.488845934, -2.90199442e-005, 0.488845933, 0.872370135, -2.50860597e-005, 3.75793509e-005, 7.69804756e-006, 0.999999999, 0, 0, 0, 0, 0, 0, 0, 0.231861255, -0.0721470459, -0.238038159, 0.0247218296, 0.409043845, -0.912106587, -0.985595703, 0.162353516, 0.0460205078, 0.167012092, 0.897871396, 0.407343536, 0, 0, -0, 0, 0, 0, 0, 0.27101748, -0.0139536133, -0.205677637, 0.0745807237, 0.152014697, -0.98546895, 0.603637695, -0.793457031, -0.0766601562, -0.793671146, -0.589144171, -0.150955646, 0, 2, 1, 1, 
218.970616, 24, 0.1, 0.1, -0.006709093, 0.385794579, -0.0199698328, 0.872370145, -0.488845915, 3.77495399e-005, 0.488845915, 0.872370146, 2.44475985e-006, -3.41266825e-005, 1.63209729e-005, 0.999999999, 0.872370111, -0.488845976, 3.85671836e-005, 0.488845975, 0.872370112, 1.44718184e-005, -4.07193484e-005, 6.22863069e-006, 0.999999999, 0, 0, 0, 0, 0, 0, 0, 0.231861255, -0.0721470459, -0.238038159, 0.0247218296, 0.409043845, -0.912106587, -0.985595703, 0.162353516, 0.0460205078, 0.167012092, 0.897871396, 0.407343536, 0, 0, -0, 0, 0, 0, 0, 0.27101748, -0.0139536133, -0.205677637, 0.0745807237, 0.152014697, -0.98546895, 0.603637695, -0.793457031, -0.0766601562, -0.793671146, -0.589144171, -0.150955646, 0, 2, 1, 1, 
218.971399, 24, 0.1, 0.1, -0.00670908906, 0.385794579, -0.019969684, 0.872370446, -0.488845378, -3.18220903e-005, 0.488845378, 0.872370447, 1.05235668e-005, 2.26162541e-005, -2.47365305e-005, 0.999999999, 0.872370375, -0.488845504, -3.89851258e-005, 0.488845505, 0.872370376, 7.8840504e-006, 3.01553862e-005, -2.59355155e-005, 0.999999999, 0, 0, 0, 0, 0, 0, 0, 0.231861255, -0.0721470459, -0.238038159, 0.0247218296, 0.409043845, -0.912106587, -0.985595703, 0.162353516, 0.0460205078, 0.167012092, 0.897871396, 0.407343536, 0, 0, -0, 0, 0, 0, 0, 0.27101748, -0.0139536133, -0.205677637, 0.0745807237, 0.152014697, -0.98546895, 0.603637695, -0.793457031, -0.0766601562, -0.793671146, -0.589144171, -0.150955646, 0, 2, 1, 1, 
218.972196, 24, 0.1, 0.1, -0.00670909536, 0.385794579, -0.0199681782, 0.872370795, -0.488844755, 3.34018535e-005, 0.488844755, 0.872370796, 5.55039668e-006, -3.18520838e-005, 1.14863169e-005, 0.999999999, 0.872370731, -0.488844868, 4.67298418e-005, 0.488844868, 0.872370732, 7.8846555e-007, -4.11511836e-005, 2.21558091e-005, 0.999999999, 0, 0, 0, 0, 0, 0, 0, 0.231861255, -0.0721470459, -0.238038159, 0.0247218296, 0.409043845, -0.912106587, -0.985595703, 0.162353516, 0.0460205078, 0.167012092, 0.897871396, 0.407343536, 0, 0, -0, 0, 0, 0, 0, 0.272489258, -0.0153574219, -0.205022803, 0.0743262604, 0.150677813, -0.985724513, 0.612915039, -0.786499023, -0.0739746094, -0.786578814, -0.59861313, -0.150859764, 0, 2, 1, 1, 
218.97298, 24, 0.1, 0.1, -0.00670908984, 0.385794581, -0.0199659175, 0.872370942, -0.488844494, -1.90219684e-005, 0.488844493, 0.872370942, -3.68095414e-005, 3.45883541e-005, 2.28127898e-005, 0.999999999, 0.872370936, -0.488844504, -3.84052526e-005, 0.488844504, 0.872370937, -1.93301225e-005, 4.29530503e-005, -1.91115962e-006, 0.999999999, 0, 0, 0, 0, 0, 0, 0, 0.231861255, -0.0721470459, -0.238038159, 0.0247218296, 0.409043845, -0.912106587, -0.985595703, 0.162353516, 0.0460205078, 0.167012092, 0.897871396, 0.407343536, 0, 0, -0, 0, 0, 0, 0, 0.272489258, -0.0153574219, -0.205022803, 0.0743262604, 0.150677813, -0.985724513, 0.612915039, -0.786499023, -0.0739746094, -0.786578814, -0.59861313, -0.150859764, 0, 2, 1, 1, 
218.973766, 24, 0.1, 0.1, -0.00670909534, 0.385794581, -0.0199637782, 0.872370726, -0.488844879, 1.6444112e-005, 0.488844878, 0.872370726, 3.24664308e-005, -3.02164103e-005, -2.02841439e-005, 0.999999999, 0.872370796, -0.488844753, 3.09745745e-005, 0.488844752, 0.872370797, 2.61680889e-005, -3.98134472e-005, -7.6865184e-006, 0.999999999, 0, 0, 0, 0, 0, 0, 0, 0.231861255, -0.0721470459, -0.238038159, 0.0247218296, 0.409043845, -0.912106587, -0.985595703, 0.162353516, 0.0460205078, 0.167012092, 0.897871396, 0.407343536, 0, 0, -0, 0, 0, 0, 0, 0.272489258, -0.0153574219, -0.205022803, 0.0743262604, 0.150677813, -0.985724513, 0.612915039, -0.786499023, -0.0739746094, -0.786578814, -0.59861313, -0.150859764, 0, 2, 1, 1, 
218.974564, 24, 0.1, 0.1, -0.00670909033, 0.385794587, -0.0199623071, 0.872370203, -0.488845812, -2.00606906e-005, 0.48884581, 0.872370203, -4.86742792e-005, 4.12945663e-005, 3.26554063e-005, 0.999999999, 0.872370318, -0.488845607, -2.82259642e-005, 0.488845605, 0.872370318, -5.49068542e-005, 5.14644679e-005, 3.41009713e-005, 0.999999998, 0, 0, 0, 0, 0, 0, 0, 0.234234155, -0.0737282959, -0.23782981, 0.0238149606, 0.408543601, -0.912385914, -0.987548828, 0.151123047, 0.0418701172, 0.155043716, 0.900175282, 0.407140593, 0, 0, -0, 0, 0, 0, 0, 0.272489258, -0.0153574219, -0.205022803, 0.0743262604, 0.150677813, -0.985724513, 0.612915039, -0.786499023, -0.0739746094, -0.786578814, -0.59861313, -0.150859764, 0, 2, 1, 1, 
218.975343, 24, 0.1, 0.1, -0.00670909402, 0.385794583, -0.0199620762, 0.872369646, -0.488846806, 2.77621685e-005, 0.488846805, 0.872369647, 2.72751382e-005, -3.75522373e-005, -1.02225553e-005, 0.999999999, 0.872369746, -0.488846627, 2.87763998e-005, 0.488846626, 0.872369747, 4.2437721e-005, -4.58491974e-005, -2.29541379e-005, 0.999999999, 0, 0, 0, 0, 0, 0, 0, 0.234234155, -0.0737282959, -0.23782981, 0.0238149606, 0.408543601, -0.912385914, -0.987548828, 0.151123047, 0.0418701172, 0.155043716, 0.900175282, 0.407140593, 0, 0, -0, 0, 0, 0, 0, 0.272489258, -0.0153574219, -0.205022803, 0.0743262604, 0.150677813, -0.985724513, 0.612915039, -0.786499023, -0.0739746094, -0.786578814, -0.59861313, -0.150859764, 0, 2, 1, 1, 
218.976127, 24, 0.1, 0.1, -0.00670909048, 0.385794588, -0.0199631082, 0.872369345, -0.488847343, -3.93350296e-005, 0.488847344, 0.872369345, 1.36355424e-006, 3.36481041e-005, -2.04183476e-005, 0.999999999, 0.872369377, -0.488847286, -3.39388304e-005, 0.488847285, 0.872369378, -2.70574329e-005, 4.2834149e-005, 7.01317084e-006, 0.999999999, 0, 0, 0, 0, 0, 0, 0, 0.234234155, -0.0737282959, -0.23782981, 0.0238149606, 0.408543601, -0.912385914, -0.987548828, 0.151123047, 0.0418701172, 0.155043716, 0.900175282, 0.407140593, 0, 0, -0, 0, 0, 0, 0, 0.272489258, -0.0153574219, -0.205022803, 0.0743262604, 0.150677813, -0.985724513, 0.612915039, -0.786499023, -0.0739746094, -0.786578814, -0.59861313, -0.150859764, 0, 2, 1, 1, 
218.976938, 24, 0.1, 0.1, -0.00670909488, 0.385794582, -0.0199648243, 0.872369462, -0.488847133, 4.46311684e-005, 0.488847133, 0.872369463, 3.51180702e-006, -4.06516052e-005, 1.87542255e-005, 0.999999999, 0.872369411, -0.488847225, 4.60054e-005, 0.488847225, 0.872369412, 1.7535428e-005, -4.87058491e-005, 7.1922411e-006, 0.999999999, 0, 0, 0, 0, 0, 0, 0, 0.236621216, -0.0755368164, -0.237620117, 0.0231432351, 0.407986069, -0.912646145, -0.989257813, 0.140625, 0.0378417969, 0.143779649, 0.902117465, 0.407058217, 0, 0, -0, 0, 0, 0, 0, 0.273679687, -0.0167412109, -0.204797607, 0.0732219859, 0.149558212, -0.985922473, 0.621826172, -0.779663086, -0.0720214844, -0.779575801, -0.607813765, -0.150144115, 0, 2, 1, 1, 
218.977722, 24, 0.1, 0.1, -0.00670909021, 0.385794583, -0.0199665091, 0.872369868, -0.488846408, -3.91278048e-005, 0.488846409, 0.872369869, 1.12069676e-005, 2.86554321e-005, -2.89041077e-005, 0.999999999, 0.872369775, -0.488846574, -4.58348422e-005, 0.488846575, 0.872369776, 8.30903516e-006, 3.59230876e-005, -2.96547567e-005, 0.999999999, 0, 0, 0, 0, 0, 0, 0, 0.236621216, -0.0755368164, -0.237620117, 0.0231432351, 0.407986069, -0.912646145, -0.989257813, 0.140625, 0.0378417969, 0.143779649, 0.902117465, 0.407058217, 0, 0, -0, 0, 0, 0, 0, 0.273679687, -0.0167412109, -0.204797607, 0.0732219859, 0.149558212, -0.985922473, 0.621826172, -0.779663086, -0.0720214844, -0.779575801, -0.607813765, -0.150144115, 0, 2, 1, 1, 
218.978502, 24, 0.1, 0.1, -0.00670909538, 0.385794582, -0.0199678517, 0.872370309, -0.488845624, 3.09726691e-005, 0.488845624, 0.872370309, 4.85941278e-006, -2.93951395e-005, 1.09016463e-005, 1, 0.872370227, -0.488845769, 4.35844862e-005, 0.488845769, 0.872370228, 1.53205895e-007, -3.80967022e-005, 2.11724394e-005, 0.999999999, 0, 0, 0, 0, 0, 0, 0, 0.236621216, -0.0755368164, -0.237620117, 0.0231432351, 0.407986069, -0.912646145, -0.989257813, 0.140625, 0.0378417969, 0.143779649, 0.902117465, 0.407058217, 0, 0, -0, 0, 0, 0, 0, 0.273679687, -0.0167412109, -0.204797607, 0.0732219859, 0.149558212, -0.985922473, 0.621826172, -0.779663086, -0.0720214844, -0.779575801, -0.607813765, -0.150144115, 0, 2, 1, 1, 
218.979284, 24, 0.1, 0.1, -0.0067090897, 0.385794584, -0.0199684632, 0.872370547, -0.488845198, -2.10002575e-005, 0.488845198, 0.872370547, -3.4654306e-005, 3.52605972e-005, 1.99655208e-005, 0.999999999, 0.872370522, -0.488845242, -3.88101314e-005, 0.488845241, 0.872370523, -1.81427045e-005, 4.27257894e-005, -3.14498742e-006, 0.999999999, 0, 0, 0, 0, 0, 0, 0, 0.236621216, -0.0755368164, -0.237620117, 0.0231432351, 0.407986069, -0.912646145, -0.989257813, 0.140625, 0.0378417969, 0.143779649, 0.902117465, 0.407058217, 0, 0, -0, 0, 0, 0, 0, 0.273679687, -0.0167412109, -0.204797607, 0.0732219859, 0.149558212, -0.985922473, 0.621826172, -0.779663086, -0.0720214844, -0.779575801, -0.607813765, -0.150144115, 0, 2, 1, 1, 
218.980066, 24, 0.1, 0.1, -0.00670909413, 0.385794585, -0.0199682081, 0.872370441, -0.488845388, 1.43577452e-005, 0.488845388, 0.872370441, 2.55733942e-005, -2.50267083e-005, -1.52907557e-005, 1, 0.872370487, -0.488845306, 2.63475349e-005, 0.488845306, 0.872370487, 1.99441323e-005, -3.27344073e-005, -4.51880362e-006, 0.999999999, 0, 0, 0, 0, 0, 0, 0, 0.236621216, -0.0755368164, -0.237620117, 0.0231432351, 0.407986069, -0.912646145, -0.989257813, 0.140625, 0.0378417969, 0.143779649, 0.902117465, 0.407058217, 0, 0, -0, 0, 0, 0, 0, 0.273679687, -0.0167412109, -0.204797607, 0.0732219859, 0.149558212, -0.985922473, 0.621826172, -0.779663086, -0.0720214844, -0.779575801, -0.607813765, -0.150144115, 0, 2, 1, 1, 
218.98098, 24, 0.1, 0.1, -0.0067090899, 0.385794592, -0.0199662543, 0.872369998, -0.488846178, -1.05588321e-005, 0.488846177, 0.872369998, -4.19886058e-005, 2.97371778e-005, 3.14679553e-005, 0.999999999, 0.872370127, -0.488845949, -2.15163176e-005, 0.488845947, 0.872370126, -5.11137601e-005, 4.37569472e-005, 3.40719528e-005, 0.999999998, 0, 0, 0, 0, 0, 0, 0, 0.236621216, -0.0755368164, -0.237620117, 0.0231432351, 0.407986069, -0.912646145, -0.989257813, 0.140625, 0.0378417969, 0.143779649, 0.902117465, 0.407058217, 0, 0, -0, 0, 0, 0, 0, 0.273679687, -0.0167412109, -0.204797607, 0.0732219859, 0.149558212, -0.985922473, 0.621826172, -0.779663086, -0.0720214844, -0.779575801, -0.607813765, -0.150144115, 0, 2, 1, 1, 
218.981892, 24, 0.1, 0.1, -0.00670909619, 0.385794583, -0.0199614645, 0.872369494, -0.488847078, 3.08596793e-005, 0.488847077, 0.872369494, 4.20046891e-005, -4.74549123e-005, -2.15579454e-005, 0.999999999, 0.872369573, -0.488846935, 3.53840433e-005, 0.488846933, 0.872369573, 6.01631826e-005, -6.02785502e-005, -3.51871489e-005, 0.999999998, 0, 0, 0, 0, 0, 0, 0, 0.238779053, -0.0770929199, -0.236953809, 0.0224202129, 0.408012278, -0.91272852, -0.990966797, 0.12902832, 0.0333251953, 0.131411379, 0.903843601, 0.407318448, 0, 0, -0, 0, 0, 0, 0, 0.274953369, -0.0181335449, -0.204369434, 0.0731465267, 0.148502411, -0.986152517, 0.631469727, -0.772216797, -0.0694580078, -0.771850941, -0.617621408, -0.150291036, 0, 2, 1, 1, 
218.982682, 24, 0.1, 0.1, -0.00670909129, 0.385794588, -0.0199584501, 0.872369302, -0.488847419, -3.95134182e-005, 0.488847419, 0.872369303, -1.67762553e-005, 4.26713222e-005, -4.68094238e-006, 0.999999999, 0.872369314, -0.488847397, -4.60215744e-005, 0.488847396, 0.872369315, -2.26861413e-005, 5.12378705e-005, -2.70683332e-006, 0.999999999, 0, 0, 0, 0, 0, 0, 0, 0.238779053, -0.0770929199, -0.236953809, 0.0224202129, 0.408012278, -0.91272852, -0.990966797, 0.12902832, 0.0333251953, 0.131411379, 0.903843601, 0.407318448, 0, 0, -0, 0, 0, 0, 0, 0.274953369, -0.0181335449, -0.204369434, 0.0731465267, 0.148502411, -0.986152517, 0.631469727, -0.772216797, -0.0694580078, -0.771850941, -0.617621408, -0.150291036, 0, 2, 1, 1, 
218.983469, 24, 0.1, 0.1, -0.00670909539, 0.385794585, -0.0199580267, 0.872369149, -0.488847693, 2.76287237e-005, 0.488847693, 0.872369149, 1.65115389e-005, -3.21740739e-005, -8.97919279e-007, 0.999999999, 0.872369188, -0.488847623, 3.14450416e-005, 0.488847622, 0.872369189, 3.28655469e-005, -4.34979299e-005, -1.32990567e-005, 0.999999999, 0, 0, 0, 0, 0, 0, 0, 0.238779053, -0.0770929199, -0.236953809, 0.0224202129, 0.408012278, -0.91272852, -0.990966797, 0.12902832, 0.0333251953, 0.131411379, 0.903843601, 0.407318448, 0, 0, -0, 0, 0, 0, 0, 0.274953369, -0.0181335449, -0.204369434, 0.0731465267, 0.148502411, -0.986152517, 0.631469727, -0.772216797, -0.0694580078, -0.771850941, -0.617621408, -0.150291036, 0, 2, 1, 1, 
218.984255, 24, 0.1, 0.1, -0.00670908933, 0.385794593, -0.0199601724, 0.872369148, -0.488847692, -5.65475341e-005, 0.488847692, 0.87236915, -9.75260855e-006, 5.40978644e-005, -1.91352567e-005, 0.999999998, 0.872369119, -0.488847745, -4.91539126e-005, 0.488847743, 0.872369121, -4.12088711e-005, 6.30252192e-005, 1.19205674e-005, 0.999999998, 0, 0, 0, 0, 0, 0, 0, 0.238779053, -0.0770929199, -0.236953809, 0.0224202129, 0.408012278, -0.91272852, -0.990966797, 0.12902832, 0.0333251953, 0.131411379, 0.903843601, 0.407318448, 0, 0, -0, 0, 0, 0, 0, 0.274953369, -0.0181335449, -0.204369434, 0.0731465267, 0.148502411, -0.986152517, 0.631469727, -0.772216797, -0.0694580078, -0.771850941, -0.617621408, -0.150291036, 0, 2, 1, 1, 
218.985062, 24, 0.1, 0.1, -0.0067090902, 0.385794589, -0.019963819, 0.872369585, -0.488846914, 4.0021645e-005, 0.488846915, 0.872369585, -1.65281363e-005, -2.68339374e-005, 3.39831011e-005, 0.999999999, 0.872369472, -0.488847117, 2.93254287e-005, 0.488847117, 0.872369472, 1.78834778e-005, -3.43248953e-005, -1.26534878e-006, 0.999999999, 0, 0, 0, 0, 0, 0, 0, 0.238779053, -0.0770929199, -0.236953809, 0.0224202129, 0.408012278, -0.91272852, -0.990966797, 0.12902832, 0.0333251953, 0.131411379, 0.903843601, 0.407318448, 0, 0, -0, 0, 0, 0, 0, 0.276028955, -0.0190181152, -0.20372168, 0.0732500716, 0.148456102, -0.98617184, 0.641601562, -0.764038086, -0.0672607422, -0.763493554, -0.627691178, -0.151275008, 0, 2, 1, 1, 
218.985847, 24, 0.1, 0.1, -0.00670908962, 0.3857946, -0.0199677289, 0.872370366, -0.488845521, -2.82235783e-005, 0.48884552, 0.872370367, -2.36863135e-005, 3.62003616e-005, 6.86626821e-006, 0.999999999, 0.872370193, -0.48884583, -2.07577148e-005, 0.488845829, 0.872370193, -5.28428814e-005, 4.39404339e-005, 3.59512323e-005, 0.999999998, 0, 0, 0, 0, 0, 0, 0, 0.238779053, -0.0770929199, -0.236953809, 0.0224202129, 0.408012278, -0.91272852, -0.990966797, 0.12902832, 0.0333251953, 0.131411379, 0.903843601, 0.407318448, 0, 0, -0, 0, 0, 0, 0, 0.276028955, -0.0190181152, -0.20372168, 0.0732500716, 0.148456102, -0.98617184, 0.641601562, -0.764038086, -0.0672607422, -0.763493554, -0.627691178, -0.151275008, 0, 2, 1, 1, 
218.986648, 24, 0.1, 0.1, -0.00670908698, 0.385794587, -0.0199706764, 0.872371373, -0.488843725, 2.98338862e-007, 0.488843724, 0.872371371, 6.76329562e-005, -3.33222085e-005, -5.88552138e-005, 0.999999998, 0.872371173, -0.488844082, -2.31675429e-006, 0.488844081, 0.87237117, 7.9521358e-005, -3.68524756e-005, -7.05046719e-005, 0.999999997, 0, 0, 0, 0, 0, 0, 0, 0.240987793, -0.0784223633, -0.236277368, 0.0227250096, 0.408120863, -0.91263304, -0.992553711, 0.117431641, 0.0277099609, 0.118509543, 0.905309506, 0.407921285, 0, 0, -0, 0, 0, 0, 0, 0.276028955, -0.0190181152, -0.20372168, 0.0732500716, 0.148456102, -0.98617184, 0.641601562, -0.764038086, -0.0672607422, -0.763493554, -0.627691178, -0.151275008, 0, 2, 1, 1, 
218.987435, 24, 0.1, 0.1, -0.00670908916, 0.385794593, -0.0199716134, 0.872372219, -0.488842215, 3.24601689e-005, 0.488842216, 0.872372216, -7.50483237e-005, 8.36943929e-006, 8.13379735e-005, 0.999999997, 0.872372089, -0.488842446, 1.81292901e-005, 0.488842446, 0.872372087, -6.52156681e-005, 1.60647001e-005, 6.57546952e-005, 0.999999998, 0, 0, 0, 0, 0, 0, 0, 0.240987793, -0.0784223633, -0.236277368, 0.0227250096, 0.408120863, -0.91263304, -0.992553711, 0.117431641, 0.0277099609, 0.118509543, 0.905309506, 0.407921285, 0, 0, -0, 0, 0, 0, 0, 0.276028955, -0.0190181152, -0.20372168, 0.0732500716, 0.148456102, -0.98617184, 0.641601562, -0.764038086, -0.0672607422, -0.763493554, -0.627691178, -0.151275008, 0, 2, 1, 1, 
218.98822, 24, 0.1, 0.1, -0.00670909535, 0.385794602, -0.0199706344, 0.872372716, -0.488841329, -9.01439567e-006, 0.488841329, 0.872372716, 8.72841918e-006, 3.5971008e-006, -1.20210439e-005, 1, 0.872372615, -0.488841509, 1.2135892e-005, 0.488841509, 0.872372614, -2.42586595e-005, 1.2716199e-006, 2.70951179e-005, 1, 0, 0, 0, 0, 0, 0, 0, 0.240987793, -0.0784223633, -0.236277368, 0.0227250096, 0.408120863, -0.91263304, -0.992553711, 0.117431641, 0.0277099609, 0.118509543, 0.905309506, 0.407921285, 0, 0, -0, 0, 0, 0, 0, 0.276028955, -0.0190181152, -0.20372168, 0.0732500716, 0.148456102, -0.98617184, 0.641601562, -0.764038086, -0.0672607422, -0.763493554, -0.627691178, -0.151275008, 0, 2, 1, 1, 
218.989037, 24, 0.1, 0.1, -0.00670908913, 0.385794594, -0.0199678524, 0.872373213, -0.488840441, -1.5384791e-005, 0.488840441, 0.872373213, 1.80101901e-005, 4.61717031e-006, -2.32323154e-005, 1, 0.872373138, -0.488840575, -3.43748395e-005, 0.488840576, 0.872373137, 3.23839635e-005, 1.41570913e-005, -4.50547162e-005, 0.999999999, 0, 0, 0, 0, 0, 0, 0, 0.24243623, -0.0794233398, -0.236443237, 0.0210325784, 0.41036746, -0.911648283, -0.993652344, 0.108276367, 0.0258789063, 0.109384611, 0.905448048, 0.410237154, 0, 0, -0, 0, 0, 0, 0, 0.276028955, -0.0190181152, -0.20372168, 0.0732500716, 0.148456102, -0.98617184, 0.641601562, -0.764038086, -0.0672607422, -0.763493554, -0.627691178, -0.151275008, 0, 2, 1, 1, 
218.989831, 24, 0.1, 0.1, -0.00670909378, 0.385794598, -0.0199642944, 0.872373585, -0.488839777, -1.330519e-005, 0.488839776, 0.872373586, -2.11338226e-005, 2.19381495e-005, 1.19324825e-005, 1, 0.872373507, -0.488839916, 2.02518475e-005, 0.488839916, 0.872373507, -2.5053687e-005, -5.41993299e-006, 3.17560843e-005, 0.999999999, 0, 0, 0, 0, 0, 0, 0, 0.24243623, -0.0794233398, -0.236443237, 0.0210325784, 0.41036746, -0.911648283, -0.993652344, 0.108276367, 0.0258789063, 0.109384611, 0.905448048, 0.410237154, 0, 0, -0, 0, 0, 0, 0, 0.277297754, -0.0200741699, -0.203512109, 0.0730276912, 0.148940242, -0.986069761, 0.650878906, -0.756225586, -0.0660400391, -0.755538651, -0.636968738, -0.152246221, 0, 2, 1, 1, 
218.990616, 24, 0.1, 0.1, -0.00670908821, 0.385794594, -0.019961572, 0.872374167, -0.488838739, 1.33333183e-005, 0.488838739, 0.872374167, 1.12392667e-005, -1.71258314e-005, -3.28700342e-006, 1, 0.872374031, -0.488838982, -9.02883803e-006, 0.488838982, 0.87237403, 2.72658659e-005, -5.4520943e-006, -2.81996813e-005, 1, 0, 0, 0, 0, 0, 0, 0, 0.24243623, -0.0794233398, -0.236443237, 0.0210325784, 0.41036746, -0.911648283, -0.993652344, 0.108276367, 0.0258789063, 0.109384611, 0.905448048, 0.410237154, 0, 0, -0, 0, 0, 0, 0, 0.277297754, -0.0200741699, -0.203512109, 0.0730276912, 0.148940242, -0.986069761, 0.650878906, -0.756225586, -0.0660400391, -0.755538651, -0.636968738, -0.152246221, 0, 2, 1, 1, 
218.991399, 24, 0.1, 0.1, -0.00670909389, 0.385794603, -0.019960468, 0.872374942, -0.488837355, 1.75449969e-005, 0.488837355, 0.872374942, -2.08840584e-005, -5.09690781e-006, 2.67953791e-005, 1, 0.872374803, -0.488837604, 3.15790755e-005, 0.488837605, 0.872374802, -4.04466241e-005, -7.7769589e-006, 5.07216553e-005, 0.999999999, 0, 0, 0, 0, 0, 0, 0, 0.24243623, -0.0794233398, -0.236443237, 0.0210325784, 0.41036746, -0.911648283, -0.993652344, 0.108276367, 0.0258789063, 0.109384611, 0.905448048, 0.410237154, 0, 0, -0, 0, 0, 0, 0, 0.277297754, -0.0200741699, -0.203512109, 0.0730276912, 0.148940242, -0.986069761, 0.650878906, -0.756225586, -0.0660400391, -0.755538651, -0.636968738, -0.152246221, 0, 2, 1, 1, 
218.992194, 24, 0.1, 0.1, -0.0067090919, 0.385794597, -0.0199610965, 0.872375651, -0.48883609, 2.26337585e-005, 0.48883609, 0.872375651, 2.49085791e-005, -3.19213522e-005, -1.06654399e-005, 0.999999999, 0.872375494, -0.488836372, 3.361741e-006, 0.488836371, 0.872375493, 3.93658202e-005, -2.21761452e-005, -3.26984356e-005, 0.999999999, 0, 0, 0, 0, 0, 0, 0, 0.24243623, -0.0794233398, -0.236443237, 0.0210325784, 0.41036746, -0.911648283, -0.993652344, 0.108276367, 0.0258789063, 0.109384611, 0.905448048, 0.410237154, 0, 0, -0, 0, 0, 0, 0, 0.277297754, -0.0200741699, -0.203512109, 0.0730276912, 0.148940242, -0.986069761, 0.650878906, -0.756225586, -0.0660400391, -0.755538651, -0.636968738, -0.152246221, 0, 2, 1, 1, 
218.992978, 24, 0.1, 0.1, -0.00670909291, 0.385794605, -0.0199632023, 0.872376627, -0.488834349, -2.77672791e-005, 0.488834348, 0.872376627, -3.26021916e-005, 4.01605963e-005, 1.48677902e-005, 0.999999999, 0.872376411, -0.488834735, -1.42364245e-005, 0.488834734, 0.87237641, -5.12789185e-005, 3.74864374e-005, 3.77752601e-005, 0.999999999, 0, 0, 0, 0, 0, 0, 0, 0.24243623, -0.0794233398, -0.236443237, 0.0210325784, 0.41036746, -0.911648283, -0.993652344, 0.108276367, 0.0258789063, 0.109384611, 0.905448048, 0.410237154, 0, 0, -0, 0, 0, 0, 0, 0.277297754, -0.0200741699, -0.203512109, 0.0730276912, 0.148940242, -0.986069761, 0.650878906, -0.756225586, -0.0660400391, -0.755538651, -0.636968738, -0.152246221, 0, 2, 1, 1, 
218.993775, 24, 0.1, 0.1, -0.00670909315, 0.385794597, -0.0199660049, 0.872377903, -0.48883207, 3.93262486e-005, 0.488832068, 0.872377904, 4.46062079e-005, -5.61122952e-005, -1.96895387e-005, 0.999999998, 0.87237761, -0.488832595, 2.33324518e-005, 0.488832593, 0.872377609, 5.82195219e-005, -4.88143085e-005, -3.93837444e-005, 0.999999998, 0, 0, 0, 0, 0, 0, 0, 0.24243623, -0.0794233398, -0.236443237, 0.0204312455, 0.410983402, -0.911413139, -0.994750977, 0.0989990234, 0.0222167969, 0.0993453141, 0.906215636, 0.410941462, 0, 0, -0, 0, 0, 0, 0, 0.277297754, -0.0200741699, -0.203512109, 0.0730276912, 0.148940242, -0.986069761, 0.650878906, -0.756225586, -0.0660400391, -0.755538651, -0.636968738, -0.152246221, 0, 2, 1, 1, 
