time, trialNum, realDorsalTactorPos, realVentralTactorPos, boxPosX, boxPosY, boxPosZ, boxLocalRot_11, boxLocalRot_12, boxLocalRot_13, boxLocalRot_21, boxLocalRot_22, boxLocalRot_23, boxLocalRot_31, boxLocalRot_32, boxLocalRot_33, boxGlobalRot_11, boxGlobalRot_12, boxGlobalRot_13, boxGlobalRot_21, boxGlobalRot_22, boxGlobalRot_23, boxGlobalRot_31, boxGlobalRot_32, boxGlobalRot_33, indexForceX, indexForceY, indexForceZ, indexForceGlobalX, indexForceGlobalY, indexForceGlobalZ, indexContact, indexPosX, indexPosY, indexPosZ, indexRot_11, indexRot_12, indexRot_13, indexRot_21, indexRot_22, indexRot_23, indexRot_31, indexRot_32, indexRot_33, thumbForceX, thumbForceY, thumbForceZ, thumbForceGlobalX, thumbForceGlobalY, thumbForceGlobalZ, thumbContact, thumbPosX, thumbPosY, thumbPosZ, thumbRot_11, thumbRot_12, thumbRot_13, thumbRot_21, thumbRot_22, thumbRot_23, thumbRot_31, thumbRot_32, thumbRot_33, manipForceTooHigh, cceExpType, mapping, trialSuccess, 
413.022238, 25, 0.1, 0.1, 0.00859645324, 0.364881248, -0.0199768952, 0.992523097, 0.122056958, -2.41648988e-006, 0.122056958, -0.992523097, -8.79685054e-006, -3.47213884e-006, 8.43612794e-006, -1, 0.992523091, 0.122057014, -9.13027725e-006, 0.122057014, -0.992523091, -7.3441686e-006, -9.95841828e-006, 6.17484255e-006, -1, 0, 0, 0, 0, 0, 0, 0, 0.265191357, -0.099323584, -0.176186523, -0.280439166, 0.576650947, -0.767366247, -0.942993164, -0.0167236328, 0.33203125, 0.178638041, 0.816820996, 0.548672599, 0, 0, 0, 0, 0, 0, 0, 0.303972217, -0.043100293, -0.150323975, -0.137539691, 0.299470075, -0.944056638, 0.320556641, -0.888305664, -0.328491211, -0.937112954, -0.3477994, 0.0260959559, 0, 2, 1, 1, 
413.042298, 25, 0.1, 0.1, 0.00859647798, 0.364881213, -0.019975649, 0.992521043, 0.122073652, 4.66961433e-005, 0.122073655, -0.992521042, -6.0036245e-005, 3.90180611e-005, 6.52876054e-005, -0.999999997, 0.992521099, 0.122073203, 2.61927724e-005, 0.122073205, -0.992521097, -6.58911847e-005, 1.79533312e-005, 6.85958267e-005, -0.999999997, 0, 0, 0, 0, 0, 0, 0, 0.280042285, -0.118182104, -0.173062598, -0.31940488, 0.556431185, -0.767083173, -0.9375, -0.0677490234, 0.341186523, 0.137844669, 0.828056967, 0.543436903, 0, 0, 0, 0, 0, 0, 0, 0.314780127, -0.0612862793, -0.147727344, -0.16051884, 0.268747039, -0.949677191, 0.373657227, -0.873901367, -0.310546875, -0.913506706, -0.404667086, 0.0398661089, 0, 2, 1, 1, 
413.042984, 25, 0.1, 0.1, 0.00859648673, 0.364881212, -0.019978103, 0.99252074, 0.122076122, 2.27686604e-005, 0.122076121, -0.99252074, 4.72237471e-005, 2.83632596e-005, -4.40910387e-005, -0.999999999, 0.992520803, 0.122075604, 4.25861996e-005, 0.122075603, -0.992520804, 2.70357088e-005, 4.55680896e-005, -2.16347674e-005, -0.999999999, 0, 0, 0, 0, 0, 0, 0, 0.280042285, -0.118182104, -0.173062598, -0.31940488, 0.556431185, -0.767083173, -0.9375, -0.0677490234, 0.341186523, 0.137844669, 0.828056967, 0.543436903, 0, 0, 0, 0, 0, 0, 0, 0.314780127, -0.0612862793, -0.147727344, -0.16051884, 0.268747039, -0.949677191, 0.373657227, -0.873901367, -0.310546875, -0.913506706, -0.404667086, 0.0398661089, 0, 2, 1, 1, 
413.043666, 25, 0.1, 0.1, 0.00859647783, 0.36488122, -0.0199781337, 0.99252039, 0.122078955, -6.54017278e-005, 0.122078957, -0.992520391, 2.86270773e-005, -6.14177847e-005, -3.63971327e-005, -0.999999997, 0.992520461, 0.122078378, -6.2706353e-005, 0.122078381, -0.992520462, 4.49390844e-005, -5.67512479e-005, -5.22580508e-005, -0.999999997, 0, 0, 0, 0, 0, 0, 0, 0.280042285, -0.118182104, -0.173062598, -0.31940488, 0.556431185, -0.767083173, -0.9375, -0.0677490234, 0.341186523, 0.137844669, 0.828056967, 0.543436903, 0, 0, 0, 0, 0, 0, 0, 0.314780127, -0.0612862793, -0.147727344, -0.16051884, 0.268747039, -0.949677191, 0.373657227, -0.873901367, -0.310546875, -0.913506706, -0.404667086, 0.0398661089, 0, 2, 1, 1, 
413.044351, 25, 0.1, 0.1, 0.00859647374, 0.364881214, -0.0199759074, 0.992520016, 0.122082008, 3.35859088e-005, 0.122082009, -0.992520016, -4.1615961e-005, 2.82541266e-005, 4.54049095e-005, -0.999999999, 0.992520095, 0.122081367, 2.6797034e-006, 0.122081367, -0.992520095, -4.34138269e-005, -2.64035985e-006, 4.34162374e-005, -0.999999999, 0, 0, 0, 0, 0, 0, 0, 0.280042285, -0.118182104, -0.173062598, -0.31940488, 0.556431185, -0.767083173, -0.9375, -0.0677490234, 0.341186523, 0.137844669, 0.828056967, 0.543436903, 0, 0, 0, 0, 0, 0, 0, 0.314780127, -0.0612862793, -0.147727344, -0.16051884, 0.268747039, -0.949677191, 0.373657227, -0.873901367, -0.310546875, -0.913506706, -0.404667086, 0.0398661089, 0, 2, 1, 1, 
413.045033, 25, 0.1, 0.1, 0.00859648383, 0.364881214, -0.0199722246, 0.992519606, 0.122085337, 3.69253771e-005, 0.122085335, -0.992519606, 4.5727831e-005, 4.22318583e-005, -4.08777218e-005, -0.999999998, 0.992519689, 0.122084659, 5.51482504e-005, 0.122084657, -0.99251969, 2.97817061e-005, 5.83716138e-005, -2.28261744e-005, -0.999999998, 0, 0, 0, 0, 0, 0, 0, 0.280042285, -0.118182104, -0.173062598, -0.31940488, 0.556431185, -0.767083173, -0.9375, -0.0677490234, 0.341186523, 0.137844669, 0.828056967, 0.543436903, 0, 0, 0, 0, 0, 0, 0, 0.314780127, -0.0612862793, -0.147727344, -0.16051884, 0.268747039, -0.949677191, 0.373657227, -0.873901367, -0.310546875, -0.913506706, -0.404667086, 0.0398661089, 0, 2, 1, 1, 
413.045742, 25, 0.1, 0.1, 0.00859647638, 0.364881217, -0.019967851, 0.992519142, 0.122089106, -5.13309984e-005, 0.122089105, -0.992519143, -2.08204744e-005, -5.34889516e-005, 1.43977638e-005, -0.999999998, 0.992519232, 0.122088372, -5.54932372e-005, 0.122088372, -0.992519234, 7.38080377e-006, -5.4176995e-005, -1.41006687e-005, -0.999999998, 0, 0, 0, 0, 0, 0, 0, 0.28179646, -0.120486426, -0.172562646, -0.324078174, 0.555003472, -0.766086433, -0.936645508, -0.0748291016, 0.342041016, 0.132528841, 0.828406687, 0.54426777, 0, 0, 0, 0, 0, 0, 0, 0.316198535, -0.0632525391, -0.147490186, -0.164025993, 0.265525332, -0.949964471, 0.382080078, -0.870727539, -0.309326172, -0.909333842, -0.413720433, 0.0414315699, 0, 2, 1, 1, 
413.046425, 25, 0.1, 0.1, 0.00859647699, 0.364881211, -0.0199645004, 0.992518664, 0.122092997, 3.72201134e-005, 0.122092996, -0.992518665, 9.51897026e-006, 3.81038568e-005, -4.90344049e-006, -0.999999999, 0.992518762, 0.122092207, 3.3191256e-005, 0.122092207, -0.992518762, -1.63149531e-005, 3.09510157e-005, 2.02452908e-005, -0.999999999, 0, 0, 0, 0, 0, 0, 0, 0.28179646, -0.120486426, -0.172562646, -0.324078174, 0.555003472, -0.766086433, -0.936645508, -0.0748291016, 0.342041016, 0.132528841, 0.828406687, 0.54426777, 0, 0, 0, 0, 0, 0, 0, 0.316198535, -0.0632525391, -0.147490186, -0.164025993, 0.265525332, -0.949964471, 0.382080078, -0.870727539, -0.309326172, -0.909333842, -0.413720433, 0.0414315699, 0, 2, 1, 1, 
413.047113, 25, 0.1, 0.1, 0.00859647597, 0.364881211, -0.0199629936, 0.992518173, 0.122096992, -2.31170055e-005, 0.122096992, -0.992518173, -2.06669205e-005, -2.54674169e-005, 1.76897773e-005, -1, 0.992518269, 0.12209621, -2.23209272e-005, 0.12209621, -0.99251827, -1.19991169e-005, -2.36189747e-005, 9.18404208e-006, -1, 0, 0, 0, 0, 0, 0, 0, 0.28179646, -0.120486426, -0.172562646, -0.324078174, 0.555003472, -0.766086433, -0.936645508, -0.0748291016, 0.342041016, 0.132528841, 0.828406687, 0.54426777, 0, 0, 0, 0, 0, 0, 0, 0.316198535, -0.0632525391, -0.147490186, -0.164025993, 0.265525332, -0.949964471, 0.382080078, -0.870727539, -0.309326172, -0.909333842, -0.413720433, 0.0414315699, 0, 2, 1, 1, 
413.0478, 25, 0.1, 0.1, 0.0085964755, 0.364881212, -0.0199636417, 0.9925177, 0.122100839, -5.42930408e-006, 0.12210084, -0.992517699, 3.48075526e-005, -1.138649e-006, -3.52100346e-005, -0.999999999, 0.992517794, 0.122100077, 7.5584411e-006, 0.122100076, -0.992517793, 3.67248757e-005, 1.19859974e-005, -3.55272064e-005, -0.999999999, 0, 0, 0, 0, 0, 0, 0, 0.28179646, -0.120486426, -0.172562646, -0.324078174, 0.555003472, -0.766086433, -0.936645508, -0.0748291016, 0.342041016, 0.132528841, 0.828406687, 0.54426777, 0, 0, 0, 0, 0, 0, 0, 0.316198535, -0.0632525391, -0.147490186, -0.164025993, 0.265525332, -0.949964471, 0.382080078, -0.870727539, -0.309326172, -0.909333842, -0.413720433, 0.0414315699, 0, 2, 1, 1, 
413.04849, 25, 0.1, 0.1, 0.00859647504, 0.364881207, -0.0199660783, 0.992517266, 0.122104371, -3.21034263e-006, 0.122104371, -0.992517264, -5.95225334e-005, -1.0454282e-005, 5.86851452e-005, -0.999999998, 0.992517344, 0.122103733, -2.30118011e-006, 0.122103733, -0.992517343, -5.17811391e-005, -8.60663154e-006, 5.1112696e-005, -0.999999999, 0, 0, 0, 0, 0, 0, 0, 0.28179646, -0.120486426, -0.172562646, -0.324078174, 0.555003472, -0.766086433, -0.936645508, -0.0748291016, 0.342041016, 0.132528841, 0.828406687, 0.54426777, 0, 0, 0, 0, 0, 0, 0, 0.316198535, -0.0632525391, -0.147490186, -0.164025993, 0.265525332, -0.949964471, 0.382080078, -0.870727539, -0.309326172, -0.909333842, -0.413720433, 0.0414315699, 0, 2, 1, 1, 
413.049171, 25, 0.1, 0.1, 0.00859647687, 0.364881203, -0.0199695129, 0.992516878, 0.122107522, 1.11902693e-006, 0.122107522, -0.992516877, 3.82272741e-005, 5.77849085e-006, -3.78045732e-005, -0.999999999, 0.992516956, 0.122106884, 1.6093836e-005, 0.122106884, -0.992516956, 1.84214138e-005, 1.82227866e-005, -1.63183974e-005, -1, 0, 0, 0, 0, 0, 0, 0, 0.28179646, -0.120486426, -0.172562646, -0.324078174, 0.555003472, -0.766086433, -0.936645508, -0.0748291016, 0.342041016, 0.132528841, 0.828406687, 0.54426777, 0, 0, 0, 0, 0, 0, 0, 0.316198535, -0.0632525391, -0.147490186, -0.164025993, 0.265525332, -0.949964471, 0.382080078, -0.870727539, -0.309326172, -0.909333842, -0.413720433, 0.0414315699, 0, 2, 1, 1, 
413.049856, 25, 0.1, 0.1, 0.00859647139, 0.364881208, -0.0199729782, 0.992516473, 0.122110817, -9.8662298e-006, 0.122110817, -0.992516473, -1.42846237e-006, -9.96682631e-006, 2.12999058e-007, -1, 0.992516553, 0.122110164, -2.68983899e-005, 0.122110165, -0.992516553, 2.22942299e-005, -2.39747452e-005, -2.54119591e-005, -0.999999999, 0, 0, 0, 0, 0, 0, 0, 0.28179646, -0.120486426, -0.172562646, -0.324078174, 0.555003472, -0.766086433, -0.936645508, -0.0748291016, 0.342041016, 0.132528841, 0.828406687, 0.54426777, 0, 0, 0, 0, 0, 0, 0, 0.316198535, -0.0632525391, -0.147490186, -0.164025993, 0.265525332, -0.949964471, 0.382080078, -0.870727539, -0.309326172, -0.909333842, -0.413720433, 0.0414315699, 0, 2, 1, 1, 
413.050567, 25, 0.1, 0.1, 0.00859647539, 0.364881204, -0.0199752656, 0.992516063, 0.122114144, 1.23355949e-005, 0.122114144, -0.992516063, 3.07325584e-007, 1.22808048e-005, 1.20132503e-006, -1, 0.992516137, 0.12211354, 2.62450604e-005, 0.12211354, -0.992516137, -1.28608161e-005, 2.44781662e-005, 1.59694448e-005, -1, 0, 0, 0, 0, 0, 0, 0, 0.283472021, -0.122809058, -0.17226897, -0.330274662, 0.553214057, -0.764747087, -0.935180664, -0.0828857422, 0.343994141, 0.126959896, 0.828813694, 0.544920782, 0, 0, 0, 0, 0, 0, 0, 0.317572266, -0.0652654297, -0.147242773, -0.168299836, 0.261734896, -0.950328309, 0.39074707, -0.86730957, -0.308105469, -0.904873333, -0.423201785, 0.0437254405, 0, 2, 1, 1, 
413.051252, 25, 0.1, 0.1, 0.00859647093, 0.364881208, -0.0199757174, 0.992515713, 0.122116993, -1.22209929e-005, 0.122116993, -0.992515712, 2.22994749e-005, -9.40638263e-006, -2.36249701e-005, -1, 0.992515778, 0.122116457, -2.40347569e-005, 0.122116458, -0.992515778, 3.25070443e-005, -1.98852304e-005, -3.51987937e-005, -0.999999999, 0, 0, 0, 0, 0, 0, 0, 0.283472021, -0.122809058, -0.17226897, -0.330274662, 0.553214057, -0.764747087, -0.935180664, -0.0828857422, 0.343994141, 0.126959896, 0.828813694, 0.544920782, 0, 0, 0, 0, 0, 0, 0, 0.317572266, -0.0652654297, -0.147242773, -0.168299836, 0.261734896, -0.950328309, 0.39074707, -0.86730957, -0.308105469, -0.904873333, -0.423201785, 0.0437254405, 0, 2, 1, 1, 
413.051936, 25, 0.1, 0.1, 0.00859647322, 0.364881202, -0.0199745583, 0.992515429, 0.122119296, 4.28908872e-006, 0.122119296, -0.992515428, -4.33507439e-005, -1.0369756e-006, 4.35500627e-005, -0.999999999, 0.99251548, 0.122118881, 1.79316038e-005, 0.122118882, -0.992515479, -4.31502009e-005, 1.25279401e-005, 4.50170298e-005, -0.999999999, 0, 0, 0, 0, 0, 0, 0, 0.283472021, -0.122809058, -0.17226897, -0.330274662, 0.553214057, -0.764747087, -0.935180664, -0.0828857422, 0.343994141, 0.126959896, 0.828813694, 0.544920782, 0, 0, 0, 0, 0, 0, 0, 0.317572266, -0.0652654297, -0.147242773, -0.168299836, 0.261734896, -0.950328309, 0.39074707, -0.86730957, -0.308105469, -0.904873333, -0.423201785, 0.0437254405, 0, 2, 1, 1, 
413.052633, 25, 0.1, 0.1, 0.00859647293, 0.364881202, -0.0199721048, 0.992515209, 0.122121086, -2.62607324e-007, 0.122121086, -0.992515209, 3.42797491e-005, 3.92563841e-006, -3.40552423e-005, -0.999999999, 0.992515252, 0.122120739, 6.52523034e-006, 0.122120739, -0.992515251, 2.85077571e-005, 9.957779e-006, -2.74975177e-005, -1, 0, 0, 0, 0, 0, 0, 0, 0.285396704, -0.125192114, -0.17180686, -0.335900513, 0.55019388, -0.764423576, -0.934082031, -0.0909423828, 0.345092773, 0.120311835, 0.830033595, 0.544622359, 0, 0, 0, 0, 0, 0, 0, 0.317572266, -0.0652654297, -0.147242773, -0.168299836, 0.261734896, -0.950328309, 0.39074707, -0.86730957, -0.308105469, -0.904873333, -0.423201785, 0.0437254405, 0, 2, 1, 1, 
413.053331, 25, 0.1, 0.1, 0.0085964709, 0.364881201, -0.0199689918, 0.992514983, 0.122122921, 7.13479562e-006, 0.122122921, -0.992514983, -1.45969389e-005, 5.29877074e-006, 1.53590026e-005, -1, 0.992515028, 0.122122557, 3.20697423e-006, 0.122122557, -0.992515028, -1.39393748e-005, 1.48065802e-006, 1.42266828e-005, -1, 0, 0, 0, 0, 0, 0, 0, 0.285396704, -0.125192114, -0.17180686, -0.335900513, 0.55019388, -0.764423576, -0.934082031, -0.0909423828, 0.345092773, 0.120311835, 0.830033595, 0.544622359, 0, 0, 0, 0, 0, 0, 0, 0.318767432, -0.0677609375, -0.146788721, -0.171806989, 0.257113973, -0.95093495, 0.398803711, -0.864379883, -0.305786133, -0.900700469, -0.431788482, 0.0459937914, 0, 2, 1, 1, 
413.054052, 25, 0.1, 0.1, 0.00859647018, 0.364881202, -0.019966173, 0.992514764, 0.122124701, -2.72698819e-006, 0.122124701, -0.992514764, 1.83615051e-007, -2.6841521e-006, -5.15273265e-007, -1, 0.992514804, 0.122124375, 1.62313564e-006, 0.122124375, -0.992514804, 1.49904208e-005, 3.44168192e-006, -1.46799901e-005, -1, 0, 0, 0, 0, 0, 0, 0, 0.285396704, -0.125192114, -0.17180686, -0.335900513, 0.55019388, -0.764423576, -0.934082031, -0.0909423828, 0.345092773, 0.120311835, 0.830033595, 0.544622359, 0, 0, 0, 0, 0, 0, 0, 0.318767432, -0.0677609375, -0.146788721, -0.171806989, 0.257113973, -0.95093495, 0.398803711, -0.864379883, -0.305786133, -0.900700469, -0.431788482, 0.0459937914, 0, 2, 1, 1, 
413.054736, 25, 0.1, 0.1, 0.00859647012, 0.364881196, -0.0199645301, 0.99251458, 0.122126195, 1.42510519e-006, 0.122126195, -0.99251458, -1.22146786e-006, 1.26526446e-006, 1.38636733e-006, -1, 0.992514614, 0.122125924, -1.06367121e-006, 0.122125924, -0.992514614, -2.37276153e-005, -3.95346617e-006, 2.34201032e-005, -1, 0, 0, 0, 0, 0, 0, 0, 0.285396704, -0.125192114, -0.17180686, -0.335900513, 0.55019388, -0.764423576, -0.934082031, -0.0909423828, 0.345092773, 0.120311835, 0.830033595, 0.544622359, 0, 0, 0, 0, 0, 0, 0, 0.318767432, -0.0677609375, -0.146788721, -0.171806989, 0.257113973, -0.95093495, 0.398803711, -0.864379883, -0.305786133, -0.900700469, -0.431788482, 0.0459937914, 0, 2, 1, 1, 
413.055472, 25, 0.1, 0.1, 0.00859646907, 0.364881206, -0.0199639248, 0.992514413, 0.122127556, 3.77433978e-006, 0.122127555, -0.992514412, 4.35784962e-005, 9.06822185e-006, -4.27913347e-005, -0.999999999, 0.992514439, 0.122127347, 8.53796188e-006, 0.122127346, -0.992514437, 6.26564817e-005, 1.61261203e-005, -6.11447441e-005, -0.999999998, 0, 0, 0, 0, 0, 0, 0, 0.285396704, -0.125192114, -0.17180686, -0.335900513, 0.55019388, -0.764423576, -0.934082031, -0.0909423828, 0.345092773, 0.120311835, 0.830033595, 0.544622359, 0, 0, 0, 0, 0, 0, 0, 0.318767432, -0.0677609375, -0.146788721, -0.171806989, 0.257113973, -0.95093495, 0.398803711, -0.864379883, -0.305786133, -0.900700469, -0.431788482, 0.0459937914, 0, 2, 1, 1, 
413.056158, 25, 0.1, 0.1, 0.00859646877, 0.364881197, -0.0199652852, 0.992514262, 0.122128781, 1.75089986e-005, 0.122128782, -0.99251426, -6.53981129e-005, 9.39093894e-006, 6.70469124e-005, -0.999999998, 0.992514295, 0.122128514, 1.33238938e-005, 0.122128515, -0.992514293, -6.46957334e-005, 5.32296126e-006, 6.58386676e-005, -0.999999998, 0, 0, 0, 0, 0, 0, 0, 0.285396704, -0.125192114, -0.17180686, -0.335900513, 0.55019388, -0.764423576, -0.934082031, -0.0909423828, 0.345092773, 0.120311835, 0.830033595, 0.544622359, 0, 0, 0, 0, 0, 0, 0, 0.318767432, -0.0677609375, -0.146788721, -0.171806989, 0.257113973, -0.95093495, 0.398803711, -0.864379883, -0.305786133, -0.900700469, -0.431788482, 0.0459937914, 0, 2, 1, 1, 
413.056847, 25, 0.1, 0.1, 0.00859646679, 0.364881196, -0.019968009, 0.992514127, 0.122129878, -4.62031154e-006, 0.122129878, -0.992514125, 6.31014993e-005, 3.12085396e-006, -6.31934076e-005, -0.999999998, 0.992514145, 0.122129733, -1.60424774e-005, 0.122129734, -0.992514145, 3.34661396e-005, -1.1835175e-005, -3.51748804e-005, -0.999999999, 0, 0, 0, 0, 0, 0, 0, 0.285396704, -0.125192114, -0.17180686, -0.335900513, 0.55019388, -0.764423576, -0.934082031, -0.0909423828, 0.345092773, 0.120311835, 0.830033595, 0.544622359, 0, 0, 0, 0, 0, 0, 0, 0.318767432, -0.0677609375, -0.146788721, -0.171806989, 0.257113973, -0.95093495, 0.398803711, -0.864379883, -0.305786133, -0.900700469, -0.431788482, 0.0459937914, 0, 2, 1, 1, 
413.057554, 25, 0.1, 0.1, 0.00859646411, 0.364881208, -0.0199711918, 0.992514024, 0.122130717, -9.24854191e-006, 0.122130717, -0.992514024, 3.03662832e-005, -5.47065162e-006, -3.1268493e-005, -0.999999999, 0.992514049, 0.122130513, -1.84399817e-005, 0.122130514, -0.992514047, 5.73751334e-005, -1.12946864e-005, -5.91977104e-005, -0.999999998, 0, 0, 0, 0, 0, 0, 0, 0.287077148, -0.127130029, -0.171118823, -0.341926258, 0.547154607, -0.764061874, -0.932739258, -0.0994873047, 0.346191406, 0.113479927, 0.831132928, 0.544565071, 0, 0, 0, 0, 0, 0, 0, 0.318767432, -0.0677609375, -0.146788721, -0.175780426, 0.252671687, -0.95139467, 0.408447266, -0.860595703, -0.303955078, -0.895594672, -0.442074802, 0.0480320989, 0, 2, 1, 1, 
413.058241, 25, 0.1, 0.1, 0.00859646539, 0.364881201, -0.0199735941, 0.992513925, 0.122131521, 1.10140075e-006, 0.122131521, -0.992513924, -4.22576727e-005, -4.06783827e-006, 4.20758443e-005, -0.999999999, 0.99251394, 0.122131396, 4.54962186e-006, 0.122131396, -0.992513939, -4.61390647e-005, -1.11946527e-006, 4.63493165e-005, -0.999999999, 0, 0, 0, 0, 0, 0, 0, 0.287077148, -0.127130029, -0.171118823, -0.341926258, 0.547154607, -0.764061874, -0.932739258, -0.0994873047, 0.346191406, 0.113479927, 0.831132928, 0.544565071, 0, 0, 0, 0, 0, 0, 0, 0.319951367, -0.0693874023, -0.146553027, -0.175780426, 0.252671687, -0.95139467, 0.408447266, -0.860595703, -0.303955078, -0.895594672, -0.442074802, 0.0480320989, 0, 2, 1, 1, 
413.058927, 25, 0.1, 0.1, 0.00859646475, 0.364881202, -0.0199748799, 0.992513854, 0.122132097, -1.05767385e-006, 0.122132097, -0.992513853, 4.64027567e-005, 4.61751005e-006, -4.61845548e-005, -0.999999999, 0.992513867, 0.122131991, -4.57603362e-006, 0.122131991, -0.992513867, 3.64041821e-005, -9.56615839e-008, -3.66905357e-005, -0.999999999, 0, 0, 0, 0, 0, 0, 0, 0.287077148, -0.127130029, -0.171118823, -0.341926258, 0.547154607, -0.764061874, -0.932739258, -0.0994873047, 0.346191406, 0.113479927, 0.831132928, 0.544565071, 0, 0, 0, 0, 0, 0, 0, 0.319951367, -0.0693874023, -0.146553027, -0.175780426, 0.252671687, -0.95139467, 0.408447266, -0.860595703, -0.303955078, -0.895594672, -0.442074802, 0.0480320989, 0, 2, 1, 1, 
413.059609, 25, 0.1, 0.1, 0.00859646333, 0.364881204, -0.0199747549, 0.99251378, 0.122132702, 1.18266815e-005, 0.122132702, -0.992513779, -2.82588177e-005, 8.28681858e-006, 2.94916906e-005, -1, 0.992513797, 0.122132559, -4.75535622e-006, 0.122132559, -0.992513797, -5.24610312e-007, -4.78382866e-006, -6.01008492e-008, -1, 0, 0, 0, 0, 0, 0, 0, 0.287077148, -0.127130029, -0.171118823, -0.341926258, 0.547154607, -0.764061874, -0.932739258, -0.0994873047, 0.346191406, 0.113479927, 0.831132928, 0.544565071, 0, 0, 0, 0, 0, 0, 0, 0.319951367, -0.0693874023, -0.146553027, -0.175780426, 0.252671687, -0.95139467, 0.408447266, -0.860595703, -0.303955078, -0.895594672, -0.442074802, 0.0480320989, 0, 2, 1, 1, 
413.060297, 25, 0.1, 0.1, 0.0085964636, 0.364881192, -0.0199733247, 0.99251372, 0.122133189, -1.89949266e-005, 0.122133188, -0.992513719, -4.07789135e-005, -2.38331839e-005, 3.81537202e-005, -0.999999999, 0.992513727, 0.122133129, -8.69948839e-006, 0.122133128, -0.992513726, -5.62277361e-005, -1.5501631e-005, 5.47443042e-005, -0.999999998, 0, 0, 0, 0, 0, 0, 0, 0.287077148, -0.127130029, -0.171118823, -0.341926258, 0.547154607, -0.764061874, -0.932739258, -0.0994873047, 0.346191406, 0.113479927, 0.831132928, 0.544565071, 0, 0, 0, 0, 0, 0, 0, 0.319951367, -0.0693874023, -0.146553027, -0.175780426, 0.252671687, -0.95139467, 0.408447266, -0.860595703, -0.303955078, -0.895594672, -0.442074802, 0.0480320989, 0, 2, 1, 1, 
413.060983, 25, 0.1, 0.1, 0.00859646177, 0.364881197, -0.0199710917, 0.992513722, 0.122133169, 3.46347512e-006, 0.122133168, -0.992513721, 5.48416422e-005, 1.01355301e-005, -5.40080773e-005, -0.999999998, 0.99251372, 0.122133188, 4.31416623e-006, 0.122133187, -0.992513719, 5.35320028e-005, 1.08199033e-005, -5.26043443e-005, -0.999999999, 0, 0, 0, 0, 0, 0, 0, 0.287077148, -0.127130029, -0.171118823, -0.341926258, 0.547154607, -0.764061874, -0.932739258, -0.0994873047, 0.346191406, 0.113479927, 0.831132928, 0.544565071, 0, 0, 0, 0, 0, 0, 0, 0.319951367, -0.0693874023, -0.146553027, -0.175780426, 0.252671687, -0.95139467, 0.408447266, -0.860595703, -0.303955078, -0.895594672, -0.442074802, 0.0480320989, 0, 2, 1, 1, 
413.061663, 25, 0.1, 0.1, 0.00859645852, 0.364881195, -0.0199687988, 0.99251371, 0.122133268, -3.59041849e-006, 0.122133268, -0.992513708, -5.80533802e-005, -1.06537886e-005, 5.71802662e-005, -0.999999998, 0.992513719, 0.122133191, -1.78449134e-005, 0.122133191, -0.992513719, -3.63984923e-005, -2.21567854e-005, 3.39465468e-005, -0.999999999, 0, 0, 0, 0, 0, 0, 0, 0.287077148, -0.127130029, -0.171118823, -0.341926258, 0.547154607, -0.764061874, -0.932739258, -0.0994873047, 0.346191406, 0.113479927, 0.831132928, 0.544565071, 0, 0, 0, 0, 0, 0, 0, 0.319951367, -0.0693874023, -0.146553027, -0.175780426, 0.252671687, -0.95139467, 0.408447266, -0.860595703, -0.303955078, -0.895594672, -0.442074802, 0.0480320989, 0, 2, 1, 1, 
413.062382, 25, 0.1, 0.1, 0.00859646116, 0.364881185, -0.019966825, 0.99251363, 0.122133917, -1.03615032e-005, 0.122133917, -0.99251363, -2.36426419e-006, -1.057269e-005, 1.08107346e-006, -1, 0.992513649, 0.122133764, 1.45429446e-005, 0.122133765, -0.992513648, -3.35428518e-005, 1.03373563e-005, 3.50679228e-005, -0.999999999, 0, 0, 0, 0, 0, 0, 0, 0.288785303, -0.129249072, -0.170615454, -0.347456629, 0.544984393, -0.762982759, -0.931396484, -0.107421875, 0.347412109, 0.107434704, 0.831476656, 0.545135708, 0, 0, 0, 0, 0, 0, 0, 0.319951367, -0.0693874023, -0.146553027, -0.178380166, 0.248542566, -0.951969596, 0.41809082, -0.856689453, -0.302001953, -0.890712722, -0.451837236, 0.0488308708, 0, 2, 1, 1, 
413.063067, 25, 0.1, 0.1, 0.00859645918, 0.364881197, -0.0199658271, 0.992513607, 0.122134105, 1.84330891e-005, 0.122134103, -0.992513604, 7.60763933e-005, 2.75866139e-005, -7.32555467e-005, -0.999999997, 0.992513606, 0.122134114, 7.00843595e-006, 0.122134113, -0.992513603, 8.45016926e-005, 1.72765074e-005, -8.30131106e-005, -0.999999996, 0, 0, 0, 0, 0, 0, 0, 0.288785303, -0.129249072, -0.170615454, -0.347456629, 0.544984393, -0.762982759, -0.931396484, -0.107421875, 0.347412109, 0.107434704, 0.831476656, 0.545135708, 0, 0, 0, 0, 0, 0, 0, 0.321221484, -0.0709821289, -0.145904541, -0.178380166, 0.248542566, -0.951969596, 0.41809082, -0.856689453, -0.302001953, -0.890712722, -0.451837236, 0.0488308708, 0, 2, 1, 1, 
413.063747, 25, 0.1, 0.1, 0.00859645952, 0.364881194, -0.0199662052, 0.992513635, 0.12213388, -4.56027137e-006, 0.122133879, -0.992513633, -6.65930539e-005, -1.26593996e-005, 6.55375504e-005, -0.999999998, 0.992513631, 0.12213391, -6.99767182e-006, 0.12213391, -0.99251363, -5.02952322e-005, -1.3088038e-005, 4.90640506e-005, -0.999999999, 0, 0, 0, 0, 0, 0, 0, 0.288785303, -0.129249072, -0.170615454, -0.347456629, 0.544984393, -0.762982759, -0.931396484, -0.107421875, 0.347412109, 0.107434704, 0.831476656, 0.545135708, 0, 0, 0, 0, 0, 0, 0, 0.321221484, -0.0709821289, -0.145904541, -0.178380166, 0.248542566, -0.951969596, 0.41809082, -0.856689453, -0.302001953, -0.890712722, -0.451837236, 0.0488308708, 0, 2, 1, 1, 
413.064434, 25, 0.1, 0.1, 0.0085964628, 0.364881186, -0.0199677468, 0.99251362, 0.122133998, 1.01887919e-005, 0.122133997, -0.99251362, 1.99628182e-005, 1.25506535e-005, -1.8568971e-005, -1, 0.992513629, 0.122133928, 2.63135548e-005, 0.122133929, -0.992513629, -1.45403179e-005, 2.43406956e-005, 1.76452415e-005, -1, 0, 0, 0, 0, 0, 0, 0, 0.288785303, -0.129249072, -0.170615454, -0.347456629, 0.544984393, -0.762982759, -0.931396484, -0.107421875, 0.347412109, 0.107434704, 0.831476656, 0.545135708, 0, 0, 0, 0, 0, 0, 0, 0.321221484, -0.0709821289, -0.145904541, -0.178380166, 0.248542566, -0.951969596, 0.41809082, -0.856689453, -0.302001953, -0.890712722, -0.451837236, 0.0488308708, 0, 2, 1, 1, 
413.065126, 25, 0.1, 0.1, 0.00859645864, 0.364881195, -0.0199698409, 0.992513555, 0.122134532, -1.30561886e-006, 0.122134532, -0.992513554, 3.49635366e-005, 2.97441075e-006, -3.48612451e-005, -0.999999999, 0.992513567, 0.122134432, -1.95496733e-005, 0.122134433, -0.992513565, 5.05111585e-005, -1.32341643e-005, -5.25206983e-005, -0.999999999, 0, 0, 0, 0, 0, 0, 0, 0.288785303, -0.129249072, -0.170615454, -0.347456629, 0.544984393, -0.762982759, -0.931396484, -0.107421875, 0.347412109, 0.107434704, 0.831476656, 0.545135708, 0, 0, 0, 0, 0, 0, 0, 0.321221484, -0.0709821289, -0.145904541, -0.178380166, 0.248542566, -0.951969596, 0.41809082, -0.856689453, -0.302001953, -0.890712722, -0.451837236, 0.0488308708, 0, 2, 1, 1, 
413.065813, 25, 0.1, 0.1, 0.00859645939, 0.364881186, -0.0199718898, 0.992513539, 0.122134657, 8.20064722e-006, 0.122134657, -0.992513537, -6.57128277e-005, 1.13439735e-007, 6.62224544e-005, -0.999999998, 0.992513541, 0.122134639, 1.97529911e-006, 0.122134639, -0.992513539, -6.34487073e-005, -5.78877386e-006, 6.32149536e-005, -0.999999998, 0, 0, 0, 0, 0, 0, 0, 0.288785303, -0.129249072, -0.170615454, -0.347456629, 0.544984393, -0.762982759, -0.931396484, -0.107421875, 0.347412109, 0.107434704, 0.831476656, 0.545135708, 0, 0, 0, 0, 0, 0, 0, 0.321221484, -0.0709821289, -0.145904541, -0.178380166, 0.248542566, -0.951969596, 0.41809082, -0.856689453, -0.302001953, -0.890712722, -0.451837236, 0.0488308708, 0, 2, 1, 1, 
413.066498, 25, 0.1, 0.1, 0.00859645848, 0.364881182, -0.0199733327, 0.992513521, 0.122134802, -1.59621543e-005, 0.122134803, -0.992513521, 3.1588271e-005, -1.19846268e-005, -3.33013206e-005, -0.999999999, 0.992513525, 0.122134772, -1.09590516e-005, 0.122134772, -0.992513525, 1.0072766e-005, -9.64677191e-006, -1.13358378e-005, -1, 0, 0, 0, 0, 0, 0, 0, 0.288785303, -0.129249072, -0.170615454, -0.347456629, 0.544984393, -0.762982759, -0.931396484, -0.107421875, 0.347412109, 0.107434704, 0.831476656, 0.545135708, 0, 0, 0, 0, 0, 0, 0, 0.321221484, -0.0709821289, -0.145904541, -0.178380166, 0.248542566, -0.951969596, 0.41809082, -0.856689453, -0.302001953, -0.890712722, -0.451837236, 0.0488308708, 0, 2, 1, 1, 
413.067216, 25, 0.1, 0.1, 0.00859645782, 0.364881188, -0.0199736003, 0.99251353, 0.12213473, -3.90180781e-006, 0.12213473, -0.99251353, 3.10574217e-006, -3.49327806e-006, -3.55903736e-006, -1, 0.992513525, 0.122134769, 5.17782063e-006, 0.122134769, -0.992513525, 2.8723546e-005, 8.64720066e-006, -2.78761159e-005, -1, 0, 0, 0, 0, 0, 0, 0, 0.291210669, -0.131650439, -0.169742749, -0.352041556, 0.541602514, -0.763338469, -0.930419922, -0.114501953, 0.347900391, 0.101116145, 0.832753845, 0.544450495, 0, 0, 0, 0, 0, 0, 0, 0.321221484, -0.0709821289, -0.145904541, -0.180756425, 0.243902686, -0.952780761, 0.425170898, -0.854125977, -0.299316406, -0.886789225, -0.459075756, 0.0507094973, 0, 2, 1, 1, 
413.067902, 25, 0.1, 0.1, 0.00859645971, 0.364881178, -0.0199726679, 0.992513512, 0.122134876, 1.8167003e-005, 0.122134877, -0.992513511, -4.46506702e-005, 1.25775919e-005, 4.65352182e-005, -0.999999999, 0.992513518, 0.122134827, 2.31391184e-005, 0.122134828, -0.992513517, -5.34327379e-005, 1.64398896e-005, 5.58588069e-005, -0.999999998, 0, 0, 0, 0, 0, 0, 0, 0.291210669, -0.131650439, -0.169742749, -0.352041556, 0.541602514, -0.763338469, -0.930419922, -0.114501953, 0.347900391, 0.101116145, 0.832753845, 0.544450495, 0, 0, 0, 0, 0, 0, 0, 0.322932715, -0.0734505371, -0.145248975, -0.180756425, 0.243902686, -0.952780761, 0.425170898, -0.854125977, -0.299316406, -0.886789225, -0.459075756, 0.0507094973, 0, 2, 1, 1, 
413.068584, 25, 0.1, 0.1, 0.00859645476, 0.364881181, -0.019971087, 0.9925135, 0.122134973, -3.03554658e-005, 0.122134975, -0.992513498, 6.26488202e-005, -2.24765976e-005, -6.58872639e-005, -0.999999998, 0.992513497, 0.122134997, -3.63099525e-005, 0.122134999, -0.992513496, 5.00011404e-005, -2.99312287e-005, -5.40615227e-005, -0.999999998, 0, 0, 0, 0, 0, 0, 0, 0.291210669, -0.131650439, -0.169742749, -0.352041556, 0.541602514, -0.763338469, -0.930419922, -0.114501953, 0.347900391, 0.101116145, 0.832753845, 0.544450495, 0, 0, 0, 0, 0, 0, 0, 0.322932715, -0.0734505371, -0.145248975, -0.180756425, 0.243902686, -0.952780761, 0.425170898, -0.854125977, -0.299316406, -0.886789225, -0.459075756, 0.0507094973, 0, 2, 1, 1, 
413.069283, 25, 0.1, 0.1, 0.00859645795, 0.364881186, -0.0199692111, 0.992513553, 0.12213454, 3.3339536e-005, 0.122134541, -0.992513553, -2.21365109e-005, 3.03863088e-005, 2.6042696e-005, -0.999999999, 0.992513536, 0.122134678, 3.54685565e-005, 0.122134678, -0.992513537, 1.43312632e-005, 3.69533667e-005, -9.89203202e-006, -0.999999999, 0, 0, 0, 0, 0, 0, 0, 0.291210669, -0.131650439, -0.169742749, -0.352041556, 0.541602514, -0.763338469, -0.930419922, -0.114501953, 0.347900391, 0.101116145, 0.832753845, 0.544450495, 0, 0, 0, 0, 0, 0, 0, 0.322932715, -0.0734505371, -0.145248975, -0.180756425, 0.243902686, -0.952780761, 0.425170898, -0.854125977, -0.299316406, -0.886789225, -0.459075756, 0.0507094973, 0, 2, 1, 1, 
413.069997, 25, 0.1, 0.1, 0.00859645532, 0.364881173, -0.0199673733, 0.992513691, 0.122133421, -2.20254539e-005, 0.12213342, -0.992513691, -4.32055923e-005, -2.71374113e-005, 4.01920979e-005, -0.999999999, 0.992513662, 0.122133658, -2.53423835e-005, 0.122133656, -0.99251366, -6.40340863e-005, -3.2973379e-005, 6.04595475e-005, -0.999999998, 0, 0, 0, 0, 0, 0, 0, 0.292963379, -0.134061328, -0.168645337, -0.356803218, 0.538017692, -0.763605813, -0.929077148, -0.119628906, 0.349731445, 0.0968030485, 0.83431036, 0.542762551, 0, 0, 0, 0, 0, 0, 0, 0.324177441, -0.0757071777, -0.144356738, -0.183349968, 0.238981723, -0.953508804, 0.431762695, -0.851806641, -0.296508789, -0.883134051, -0.465975591, 0.0529650883, 0, 2, 1, 1, 
413.070677, 25, 0.1, 0.1, 0.00859645726, 0.364881181, -0.0199665326, 0.992513832, 0.122132276, 1.75706314e-005, 0.122132274, -0.99251383, 7.52534836e-005, 2.66299739e-005, -7.25441822e-005, -0.999999997, 0.992513807, 0.122132479, 2.35729292e-005, 0.122132477, -0.992513805, 7.35741184e-005, 3.23822471e-005, -7.01443081e-005, -0.999999997, 0, 0, 0, 0, 0, 0, 0, 0.292963379, -0.134061328, -0.168645337, -0.356803218, 0.538017692, -0.763605813, -0.929077148, -0.119628906, 0.349731445, 0.0968030485, 0.83431036, 0.542762551, 0, 0, 0, 0, 0, 0, 0, 0.324177441, -0.0757071777, -0.144356738, -0.183349968, 0.238981723, -0.953508804, 0.431762695, -0.851806641, -0.296508789, -0.883134051, -0.465975591, 0.0529650883, 0, 2, 1, 1, 
413.071366, 25, 0.1, 0.1, 0.0085964534, 0.364881181, -0.0199667946, 0.992513915, 0.122131599, -1.44967396e-005, 0.122131598, -0.992513914, -5.58446468e-005, -2.12086118e-005, 5.3656079e-005, -0.999999998, 0.992513908, 0.122131657, -2.63114918e-005, 0.122131656, -0.992513908, -2.97036605e-005, -2.97422788e-005, 2.62678301e-005, -0.999999999, 0, 0, 0, 0, 0, 0, 0, 0.292963379, -0.134061328, -0.168645337, -0.356803218, 0.538017692, -0.763605813, -0.929077148, -0.119628906, 0.349731445, 0.0968030485, 0.83431036, 0.542762551, 0, 0, 0, 0, 0, 0, 0, 0.324177441, -0.0757071777, -0.144356738, -0.183349968, 0.238981723, -0.953508804, 0.431762695, -0.851806641, -0.296508789, -0.883134051, -0.465975591, 0.0529650883, 0, 2, 1, 1, 
413.072056, 25, 0.1, 0.1, 0.00859645973, 0.364881171, -0.0199680151, 0.992513899, 0.122131726, 4.07665202e-005, 0.122131727, -0.9925139, -1.19142785e-005, 3.90062265e-005, 1.68039725e-005, -0.999999999, 0.992513907, 0.122131655, 4.97500124e-005, 0.122131657, -0.992513908, -3.86782093e-005, 4.46537455e-005, 4.44647121e-005, -0.999999998, 0, 0, 0, 0, 0, 0, 0, 0.292963379, -0.134061328, -0.168645337, -0.356803218, 0.538017692, -0.763605813, -0.929077148, -0.119628906, 0.349731445, 0.0968030485, 0.83431036, 0.542762551, 0, 0, 0, 0, 0, 0, 0, 0.324177441, -0.0757071777, -0.144356738, -0.183349968, 0.238981723, -0.953508804, 0.431762695, -0.851806641, -0.296508789, -0.883134051, -0.465975591, 0.0529650883, 0, 2, 1, 1, 
413.072737, 25, 0.1, 0.1, 0.0085964566, 0.364881179, -0.0199697487, 0.992513824, 0.122132342, -2.55911807e-005, 0.122132343, -0.992513823, 5.13322642e-005, -1.91302709e-005, -5.40734927e-005, -0.999999998, 0.99251384, 0.122132211, -3.00825199e-005, 0.122132213, -0.992513838, 5.82890119e-005, -2.27383513e-005, -6.15266957e-005, -0.999999998, 0, 0, 0, 0, 0, 0, 0, 0.292963379, -0.134061328, -0.168645337, -0.356803218, 0.538017692, -0.763605813, -0.929077148, -0.119628906, 0.349731445, 0.0968030485, 0.83431036, 0.542762551, 0, 0, 0, 0, 0, 0, 0, 0.324177441, -0.0757071777, -0.144356738, -0.183349968, 0.238981723, -0.953508804, 0.431762695, -0.851806641, -0.296508789, -0.883134051, -0.465975591, 0.0529650883, 0, 2, 1, 1, 
413.073425, 25, 0.1, 0.1, 0.00859645947, 0.364881175, -0.0199715045, 0.992513765, 0.122132819, 2.58898524e-005, 0.122132821, -0.992513763, -5.78662831e-005, 1.86286625e-005, 6.05950832e-005, -0.999999998, 0.99251377, 0.122132775, 3.15421092e-005, 0.122132776, -0.99251377, -4.41450763e-005, 2.5914417e-005, 4.76669215e-005, -0.999999999, 0, 0, 0, 0, 0, 0, 0, 0.292963379, -0.134061328, -0.168645337, -0.356803218, 0.538017692, -0.763605813, -0.929077148, -0.119628906, 0.349731445, 0.0968030485, 0.83431036, 0.542762551, 0, 0, 0, 0, 0, 0, 0, 0.324177441, -0.0757071777, -0.144356738, -0.183349968, 0.238981723, -0.953508804, 0.431762695, -0.851806641, -0.296508789, -0.883134051, -0.465975591, 0.0529650883, 0, 2, 1, 1, 
413.074126, 25, 0.1, 0.1, 0.0085964549, 0.364881167, -0.0199727698, 0.992513778, 0.122132713, -3.47331483e-005, 0.122132714, -0.992513778, 1.4598602e-005, -3.26901613e-005, -1.87313673e-005, -0.999999999, 0.992513768, 0.122132793, -3.57062782e-005, 0.122132792, -0.992513768, -2.01046613e-005, -3.78944112e-005, 1.55932457e-005, -0.999999999, 0, 0, 0, 0, 0, 0, 0, 0.292963379, -0.134061328, -0.168645337, -0.361868171, 0.536913489, -0.761981149, -0.927246094, -0.123901367, 0.353027344, 0.0952570116, 0.834361657, 0.542876005, 0, 0, 0, 0, 0, 0, 0, 0.324177441, -0.0757071777, -0.144356738, -0.183349968, 0.238981723, -0.953508804, 0.431762695, -0.851806641, -0.296508789, -0.883134051, -0.465975591, 0.0529650883, 0, 2, 1, 1, 
413.074826, 25, 0.1, 0.1, 0.0085964545, 0.364881176, -0.019972916, 0.992513865, 0.122132005, 9.6691969e-006, 0.122132005, -0.992513865, 3.49416375e-005, 1.38643043e-005, -3.34991413e-005, -0.999999999, 0.992513846, 0.122132165, 1.24931849e-005, 0.122132164, -0.992513845, 5.15603729e-005, 1.86968389e-005, -4.96485643e-005, -0.999999999, 0, 0, 0, 0, 0, 0, 0, 0.294039282, -0.136573267, -0.168338721, -0.361868171, 0.536913489, -0.761981149, -0.927246094, -0.123901367, 0.353027344, 0.0952570116, 0.834361657, 0.542876005, 0, 0, 0, 0, 0, 0, 0, 0.325200391, -0.0782555176, -0.143894629, -0.18577107, 0.236022509, -0.953808843, 0.437133789, -0.849365234, -0.295288086, -0.879951723, -0.471687296, 0.0546519509, 0, 2, 1, 1, 
413.075504, 25, 0.1, 0.1, 0.00859645051, 0.364881168, -0.0199722662, 0.992513959, 0.122131241, -2.14900234e-005, 0.122131239, -0.992513958, -5.9393215e-005, -2.85829152e-005, 5.63239918e-005, -0.999999998, 0.992513943, 0.122131375, -2.69108795e-005, 0.122131373, -0.992513942, -5.86362613e-005, -3.38707503e-005, 5.49106442e-005, -0.999999998, 0, 0, 0, 0, 0, 0, 0, 0.294039282, -0.136573267, -0.168338721, -0.361868171, 0.536913489, -0.761981149, -0.927246094, -0.123901367, 0.353027344, 0.0952570116, 0.834361657, 0.542876005, 0, 0, 0, 0, 0, 0, 0, 0.325200391, -0.0782555176, -0.143894629, -0.18577107, 0.236022509, -0.953808843, 0.437133789, -0.849365234, -0.295288086, -0.879951723, -0.471687296, 0.0546519509, 0, 2, 1, 1, 
413.076189, 25, 0.1, 0.1, 0.0085964517, 0.364881167, -0.0199710972, 0.992514007, 0.122130854, 7.01967918e-006, 0.122130854, -0.992514006, 5.23482265e-005, 1.33604635e-005, -5.10990286e-005, -0.999999999, 0.992514005, 0.122130869, 1.62247959e-005, 0.122130869, -0.992514005, 3.08915708e-005, 1.98761516e-005, -2.86787682e-005, -0.999999999, 0, 0, 0, 0, 0, 0, 0, 0.294039282, -0.136573267, -0.168338721, -0.361868171, 0.536913489, -0.761981149, -0.927246094, -0.123901367, 0.353027344, 0.0952570116, 0.834361657, 0.542876005, 0, 0, 0, 0, 0, 0, 0, 0.325200391, -0.0782555176, -0.143894629, -0.18577107, 0.236022509, -0.953808843, 0.437133789, -0.849365234, -0.295288086, -0.879951723, -0.471687296, 0.0546519509, 0, 2, 1, 1, 
413.07688, 25, 0.1, 0.1, 0.00859645041, 0.364881175, -0.0199697678, 0.992513999, 0.122130922, 9.4313698e-006, 0.122130922, -0.992513999, 8.36441701e-006, 1.03823205e-005, -7.14993908e-006, -1, 0.992513998, 0.122130927, 3.37851285e-006, 0.122130927, -0.992513998, 3.72745864e-005, 7.90560109e-006, -3.65829279e-005, -0.999999999, 0, 0, 0, 0, 0, 0, 0, 0.294039282, -0.136573267, -0.168338721, -0.361868171, 0.536913489, -0.761981149, -0.927246094, -0.123901367, 0.353027344, 0.0952570116, 0.834361657, 0.542876005, 0, 0, 0, 0, 0, 0, 0, 0.325200391, -0.0782555176, -0.143894629, -0.18577107, 0.236022509, -0.953808843, 0.437133789, -0.849365234, -0.295288086, -0.879951723, -0.471687296, 0.0546519509, 0, 2, 1, 1, 
413.077559, 25, 0.1, 0.1, 0.00859644935, 0.364881164, -0.0199686364, 0.992514032, 0.122130651, 2.63571876e-006, 0.122130651, -0.99251403, -5.90642073e-005, -4.59756222e-006, 5.89439566e-005, -0.999999998, 0.992514026, 0.122130703, -8.08005159e-006, 0.122130702, -0.992514023, -6.95683221e-005, -1.65159926e-005, 6.80607131e-005, -0.999999998, 0, 0, 0, 0, 0, 0, 0, 0.294039282, -0.136573267, -0.168338721, -0.361868171, 0.536913489, -0.761981149, -0.927246094, -0.123901367, 0.353027344, 0.0952570116, 0.834361657, 0.542876005, 0, 0, 0, 0, 0, 0, 0, 0.325200391, -0.0782555176, -0.143894629, -0.18577107, 0.236022509, -0.953808843, 0.437133789, -0.849365234, -0.295288086, -0.879951723, -0.471687296, 0.0546519509, 0, 2, 1, 1, 
413.078241, 25, 0.1, 0.1, 0.00859645176, 0.364881167, -0.0199681003, 0.992514019, 0.122130757, -9.69292554e-006, 0.122130757, -0.992514017, 6.47245283e-005, -1.71550885e-006, -6.5423806e-005, -0.999999998, 0.99251403, 0.122130672, 1.02249505e-005, 0.122130671, -0.992514028, 5.37680874e-005, 1.67151395e-005, -5.21168011e-005, -0.999999999, 0, 0, 0, 0, 0, 0, 0, 0.294039282, -0.136573267, -0.168338721, -0.361868171, 0.536913489, -0.761981149, -0.927246094, -0.123901367, 0.353027344, 0.0952570116, 0.834361657, 0.542876005, 0, 0, 0, 0, 0, 0, 0, 0.325200391, -0.0782555176, -0.143894629, -0.18577107, 0.236022509, -0.953808843, 0.437133789, -0.849365234, -0.295288086, -0.879951723, -0.471687296, 0.0546519509, 0, 2, 1, 1, 
