time, trialNum, realDorsalTactorPos, realVentralTactorPos, boxPosX, boxPosY, boxPosZ, boxLocalRot_11, boxLocalRot_12, boxLocalRot_13, boxLocalRot_21, boxLocalRot_22, boxLocalRot_23, boxLocalRot_31, boxLocalRot_32, boxLocalRot_33, boxGlobalRot_11, boxGlobalRot_12, boxGlobalRot_13, boxGlobalRot_21, boxGlobalRot_22, boxGlobalRot_23, boxGlobalRot_31, boxGlobalRot_32, boxGlobalRot_33, indexForceX, indexForceY, indexForceZ, indexForceGlobalX, indexForceGlobalY, indexForceGlobalZ, indexContact, indexPosX, indexPosY, indexPosZ, indexRot_11, indexRot_12, indexRot_13, indexRot_21, indexRot_22, indexRot_23, indexRot_31, indexRot_32, indexRot_33, thumbForceX, thumbForceY, thumbForceZ, thumbForceGlobalX, thumbForceGlobalY, thumbForceGlobalZ, thumbContact, thumbPosX, thumbPosY, thumbPosZ, thumbRot_11, thumbRot_12, thumbRot_13, thumbRot_21, thumbRot_22, thumbRot_23, thumbRot_31, thumbRot_32, thumbRot_33, manipForceTooHigh, cceExpType, mapping, trialSuccess, 
432.418091, 61, 0.1, 0.1, 0.0012980844, 0.364988045, -0.0199661962, 0.998809732, -3.49466383e-005, 0.0487762034, 0.0487762036, 5.33570939e-006, -0.998809733, 3.46447868e-005, 0.999999999, 7.03392281e-006, 0.998809653, -4.30732402e-005, 0.0487778248, 0.0487778238, -2.36074403e-005, -0.998809653, 4.41734877e-005, 0.999999999, -2.14783203e-005, 0, 0, 0, 0, 0, 0, 0, 0.176843091, 0.117303223, -0.190556274, -0.316488798, 0.717699229, -0.620242784, -0.606811523, 0.349365234, 0.713867188, 0.729017396, 0.602419277, 0.325028006, 0, 0, -0, 0, 0, 0, 0, 0.245977393, 0.149248877, -0.146123779, -0.00115579116, 0.818416107, -0.5744167, 0.237915039, -0.557617188, -0.795166016, -0.971139057, -0.137495476, -0.194040439, 0, 2, 5, 1, 
432.425576, 61, 0.1, 0.1, 0.0012978541, 0.364988002, -0.0199746208, 0.998813136, 1.66658208e-005, 0.0487064575, 0.0487064582, -4.24424359e-005, -0.998813135, -1.457882e-005, 0.999999999, -4.32037956e-005, 0.99881312, -4.23533418e-006, 0.0487067889, 0.0487067887, -3.61066797e-005, -0.998813119, 5.98894778e-006, 0.999999999, -3.58575359e-005, 0, 0, 0, 0, 0, 0, 0, 0.190085474, 0.0977979248, -0.191067725, -0.305818951, 0.697873371, -0.647576763, -0.623046875, 0.367553711, 0.690429688, 0.719911942, 0.614581595, 0.322559726, 0, 0, -0, 0, 0, 0, 0, 0.257884326, 0.130695752, -0.147060596, 0.00230142267, 0.792153249, -0.610217779, 0.251220703, -0.591064453, -0.766357422, -0.967829864, -0.151548143, -0.200258138, 0, 2, 5, 1, 
432.426369, 61, 0.1, 0.1, 0.00129783524, 0.364987998, -0.0199656426, 0.998813202, -2.0444571e-005, 0.048705109, 0.04870511, 5.47069617e-005, -0.9988132, 1.77557988e-005, 0.999999998, 5.56377907e-005, 0.998813189, -9.43379877e-006, 0.0487053636, 0.0487053639, 3.35871134e-005, -0.998813189, 7.78673006e-006, 0.999999999, 3.40067285e-005, 0, 0, 0, 0, 0, 0, 0, 0.190085474, 0.0977979248, -0.191067725, -0.305818951, 0.697873371, -0.647576763, -0.623046875, 0.367553711, 0.690429688, 0.719911942, 0.614581595, 0.322559726, 0, 0, -0, 0, 0, 0, 0, 0.257884326, 0.130695752, -0.147060596, 0.00230142267, 0.792153249, -0.610217779, 0.251220703, -0.591064453, -0.766357422, -0.967829864, -0.151548143, -0.200258138, 0, 2, 5, 1, 
432.427155, 61, 0.1, 0.1, 0.00129782053, 0.364987992, -0.019957656, 0.998813266, -6.37262244e-006, 0.048703793, 0.0487037928, -2.72228427e-005, -0.998813266, 7.69091552e-006, 1, -2.68801655e-005, 0.998813254, -9.88102968e-006, 0.0487040475, 0.0487040475, -6.9107645e-006, -0.998813254, 1.02058856e-005, 1, -6.42131704e-006, 0, 0, 0, 0, 0, 0, 0, 0.190085474, 0.0977979248, -0.191067725, -0.305818951, 0.697873371, -0.647576763, -0.623046875, 0.367553711, 0.690429688, 0.719911942, 0.614581595, 0.322559726, 0, 0, -0, 0, 0, 0, 0, 0.257884326, 0.130695752, -0.147060596, 0.00230142267, 0.792153249, -0.610217779, 0.251220703, -0.591064453, -0.766357422, -0.967829864, -0.151548143, -0.200258138, 0, 2, 5, 1, 
432.427938, 61, 0.1, 0.1, 0.00129780322, 0.364987991, -0.0199530437, 0.998813315, 1.48239347e-005, 0.0487027826, 0.0487027824, 1.42731347e-005, -0.998813315, -1.55014848e-005, 1, 1.35342301e-005, 0.998813306, -2.97572969e-006, 0.0487029803, 0.0487029804, 1.99219914e-005, -0.998813306, 2.00193805e-006, 1, 2.0043277e-005, 0, 0, 0, 0, 0, 0, 0, 0.190085474, 0.0977979248, -0.191067725, -0.305818951, 0.697873371, -0.647576763, -0.623046875, 0.367553711, 0.690429688, 0.719911942, 0.614581595, 0.322559726, 0, 0, -0, 0, 0, 0, 0, 0.257884326, 0.130695752, -0.147060596, 0.00230142267, 0.792153249, -0.610217779, 0.251220703, -0.591064453, -0.766357422, -0.967829864, -0.151548143, -0.200258138, 0, 2, 5, 1, 
432.428725, 61, 0.1, 0.1, 0.00129778538, 0.364987988, -0.0199528717, 0.998813374, 1.46126301e-005, 0.0487015851, 0.0487015846, 3.49498976e-005, -0.998813373, -1.62974058e-005, 0.999999999, 3.41967669e-005, 0.998813362, 1.49634399e-005, 0.0487018163, 0.0487018159, 2.53503793e-005, -0.998813362, -1.61802933e-005, 1, 2.45915509e-005, 0, 0, 0, 0, 0, 0, 0, 0.190085474, 0.0977979248, -0.191067725, -0.305818951, 0.697873371, -0.647576763, -0.623046875, 0.367553711, 0.690429688, 0.719911942, 0.614581595, 0.322559726, 0, 0, -0, 0, 0, 0, 0, 0.257884326, 0.130695752, -0.147060596, 0.00230142267, 0.792153249, -0.610217779, 0.251220703, -0.591064453, -0.766357422, -0.967829864, -0.151548143, -0.200258138, 0, 2, 5, 1, 
432.429507, 61, 0.1, 0.1, 0.00129777562, 0.364987992, -0.0199569565, 0.998813411, -1.90058033e-005, 0.0487008169, 0.0487008156, -6.05513139e-005, -0.998813409, 2.19321496e-005, 0.999999998, -5.95538662e-005, 0.998813406, -3.70754683e-005, 0.048700903, 0.0487009009, -5.76292063e-005, -0.998813405, 3.98380692e-005, 0.999999998, -5.57552151e-005, 0, 0, 0, 0, 0, 0, 0, 0.190085474, 0.0977979248, -0.191067725, -0.305818951, 0.697873371, -0.647576763, -0.623046875, 0.367553711, 0.690429688, 0.719911942, 0.614581595, 0.322559726, 0, 0, -0, 0, 0, 0, 0, 0.257884326, 0.130695752, -0.147060596, 0.00230142267, 0.792153249, -0.610217779, 0.251220703, -0.591064453, -0.766357422, -0.967829864, -0.151548143, -0.200258138, 0, 2, 5, 1, 
432.430327, 61, 0.1, 0.1, 0.0012977565, 0.364987988, -0.0199636844, 0.998813404, -1.26790369e-005, 0.0487009694, 0.04870097, 5.57869426e-005, -0.998813402, 9.94711384e-006, 0.999999998, 5.63382274e-005, 0.998813409, 1.16891207e-005, 0.0487008587, 0.0487008581, 4.79572857e-005, -0.998813408, -1.40108114e-005, 0.999999999, 4.73311098e-005, 0, 0, 0, 0, 0, 0, 0, 0.193452295, 0.0939888672, -0.190680835, -0.305155078, 0.692913254, -0.653186144, -0.629150391, 0.368041992, 0.684570313, 0.714739526, 0.619940102, 0.323818941, 0, 0, -0, 0, 0, 0, 0, 0.260770361, 0.126835645, -0.146944092, 0.00168821805, 0.786069676, -0.618006804, 0.255737305, -0.59765625, -0.759643555, -0.966666887, -0.156729032, -0.202058739, 0, 2, 5, 1, 
432.431115, 61, 0.1, 0.1, 0.00129774176, 0.364987986, -0.0199701172, 0.998813367, 2.75290721e-005, 0.0487017216, 0.0487017231, -5.49353667e-005, -0.998813366, -2.48209582e-005, 0.999999998, -5.62108918e-005, 0.998813374, 1.48872129e-005, 0.0487015732, 0.0487015737, -3.06493077e-005, -0.998813374, -1.33768779e-005, 0.999999999, -3.13379691e-005, 0, 0, 0, 0, 0, 0, 0, 0.193452295, 0.0939888672, -0.190680835, -0.305155078, 0.692913254, -0.653186144, -0.629150391, 0.368041992, 0.684570313, 0.714739526, 0.619940102, 0.323818941, 0, 0, -0, 0, 0, 0, 0, 0.260770361, 0.126835645, -0.146944092, 0.00168821805, 0.786069676, -0.618006804, 0.255737305, -0.59765625, -0.759643555, -0.966666887, -0.156729032, -0.202058739, 0, 2, 5, 1, 
432.431992, 61, 0.1, 0.1, 0.00129772379, 0.364987997, -0.0199741992, 0.998813341, -9.88809638e-006, 0.0487022591, 0.048702259, -7.16960533e-006, -0.998813341, 1.02255386e-005, 1, -6.67952483e-006, 0.998813343, -1.11727979e-005, 0.0487022171, 0.0487022167, -3.55184651e-005, -0.998813342, 1.28893676e-005, 0.999999999, -3.49321768e-005, 0, 0, 0, 0, 0, 0, 0, 0.193452295, 0.0939888672, -0.190680835, -0.305155078, 0.692913254, -0.653186144, -0.629150391, 0.368041992, 0.684570313, 0.714739526, 0.619940102, 0.323818941, 0, 0, -0, 0, 0, 0, 0, 0.260770361, 0.126835645, -0.146944092, 0.00168821805, 0.786069676, -0.618006804, 0.255737305, -0.59765625, -0.759643555, -0.966666887, -0.156729032, -0.202058739, 0, 2, 5, 1, 
432.432967, 61, 0.1, 0.1, 0.00129770433, 0.364987971, -0.0199715604, 0.998813335, -1.31397714e-005, 0.0487023848, 0.0487023858, 8.4997229e-005, -0.998813331, 8.98461109e-006, 0.999999996, 8.55363039e-005, 0.998813338, -9.08410505e-006, 0.0487023224, 0.048702323, 9.86679133e-005, -0.998813333, 4.26796871e-006, 0.999999995, 9.89932449e-005, 0, 0, 0, 0, 0, 0, 0, 0.193452295, 0.0939888672, -0.190680835, -0.305155078, 0.692913254, -0.653186144, -0.629150391, 0.368041992, 0.684570313, 0.714739526, 0.619940102, 0.323818941, 0, 0, -0, 0, 0, 0, 0, 0.26310835, 0.122581055, -0.147371338, -0.000183845216, 0.780331352, -0.62508601, 0.256591797, -0.604125977, -0.754272461, -0.966372678, -0.160523465, -0.200102454, 0, 2, 5, 1, 
432.433747, 61, 0.1, 0.1, 0.0012976888, 0.364987972, -0.0199675482, 0.998813325, -6.82965244e-006, 0.0487025931, 0.0487025926, -6.83327749e-005, -0.998813322, 1.01495312e-005, 0.999999998, -6.79190643e-005, 0.998813323, 9.90781652e-006, 0.0487026269, 0.0487026274, -4.97444333e-005, -0.998813322, -7.47337455e-006, 0.999999999, -5.01679394e-005, 0, 0, 0, 0, 0, 0, 0, 0.193452295, 0.0939888672, -0.190680835, -0.305155078, 0.692913254, -0.653186144, -0.629150391, 0.368041992, 0.684570313, 0.714739526, 0.619940102, 0.323818941, 0, 0, -0, 0, 0, 0, 0, 0.26310835, 0.122581055, -0.147371338, -0.000183845216, 0.780331352, -0.62508601, 0.256591797, -0.604125977, -0.754272461, -0.966372678, -0.160523465, -0.200102454, 0, 2, 5, 1, 
432.43466, 61, 0.1, 0.1, 0.00129767217, 0.364987977, -0.0199620806, 0.998813326, -3.48670476e-006, 0.0487025739, 0.048702574, 3.20145364e-005, -0.998813325, 1.92337685e-006, 0.999999999, 3.2146357e-005, 0.99881333, 1.22075005e-005, 0.0487024816, 0.0487024815, 1.12497699e-006, -0.99881333, -1.22478034e-005, 1, 5.2910645e-007, 0, 0, 0, 0, 0, 0, 0, 0.193452295, 0.0939888672, -0.190680835, -0.305155078, 0.692913254, -0.653186144, -0.629150391, 0.368041992, 0.684570313, 0.714739526, 0.619940102, 0.323818941, 0, 0, -0, 0, 0, 0, 0, 0.26310835, 0.122581055, -0.147371338, -0.000183845216, 0.780331352, -0.62508601, 0.256591797, -0.604125977, -0.754272461, -0.966372678, -0.160523465, -0.200102454, 0, 2, 5, 1, 
432.435648, 61, 0.1, 0.1, 0.00129765298, 0.364987972, -0.019953407, 0.998813307, 2.17067452e-005, 0.0487029511, 0.0487029513, -8.95397727e-006, -0.998813307, -2.12449009e-005, 1, -1.00005342e-005, 0.998813312, 1.77496054e-005, 0.04870285, 0.0487028503, -1.66162848e-005, -0.998813312, -1.69192817e-005, 1, -1.74610228e-005, 0, 0, 0, 0, 0, 0, 0, 0.196169287, 0.0898157227, -0.190871875, -0.304343306, 0.689766518, -0.656848472, -0.630859375, 0.370605469, 0.681640625, 0.713622219, 0.621921599, 0.322545117, 0, 0, -0, 0, 0, 0, 0, 0.26310835, 0.122581055, -0.147371338, -0.000183845216, 0.780331352, -0.62508601, 0.256591797, -0.604125977, -0.754272461, -0.966372678, -0.160523465, -0.200102454, 0, 2, 5, 1, 
432.436438, 61, 0.1, 0.1, 0.00129764161, 0.364987972, -0.0199508013, 0.998813267, 3.70519045e-006, 0.0487037788, 0.0487037789, -2.96611978e-005, -0.998813266, -2.25618096e-006, 1, -2.98064546e-005, 0.998813277, -2.20772569e-005, 0.048703561, 0.0487035605, -2.12938355e-005, -0.998813277, 2.30881429e-005, 1, -2.01933246e-005, 0, 0, 0, 0, 0, 0, 0, 0.196169287, 0.0898157227, -0.190871875, -0.304343306, 0.689766518, -0.656848472, -0.630859375, 0.370605469, 0.681640625, 0.713622219, 0.621921599, 0.322545117, 0, 0, -0, 0, 0, 0, 0, 0.26310835, 0.122581055, -0.147371338, -0.000183845216, 0.780331352, -0.62508601, 0.256591797, -0.604125977, -0.754272461, -0.966372678, -0.160523465, -0.200102454, 0, 2, 5, 1, 
432.437225, 61, 0.1, 0.1, 0.00129762668, 0.364987972, -0.0199532567, 0.998813212, 5.60055532e-006, 0.0487049101, 0.0487049102, -2.31086693e-005, -0.998813211, -4.46840298e-006, 1, -2.33540188e-005, 0.998813223, -2.73684644e-006, 0.0487046829, 0.0487046829, 1.81142689e-006, -0.998813223, 2.64537344e-006, 1, 1.94257437e-006, 0, 0, 0, 0, 0, 0, 0, 0.196169287, 0.0898157227, -0.190871875, -0.304343306, 0.689766518, -0.656848472, -0.630859375, 0.370605469, 0.681640625, 0.713622219, 0.621921599, 0.322545117, 0, 0, -0, 0, 0, 0, 0, 0.26310835, 0.122581055, -0.147371338, -0.000183845216, 0.780331352, -0.62508601, 0.256591797, -0.604125977, -0.754272461, -0.966372678, -0.160523465, -0.200102454, 0, 2, 5, 1, 
432.438041, 61, 0.1, 0.1, 0.00129761287, 0.364987973, -0.0199594055, 0.998813163, -7.23811092e-006, 0.0487059119, 0.048705912, 1.81264324e-006, -0.998813163, 7.14123402e-006, 1, 2.16303072e-006, 0.998813172, 1.16193921e-007, 0.048705732, 0.048705732, 8.69936951e-006, -0.998813172, -5.39765179e-007, 1, 8.68338554e-006, 0, 0, 0, 0, 0, 0, 0, 0.199249658, 0.0844396973, -0.191002148, -0.300897026, 0.684982013, -0.663564299, -0.631835937, 0.377929687, 0.676635742, 0.714312301, 0.622926574, 0.31915949, 0, 0, -0, 0, 0, 0, 0, 0.265881982, 0.117839209, -0.147720605, 0.00112605272, 0.773430417, -0.633647921, 0.258178711, -0.612426758, -0.747070312, -0.965989517, -0.162598952, -0.200388634, 0, 2, 5, 1, 
432.438833, 61, 0.1, 0.1, 0.00129759642, 0.364987973, -0.0199669174, 0.998813109, -2.40460408e-006, 0.0487070248, 0.0487070248, 1.07598391e-005, -0.998813108, 1.87767033e-006, 1, 1.08641894e-005, 0.998813121, 1.65890406e-005, 0.0487067724, 0.0487067723, 4.6001685e-006, -0.998813121, -1.67934108e-005, 1, 3.78671003e-006, 0, 0, 0, 0, 0, 0, 0, 0.199249658, 0.0844396973, -0.191002148, -0.300897026, 0.684982013, -0.663564299, -0.631835937, 0.377929687, 0.676635742, 0.714312301, 0.622926574, 0.31915949, 0, 0, -0, 0, 0, 0, 0, 0.265881982, 0.117839209, -0.147720605, 0.00112605272, 0.773430417, -0.633647921, 0.258178711, -0.612426758, -0.747070312, -0.965989517, -0.162598952, -0.200388634, 0, 2, 5, 1, 
432.439621, 61, 0.1, 0.1, 0.00129758224, 0.364987973, -0.0199733832, 0.998813042, 5.83508952e-006, 0.0487083831, 0.048708383, 1.03112821e-005, -0.998813042, -6.33040939e-006, 1, 1.00148253e-005, 0.998813056, 1.26179107e-005, 0.0487081045, 0.0487081045, -4.42937936e-006, -0.998813056, -1.23871872e-005, 1, -5.03871645e-006, 0, 0, 0, 0, 0, 0, 0, 0.199249658, 0.0844396973, -0.191002148, -0.300897026, 0.684982013, -0.663564299, -0.631835937, 0.377929687, 0.676635742, 0.714312301, 0.622926574, 0.31915949, 0, 0, -0, 0, 0, 0, 0, 0.265881982, 0.117839209, -0.147720605, 0.00112605272, 0.773430417, -0.633647921, 0.258178711, -0.612426758, -0.747070312, -0.965989517, -0.162598952, -0.200388634, 0, 2, 5, 1, 
432.440406, 61, 0.1, 0.1, 0.00129757006, 0.36498797, -0.0199768357, 0.998812969, 4.62383404e-006, 0.0487098918, 0.0487098918, 1.76898688e-006, -0.998812969, -4.70451256e-006, 1, 1.54166058e-006, 0.998812984, 1.67745982e-006, 0.0487095805, 0.0487095805, -3.37284523e-006, -0.998812984, -1.51117877e-006, 1, -3.45054997e-006, 0, 0, 0, 0, 0, 0, 0, 0.199249658, 0.0844396973, -0.191002148, -0.300897026, 0.684982013, -0.663564299, -0.631835937, 0.377929687, 0.676635742, 0.714312301, 0.622926574, 0.31915949, 0, 0, -0, 0, 0, 0, 0, 0.265881982, 0.117839209, -0.147720605, 0.00112605272, 0.773430417, -0.633647921, 0.258178711, -0.612426758, -0.747070312, -0.965989517, -0.162598952, -0.200388634, 0, 2, 5, 1, 
432.441191, 61, 0.1, 0.1, 0.00129755699, 0.364987969, -0.0199763762, 0.998812899, -3.90570297e-006, 0.0487113211, 0.0487113211, 6.26478999e-007, -0.998812899, 3.87054988e-006, 1, 8.15987256e-007, 0.998812912, 8.30589549e-007, 0.0487110503, 0.0487110503, 4.54441407e-006, -0.998812912, -1.05096675e-006, 1, 4.49856056e-006, 0, 0, 0, 0, 0, 0, 0, 0.199249658, 0.0844396973, -0.191002148, -0.300897026, 0.684982013, -0.663564299, -0.631835937, 0.377929687, 0.676635742, 0.714312301, 0.622926574, 0.31915949, 0, 0, -0, 0, 0, 0, 0, 0.265881982, 0.117839209, -0.147720605, 0.00112605272, 0.773430417, -0.633647921, 0.258178711, -0.612426758, -0.747070312, -0.965989517, -0.162598952, -0.200388634, 0, 2, 5, 1, 
432.441979, 61, 0.1, 0.1, 0.0012975428, 0.364987968, -0.0199723935, 0.998812837, 1.48290975e-005, 0.0487125824, 0.0487125822, 1.51083643e-005, -0.998812837, -1.55474604e-005, 1, 1.43680646e-005, 0.998812849, 1.22408474e-005, 0.0487123486, 0.0487123484, 9.20621065e-006, -0.998812849, -1.26747718e-005, 1, 8.59900106e-006, 0, 0, 0, 0, 0, 0, 0, 0.199249658, 0.0844396973, -0.191002148, -0.300897026, 0.684982013, -0.663564299, -0.631835937, 0.377929687, 0.676635742, 0.714312301, 0.622926574, 0.31915949, 0, 0, -0, 0, 0, 0, 0, 0.265881982, 0.117839209, -0.147720605, 0.00112605272, 0.773430417, -0.633647921, 0.258178711, -0.612426758, -0.747070312, -0.965989517, -0.162598952, -0.200388634, 0, 2, 5, 1, 
432.442798, 61, 0.1, 0.1, 0.0012975307, 0.364987967, -0.0199659185, 0.998812781, 5.11895359e-006, 0.0487137368, 0.0487137367, 1.66696932e-005, -0.998812781, -5.92491932e-006, 1, 1.64005392e-005, 0.998812791, -1.19321044e-005, 0.0487135321, 0.048713532, -3.39570885e-006, -0.998812791, 1.20833554e-005, 1, -2.81042248e-006, 0, 0, 0, 0, 0, 0, 0, 0.201984351, 0.0804402344, -0.191026221, -0.299698465, 0.680826555, -0.66833083, -0.634399414, 0.380981445, 0.672607422, 0.712515772, 0.625562205, 0.317936964, 0, 0, -0, 0, 0, 0, 0, 0.268524756, 0.114019141, -0.14796709, 0.000295564555, 0.767781411, -0.640593331, 0.261474609, -0.618286133, -0.740966797, -0.965094863, -0.167243196, -0.200873141, 0, 2, 5, 1, 
432.443581, 61, 0.1, 0.1, 0.0012975196, 0.364987965, -0.0199600707, 0.998812734, -1.3114374e-005, 0.0487146957, 0.0487146956, -5.25302445e-006, -0.998812734, 1.33547032e-005, 1, -4.60792498e-006, 0.998812743, -2.16120977e-005, 0.0487145134, 0.0487145131, -1.32013294e-005, -0.998812743, 2.2229535e-005, 1, -1.21328332e-005, 0, 0, 0, 0, 0, 0, 0, 0.201984351, 0.0804402344, -0.191026221, -0.299698465, 0.680826555, -0.66833083, -0.634399414, 0.380981445, 0.672607422, 0.712515772, 0.625562205, 0.317936964, 0, 0, -0, 0, 0, 0, 0, 0.268524756, 0.114019141, -0.14796709, 0.000295564555, 0.767781411, -0.640593331, 0.261474609, -0.618286133, -0.740966797, -0.965094863, -0.167243196, -0.200873141, 0, 2, 5, 1, 
432.444369, 61, 0.1, 0.1, 0.00129750651, 0.364987963, -0.0199564939, 0.998812693, -1.62609886e-005, 0.0487155334, 0.048715533, -2.06470022e-005, -0.998812693, 1.72475115e-005, 1, -1.98303252e-005, 0.998812701, -1.05900309e-005, 0.0487153748, 0.0487153747, -1.19347561e-005, -0.998812701, 1.11588635e-005, 1, -1.14046887e-005, 0, 0, 0, 0, 0, 0, 0, 0.201984351, 0.0804402344, -0.191026221, -0.299698465, 0.680826555, -0.66833083, -0.634399414, 0.380981445, 0.672607422, 0.712515772, 0.625562205, 0.317936964, 0, 0, -0, 0, 0, 0, 0, 0.268524756, 0.114019141, -0.14796709, 0.000295564555, 0.767781411, -0.640593331, 0.261474609, -0.618286133, -0.740966797, -0.965094863, -0.167243196, -0.200873141, 0, 2, 5, 1, 
432.445156, 61, 0.1, 0.1, 0.00129749221, 0.364987962, -0.0199561668, 0.998812657, -7.71300719e-006, 0.0487162723, 0.0487162722, -1.46613945e-005, -0.998812657, 8.41809769e-006, 1, -1.42682375e-005, 0.998812664, 1.50044085e-005, 0.0487161317, 0.0487161316, 9.9678852e-006, -0.998812664, -1.54721901e-005, 1, 9.22509323e-006, 0, 0, 0, 0, 0, 0, 0, 0.201984351, 0.0804402344, -0.191026221, -0.299698465, 0.680826555, -0.66833083, -0.634399414, 0.380981445, 0.672607422, 0.712515772, 0.625562205, 0.317936964, 0, 0, -0, 0, 0, 0, 0, 0.268524756, 0.114019141, -0.14796709, 0.000295564555, 0.767781411, -0.640593331, 0.261474609, -0.618286133, -0.740966797, -0.965094863, -0.167243196, -0.200873141, 0, 2, 5, 1, 
432.445943, 61, 0.1, 0.1, 0.00129747913, 0.36498796, -0.019958969, 0.998812626, 9.34144456e-006, 0.04871691, 0.0487169098, 1.23267012e-005, -0.998812626, -9.93087157e-006, 1, 1.18569785e-005, 0.998812632, 1.78467266e-005, 0.0487167868, 0.0487167865, 1.93160636e-005, -0.998812632, -1.87665526e-005, 1, 1.84236932e-005, 0, 0, 0, 0, 0, 0, 0, 0.201984351, 0.0804402344, -0.191026221, -0.299698465, 0.680826555, -0.66833083, -0.634399414, 0.380981445, 0.672607422, 0.712515772, 0.625562205, 0.317936964, 0, 0, -0, 0, 0, 0, 0, 0.268524756, 0.114019141, -0.14796709, 0.000295564555, 0.767781411, -0.640593331, 0.261474609, -0.618286133, -0.740966797, -0.965094863, -0.167243196, -0.200873141, 0, 2, 5, 1, 
432.446731, 61, 0.1, 0.1, 0.00129746821, 0.364987959, -0.0199637246, 0.998812599, 1.08365827e-005, 0.0487174807, 0.0487174805, 1.84468087e-005, -0.998812598, -1.17223974e-005, 1, 1.78969739e-005, 0.998812604, 4.84190631e-006, 0.0487173734, 0.0487173733, 1.18595447e-005, -0.998812604, -5.41392291e-006, 1, 1.16095778e-005, 0, 0, 0, 0, 0, 0, 0, 0.201984351, 0.0804402344, -0.191026221, -0.299698465, 0.680826555, -0.66833083, -0.634399414, 0.380981445, 0.672607422, 0.712515772, 0.625562205, 0.317936964, 0, 0, -0, 0, 0, 0, 0, 0.268524756, 0.114019141, -0.14796709, 0.000295564555, 0.767781411, -0.640593331, 0.261474609, -0.618286133, -0.740966797, -0.965094863, -0.167243196, -0.200873141, 0, 2, 5, 1, 
432.447548, 61, 0.1, 0.1, 0.00129745727, 0.364987959, -0.0199685979, 0.998812573, 4.81294355e-006, 0.0487179954, 0.0487179954, 5.50939227e-006, -0.998812573, -5.07563508e-006, 1, 5.26837331e-006, 0.998812578, -1.19321516e-005, 0.0487178994, 0.0487178992, -1.10347422e-005, -0.998812578, 1.24555726e-005, 1, -1.04403299e-005, 0, 0, 0, 0, 0, 0, 0, 0.204770313, 0.0760460449, -0.191012207, -0.297635714, 0.677812369, -0.672285589, -0.634643555, 0.385498047, 0.669677734, 0.713054208, 0.626039605, 0.31559713, 0, 0, -0, 0, 0, 0, 0, 0.271253711, 0.110042969, -0.147947363, 0.000838773437, 0.762548016, -0.646759293, 0.263916016, -0.624023438, -0.735351562, -0.964424056, -0.170002617, -0.201766695, 0, 2, 5, 1, 
432.448329, 61, 0.1, 0.1, 0.00129744556, 0.36498796, -0.0199718588, 0.998812553, -5.45727197e-006, 0.0487184228, 0.0487184228, -1.17638353e-005, -0.998812553, 6.02390725e-006, 1, -1.14839967e-005, 0.998812556, -1.07794498e-005, 0.0487183426, 0.0487183424, -1.73101943e-005, -0.998812556, 1.16099738e-005, 1, -1.67644825e-005, 0, 0, 0, 0, 0, 0, 0, 0.204770313, 0.0760460449, -0.191012207, -0.297635714, 0.677812369, -0.672285589, -0.634643555, 0.385498047, 0.669677734, 0.713054208, 0.626039605, 0.31559713, 0, 0, -0, 0, 0, 0, 0, 0.271253711, 0.110042969, -0.147947363, 0.000838773437, 0.762548016, -0.646759293, 0.263916016, -0.624023438, -0.735351562, -0.964424056, -0.170002617, -0.201766695, 0, 2, 5, 1, 
432.449112, 61, 0.1, 0.1, 0.001297433, 0.364987959, -0.0199729115, 0.998812534, -9.58678188e-006, 0.0487188006, 0.0487188005, -1.33826675e-005, -0.998812534, 1.02273854e-005, 1, -1.28997195e-005, 0.998812538, -5.02896966e-006, 0.0487187286, 0.0487187286, -9.4622631e-006, -0.998812538, 5.48398737e-006, 1, -9.20602201e-006, 0, 0, 0, 0, 0, 0, 0, 0.204770313, 0.0760460449, -0.191012207, -0.297635714, 0.677812369, -0.672285589, -0.634643555, 0.385498047, 0.669677734, 0.713054208, 0.626039605, 0.31559713, 0, 0, -0, 0, 0, 0, 0, 0.271253711, 0.110042969, -0.147947363, 0.000838773437, 0.762548016, -0.646759293, 0.263916016, -0.624023438, -0.735351562, -0.964424056, -0.170002617, -0.201766695, 0, 2, 5, 1, 
432.449928, 61, 0.1, 0.1, 0.00129741985, 0.364987956, -0.0199711686, 0.998812518, -6.73719928e-006, 0.0487191349, 0.0487191349, -5.02190282e-006, -0.998812518, 6.97386174e-006, 1, -4.68770888e-006, 0.998812521, 8.12314575e-006, 0.0487190736, 0.0487190735, 1.10948601e-005, -0.998812521, -8.65403099e-006, 1, 1.0685933e-005, 0, 0, 0, 0, 0, 0, 0, 0.20763501, 0.0711714355, -0.190834766, -0.293980499, 0.674112971, -0.677496198, -0.63684082, 0.390380859, 0.664794922, 0.712722463, 0.626872716, 0.314692122, 0, 0, -0, 0, 0, 0, 0, 0.274068848, 0.105589307, -0.147759082, 0.00275567937, 0.756445853, -0.653800586, 0.26550293, -0.630859375, -0.728881836, -0.963977095, -0.171503179, -0.202506764, 0, 2, 5, 1, 
432.450737, 61, 0.1, 0.1, 0.00129740684, 0.364987954, -0.0199673819, 0.998812504, 1.13550389e-005, 0.0487194268, 0.0487194267, 1.20375983e-005, -0.998812504, -1.19280197e-005, 1, 1.14700927e-005, 0.998812506, 1.7300811e-005, 0.048719375, 0.0487193746, 1.9921776e-005, -0.998812506, -1.82508429e-005, 1, 1.90552343e-005, 0, 0, 0, 0, 0, 0, 0, 0.20763501, 0.0711714355, -0.190834766, -0.293980499, 0.674112971, -0.677496198, -0.63684082, 0.390380859, 0.664794922, 0.712722463, 0.626872716, 0.314692122, 0, 0, -0, 0, 0, 0, 0, 0.274068848, 0.105589307, -0.147759082, 0.00275567937, 0.756445853, -0.653800586, 0.26550293, -0.630859375, -0.728881836, -0.963977095, -0.171503179, -0.202506764, 0, 2, 5, 1, 
432.45153, 61, 0.1, 0.1, 0.00129739485, 0.364987953, -0.0199631973, 0.998812492, 1.88089837e-005, 0.0487196695, 0.0487196692, 1.89056344e-005, -0.998812492, -1.97077241e-005, 1, 1.79668163e-005, 0.998812494, 1.3819745e-005, 0.0487196234, 0.0487196232, 1.2973447e-005, -0.998812494, -1.44353954e-005, 1, 1.22847482e-005, 0, 0, 0, 0, 0, 0, 0, 0.20763501, 0.0711714355, -0.190834766, -0.293980499, 0.674112971, -0.677496198, -0.63684082, 0.390380859, 0.664794922, 0.712722463, 0.626872716, 0.314692122, 0, 0, -0, 0, 0, 0, 0, 0.274068848, 0.105589307, -0.147759082, 0.00275567937, 0.756445853, -0.653800586, 0.26550293, -0.630859375, -0.728881836, -0.963977095, -0.171503179, -0.202506764, 0, 2, 5, 1, 
432.452318, 61, 0.1, 0.1, 0.00129738428, 0.364987953, -0.0199600966, 0.998812481, 9.97631173e-006, 0.0487198892, 0.0487198891, 1.25560029e-005, -0.998812481, -1.05761917e-005, 1, 1.20550476e-005, 0.998812483, -1.00140785e-005, 0.0487198484, 0.0487198483, -9.47484015e-006, -0.998812483, 1.04637994e-005, 1, -8.97570423e-006, 0, 0, 0, 0, 0, 0, 0, 0.20763501, 0.0711714355, -0.190834766, -0.293980499, 0.674112971, -0.677496198, -0.63684082, 0.390380859, 0.664794922, 0.712722463, 0.626872716, 0.314692122, 0, 0, -0, 0, 0, 0, 0, 0.274068848, 0.105589307, -0.147759082, 0.00275567937, 0.756445853, -0.653800586, 0.26550293, -0.630859375, -0.728881836, -0.963977095, -0.171503179, -0.202506764, 0, 2, 5, 1, 
432.453103, 61, 0.1, 0.1, 0.00129737382, 0.364987953, -0.0199590311, 0.998812472, -1.12163997e-005, 0.0487200729, 0.0487200728, -1.37826205e-005, -0.998812472, 1.18745702e-005, 1, -1.32197894e-005, 0.998812474, -1.84618977e-005, 0.0487200389, 0.0487200385, -2.17590626e-005, -0.998812474, 1.95000761e-005, 1, -2.08337588e-005, 0, 0, 0, 0, 0, 0, 0, 0.20763501, 0.0711714355, -0.190834766, -0.293980499, 0.674112971, -0.677496198, -0.63684082, 0.390380859, 0.664794922, 0.712722463, 0.626872716, 0.314692122, 0, 0, -0, 0, 0, 0, 0, 0.274068848, 0.105589307, -0.147759082, 0.00275567937, 0.756445853, -0.653800586, 0.26550293, -0.630859375, -0.728881836, -0.963977095, -0.171503179, -0.202506764, 0, 2, 5, 1, 
432.453892, 61, 0.1, 0.1, 0.00129736274, 0.364987952, -0.0199602007, 0.998812464, -1.99118038e-005, 0.0487202378, 0.0487202374, -2.01771139e-005, -0.998812464, 2.08711916e-005, 1, -1.91830451e-005, 0.998812466, -1.32561135e-005, 0.0487202058, 0.0487202056, -1.31687139e-005, -0.998812466, 1.38819539e-005, 1, -1.2507235e-005, 0, 0, 0, 0, 0, 0, 0, 0.20763501, 0.0711714355, -0.190834766, -0.293980499, 0.674112971, -0.677496198, -0.63684082, 0.390380859, 0.664794922, 0.712722463, 0.626872716, 0.314692122, 0, 0, -0, 0, 0, 0, 0, 0.274068848, 0.105589307, -0.147759082, 0.00275567937, 0.756445853, -0.653800586, 0.26550293, -0.630859375, -0.728881836, -0.963977095, -0.171503179, -0.202506764, 0, 2, 5, 1, 
432.454707, 61, 0.1, 0.1, 0.00129735073, 0.36498795, -0.0199628351, 0.998812457, -9.08102138e-006, 0.0487203908, 0.0487203907, -1.06665842e-005, -0.998812457, 9.58991743e-006, 1, -1.02114862e-005, 0.998812458, 9.63749414e-006, 0.0487203635, 0.0487203634, 1.00328335e-005, -0.998812458, -1.01148525e-005, 1, 9.55137688e-006, 0, 0, 0, 0, 0, 0, 0, 0.210667529, 0.067238501, -0.19036377, -0.291316033, 0.671308841, -0.681436731, -0.640136719, 0.392578125, 0.660400391, 0.71081735, 0.628676358, 0.315563425, 0, 0, -0, 0, 0, 0, 0, 0.276751416, 0.101564551, -0.147754248, 0.00254495902, 0.75084169, -0.660222111, 0.268676758, -0.636474609, -0.722900391, -0.963140044, -0.175406253, -0.203304437, 0, 2, 5, 1, 
432.455501, 61, 0.1, 0.1, 0.00129733956, 0.364987949, -0.0199659977, 0.998812451, 7.93717278e-006, 0.0487205128, 0.0487205127, 9.13283662e-006, -0.998812451, -8.37270348e-006, 1, 8.7352878e-006, 0.998812452, 1.38639006e-005, 0.0487204901, 0.0487204899, 1.60278519e-005, -0.998812452, -1.46283214e-005, 1, 1.53333621e-005, 0, 0, 0, 0, 0, 0, 0, 0.210667529, 0.067238501, -0.19036377, -0.291316033, 0.671308841, -0.681436731, -0.640136719, 0.392578125, 0.660400391, 0.71081735, 0.628676358, 0.315563425, 0, 0, -0, 0, 0, 0, 0, 0.276751416, 0.101564551, -0.147754248, 0.00254495902, 0.75084169, -0.660222111, 0.268676758, -0.636474609, -0.722900391, -0.963140044, -0.175406253, -0.203304437, 0, 2, 5, 1, 
432.456286, 61, 0.1, 0.1, 0.00129732943, 0.364987948, -0.0199687036, 0.998812446, 1.22257169e-005, 0.0487206129, 0.0487206127, 1.3768512e-005, -0.998812446, -1.28820085e-005, 1, 1.31565167e-005, 0.998812447, 7.25137084e-006, 0.048720594, 0.0487205939, 8.09975408e-006, -0.998812447, -7.63738428e-006, 1, 7.73684409e-006, 0, 0, 0, 0, 0, 0, 0, 0.210667529, 0.067238501, -0.19036377, -0.291316033, 0.671308841, -0.681436731, -0.640136719, 0.392578125, 0.660400391, 0.71081735, 0.628676358, 0.315563425, 0, 0, -0, 0, 0, 0, 0, 0.276751416, 0.101564551, -0.147754248, 0.00254495902, 0.75084169, -0.660222111, 0.268676758, -0.636474609, -0.722900391, -0.963140044, -0.175406253, -0.203304437, 0, 2, 5, 1, 
432.457079, 61, 0.1, 0.1, 0.00129731949, 0.364987948, -0.0199701192, 0.998812442, 6.92370094e-006, 0.0487206971, 0.0487206971, 8.07415656e-006, -0.998812442, -7.30885717e-006, 1, 7.7272405e-006, 0.998812442, -7.99265974e-006, 0.0487206823, 0.0487206823, -8.91655179e-006, -0.998812442, 8.41758848e-006, 1, -8.51655503e-006, 0, 0, 0, 0, 0, 0, 0, 0.210667529, 0.067238501, -0.19036377, -0.291316033, 0.671308841, -0.681436731, -0.640136719, 0.392578125, 0.660400391, 0.71081735, 0.628676358, 0.315563425, 0, 0, -0, 0, 0, 0, 0, 0.276751416, 0.101564551, -0.147754248, 0.00254495902, 0.75084169, -0.660222111, 0.268676758, -0.636474609, -0.722900391, -0.963140044, -0.175406253, -0.203304437, 0, 2, 5, 1, 
432.457867, 61, 0.1, 0.1, 0.00129730947, 0.364987948, -0.0199699141, 0.998812438, -7.092621e-006, 0.0487207686, 0.0487207685, -8.13205188e-006, -0.998812438, 7.48039789e-006, 1, -7.77683662e-006, 0.998812439, -1.28593321e-005, 0.048720755, 0.0487207548, -1.43687704e-005, -0.998812439, 1.35441182e-005, 1, -1.37251903e-005, 0, 0, 0, 0, 0, 0, 0, 0.210667529, 0.067238501, -0.19036377, -0.291316033, 0.671308841, -0.681436731, -0.640136719, 0.392578125, 0.660400391, 0.71081735, 0.628676358, 0.315563425, 0, 0, -0, 0, 0, 0, 0, 0.276751416, 0.101564551, -0.147754248, 0.00254495902, 0.75084169, -0.660222111, 0.268676758, -0.636474609, -0.722900391, -0.963140044, -0.175406253, -0.203304437, 0, 2, 5, 1, 
432.458654, 61, 0.1, 0.1, 0.00129729871, 0.364987946, -0.0199683118, 0.998812435, -1.28715889e-005, 0.0487208324, 0.0487208322, -1.44092635e-005, -0.998812435, 1.35583343e-005, 1, -1.37650371e-005, 0.998812436, -8.08597929e-006, 0.0487208204, 0.0487208203, -9.10417884e-006, -0.998812436, 8.51993973e-006, 1, -8.6994115e-006, 0, 0, 0, 0, 0, 0, 0, 0.210667529, 0.067238501, -0.19036377, -0.291316033, 0.671308841, -0.681436731, -0.640136719, 0.392578125, 0.660400391, 0.71081735, 0.628676358, 0.315563425, 0, 0, -0, 0, 0, 0, 0, 0.276751416, 0.101564551, -0.147754248, 0.00254495902, 0.75084169, -0.660222111, 0.268676758, -0.636474609, -0.722900391, -0.963140044, -0.175406253, -0.203304437, 0, 2, 5, 1, 
432.459472, 61, 0.1, 0.1, 0.00129728685, 0.364987944, -0.0199655351, 0.998812433, -7.10868033e-006, 0.0487208843, 0.0487208842, -8.85013505e-006, -0.998812433, 7.5314247e-006, 1, -8.49328373e-006, 0.998812433, 1.07250489e-005, 0.0487208756, 0.0487208754, 1.11796633e-005, -0.998812433, -1.12569952e-005, 1, 1.0643853e-005, 0, 0, 0, 0, 0, 0, 0, 0.213494873, 0.0629074219, -0.190071826, -0.288428406, 0.669563609, -0.684444925, -0.641235352, 0.395751953, 0.657348633, 0.711101546, 0.628582, 0.315298324, 0, 0, -0, 0, 0, 0, 0, 0.279228809, 0.0975900879, -0.147704248, 0.00274948275, 0.745595535, -0.666247348, 0.270263672, -0.641845703, -0.717407227, -0.96275032, -0.178044272, -0.203201258, 0, 2, 5, 1, 
432.460254, 61, 0.1, 0.1, 0.00129727598, 0.364987943, -0.0199629976, 0.998812431, 9.37510817e-006, 0.048720923, 0.0487209229, 1.11571804e-005, -0.998812431, -9.90756271e-006, 1, 1.06871665e-005, 0.998812431, 1.66812705e-005, 0.0487209152, 0.0487209149, 1.89383961e-005, -0.998812431, -1.75841563e-005, 1, 1.81031787e-005, 0, 0, 0, 0, 0, 0, 0, 0.213494873, 0.0629074219, -0.190071826, -0.288428406, 0.669563609, -0.684444925, -0.641235352, 0.395751953, 0.657348633, 0.711101546, 0.628582, 0.315298324, 0, 0, -0, 0, 0, 0, 0, 0.279228809, 0.0975900879, -0.147704248, 0.00274948275, 0.745595535, -0.666247348, 0.270263672, -0.641845703, -0.717407227, -0.96275032, -0.178044272, -0.203201258, 0, 2, 5, 1, 
432.461041, 61, 0.1, 0.1, 0.00129726645, 0.364987942, -0.0199614909, 0.998812429, 1.63044375e-005, 0.0487209641, 0.0487209638, 1.68777064e-005, -0.998812429, -1.7107373e-005, 1, 1.6063295e-005, 0.998812429, 1.04583792e-005, 0.0487209558, 0.0487209557, 1.05959971e-005, -0.998812429, -1.09622063e-005, 1, 1.00738714e-005, 0, 0, 0, 0, 0, 0, 0, 0.213494873, 0.0629074219, -0.190071826, -0.288428406, 0.669563609, -0.684444925, -0.641235352, 0.395751953, 0.657348633, 0.711101546, 0.628582, 0.315298324, 0, 0, -0, 0, 0, 0, 0, 0.279228809, 0.0975900879, -0.147704248, 0.00274948275, 0.745595535, -0.666247348, 0.270263672, -0.641845703, -0.717407227, -0.96275032, -0.178044272, -0.203201258, 0, 2, 5, 1, 
432.461831, 61, 0.1, 0.1, 0.00129725763, 0.364987943, -0.0199614723, 0.998812427, 8.33620559e-006, 0.0487210036, 0.0487210035, 1.01709706e-005, -0.998812427, -8.82184563e-006, 1, 9.7527435e-006, 0.998812427, -1.13780072e-005, 0.0487209967, 0.0487209966, -1.15117093e-005, -0.998812427, 1.1925357e-005, 1, -1.09436905e-005, 0, 0, 0, 0, 0, 0, 0, 0.213494873, 0.0629074219, -0.190071826, -0.288428406, 0.669563609, -0.684444925, -0.641235352, 0.395751953, 0.657348633, 0.711101546, 0.628582, 0.315298324, 0, 0, -0, 0, 0, 0, 0, 0.279228809, 0.0975900879, -0.147704248, 0.00274948275, 0.745595535, -0.666247348, 0.270263672, -0.641845703, -0.717407227, -0.96275032, -0.178044272, -0.203201258, 0, 2, 5, 1, 
432.462621, 61, 0.1, 0.1, 0.0012972485, 0.364987943, -0.0199627652, 0.998812425, -1.03479959e-005, 0.04872103, 0.0487210299, -1.17400456e-005, -0.998812425, 1.0907694e-005, 1, -1.12219384e-005, 0.998812426, -1.68251326e-005, 0.0487210259, 0.0487210256, -1.92946593e-005, -0.998812425, 1.77452071e-005, 1, -1.84520077e-005, 0, 0, 0, 0, 0, 0, 0, 0.213494873, 0.0629074219, -0.190071826, -0.288428406, 0.669563609, -0.684444925, -0.641235352, 0.395751953, 0.657348633, 0.711101546, 0.628582, 0.315298324, 0, 0, -0, 0, 0, 0, 0, 0.279228809, 0.0975900879, -0.147704248, 0.00274948275, 0.745595535, -0.666247348, 0.270263672, -0.641845703, -0.717407227, -0.96275032, -0.178044272, -0.203201258, 0, 2, 5, 1, 
432.46341, 61, 0.1, 0.1, 0.00129723855, 0.364987941, -0.0199648426, 0.998812424, -1.52304262e-005, 0.0487210477, 0.0487210475, -1.69689394e-005, -0.998812424, 1.60390834e-005, 1, -1.62067452e-005, 0.998812425, -9.9186147e-006, 0.0487210439, 0.0487210438, -1.05069153e-005, -0.998812425, 1.04187435e-005, 1, -1.00111923e-005, 0, 0, 0, 0, 0, 0, 0, 0.213494873, 0.0629074219, -0.190071826, -0.288428406, 0.669563609, -0.684444925, -0.641235352, 0.395751953, 0.657348633, 0.711101546, 0.628582, 0.315298324, 0, 0, -0, 0, 0, 0, 0, 0.279228809, 0.0975900879, -0.147704248, 0.00274948275, 0.745595535, -0.666247348, 0.270263672, -0.641845703, -0.717407227, -0.96275032, -0.178044272, -0.203201258, 0, 2, 5, 1, 
432.464225, 61, 0.1, 0.1, 0.00129722773, 0.36498794, -0.0199667813, 0.998812424, -7.33138834e-006, 0.0487210661, 0.048721066, -8.05986403e-006, -0.998812424, 7.71536692e-006, 1, -7.69309927e-006, 0.998812424, 9.560612e-006, 0.0487210627, 0.0487210626, 1.09084217e-005, -0.998812424, -1.00807279e-005, 1, 1.04296639e-005, 0, 0, 0, 0, 0, 0, 0, 0.216632251, 0.0580844482, -0.18962854, -0.28383374, 0.666936213, -0.688880832, -0.643066406, 0.400390625, 0.652709961, 0.711238966, 0.628380179, 0.315382943, 0, 0, -0, 0, 0, 0, 0, 0.281962646, 0.0931444824, -0.147454199, 0.00343961287, 0.739799975, -0.67264955, 0.271484375, -0.648071289, -0.711425781, -0.962309556, -0.180126323, -0.203014958, 0, 2, 5, 1, 
432.46501, 61, 0.1, 0.1, 0.00129721775, 0.364987938, -0.0199679917, 0.998812423, 8.23758078e-006, 0.0487210854, 0.0487210853, 9.69695121e-006, -0.998812423, -8.70024401e-006, 1, 9.28409145e-006, 0.998812423, 1.44581129e-005, 0.0487210809, 0.0487210807, 1.57637755e-005, -0.998812423, -1.52089709e-005, 1, 1.504064e-005, 0, 0, 0, 0, 0, 0, 0, 0.216632251, 0.0580844482, -0.18962854, -0.28383374, 0.666936213, -0.688880832, -0.643066406, 0.400390625, 0.652709961, 0.711238966, 0.628380179, 0.315382943, 0, 0, -0, 0, 0, 0, 0, 0.281962646, 0.0931444824, -0.147454199, 0.00343961287, 0.739799975, -0.67264955, 0.271484375, -0.648071289, -0.711425781, -0.962309556, -0.180126323, -0.203014958, 0, 2, 5, 1, 
432.465797, 61, 0.1, 0.1, 0.00129720883, 0.364987938, -0.0199683452, 0.998812421, 1.33921718e-005, 0.0487211094, 0.0487211092, 1.47014317e-005, -0.998812421, -1.40925376e-005, 1, 1.40314912e-005, 0.998812422, 8.20918946e-006, 0.0487211051, 0.048721105, 9.68336656e-006, -0.998812422, -8.67122473e-006, 1, 9.27190603e-006, 0, 0, 0, 0, 0, 0, 0, 0.216632251, 0.0580844482, -0.18962854, -0.28383374, 0.666936213, -0.688880832, -0.643066406, 0.400390625, 0.652709961, 0.711238966, 0.628380179, 0.315382943, 0, 0, -0, 0, 0, 0, 0, 0.281962646, 0.0931444824, -0.147454199, 0.00343961287, 0.739799975, -0.67264955, 0.271484375, -0.648071289, -0.711425781, -0.962309556, -0.180126323, -0.203014958, 0, 2, 5, 1, 
432.466799, 61, 0.1, 0.1, 0.00129719723, 0.364987937, -0.0199659766, 0.998812421, 1.98883614e-005, 0.0487211257, 0.0487211252, 2.38480012e-005, -0.998812421, -2.10266438e-005, 1, 2.28506965e-005, 0.998812421, -7.03476498e-006, 0.0487211241, 0.0487211241, -6.62609896e-006, -0.998812421, 7.34924162e-006, 1, -6.27548828e-006, 0, 0, 0, 0, 0, 0, 0, 0.219661353, 0.0541488281, -0.188926123, -0.281251649, 0.664093892, -0.692637518, -0.645996094, 0.402709961, 0.6484375, 0.709594083, 0.629942686, 0.315854352, 0, 0, -0, 0, 0, 0, 0, 0.284633496, 0.0891614746, -0.147382715, 0.00313301056, 0.734617619, -0.678285063, 0.273681641, -0.653076172, -0.706054687, -0.961728068, -0.18337135, -0.203116303, 0, 2, 5, 1, 
432.467721, 61, 0.1, 0.1, 0.00129718434, 0.364987934, -0.0199597209, 0.998812421, -3.34388397e-006, 0.0487211227, 0.0487211227, -6.9859824e-006, -0.998812421, 3.68027775e-006, 1, -6.81476821e-006, 0.998812421, -1.03351712e-005, 0.0487211228, 0.0487211227, -1.38788664e-005, -0.998812421, 1.09990913e-005, 1, -1.3358843e-005, 0, 0, 0, 0, 0, 0, 0, 0.219661353, 0.0541488281, -0.188926123, -0.281251649, 0.664093892, -0.692637518, -0.645996094, 0.402709961, 0.6484375, 0.709594083, 0.629942686, 0.315854352, 0, 0, -0, 0, 0, 0, 0, 0.284633496, 0.0891614746, -0.147382715, 0.00313301056, 0.734617619, -0.678285063, 0.273681641, -0.653076172, -0.706054687, -0.961728068, -0.18337135, -0.203116303, 0, 2, 5, 1, 
432.468513, 61, 0.1, 0.1, 0.0012971743, 0.364987932, -0.0199565579, 0.99881242, -1.96062334e-005, 0.0487211286, 0.0487211282, -2.24589989e-005, -0.99881242, 2.06771772e-005, 1, -2.14770892e-005, 0.998812421, -1.09263819e-005, 0.0487211276, 0.0487211274, -1.42558431e-005, -0.998812421, 1.16079667e-005, 1, -1.37065675e-005, 0, 0, 0, 0, 0, 0, 0, 0.219661353, 0.0541488281, -0.188926123, -0.281251649, 0.664093892, -0.692637518, -0.645996094, 0.402709961, 0.6484375, 0.709594083, 0.629942686, 0.315854352, 0, 0, -0, 0, 0, 0, 0, 0.284633496, 0.0891614746, -0.147382715, 0.00313301056, 0.734617619, -0.678285063, 0.273681641, -0.653076172, -0.706054687, -0.961728068, -0.18337135, -0.203116303, 0, 2, 5, 1, 
