time, trialNum, realDorsalTactorPos, realVentralTactorPos, box1PosX, box1PosY, box1PosZ, box1LocalRot_11, box1LocalRot_12, box1LocalRot_13, box1LocalRot_21, box1LocalRot_22, box1LocalRot_23, box1LocalRot_31, box1LocalRot_32, box1LocalRot_33, box1GlobalRot_11, box1GlobalRot_12, box1GlobalRot_13, box1GlobalRot_21, box1GlobalRot_22, box1GlobalRot_23, box1GlobalRot_31, box1GlobalRot_32, box1GlobalRot_33, indexForceX, indexForceY, indexForceZ, indexForceGlobalX, indexForceGlobalY, indexForceGlobalZ, indexContact, indexPosX, indexPosY, indexPosZ, indexRot_11, indexRot_12, indexRot_13, indexRot_21, indexRot_22, indexRot_23, indexRot_31, indexRot_32, indexRot_33, thumbForceX, thumbForceY, thumbForceZ, thumbForceGlobalX, thumbForceGlobalY, thumbForceGlobalZ, thumbContact, thumbPosX, thumbPosY, thumbPosZ, thumbRot_11, thumbRot_12, thumbRot_13, thumbRot_21, thumbRot_22, thumbRot_23, thumbRot_31, thumbRot_32, thumbRot_33, manipForceTooHigh, cceExpType, mapping, trialSuccess, 
423.830925, 28, 0.1, 0.1, 0.008367487, 0.361209434, -0.019961227, 0.989957491, -3.55523765e-005, -0.141365358, 0.141365358, -2.07081108e-005, 0.989957492, -3.8122751e-005, -0.999999999, -1.5474275e-005, 0.989957444, -3.17532718e-005, -0.141365689, 0.141365688, -3.25517796e-005, 0.989957444, -3.60360925e-005, -0.999999999, -2.77360534e-005, 0, 0, 0, 0, 0, 0, 0, 0.305958203, -0.106552246, -0.191516162, -0.0453633593, 0.515936618, -0.855405147, -0.994750977, 0.0541992187, 0.0854492188, 0.090485814, 0.854863346, 0.510955162, 0, 0, -0, 0, 0, 0, 0, 0.341419922, -0.0498281738, -0.160271387, -0.0194063692, 0.281937762, -0.959117873, 0.567382813, -0.786743164, -0.242675781, -0.823188421, -0.548853539, -0.144749241, 0, 2, 1, 1, 
423.851429, 28, 0.1, 0.1, 0.00836750018, 0.361209443, -0.0199593036, 0.989962867, 2.06758768e-005, -0.141327711, 0.14132771, 1.77291151e-005, 0.989962867, 2.29739655e-005, -1, 1.46290913e-005, 0.989962854, 5.06544069e-006, -0.141327802, 0.141327802, 2.37263525e-005, 0.989962854, 8.36779136e-006, -1, 2.277232e-005, 0, 0, 0, 0, 0, 0, 0, 0.30222832, -0.108991357, -0.187120215, -0.0798291726, 0.529849803, -0.84429423, -0.991333008, 0.0460205078, 0.122558594, 0.103854546, 0.846727301, 0.521801743, 0, 0, -0, 0, 0, 0, 0, 0.337336182, -0.0516300293, -0.157094434, -0.0475773701, 0.277138201, -0.959535648, 0.56652832, -0.783691406, -0.254394531, -0.822589774, -0.555740614, -0.119753638, 0, 2, 1, 1, 
423.852218, 28, 0.1, 0.1, 0.00836749809, 0.361209442, -0.0199637918, 0.989962977, -3.06982001e-005, -0.141326939, 0.14132694, 1.29497329e-005, 0.989962977, -2.85599354e-005, -0.999999999, 1.71582388e-005, 0.98996295, -3.13750308e-005, -0.141327125, 0.141327125, 6.82115453e-006, 0.989962951, -3.00961039e-005, -0.999999999, 1.11868332e-005, 0, 0, 0, 0, 0, 0, 0, 0.30222832, -0.108991357, -0.187120215, -0.0798291726, 0.529849803, -0.84429423, -0.991333008, 0.0460205078, 0.122558594, 0.103854546, 0.846727301, 0.521801743, 0, 0, -0, 0, 0, 0, 0, 0.337336182, -0.0516300293, -0.157094434, -0.0475773701, 0.277138201, -0.959535648, 0.56652832, -0.783691406, -0.254394531, -0.822589774, -0.555740614, -0.119753638, 0, 2, 1, 1, 
423.853026, 28, 0.1, 0.1, 0.00836750122, 0.361209442, -0.0199684954, 0.989963109, 1.45757626e-005, -0.141326018, 0.141326018, 9.65751173e-006, 0.989963109, 1.57943249e-005, -1, 7.50064584e-006, 0.989963085, 2.81177546e-005, -0.141326183, 0.141326183, -4.97049739e-006, 0.989963085, 2.71330777e-005, -1, -8.89438386e-006, 0, 0, 0, 0, 0, 0, 0, 0.30222832, -0.108991357, -0.187120215, -0.0798291726, 0.529849803, -0.84429423, -0.991333008, 0.0460205078, 0.122558594, 0.103854546, 0.846727301, 0.521801743, 0, 0, -0, 0, 0, 0, 0, 0.337336182, -0.0516300293, -0.157094434, -0.0475773701, 0.277138201, -0.959535648, 0.56652832, -0.783691406, -0.254394531, -0.822589774, -0.555740614, -0.119753638, 0, 2, 1, 1, 
423.853843, 28, 0.1, 0.1, 0.00836749949, 0.361209441, -0.0199714022, 0.98996317, 1.58215274e-005, -0.141325585, 0.141325585, -8.06463199e-006, 0.98996317, 1.45229906e-005, -1, -1.02196753e-005, 0.989963164, -3.89792492e-006, -0.141325628, 0.141325628, -1.62531312e-005, 0.989963164, -6.15578606e-006, -1, -1.55391245e-005, 0, 0, 0, 0, 0, 0, 0, 0.301522681, -0.109163696, -0.1863875, -0.0850004673, 0.530877622, -0.843094547, -0.990722656, 0.0445556641, 0.127929688, 0.105538742, 0.846193734, 0.522353283, 0, 0, -0, 0, 0, 0, 0, 0.336863672, -0.0526023438, -0.155911816, -0.0510342174, 0.275713465, -0.95984808, 0.564697266, -0.784667969, -0.255493164, -0.823566817, -0.555031161, -0.115613224, 0, 2, 1, 1, 
423.854635, 28, 0.1, 0.1, 0.00836750089, 0.361209441, -0.0199719906, 0.989963173, -1.64205167e-005, -0.141325566, 0.141325566, -1.74733712e-005, 0.989963173, -1.87251409e-005, -1, -1.49773552e-005, 0.989963173, -6.99003052e-006, -0.141325567, 0.141325567, -1.18060587e-005, 0.989963173, -8.58837073e-006, -1, -1.06996933e-005, 0, 0, 0, 0, 0, 0, 0, 0.301522681, -0.109163696, -0.1863875, -0.0850004673, 0.530877622, -0.843094547, -0.990722656, 0.0445556641, 0.127929688, 0.105538742, 0.846193734, 0.522353283, 0, 0, -0, 0, 0, 0, 0, 0.336863672, -0.0526023438, -0.155911816, -0.0510342174, 0.275713465, -0.95984808, 0.564697266, -0.784667969, -0.255493164, -0.823566817, -0.555031161, -0.115613224, 0, 2, 1, 1, 
423.855429, 28, 0.1, 0.1, 0.00836750218, 0.361209441, -0.0199703432, 0.989963199, 2.20444793e-005, -0.141325387, 0.141325387, -7.7769301e-006, 0.989963199, 2.07241456e-005, -1, -1.08143192e-005, 0.989963189, 2.20320453e-005, -0.141325454, 0.141325454, 7.9390389e-006, 0.989963189, 2.29329021e-005, -1, 4.74566747e-006, 0, 0, 0, 0, 0, 0, 0, 0.301522681, -0.109163696, -0.1863875, -0.0850004673, 0.530877622, -0.843094547, -0.990722656, 0.0445556641, 0.127929688, 0.105538742, 0.846193734, 0.522353283, 0, 0, -0, 0, 0, 0, 0, 0.336863672, -0.0526023438, -0.155911816, -0.0510342174, 0.275713465, -0.95984808, 0.564697266, -0.784667969, -0.255493164, -0.823566817, -0.555031161, -0.115613224, 0, 2, 1, 1, 
423.856218, 28, 0.1, 0.1, 0.00836749888, 0.361209441, -0.0199672361, 0.989963283, -1.25451168e-005, -0.1413248, 0.1413248, 6.55971349e-006, 0.989963283, -1.14921548e-005, -1, 8.26681161e-006, 0.989963263, -2.65731674e-005, -0.141324937, 0.141324937, 1.06100239e-005, 0.989963263, -2.48069986e-005, -1, 1.42589851e-005, 0, 0, 0, 0, 0, 0, 0, 0.301522681, -0.109163696, -0.1863875, -0.0850004673, 0.530877622, -0.843094547, -0.990722656, 0.0445556641, 0.127929688, 0.105538742, 0.846193734, 0.522353283, 0, 0, -0, 0, 0, 0, 0, 0.336863672, -0.0526023438, -0.155911816, -0.0510342174, 0.275713465, -0.95984808, 0.564697266, -0.784667969, -0.255493164, -0.823566817, -0.555031161, -0.115613224, 0, 2, 1, 1, 
423.857032, 28, 0.1, 0.1, 0.00836750082, 0.361209441, -0.0199636459, 0.989963368, -2.3615145e-005, -0.141324203, 0.141324203, 1.53482578e-005, 0.989963368, -2.12090482e-005, -1, 1.85316045e-005, 0.989963356, 6.22381417e-006, -0.141324284, 0.141324283, 1.38272682e-005, 0.989963356, 8.11547675e-006, -1, 1.28089128e-005, 0, 0, 0, 0, 0, 0, 0, 0.301522681, -0.109163696, -0.1863875, -0.0850004673, 0.530877622, -0.843094547, -0.990722656, 0.0445556641, 0.127929688, 0.105538742, 0.846193734, 0.522353283, 0, 0, -0, 0, 0, 0, 0, 0.336863672, -0.0526023438, -0.155911816, -0.0510342174, 0.275713465, -0.95984808, 0.564697266, -0.784667969, -0.255493164, -0.823566817, -0.555031161, -0.115613224, 0, 2, 1, 1, 
423.857836, 28, 0.1, 0.1, 0.00836749939, 0.361209441, -0.0199606734, 0.989963366, 2.76073689e-005, -0.141324215, 0.141324215, 1.97725059e-005, 0.989963366, 3.01246177e-005, -0.999999999, 1.56724667e-005, 0.989963376, 1.58230571e-005, -0.141324145, 0.141324145, -5.54732922e-006, 0.989963376, 1.48802755e-005, -1, -7.72783278e-006, 0, 0, 0, 0, 0, 0, 0, 0.301522681, -0.109163696, -0.1863875, -0.0898984265, 0.532571557, -0.84155825, -0.989990234, 0.0439453125, 0.133666992, 0.108168382, 0.84518389, 0.523469469, 0, 0, -0, 0, 0, 0, 0, 0.336863672, -0.0526023438, -0.155911816, -0.0510342174, 0.275713465, -0.95984808, 0.564697266, -0.784667969, -0.255493164, -0.823566817, -0.555031161, -0.115613224, 0, 2, 1, 1, 
423.858638, 28, 0.1, 0.1, 0.00836749765, 0.361209441, -0.0199592148, 0.989963311, -2.78333542e-005, -0.141324597, 0.141324597, -1.19941138e-005, 0.989963312, -2.92490628e-005, -1, -7.94019508e-006, 0.989963321, -2.87511112e-005, -0.141324531, 0.14132453, -1.93646077e-005, 0.989963321, -3.11992396e-005, -0.999999999, -1.51070141e-005, 0, 0, 0, 0, 0, 0, 0, 0.300610645, -0.1090802, -0.185412622, -0.0898984265, 0.532571557, -0.84155825, -0.989990234, 0.0439453125, 0.133666992, 0.108168382, 0.84518389, 0.523469469, 0, 0, -0, 0, 0, 0, 0, 0.335662451, -0.053278418, -0.155964648, -0.058618719, 0.275394103, -0.959470016, 0.562011719, -0.78527832, -0.259643555, -0.824977693, -0.554328271, -0.108699896, 0, 2, 1, 1, 
423.859433, 28, 0.1, 0.1, 0.00836750139, 0.361209442, -0.0199598671, 0.989963313, 1.93435521e-005, -0.141324589, 0.141324589, -1.79384864e-005, 0.989963313, 1.66142577e-005, -1, -2.04921629e-005, 0.989963304, 3.35179004e-005, -0.141324644, 0.141324645, -7.96970773e-006, 0.989963305, 3.20551753e-005, -0.999999999, -1.26266236e-005, 0, 0, 0, 0, 0, 0, 0, 0.300610645, -0.1090802, -0.185412622, -0.0898984265, 0.532571557, -0.84155825, -0.989990234, 0.0439453125, 0.133666992, 0.108168382, 0.84518389, 0.523469469, 0, 0, -0, 0, 0, 0, 0, 0.335662451, -0.053278418, -0.155964648, -0.058618719, 0.275394103, -0.959470016, 0.562011719, -0.78527832, -0.259643555, -0.824977693, -0.554328271, -0.108699896, 0, 2, 1, 1, 
423.860233, 28, 0.1, 0.1, 0.00836749886, 0.361209442, -0.0199623119, 0.989963395, 2.0588993e-005, -0.141324013, 0.141324014, -1.17763716e-005, 0.989963395, 1.87180653e-005, -1, -1.45678959e-005, 0.989963375, -1.10114696e-005, -0.14132415, 0.14132415, 5.00937526e-006, 0.989963375, -1.01930059e-005, -1, 6.51528462e-006, 0, 0, 0, 0, 0, 0, 0, 0.300610645, -0.1090802, -0.185412622, -0.0898984265, 0.532571557, -0.84155825, -0.989990234, 0.0439453125, 0.133666992, 0.108168382, 0.84518389, 0.523469469, 0, 0, -0, 0, 0, 0, 0, 0.335662451, -0.053278418, -0.155964648, -0.058618719, 0.275394103, -0.959470016, 0.562011719, -0.78527832, -0.259643555, -0.824977693, -0.554328271, -0.108699896, 0, 2, 1, 1, 
423.861035, 28, 0.1, 0.1, 0.00836750091, 0.361209441, -0.0199654641, 0.989963459, -2.3079787e-005, -0.141323565, 0.141323565, 3.6227645e-008, 0.989963459, -2.2843026e-005, -1, 3.29758184e-006, 0.989963453, -1.18139899e-005, -0.141323607, 0.141323607, 8.53553957e-006, 0.989963453, -1.0489145e-005, -1, 1.01194679e-005, 0, 0, 0, 0, 0, 0, 0, 0.300610645, -0.1090802, -0.185412622, -0.0898984265, 0.532571557, -0.84155825, -0.989990234, 0.0439453125, 0.133666992, 0.108168382, 0.84518389, 0.523469469, 0, 0, -0, 0, 0, 0, 0, 0.334882471, -0.053819873, -0.155643262, -0.0636472238, 0.274269406, -0.959469283, 0.561523438, -0.784912109, -0.26159668, -0.82501524, -0.55530568, -0.104035596, 0, 2, 1, 1, 
423.861824, 28, 0.1, 0.1, 0.0083675022, 0.361209439, -0.0199682652, 0.989963445, 2.11773918e-005, -0.141323664, 0.141323664, 1.19685948e-005, 0.989963445, 2.26562894e-005, -1, 8.85560478e-006, 0.989963452, 2.3050359e-005, -0.141323608, 0.141323608, 6.10606833e-006, 0.989963453, 2.36819446e-005, -1, 2.78722458e-006, 0, 0, 0, 0, 0, 0, 0, 0.300610645, -0.1090802, -0.185412622, -0.0898984265, 0.532571557, -0.84155825, -0.989990234, 0.0439453125, 0.133666992, 0.108168382, 0.84518389, 0.523469469, 0, 0, -0, 0, 0, 0, 0, 0.334882471, -0.053819873, -0.155643262, -0.0636472238, 0.274269406, -0.959469283, 0.561523438, -0.784912109, -0.26159668, -0.82501524, -0.55530568, -0.104035596, 0, 2, 1, 1, 
423.862609, 28, 0.1, 0.1, 0.00836749968, 0.361209438, -0.0199700036, 0.989963404, -1.16904395e-005, -0.141323949, 0.141323949, 4.59442883e-006, 0.989963404, -1.09238045e-005, -1, 6.20045548e-006, 0.98996341, -2.07904342e-005, -0.141323904, 0.141323904, -1.28756431e-005, 0.98996341, -2.24014053e-005, -1, -9.80823022e-006, 0, 0, 0, 0, 0, 0, 0, 0.300610645, -0.1090802, -0.185412622, -0.0898984265, 0.532571557, -0.84155825, -0.989990234, 0.0439453125, 0.133666992, 0.108168382, 0.84518389, 0.523469469, 0, 0, -0, 0, 0, 0, 0, 0.334882471, -0.053819873, -0.155643262, -0.0636472238, 0.274269406, -0.959469283, 0.561523438, -0.784912109, -0.26159668, -0.82501524, -0.55530568, -0.104035596, 0, 2, 1, 1, 
423.863408, 28, 0.1, 0.1, 0.00836750204, 0.361209437, -0.0199700631, 0.989963419, -1.07446078e-005, -0.141323845, 0.141323845, -9.74320061e-006, 0.989963419, -1.20137153e-005, -1, -8.1269429e-006, 0.989963411, 1.15078508e-005, -0.141323898, 0.141323899, -1.31439968e-005, 0.989963411, 9.53479032e-006, -1, -1.46384102e-005, 0, 0, 0, 0, 0, 0, 0, 0.299527979, -0.10971123, -0.184694067, -0.0939130999, 0.533358241, -0.84059371, -0.989013672, 0.0460205078, 0.139770508, 0.113253553, 0.844688516, 0.523316701, 0, 0, -0, 0, 0, 0, 0, 0.334882471, -0.053819873, -0.155643262, -0.0636472238, 0.274269406, -0.959469283, 0.561523438, -0.784912109, -0.26159668, -0.82501524, -0.55530568, -0.104035596, 0, 2, 1, 1, 
423.864195, 28, 0.1, 0.1, 0.0083675014, 0.361209438, -0.0199686258, 0.989963483, 2.72037419e-005, -0.141323395, 0.141323395, -8.77029461e-006, 0.989963483, 2.56912633e-005, -1, -1.25267966e-005, 0.98996347, 1.59076361e-005, -0.141323484, 0.141323484, -5.41036237e-006, 0.98996347, 1.49833674e-005, -1, -7.60418367e-006, 0, 0, 0, 0, 0, 0, 0, 0.299527979, -0.10971123, -0.184694067, -0.0939130999, 0.533358241, -0.84059371, -0.989013672, 0.0460205078, 0.139770508, 0.113253553, 0.844688516, 0.523316701, 0, 0, -0, 0, 0, 0, 0, 0.334882471, -0.053819873, -0.155643262, -0.0636472238, 0.274269406, -0.959469283, 0.561523438, -0.784912109, -0.26159668, -0.82501524, -0.55530568, -0.104035596, 0, 2, 1, 1, 
423.864983, 28, 0.1, 0.1, 0.00836750013, 0.361209439, -0.0199663421, 0.989963514, -2.08320154e-005, -0.141323177, 0.141323177, -1.38537417e-005, 0.989963514, -2.25807899e-005, -1, -1.07706522e-005, 0.989963514, -2.48378047e-005, -0.141323177, 0.141323178, 4.53887149e-006, 0.989963514, -2.39470727e-005, -1, 8.00347465e-006, 0, 0, 0, 0, 0, 0, 0, 0.299527979, -0.10971123, -0.184694067, -0.0939130999, 0.533358241, -0.84059371, -0.989013672, 0.0460205078, 0.139770508, 0.113253553, 0.844688516, 0.523316701, 0, 0, -0, 0, 0, 0, 0, 0.334882471, -0.053819873, -0.155643262, -0.0636472238, 0.274269406, -0.959469283, 0.561523438, -0.784912109, -0.26159668, -0.82501524, -0.55530568, -0.104035596, 0, 2, 1, 1, 
423.865807, 28, 0.1, 0.1, 0.00836750378, 0.36120944, -0.0199634835, 0.989963467, 1.06966614e-005, -0.141323509, 0.141323509, 1.20160716e-005, 0.989963467, 1.22874574e-005, -1, 1.03837822e-005, 0.98996348, 2.55900234e-005, -0.141323416, 0.141323416, 2.15069471e-005, 0.98996348, 2.83726239e-005, -0.999999999, 1.76746227e-005, 0, 0, 0, 0, 0, 0, 0, 0.299050342, -0.109622974, -0.184156885, -0.0989829231, 0.535153648, -0.838898653, -0.98840332, 0.0444335937, 0.144897461, 0.114798086, 0.843539007, 0.524654925, 0, 0, -0, 0, 0, 0, 0, 0.334817627, -0.0536591309, -0.15511084, -0.0684646417, 0.274185917, -0.95919403, 0.562988281, -0.783081055, -0.264038086, -0.823557687, -0.558014795, -0.100815355, 0, 2, 1, 1, 
423.866591, 28, 0.1, 0.1, 0.00836750011, 0.361209439, -0.0199615387, 0.989963414, 9.36695596e-006, -0.141323881, 0.141323881, 1.74663043e-005, 0.989963414, 1.17413496e-005, -1, 1.59672277e-005, 0.989963418, -1.69084477e-005, -0.141323847, 0.141323848, 8.17562984e-006, 0.989963419, -1.55833332e-005, -1, 1.04831414e-005, 0, 0, 0, 0, 0, 0, 0, 0.299050342, -0.109622974, -0.184156885, -0.0989829231, 0.535153648, -0.838898653, -0.98840332, 0.0444335937, 0.144897461, 0.114798086, 0.843539007, 0.524654925, 0, 0, -0, 0, 0, 0, 0, 0.334817627, -0.0536591309, -0.15511084, -0.0684646417, 0.274185917, -0.95919403, 0.562988281, -0.783081055, -0.264038086, -0.823557687, -0.558014795, -0.100815355, 0, 2, 1, 1, 
423.86738, 28, 0.1, 0.1, 0.00836750033, 0.361209437, -0.019961074, 0.989963441, -3.41352792e-005, -0.141323686, 0.141323686, 2.34190025e-006, 0.989963442, -3.34617125e-005, -0.999999999, 7.14251912e-006, 0.989963428, -1.85096583e-005, -0.14132378, 0.14132378, -1.60067261e-005, 0.989963428, -2.05860159e-005, -1, -1.32302186e-005, 0, 0, 0, 0, 0, 0, 0, 0.299050342, -0.109622974, -0.184156885, -0.0989829231, 0.535153648, -0.838898653, -0.98840332, 0.0444335937, 0.144897461, 0.114798086, 0.843539007, 0.524654925, 0, 0, -0, 0, 0, 0, 0, 0.334817627, -0.0536591309, -0.15511084, -0.0684646417, 0.274185917, -0.95919403, 0.562988281, -0.783081055, -0.264038086, -0.823557687, -0.558014795, -0.100815355, 0, 2, 1, 1, 
423.86817, 28, 0.1, 0.1, 0.00836750124, 0.361209436, -0.0199621448, 0.989963515, 2.87822857e-005, -0.141323166, 0.141323166, -8.67709985e-006, 0.989963516, 2.72671375e-005, -1, -1.2657616e-005, 0.989963502, 2.98994614e-005, -0.141323257, 0.141323258, -1.58968465e-005, 0.989963503, 2.73527814e-005, -0.999999999, -1.99627872e-005, 0, 0, 0, 0, 0, 0, 0, 0.299050342, -0.109622974, -0.184156885, -0.0989829231, 0.535153648, -0.838898653, -0.98840332, 0.0444335937, 0.144897461, 0.114798086, 0.843539007, 0.524654925, 0, 0, -0, 0, 0, 0, 0, 0.334817627, -0.0536591309, -0.15511084, -0.0684646417, 0.274185917, -0.95919403, 0.562988281, -0.783081055, -0.264038086, -0.823557687, -0.558014795, -0.100815355, 0, 2, 1, 1, 
423.868956, 28, 0.1, 0.1, 0.0083674986, 0.361209436, -0.0199642563, 0.989963535, -7.01719171e-006, -0.141323032, 0.141323031, -1.95195778e-005, 0.989963535, -9.70532982e-006, -1, -1.83319794e-005, 0.989963538, -2.17004902e-005, -0.141323012, 0.141323012, -1.56756765e-005, 0.989963538, -2.36980279e-005, -1, -1.24515695e-005, 0, 0, 0, 0, 0, 0, 0, 0.299050342, -0.109622974, -0.184156885, -0.0989829231, 0.535153648, -0.838898653, -0.98840332, 0.0444335937, 0.144897461, 0.114798086, 0.843539007, 0.524654925, 0, 0, -0, 0, 0, 0, 0, 0.334817627, -0.0536591309, -0.15511084, -0.0684646417, 0.274185917, -0.95919403, 0.562988281, -0.783081055, -0.264038086, -0.823557687, -0.558014795, -0.100815355, 0, 2, 1, 1, 
423.869738, 28, 0.1, 0.1, 0.00836750171, 0.361209437, -0.0199667338, 0.989963484, -9.15710611e-006, -0.141323392, 0.141323392, -1.10464587e-005, 0.989963484, -1.06263237e-005, -1, -9.64147746e-006, 0.989963496, 1.27522042e-005, -0.141323302, 0.141323302, 9.40184173e-006, 0.989963496, 1.39529159e-005, -1, 7.50529652e-006, 0, 0, 0, 0, 0, 0, 0, 0.299050342, -0.109622974, -0.184156885, -0.0989829231, 0.535153648, -0.838898653, -0.98840332, 0.0444335937, 0.144897461, 0.114798086, 0.843539007, 0.524654925, 0, 0, -0, 0, 0, 0, 0, 0.334817627, -0.0536591309, -0.15511084, -0.0684646417, 0.274185917, -0.95919403, 0.562988281, -0.783081055, -0.264038086, -0.823557687, -0.558014795, -0.100815355, 0, 2, 1, 1, 
423.870556, 28, 0.1, 0.1, 0.00836750064, 0.361209437, -0.0199684761, 0.989963445, 2.23848052e-005, -0.141323663, 0.141323663, 1.15369854e-005, 0.989963445, 2.37905879e-005, -1, 8.25769112e-006, 0.989963447, 1.09529474e-005, -0.141323651, 0.141323651, 1.66989488e-005, 0.989963447, 1.32029739e-005, -1, 1.49834384e-005, 0, 0, 0, 0, 0, 0, 0, 0.298831104, -0.109283643, -0.183600781, -0.103417709, 0.5375137, -0.836866981, -0.987670898, 0.0437011719, 0.150146484, 0.117230774, 0.842052885, 0.526557795, 0, 0, -0, 0, 0, 0, 0, 0.334509521, -0.0532451172, -0.15478335, -0.0734993431, 0.274428353, -0.958688734, 0.564086914, -0.78125, -0.266845703, -0.822368458, -0.560321425, -0.0974481931, 0, 2, 1, 1, 
423.871343, 28, 0.1, 0.1, 0.00836749945, 0.361209436, -0.0199689419, 0.989963476, -2.38544264e-005, -0.141323441, 0.141323441, 9.17264347e-006, 0.989963477, -2.23187014e-005, -1, 1.24517716e-005, 0.989963465, -2.42330415e-005, -0.141323518, 0.141323518, 4.08009481e-006, 0.989963466, -2.34132124e-005, -1, 7.46384346e-006, 0, 0, 0, 0, 0, 0, 0, 0.298831104, -0.109283643, -0.183600781, -0.103417709, 0.5375137, -0.836866981, -0.987670898, 0.0437011719, 0.150146484, 0.117230774, 0.842052885, 0.526557795, 0, 0, -0, 0, 0, 0, 0, 0.334509521, -0.0532451172, -0.15478335, -0.0734993431, 0.274428353, -0.958688734, 0.564086914, -0.78125, -0.266845703, -0.822368458, -0.560321425, -0.0974481931, 0, 2, 1, 1, 
423.872138, 28, 0.1, 0.1, 0.00836750232, 0.361209436, -0.0199681645, 0.989963532, 9.83287166e-006, -0.141323053, 0.141323053, 7.67141905e-006, 0.989963532, 1.08183327e-005, -1, 6.20481366e-006, 0.989963523, 2.47137561e-005, -0.141323117, 0.141323117, -6.69974173e-006, 0.989963523, 2.35188887e-005, -1, -1.0125125e-005, 0, 0, 0, 0, 0, 0, 0, 0.298831104, -0.109283643, -0.183600781, -0.103417709, 0.5375137, -0.836866981, -0.987670898, 0.0437011719, 0.150146484, 0.117230774, 0.842052885, 0.526557795, 0, 0, -0, 0, 0, 0, 0, 0.334509521, -0.0532451172, -0.15478335, -0.0734993431, 0.274428353, -0.958688734, 0.564086914, -0.78125, -0.266845703, -0.822368458, -0.560321425, -0.0974481931, 0, 2, 1, 1, 
423.872919, 28, 0.1, 0.1, 0.00836750001, 0.361209434, -0.0199666956, 0.989963528, 1.59973115e-005, -0.141323083, 0.141323083, -9.00232004e-006, 0.989963528, 1.45645193e-005, -1, -1.11727579e-005, 0.989963534, -6.49185232e-006, -0.14132304, 0.14132304, -1.92705086e-005, 0.989963534, -9.15006393e-006, -1, -1.81596525e-005, 0, 0, 0, 0, 0, 0, 0, 0.298831104, -0.109283643, -0.183600781, -0.103417709, 0.5375137, -0.836866981, -0.987670898, 0.0437011719, 0.150146484, 0.117230774, 0.842052885, 0.526557795, 0, 0, -0, 0, 0, 0, 0, 0.334509521, -0.0532451172, -0.15478335, -0.0734993431, 0.274428353, -0.958688734, 0.564086914, -0.78125, -0.266845703, -0.822368458, -0.560321425, -0.0974481931, 0, 2, 1, 1, 
423.873709, 28, 0.1, 0.1, 0.00836750046, 0.361209434, -0.0199650359, 0.989963467, -2.62346185e-005, -0.141323506, 0.141323506, -2.0730916e-005, 0.989963467, -2.89010797e-005, -0.999999999, -1.68152812e-005, 0.989963479, -1.45233234e-005, -0.14132342, 0.14132342, -1.34866109e-005, 0.98996348, -1.62835338e-005, -1, -1.12987666e-005, 0, 0, 0, 0, 0, 0, 0, 0.298831104, -0.109283643, -0.183600781, -0.103417709, 0.5375137, -0.836866981, -0.987670898, 0.0437011719, 0.150146484, 0.117230774, 0.842052885, 0.526557795, 0, 0, -0, 0, 0, 0, 0, 0.334509521, -0.0532451172, -0.15478335, -0.0734993431, 0.274428353, -0.958688734, 0.564086914, -0.78125, -0.266845703, -0.822368458, -0.560321425, -0.0974481931, 0, 2, 1, 1, 
423.874491, 28, 0.1, 0.1, 0.00836750109, 0.361209435, -0.0199636991, 0.989963442, 2.47932955e-005, -0.14132368, 0.14132368, -9.22315186e-006, 0.989963442, 2.32410064e-005, -1, -1.26344629e-005, 0.989963441, 2.32348641e-005, -0.141323692, 0.141323691, 1.04973799e-005, 0.989963441, 2.44851944e-005, -1, 7.10838555e-006, 0, 0, 0, 0, 0, 0, 0, 0.298831104, -0.109283643, -0.183600781, -0.103417709, 0.5375137, -0.836866981, -0.987670898, 0.0437011719, 0.150146484, 0.117230774, 0.842052885, 0.526557795, 0, 0, -0, 0, 0, 0, 0, 0.334509521, -0.0532451172, -0.15478335, -0.0734993431, 0.274428353, -0.958688734, 0.564086914, -0.78125, -0.266845703, -0.822368458, -0.560321425, -0.0974481931, 0, 2, 1, 1, 
423.875308, 28, 0.1, 0.1, 0.00836749703, 0.361209435, -0.0199628493, 0.989963498, -1.42512592e-005, -0.141323287, 0.141323287, 8.14951311e-006, 0.989963499, -1.29565104e-005, -1, 1.00817553e-005, 0.989963483, -3.0662297e-005, -0.14132339, 0.14132339, 1.27845661e-005, 0.989963484, -2.85477961e-005, -0.999999999, 1.69895534e-005, 0, 0, 0, 0, 0, 0, 0, 0.298606738, -0.108713623, -0.183034546, -0.107790336, 0.540013415, -0.834657454, -0.987182617, 0.0406494141, 0.153686523, 0.116934595, 0.840668233, 0.528803271, 0, 0, -0, 0, 0, 0, 0, 0.334032861, -0.0533156738, -0.15448418, -0.0776587138, 0.274038262, -0.958522123, 0.565063477, -0.779907227, -0.268798828, -0.821332713, -0.562449052, -0.0943621138, 0, 2, 1, 1, 
423.876095, 28, 0.1, 0.1, 0.00836750048, 0.361209435, -0.019962805, 0.989963559, -1.33585146e-005, -0.141322861, 0.141322861, 1.41540836e-005, 0.989963559, -1.1224147e-005, -1, 1.58998905e-005, 0.989963553, 1.36548411e-005, -0.141322905, 0.141322905, 1.23830705e-005, 0.989963553, 1.52678065e-005, -1, 1.03290467e-005, 0, 0, 0, 0, 0, 0, 0, 0.298606738, -0.108713623, -0.183034546, -0.107790336, 0.540013415, -0.834657454, -0.987182617, 0.0406494141, 0.153686523, 0.116934595, 0.840668233, 0.528803271, 0, 0, -0, 0, 0, 0, 0, 0.334032861, -0.0533156738, -0.15448418, -0.0776587138, 0.274038262, -0.958522123, 0.565063477, -0.779907227, -0.268798828, -0.821332713, -0.562449052, -0.0943621138, 0, 2, 1, 1, 
423.876874, 28, 0.1, 0.1, 0.00836750019, 0.361209434, -0.0199637462, 0.989963542, 2.84924832e-005, -0.141322983, 0.141322982, 1.18621037e-005, 0.989963542, 2.98829074e-005, -1, 7.71640747e-006, 0.989963553, 1.93416881e-005, -0.141322907, 0.141322908, -8.35388766e-006, 0.989963553, 1.79669706e-005, -1, -1.10034679e-005, 0, 0, 0, 0, 0, 0, 0, 0.298606738, -0.108713623, -0.183034546, -0.107790336, 0.540013415, -0.834657454, -0.987182617, 0.0406494141, 0.153686523, 0.116934595, 0.840668233, 0.528803271, 0, 0, -0, 0, 0, 0, 0, 0.334032861, -0.0533156738, -0.15448418, -0.0776587138, 0.274038262, -0.958522123, 0.565063477, -0.779907227, -0.268798828, -0.821332713, -0.562449052, -0.0943621138, 0, 2, 1, 1, 
423.877677, 28, 0.1, 0.1, 0.00836749908, 0.361209432, -0.0199652878, 0.989963479, -2.38091609e-005, -0.141323422, 0.141323421, -1.49316928e-005, 0.989963479, -2.56803977e-005, -1, -1.14170384e-005, 0.989963491, -2.34013968e-005, -0.141323339, 0.141323338, -2.18414687e-005, 0.989963491, -2.62532378e-005, -0.999999999, -1.83150931e-005, 0, 0, 0, 0, 0, 0, 0, 0.297833008, -0.109301196, -0.182070532, -0.109978524, 0.541688255, -0.833343195, -0.986694336, 0.0412597656, 0.157104492, 0.119505825, 0.839537821, 0.530078216, 0, 0, -0, 0, 0, 0, 0, 0.334032861, -0.0533156738, -0.15448418, -0.0820736474, 0.273648171, -0.958259631, 0.566040039, -0.778564453, -0.270751953, -0.820201086, -0.564576678, -0.0910204716, 0, 2, 1, 1, 
423.878453, 28, 0.1, 0.1, 0.00836750134, 0.361209433, -0.019966702, 0.989963467, 1.18403892e-005, -0.141323511, 0.141323511, -1.6739059e-005, 0.989963466, 9.3559301e-006, -1, -1.82443823e-005, 0.989963463, 2.3656106e-005, -0.141323535, 0.141323536, -9.36816833e-006, 0.989963463, 2.2094738e-005, -1, -1.26173089e-005, 0, 0, 0, 0, 0, 0, 0, 0.297833008, -0.109301196, -0.182070532, -0.109978524, 0.541688255, -0.833343195, -0.986694336, 0.0412597656, 0.157104492, 0.119505825, 0.839537821, 0.530078216, 0, 0, -0, 0, 0, 0, 0, 0.333318066, -0.0529397461, -0.154173291, -0.0820736474, 0.273648171, -0.958259631, 0.566040039, -0.778564453, -0.270751953, -0.820201086, -0.564576678, -0.0910204716, 0, 2, 1, 1, 
423.87923, 28, 0.1, 0.1, 0.00836749852, 0.361209432, -0.0199678182, 0.989963518, 1.40241504e-005, -0.141323148, 0.141323148, -9.27709438e-006, 0.989963518, 1.25723291e-005, -1, -1.11659221e-005, 0.989963506, -1.16327556e-005, -0.141323236, 0.141323236, 3.76087917e-006, 0.989963506, -1.09845039e-005, -1, 5.3671118e-006, 0, 0, 0, 0, 0, 0, 0, 0.297833008, -0.109301196, -0.182070532, -0.109978524, 0.541688255, -0.833343195, -0.986694336, 0.0412597656, 0.157104492, 0.119505825, 0.839537821, 0.530078216, 0, 0, -0, 0, 0, 0, 0, 0.333318066, -0.0529397461, -0.154173291, -0.0820736474, 0.273648171, -0.958259631, 0.566040039, -0.778564453, -0.270751953, -0.820201086, -0.564576678, -0.0910204716, 0, 2, 1, 1, 
423.880039, 28, 0.1, 0.1, 0.00836749966, 0.361209432, -0.0199679671, 0.989963557, -2.3233188e-005, -0.141322876, 0.141322876, 2.32178367e-006, 0.989963557, -2.26718883e-005, -1, 5.58186217e-006, 0.989963555, -1.3511311e-005, -0.141322888, 0.141322888, 1.03744845e-005, 0.989963555, -1.19095534e-005, -1, 1.2179819e-005, 0, 0, 0, 0, 0, 0, 0, 0.297833008, -0.109301196, -0.182070532, -0.109978524, 0.541688255, -0.833343195, -0.986694336, 0.0412597656, 0.157104492, 0.119505825, 0.839537821, 0.530078216, 0, 0, -0, 0, 0, 0, 0, 0.333318066, -0.0529397461, -0.154173291, -0.0820736474, 0.273648171, -0.958259631, 0.566040039, -0.778564453, -0.270751953, -0.820201086, -0.564576678, -0.0910204716, 0, 2, 1, 1, 
423.880829, 28, 0.1, 0.1, 0.00836750125, 0.361209432, -0.0199672526, 0.989963524, 2.21489777e-005, -0.141323105, 0.141323105, 1.54830451e-005, 0.989963524, 2.4114792e-005, -1, 1.21974876e-005, 0.989963536, 2.45960711e-005, -0.141323026, 0.141323026, 1.03464962e-005, 0.989963536, 2.58114117e-005, -1, 6.76666275e-006, 0, 0, 0, 0, 0, 0, 0, 0.297833008, -0.109301196, -0.182070532, -0.109978524, 0.541688255, -0.833343195, -0.986694336, 0.0412597656, 0.157104492, 0.119505825, 0.839537821, 0.530078216, 0, 0, -0, 0, 0, 0, 0, 0.333318066, -0.0529397461, -0.154173291, -0.0820736474, 0.273648171, -0.958259631, 0.566040039, -0.778564453, -0.270751953, -0.820201086, -0.564576678, -0.0910204716, 0, 2, 1, 1, 
423.88162, 28, 0.1, 0.1, 0.00836749833, 0.36120943, -0.0199660502, 0.989963467, -1.25442685e-005, -0.141323507, 0.141323507, 6.28030708e-006, 0.989963467, -1.15308125e-005, -1, 7.99007459e-006, 0.989963477, -2.34465484e-005, -0.141323439, 0.141323439, -1.36465314e-005, 0.989963477, -2.51398013e-005, -1, -1.01960208e-005, 0, 0, 0, 0, 0, 0, 0, 0.297833008, -0.109301196, -0.182070532, -0.109978524, 0.541688255, -0.833343195, -0.986694336, 0.0412597656, 0.157104492, 0.119505825, 0.839537821, 0.530078216, 0, 0, -0, 0, 0, 0, 0, 0.333318066, -0.0529397461, -0.154173291, -0.0820736474, 0.273648171, -0.958259631, 0.566040039, -0.778564453, -0.270751953, -0.820201086, -0.564576678, -0.0910204716, 0, 2, 1, 1, 
423.882435, 28, 0.1, 0.1, 0.00836750069, 0.36120943, -0.0199645434, 0.989963475, -1.79865828e-005, -0.14132345, 0.141323449, -1.22317306e-005, 0.989963475, -1.95346904e-005, -1, -9.56704062e-006, 0.989963467, 1.08629273e-005, -0.141323506, 0.141323507, -1.63893883e-005, 0.989963467, 8.43769536e-006, -1, -1.77600826e-005, 0, 0, 0, 0, 0, 0, 0, 0.29781604, -0.109981787, -0.18028728, -0.110321131, 0.541466216, -0.833381387, -0.986572266, 0.0412597656, 0.157470703, 0.11968368, 0.83969658, 0.529837081, 0, 0, -0, 0, 0, 0, 0, 0.333318066, -0.0529397461, -0.154173291, -0.0848017185, 0.272082344, -0.958502067, 0.567749023, -0.77722168, -0.270874023, -0.81876942, -0.567196107, -0.0887138412, 0, 2, 1, 1, 
423.883225, 28, 0.1, 0.1, 0.00836749884, 0.36120943, -0.0199633018, 0.989963544, 2.78805506e-005, -0.141322965, 0.141322965, -1.0912125e-005, 0.989963544, 2.60585948e-005, -1, -1.4742768e-005, 0.989963531, 1.36937742e-005, -0.141323062, 0.141323062, -7.1271222e-006, 0.989963531, 1.25491103e-005, -1, -8.99083715e-006, 0, 0, 0, 0, 0, 0, 0, 0.29781604, -0.109981787, -0.18028728, -0.110321131, 0.541466216, -0.833381387, -0.986572266, 0.0412597656, 0.157470703, 0.11968368, 0.83969658, 0.529837081, 0, 0, -0, 0, 0, 0, 0, 0.333167676, -0.0528751953, -0.153247852, -0.0848017185, 0.272082344, -0.958502067, 0.567749023, -0.77722168, -0.270874023, -0.81876942, -0.567196107, -0.0887138412, 0, 2, 1, 1, 
423.884012, 28, 0.1, 0.1, 0.00836749729, 0.361209431, -0.0199628944, 0.989963576, -2.33830485e-005, -0.141322746, 0.141322746, -1.41021385e-005, 0.989963576, -2.51413192e-005, -1, -1.06560469e-005, 0.989963576, -2.81247209e-005, -0.141322743, 0.141322743, 5.64109144e-006, 0.989963576, -2.70452348e-005, -1, 9.55913775e-006, 0, 0, 0, 0, 0, 0, 0, 0.29781604, -0.109981787, -0.18028728, -0.110321131, 0.541466216, -0.833381387, -0.986572266, 0.0412597656, 0.157470703, 0.11968368, 0.83969658, 0.529837081, 0, 0, -0, 0, 0, 0, 0, 0.333167676, -0.0528751953, -0.153247852, -0.0848017185, 0.272082344, -0.958502067, 0.567749023, -0.77722168, -0.270874023, -0.81876942, -0.567196107, -0.0887138412, 0, 2, 1, 1, 
423.884797, 28, 0.1, 0.1, 0.0083675007, 0.361209432, -0.0199634454, 0.989963527, 1.28910969e-005, -0.141323085, 0.141323085, 9.77406102e-006, 0.989963527, 1.41430162e-005, -1, 7.85415434e-006, 0.98996354, 2.62228608e-005, -0.141322991, 0.141322991, 1.86603564e-005, 0.989963541, 2.85968135e-005, -0.999999999, 1.47671794e-005, 0, 0, 0, 0, 0, 0, 0, 0.29781604, -0.109981787, -0.18028728, -0.110321131, 0.541466216, -0.833381387, -0.986572266, 0.0412597656, 0.157470703, 0.11968368, 0.83969658, 0.529837081, 0, 0, -0, 0, 0, 0, 0, 0.333167676, -0.0528751953, -0.153247852, -0.0848017185, 0.272082344, -0.958502067, 0.567749023, -0.77722168, -0.270874023, -0.81876942, -0.567196107, -0.0887138412, 0, 2, 1, 1, 
423.885582, 28, 0.1, 0.1, 0.00836749804, 0.36120943, -0.0199647046, 0.989963473, 1.22534793e-005, -0.141323469, 0.141323469, 1.42225172e-005, 0.989963473, 1.41404724e-005, -1, 1.23480683e-005, 0.989963478, -1.23079261e-005, -0.14132343, 0.14132343, 5.3356237e-006, 0.989963478, -1.14303487e-005, -1, 7.02147094e-006, 0, 0, 0, 0, 0, 0, 0, 0.29781604, -0.109981787, -0.18028728, -0.110321131, 0.541466216, -0.833381387, -0.986572266, 0.0412597656, 0.157470703, 0.11968368, 0.83969658, 0.529837081, 0, 0, -0, 0, 0, 0, 0, 0.333167676, -0.0528751953, -0.153247852, -0.0848017185, 0.272082344, -0.958502067, 0.567749023, -0.77722168, -0.270874023, -0.81876942, -0.567196107, -0.0887138412, 0, 2, 1, 1, 
423.88637, 28, 0.1, 0.1, 0.00836749924, 0.361209429, -0.0199661776, 0.989963491, -2.54785096e-005, -0.141323341, 0.141323341, 2.84789862e-006, 0.989963491, -2.48203198e-005, -1, 6.42002376e-006, 0.98996348, -1.1468816e-005, -0.141323416, 0.141323415, -1.35468741e-005, 0.98996348, -1.32681996e-005, -1, -1.17900984e-005, 0, 0, 0, 0, 0, 0, 0, 0.29781604, -0.109981787, -0.18028728, -0.110321131, 0.541466216, -0.833381387, -0.986572266, 0.0412597656, 0.157470703, 0.11968368, 0.83969658, 0.529837081, 0, 0, -0, 0, 0, 0, 0, 0.333167676, -0.0528751953, -0.153247852, -0.0848017185, 0.272082344, -0.958502067, 0.567749023, -0.77722168, -0.270874023, -0.81876942, -0.567196107, -0.0887138412, 0, 2, 1, 1, 
423.887203, 28, 0.1, 0.1, 0.00836750131, 0.361209428, -0.0199671223, 0.989963554, 2.87837225e-005, -0.141322897, 0.141322898, -7.12578484e-006, 0.989963554, 2.74877997e-005, -1, -1.11220664e-005, 0.989963542, 3.11519262e-005, -0.141322978, 0.141322978, -1.38214999e-005, 0.989963543, 2.88859756e-005, -0.999999999, -1.8085264e-005, 0, 0, 0, 0, 0, 0, 0, 0.297316577, -0.110623682, -0.1784729, -0.111412229, 0.542030861, -0.832841829, -0.986328125, 0.0413818359, 0.158935547, 0.120598045, 0.839359966, 0.530122399, 0, 0, -0, 0, 0, 0, 0, 0.333167676, -0.0528751953, -0.153247852, -0.0885010023, 0.271098005, -0.958444098, 0.569091797, -0.775878906, -0.271972656, -0.817439832, -0.569508934, -0.0857619234, 0, 2, 1, 1, 
423.887986, 28, 0.1, 0.1, 0.00836749917, 0.361209428, -0.0199671364, 0.989963567, -6.17593099e-006, -0.141322811, 0.141322811, -1.84585013e-005, 0.989963566, -8.72255396e-006, -1, -1.74004439e-005, 0.98996357, -1.91229967e-005, -0.141322786, 0.141322786, -1.4968467e-005, 0.98996357, -2.10464555e-005, -1, -1.21157218e-005, 0, 0, 0, 0, 0, 0, 0, 0.297316577, -0.110623682, -0.1784729, -0.111412229, 0.542030861, -0.832841829, -0.986328125, 0.0413818359, 0.158935547, 0.120598045, 0.839359966, 0.530122399, 0, 0, -0, 0, 0, 0, 0, 0.332504395, -0.0527657227, -0.152512207, -0.0885010023, 0.271098005, -0.958444098, 0.569091797, -0.775878906, -0.271972656, -0.817439832, -0.569508934, -0.0857619234, 0, 2, 1, 1, 
423.88877, 28, 0.1, 0.1, 0.00836750139, 0.361209429, -0.0199667137, 0.989963514, -1.50518892e-005, -0.141323179, 0.141323178, -1.26777724e-005, 0.989963514, -1.66924842e-005, -1, -1.04233513e-005, 0.989963527, 7.43445029e-006, -0.141323087, 0.141323087, 8.01486833e-006, 0.989963527, 8.49252057e-006, -1, 6.88376785e-006, 0, 0, 0, 0, 0, 0, 0, 0.297316577, -0.110623682, -0.1784729, -0.111412229, 0.542030861, -0.832841829, -0.986328125, 0.0413818359, 0.158935547, 0.120598045, 0.839359966, 0.530122399, 0, 0, -0, 0, 0, 0, 0, 0.332504395, -0.0527657227, -0.152512207, -0.0885010023, 0.271098005, -0.958444098, 0.569091797, -0.775878906, -0.271972656, -0.817439832, -0.569508934, -0.0857619234, 0, 2, 1, 1, 
423.889555, 28, 0.1, 0.1, 0.00836749923, 0.361209429, -0.019965984, 0.989963476, 1.88675345e-005, -0.141323442, 0.141323441, 9.15582372e-006, 0.989963477, 1.99721026e-005, -1, 6.39750617e-006, 0.989963478, 6.49831242e-006, -0.141323431, 0.141323431, 1.4414827e-005, 0.989963478, 8.47024478e-006, -1, 1.33517885e-005, 0, 0, 0, 0, 0, 0, 0, 0.297316577, -0.110623682, -0.1784729, -0.111412229, 0.542030861, -0.832841829, -0.986328125, 0.0413818359, 0.158935547, 0.120598045, 0.839359966, 0.530122399, 0, 0, -0, 0, 0, 0, 0, 0.332504395, -0.0527657227, -0.152512207, -0.0885010023, 0.271098005, -0.958444098, 0.569091797, -0.775878906, -0.271972656, -0.817439832, -0.569508934, -0.0857619234, 0, 2, 1, 1, 
423.890361, 28, 0.1, 0.1, 0.00836749661, 0.361209427, -0.019964968, 0.989963514, -3.15882144e-005, -0.141323176, 0.141323177, 8.56555225e-006, 0.989963514, -3.00606687e-005, -0.999999999, 1.2943731e-005, 0.989963501, -3.29890165e-005, -0.141323264, 0.141323264, 2.41252352e-006, 0.989963502, -3.23169766e-005, -0.999999999, 7.05042573e-006, 0, 0, 0, 0, 0, 0, 0, 0.297316577, -0.110623682, -0.1784729, -0.111412229, 0.542030861, -0.832841829, -0.986328125, 0.0413818359, 0.158935547, 0.120598045, 0.839359966, 0.530122399, 0, 0, -0, 0, 0, 0, 0, 0.331840381, -0.0537697754, -0.15154624, -0.0916446841, 0.269360103, -0.958622369, 0.567871094, -0.776611328, -0.272460937, -0.817892989, -0.569323367, -0.081730151, 0, 2, 1, 1, 
423.891148, 28, 0.1, 0.1, 0.00836749935, 0.361209427, -0.0199642511, 0.989963578, 1.07133471e-005, -0.141322729, 0.141322729, 9.94283091e-006, 0.989963578, 1.20109715e-005, -1, 8.32900101e-006, 0.989963567, 2.64697797e-005, -0.141322802, 0.141322802, -6.83044104e-006, 0.989963568, 2.52388205e-005, -1, -1.05026712e-005, 0, 0, 0, 0, 0, 0, 0, 0.297316577, -0.110623682, -0.1784729, -0.111412229, 0.542030861, -0.832841829, -0.986328125, 0.0413818359, 0.158935547, 0.120598045, 0.839359966, 0.530122399, 0, 0, -0, 0, 0, 0, 0, 0.331840381, -0.0537697754, -0.15154624, -0.0916446841, 0.269360103, -0.958622369, 0.567871094, -0.776611328, -0.272460937, -0.817892989, -0.569323367, -0.081730151, 0, 2, 1, 1, 
423.891933, 28, 0.1, 0.1, 0.00836749699, 0.361209425, -0.0199640637, 0.989963575, 1.86786594e-005, -0.141322752, 0.141322753, -8.49949399e-006, 0.989963575, 1.72900206e-005, -1, -1.1053909e-005, 0.989963581, -6.17067455e-006, -0.141322706, 0.141322706, -1.93839268e-005, 0.989963581, -8.84813207e-006, -1, -1.83173251e-005, 0, 0, 0, 0, 0, 0, 0, 0.297316577, -0.110623682, -0.1784729, -0.111412229, 0.542030861, -0.832841829, -0.986328125, 0.0413818359, 0.158935547, 0.120598045, 0.839359966, 0.530122399, 0, 0, -0, 0, 0, 0, 0, 0.331840381, -0.0537697754, -0.15154624, -0.0916446841, 0.269360103, -0.958622369, 0.567871094, -0.776611328, -0.272460937, -0.817892989, -0.569323367, -0.081730151, 0, 2, 1, 1, 
423.892732, 28, 0.1, 0.1, 0.0083674987, 0.361209426, -0.0199642427, 0.989963508, -2.19550314e-005, -0.141323223, 0.141323222, -1.79605421e-005, 0.989963508, -2.42729216e-005, -1, -1.46775255e-005, 0.989963521, -1.00387451e-005, -0.141323131, 0.141323131, -1.04665072e-005, 0.989963521, -1.1417151e-005, -1, -8.94275343e-006, 0, 0, 0, 0, 0, 0, 0, 0.296722876, -0.111054541, -0.177100244, -0.11435003, 0.542354371, -0.8322008, -0.985839844, 0.0405273437, 0.161987305, 0.121557715, 0.839061543, 0.530268054, 0, 0, -0, 0, 0, 0, 0, 0.331840381, -0.0537697754, -0.15154624, -0.0916446841, 0.269360103, -0.958622369, 0.567871094, -0.776611328, -0.272460937, -0.817892989, -0.569323367, -0.081730151, 0, 2, 1, 1, 
423.893518, 28, 0.1, 0.1, 0.00836749989, 0.361209427, -0.0199648833, 0.989963477, 2.59912355e-005, -0.141323436, 0.141323436, -7.20216428e-006, 0.989963477, 2.47125392e-005, -1, -1.08030503e-005, 0.989963477, 2.49090326e-005, -0.141323438, 0.141323438, 1.20215906e-005, 0.989963477, 2.63579651e-005, -1, 8.38070552e-006, 0, 0, 0, 0, 0, 0, 0, 0.296722876, -0.111054541, -0.177100244, -0.11435003, 0.542354371, -0.8322008, -0.985839844, 0.0405273437, 0.161987305, 0.121557715, 0.839061543, 0.530268054, 0, 0, -0, 0, 0, 0, 0, 0.331840381, -0.0537697754, -0.15154624, -0.0916446841, 0.269360103, -0.958622369, 0.567871094, -0.776611328, -0.272460937, -0.817892989, -0.569323367, -0.081730151, 0, 2, 1, 1, 
