time, trialNum, realDorsalTactorPos, realVentralTactorPos, box1PosX, box1PosY, box1PosZ, box1LocalRot_11, box1LocalRot_12, box1LocalRot_13, box1LocalRot_21, box1LocalRot_22, box1LocalRot_23, box1LocalRot_31, box1LocalRot_32, box1LocalRot_33, box1GlobalRot_11, box1GlobalRot_12, box1GlobalRot_13, box1GlobalRot_21, box1GlobalRot_22, box1GlobalRot_23, box1GlobalRot_31, box1GlobalRot_32, box1GlobalRot_33, indexForceX, indexForceY, indexForceZ, indexForceGlobalX, indexForceGlobalY, indexForceGlobalZ, indexContact, indexPosX, indexPosY, indexPosZ, indexRot_11, indexRot_12, indexRot_13, indexRot_21, indexRot_22, indexRot_23, indexRot_31, indexRot_32, indexRot_33, thumbForceX, thumbForceY, thumbForceZ, thumbForceGlobalX, thumbForceGlobalY, thumbForceGlobalZ, thumbContact, thumbPosX, thumbPosY, thumbPosZ, thumbRot_11, thumbRot_12, thumbRot_13, thumbRot_21, thumbRot_22, thumbRot_23, thumbRot_31, thumbRot_32, thumbRot_33, manipForceTooHigh, cceExpType, mapping, trialSuccess, 
207.734418, 22, 0.1, 0.1, 0.0264787531, 0.359631334, -0.0199657617, 0.974367942, -0.22496025, 1.71363981e-005, 0.22496025, 0.974367942, -1.94218651e-005, -1.23280093e-005, 2.27790511e-005, 1, 0.974368077, -0.224959666, 2.43997156e-006, 0.224959666, 0.974368076, -3.02958598e-005, 4.43791612e-006, 3.00682139e-005, 1, 0, 0, 0, 0, 0, 0, 0, 0.273064648, -0.112221582, -0.217941919, 0.0335491545, 0.464495503, -0.88492354, -0.997558594, 0.0690917969, -0.00158691405, 0.060437245, 0.882785527, 0.465822867, 0, 0, -0, 0, 0, 0, 0, 0.298028271, -0.0582378418, -0.188172119, 0.0631734075, 0.0292200077, -0.997595546, 0.684692383, -0.728393555, 0.0220947266, -0.726011443, -0.684410772, -0.0659420779, 0, 2, 1, 1, 
207.783053, 22, 0.1, 0.1, 0.0264787829, 0.359631338, -0.0199668615, 0.974362462, -0.224983983, 5.82966192e-006, 0.224983983, 0.974362462, 1.38453978e-005, -8.7951965e-006, -1.21788554e-005, 1, 0.974362481, -0.224983901, -1.35465524e-005, 0.224983901, 0.974362481, 2.26732947e-005, 8.09812615e-006, -2.51397638e-005, 1, 0, 0, 0, 0, 0, 0, 0, 0.278760156, -0.116786719, -0.206796558, -0.0128145912, 0.493903476, -0.869457231, -0.99987793, -0.00939941407, 0.00939941407, -0.00365559712, 0.869476327, 0.494024043, 0, 0, -0, 0, 0, 0, 0, 0.298738086, -0.0625612793, -0.174295117, 0.0350498505, 0.0727936506, -0.996747568, 0.743774414, -0.66796875, -0.0225830078, -0.66747325, -0.740465896, -0.0775135093, 0, 2, 1, 1, 
207.783832, 22, 0.1, 0.1, 0.0264787833, 0.359631341, -0.0199661517, 0.974362452, -0.224984024, -1.39949257e-005, 0.224984024, 0.974362452, 1.10618912e-005, 1.11473813e-005, -1.39269262e-005, 1, 0.974362445, -0.224984055, -1.48941038e-005, 0.224984055, 0.974362445, -1.3571811e-005, 1.75656965e-005, 9.87292708e-006, 1, 0, 0, 0, 0, 0, 0, 0, 0.278760156, -0.116786719, -0.206796558, -0.0128145912, 0.493903476, -0.869457231, -0.99987793, -0.00939941407, 0.00939941407, -0.00365559712, 0.869476327, 0.494024043, 0, 0, -0, 0, 0, 0, 0, 0.298738086, -0.0625612793, -0.174295117, 0.0350498505, 0.0727936506, -0.996747568, 0.743774414, -0.66796875, -0.0225830078, -0.66747325, -0.740465896, -0.0775135093, 0, 2, 1, 1, 
207.784616, 22, 0.1, 0.1, 0.0264787838, 0.35963134, -0.0199654565, 0.974362534, -0.22498367, -1.15908968e-005, 0.22498367, 0.974362534, -3.20107868e-005, 1.84956399e-005, 2.85823489e-005, 0.999999999, 0.974362518, -0.224983742, -8.66371501e-006, 0.224983742, 0.974362517, -1.85239775e-005, 1.26091929e-005, 1.60998743e-005, 1, 0, 0, 0, 0, 0, 0, 0, 0.278760156, -0.116786719, -0.206796558, -0.0128145912, 0.493903476, -0.869457231, -0.99987793, -0.00939941407, 0.00939941407, -0.00365559712, 0.869476327, 0.494024043, 0, 0, -0, 0, 0, 0, 0, 0.298738086, -0.0625612793, -0.174295117, 0.0350498505, 0.0727936506, -0.996747568, 0.743774414, -0.66796875, -0.0225830078, -0.66747325, -0.740465896, -0.0775135093, 0, 2, 1, 1, 
207.785394, 22, 0.1, 0.1, 0.0264787843, 0.35963134, -0.019964941, 0.974362564, -0.224983542, -1.91284589e-005, 0.224983542, 0.974362564, 1.77093133e-005, 1.46537502e-005, -2.15588803e-005, 1, 0.974362568, -0.224983526, -1.58090587e-006, 0.224983526, 0.974362567, 2.31489131e-005, -3.66774859e-006, -2.29111122e-005, 1, 0, 0, 0, 0, 0, 0, 0, 0.278760156, -0.116786719, -0.206796558, -0.0128145912, 0.493903476, -0.869457231, -0.99987793, -0.00939941407, 0.00939941407, -0.00365559712, 0.869476327, 0.494024043, 0, 0, -0, 0, 0, 0, 0, 0.298738086, -0.0625612793, -0.174295117, 0.0350498505, 0.0727936506, -0.996747568, 0.743774414, -0.66796875, -0.0225830078, -0.66747325, -0.740465896, -0.0775135093, 0, 2, 1, 1, 
207.786204, 22, 0.1, 0.1, 0.026478784, 0.359631344, -0.0199646644, 0.974362474, -0.224983933, 7.79212932e-006, 0.224983933, 0.974362473, -9.93859643e-006, -5.35633389e-006, 1.14368993e-005, 1, 0.974362499, -0.224983824, 1.79656936e-005, 0.224983824, 0.974362498, -2.3627619e-005, -1.21892661e-005, 2.70638564e-005, 1, 0, 0, 0, 0, 0, 0, 0, 0.279213574, -0.116859937, -0.206022095, -0.0167012016, 0.49694874, -0.867596301, -0.999755859, -0.0164794922, 0.00976562501, -0.00946679909, 0.867634493, 0.497189875, 0, 0, -0, 0, 0, 0, 0, 0.298738086, -0.0625612793, -0.174295117, 0.0343925363, 0.0770419734, -0.996441332, 0.748291016, -0.662719727, -0.025390625, -0.662387143, -0.744683602, -0.0804271476, 0, 2, 1, 1, 
207.786984, 22, 0.1, 0.1, 0.0264787858, 0.359631341, -0.019964547, 0.974362378, -0.224984348, 1.46826462e-005, 0.224984348, 0.974362378, -9.00282266e-006, -1.22807238e-005, 1.20753773e-005, 1, 0.974362388, -0.224984304, 3.51970813e-006, 0.224984304, 0.974362388, 1.45519311e-005, -6.70342732e-006, -1.33869753e-005, 1, 0, 0, 0, 0, 0, 0, 0, 0.279213574, -0.116859937, -0.206022095, -0.0167012016, 0.49694874, -0.867596301, -0.999755859, -0.0164794922, 0.00976562501, -0.00946679909, 0.867634493, 0.497189875, 0, 0, -0, 0, 0, 0, 0, 0.298801562, -0.063038623, -0.172773437, 0.0343925363, 0.0770419734, -0.996441332, 0.748291016, -0.662719727, -0.025390625, -0.662387143, -0.744683602, -0.0804271476, 0, 2, 1, 1, 
207.787762, 22, 0.1, 0.1, 0.0264787871, 0.359631342, -0.0199649171, 0.9743624, -0.224984252, 7.2240031e-007, 0.224984252, 0.974362399, 2.73928421e-005, -6.86683779e-006, -2.65280266e-005, 1, 0.974362384, -0.224984319, -1.4857003e-005, 0.22498432, 0.974362384, 1.21885898e-005, 1.17338633e-005, -1.52186961e-005, 1, 0, 0, 0, 0, 0, 0, 0, 0.279213574, -0.116859937, -0.206022095, -0.0167012016, 0.49694874, -0.867596301, -0.999755859, -0.0164794922, 0.00976562501, -0.00946679909, 0.867634493, 0.497189875, 0, 0, -0, 0, 0, 0, 0, 0.298801562, -0.063038623, -0.172773437, 0.0343925363, 0.0770419734, -0.996441332, 0.748291016, -0.662719727, -0.025390625, -0.662387143, -0.744683602, -0.0804271476, 0, 2, 1, 1, 
207.788538, 22, 0.1, 0.1, 0.0264787875, 0.359631344, -0.0199656314, 0.974362489, -0.224983865, -3.50584134e-006, 0.224983864, 0.974362489, -2.77784276e-005, 9.66565828e-006, 2.62775001e-005, 1, 0.974362474, -0.224983933, -9.63311132e-006, 0.224983932, 0.974362473, -2.98142191e-005, 1.60938624e-005, 2.6882561e-005, 1, 0, 0, 0, 0, 0, 0, 0, 0.279213574, -0.116859937, -0.206022095, -0.0167012016, 0.49694874, -0.867596301, -0.999755859, -0.0164794922, 0.00976562501, -0.00946679909, 0.867634493, 0.497189875, 0, 0, -0, 0, 0, 0, 0, 0.298801562, -0.063038623, -0.172773437, 0.0343925363, 0.0770419734, -0.996441332, 0.748291016, -0.662719727, -0.025390625, -0.662387143, -0.744683602, -0.0804271476, 0, 2, 1, 1, 
207.78933, 22, 0.1, 0.1, 0.0264787879, 0.359631342, -0.0199662945, 0.974362502, -0.22498381, -1.79212295e-005, 0.224983811, 0.974362502, 6.58144893e-006, 1.59810545e-005, -1.04447035e-005, 1, 0.974362509, -0.224983779, -1.54054757e-005, 0.224983779, 0.974362509, 2.05650746e-005, 1.03837098e-005, -2.35038199e-005, 1, 0, 0, 0, 0, 0, 0, 0, 0.279213574, -0.116859937, -0.206022095, -0.0167012016, 0.49694874, -0.867596301, -0.999755859, -0.0164794922, 0.00976562501, -0.00946679909, 0.867634493, 0.497189875, 0, 0, -0, 0, 0, 0, 0, 0.29884502, -0.0635374512, -0.17123833, 0.0335179387, 0.0809005718, -0.996051974, 0.752563477, -0.657836914, -0.0280761719, -0.657569358, -0.748696785, -0.0829638214, 0, 2, 1, 1, 
207.790102, 22, 0.1, 0.1, 0.0264787869, 0.359631344, -0.0199668325, 0.974362411, -0.224984205, -1.22436975e-005, 0.224984205, 0.974362411, 1.13008118e-005, 9.38729441e-006, -1.37657247e-005, 1, 0.974362432, -0.224984111, 9.77646687e-006, 0.224984111, 0.974362432, -8.29375989e-006, -7.65985784e-006, 1.02806778e-005, 1, 0, 0, 0, 0, 0, 0, 0, 0.279213574, -0.116859937, -0.206022095, -0.0167012016, 0.49694874, -0.867596301, -0.999755859, -0.0164794922, 0.00976562501, -0.00946679909, 0.867634493, 0.497189875, 0, 0, -0, 0, 0, 0, 0, 0.29884502, -0.0635374512, -0.17123833, 0.0335179387, 0.0809005718, -0.996051974, 0.752563477, -0.657836914, -0.0280761719, -0.657569358, -0.748696785, -0.0829638214, 0, 2, 1, 1, 
207.790884, 22, 0.1, 0.1, 0.026478787, 0.359631343, -0.0199670885, 0.974362343, -0.224984498, 1.13692208e-005, 0.224984498, 0.974362343, -2.08367345e-005, -6.3897984e-006, 2.28604279e-005, 1, 0.974362347, -0.22498448, 1.54699331e-005, 0.22498448, 0.974362347, -8.23973775e-006, -1.32195073e-005, 1.15089851e-005, 1, 0, 0, 0, 0, 0, 0, 0, 0.279213574, -0.116859937, -0.206022095, -0.0167012016, 0.49694874, -0.867596301, -0.999755859, -0.0164794922, 0.00976562501, -0.00946679909, 0.867634493, 0.497189875, 0, 0, -0, 0, 0, 0, 0, 0.29884502, -0.0635374512, -0.17123833, 0.0335179387, 0.0809005718, -0.996051974, 0.752563477, -0.657836914, -0.0280761719, -0.657569358, -0.748696785, -0.0829638214, 0, 2, 1, 1, 
207.791693, 22, 0.1, 0.1, 0.0264787885, 0.359631342, -0.019966704, 0.974362392, -0.224984285, 6.33425047e-006, 0.224984285, 0.974362392, 2.51822131e-005, -1.18374577e-005, -2.31114946e-005, 1, 0.974362373, -0.224984367, 1.9827131e-009, 0.224984367, 0.974362373, 2.56569145e-005, -5.77433655e-006, -2.4998686e-005, 1, 0, 0, 0, 0, 0, 0, 0, 0.279651978, -0.117625952, -0.205041968, -0.0209364097, 0.499530831, -0.86605289, -0.999633789, -0.0228271484, 0.0108642578, -0.0143576451, 0.86598961, 0.499911629, 0, 0, -0, 0, 0, 0, 0, 0.29884502, -0.0635374512, -0.17123833, 0.0335179387, 0.0809005718, -0.996051974, 0.752563477, -0.657836914, -0.0280761719, -0.657569358, -0.748696785, -0.0829638214, 0, 2, 1, 1, 
207.792469, 22, 0.1, 0.1, 0.026478789, 0.359631346, -0.019965956, 0.97436248, -0.224983905, 9.45945162e-006, 0.224983905, 0.97436248, -1.14250228e-005, -6.64648849e-006, 1.32603379e-005, 1, 0.974362466, -0.224983968, -4.61545019e-006, 0.224983968, 0.974362465, -2.81224377e-005, 1.0824219e-005, 2.63630454e-005, 1, 0, 0, 0, 0, 0, 0, 0, 0.279651978, -0.117625952, -0.205041968, -0.0209364097, 0.499530831, -0.86605289, -0.999633789, -0.0228271484, 0.0108642578, -0.0143576451, 0.86598961, 0.499911629, 0, 0, -0, 0, 0, 0, 0, 0.29884502, -0.0635374512, -0.17123833, 0.0335179387, 0.0809005718, -0.996051974, 0.752563477, -0.657836914, -0.0280761719, -0.657569358, -0.748696785, -0.0829638214, 0, 2, 1, 1, 
207.793244, 22, 0.1, 0.1, 0.0264787905, 0.359631344, -0.0199653295, 0.97436247, -0.224983949, -6.8497189e-006, 0.224983949, 0.97436247, -1.83756939e-005, 1.08083452e-005, 1.63635097e-005, 1, 0.97436248, -0.224983903, -1.94527387e-005, 0.224983903, 0.974362481, 4.14780763e-006, 1.80208288e-005, -8.41802121e-006, 1, 0, 0, 0, 0, 0, 0, 0, 0.279651978, -0.117625952, -0.205041968, -0.0209364097, 0.499530831, -0.86605289, -0.999633789, -0.0228271484, 0.0108642578, -0.0143576451, 0.86598961, 0.499911629, 0, 0, -0, 0, 0, 0, 0, 0.29884502, -0.0635374512, -0.17123833, 0.0335179387, 0.0809005718, -0.996051974, 0.752563477, -0.657836914, -0.0280761719, -0.657569358, -0.748696785, -0.0829638214, 0, 2, 1, 1, 
207.794048, 22, 0.1, 0.1, 0.0264787894, 0.359631346, -0.0199646438, 0.974362362, -0.224984416, -1.91506836e-005, 0.224984416, 0.974362362, 2.20806083e-005, 1.36919125e-005, -2.5823119e-005, 1, 0.974362382, -0.224984327, -1.10703171e-005, 0.224984328, 0.974362382, 1.11770462e-005, 8.27184028e-006, -1.33811412e-005, 1, 0, 0, 0, 0, 0, 0, 0, 0.279816357, -0.118180933, -0.204063184, -0.0261301657, 0.501871787, -0.864528575, -0.999389648, -0.0302734375, 0.0125732422, -0.0198382236, 0.86438292, 0.502512816, 0, 0, -0, 0, 0, 0, 0, 0.298792285, -0.0640296875, -0.170369287, 0.0311610022, 0.0848933315, -0.995873337, 0.756958008, -0.652587891, -0.0319824219, -0.652661888, -0.752818609, -0.0846634438, 0, 2, 1, 1, 
207.794834, 22, 0.1, 0.1, 0.0264787884, 0.359631347, -0.0199644208, 0.974362313, -0.224984628, -5.16866901e-006, 0.224984628, 0.974362313, -2.49449196e-005, 1.06483797e-005, 2.31425185e-005, 1, 0.974362313, -0.224984629, 1.4153288e-005, 0.22498463, 0.974362312, -2.22962819e-005, -8.77410968e-006, 2.4908929e-005, 1, 0, 0, 0, 0, 0, 0, 0, 0.279816357, -0.118180933, -0.204063184, -0.0261301657, 0.501871787, -0.864528575, -0.999389648, -0.0302734375, 0.0125732422, -0.0198382236, 0.86438292, 0.502512816, 0, 0, -0, 0, 0, 0, 0, 0.298792285, -0.0640296875, -0.170369287, 0.0311610022, 0.0848933315, -0.995873337, 0.756958008, -0.652587891, -0.0319824219, -0.652661888, -0.752818609, -0.0846634438, 0, 2, 1, 1, 
207.795614, 22, 0.1, 0.1, 0.0264787891, 0.359631344, -0.0199646769, 0.974362385, -0.224984316, 3.5005405e-006, 0.224984316, 0.974362385, 1.46636519e-005, -6.7098867e-006, -1.35001442e-005, 1, 0.974362365, -0.224984404, 6.92341497e-006, 0.224984404, 0.974362364, 2.99768711e-005, -1.34902435e-005, -2.76506746e-005, 1, 0, 0, 0, 0, 0, 0, 0, 0.279816357, -0.118180933, -0.204063184, -0.0261301657, 0.501871787, -0.864528575, -0.999389648, -0.0302734375, 0.0125732422, -0.0198382236, 0.86438292, 0.502512816, 0, 0, -0, 0, 0, 0, 0, 0.298792285, -0.0640296875, -0.170369287, 0.0311610022, 0.0848933315, -0.995873337, 0.756958008, -0.652587891, -0.0319824219, -0.652661888, -0.752818609, -0.0846634438, 0, 2, 1, 1, 
207.796392, 22, 0.1, 0.1, 0.0264787897, 0.359631347, -0.0199653197, 0.974362467, -0.224983962, 7.67514033e-006, 0.224983962, 0.974362467, 1.56109387e-005, -1.09905795e-005, -1.34839292e-005, 1, 0.974362459, -0.224983996, 8.24964401e-006, 0.224983996, 0.974362459, -9.60960184e-006, -5.8761368e-006, 1.12192732e-005, 1, 0, 0, 0, 0, 0, 0, 0, 0.279816357, -0.118180933, -0.204063184, -0.0261301657, 0.501871787, -0.864528575, -0.999389648, -0.0302734375, 0.0125732422, -0.0198382236, 0.86438292, 0.502512816, 0, 0, -0, 0, 0, 0, 0, 0.298792285, -0.0640296875, -0.170369287, 0.0311610022, 0.0848933315, -0.995873337, 0.756958008, -0.652587891, -0.0319824219, -0.652661888, -0.752818609, -0.0846634438, 0, 2, 1, 1, 
207.797168, 22, 0.1, 0.1, 0.0264787914, 0.359631346, -0.0199661793, 0.974362437, -0.224984091, 1.1379705e-005, 0.224984091, 0.974362437, -2.32508567e-005, -5.85688424e-006, 2.5215014e-005, 1, 0.974362454, -0.224984019, -8.72902715e-006, 0.224984018, 0.974362454, -1.62885611e-005, 1.21699023e-005, 1.39070708e-005, 1, 0, 0, 0, 0, 0, 0, 0, 0.279816357, -0.118180933, -0.204063184, -0.0261301657, 0.501871787, -0.864528575, -0.999389648, -0.0302734375, 0.0125732422, -0.0198382236, 0.86438292, 0.502512816, 0, 0, -0, 0, 0, 0, 0, 0.298792285, -0.0640296875, -0.170369287, 0.0311610022, 0.0848933315, -0.995873337, 0.756958008, -0.652587891, -0.0319824219, -0.652661888, -0.752818609, -0.0846634438, 0, 2, 1, 1, 
207.797946, 22, 0.1, 0.1, 0.0264787924, 0.359631345, -0.0199669484, 0.974362343, -0.224984498, -1.45528669e-005, 0.224984498, 0.974362343, 2.10299648e-005, 9.44834941e-006, -2.37649753e-005, 1, 0.97436236, -0.224984425, -2.09886961e-005, 0.224984425, 0.97436236, 2.04426325e-005, 1.58513215e-005, -2.46406613e-005, 1, 0, 0, 0, 0, 0, 0, 0, 0.279816357, -0.118180933, -0.204063184, -0.0261301657, 0.501871787, -0.864528575, -0.999389648, -0.0302734375, 0.0125732422, -0.0198382236, 0.86438292, 0.502512816, 0, 0, -0, 0, 0, 0, 0, 0.298792285, -0.0640296875, -0.170369287, 0.0311610022, 0.0848933315, -0.995873337, 0.756958008, -0.652587891, -0.0319824219, -0.652661888, -0.752818609, -0.0846634438, 0, 2, 1, 1, 
207.798752, 22, 0.1, 0.1, 0.0264787914, 0.359631349, -0.0199670855, 0.974362325, -0.224984578, -1.19524075e-005, 0.224984577, 0.974362325, -1.4688246e-005, 1.49506044e-005, 1.16225662e-005, 1, 0.974362319, -0.224984603, -4.13941558e-006, 0.224984603, 0.974362318, -2.64007513e-005, 9.97305312e-006, 2.47925925e-005, 1, 0, 0, 0, 0, 0, 0, 0, 0.28017627, -0.118262939, -0.203288721, -0.0318192961, 0.504758292, -0.862667645, -0.999023437, -0.0385742188, 0.0142822266, -0.026105486, 0.862319048, 0.505678648, 0, 0, -0, 0, 0, 0, 0, 0.298816211, -0.0640905762, -0.169054004, 0.0296987195, 0.088815729, -0.995509499, 0.761962891, -0.646606445, -0.0349121094, -0.64692393, -0.7574388, -0.0869573143, 0, 2, 1, 1, 
207.799527, 22, 0.1, 0.1, 0.0264787911, 0.359631346, -0.0199667761, 0.97436241, -0.224984209, -3.94891566e-006, 0.224984209, 0.97436241, -1.51190561e-005, 7.24922386e-006, 1.38429963e-005, 1, 0.974362389, -0.224984298, 7.42364151e-006, 0.224984298, 0.974362389, 1.17384528e-005, -9.87428463e-006, -9.76730413e-006, 1, 0, 0, 0, 0, 0, 0, 0, 0.28017627, -0.118262939, -0.203288721, -0.0318192961, 0.504758292, -0.862667645, -0.999023437, -0.0385742188, 0.0142822266, -0.026105486, 0.862319048, 0.505678648, 0, 0, -0, 0, 0, 0, 0, 0.298816211, -0.0640905762, -0.169054004, 0.0296987195, 0.088815729, -0.995509499, 0.761962891, -0.646606445, -0.0349121094, -0.64692393, -0.7574388, -0.0869573143, 0, 2, 1, 1, 
207.800308, 22, 0.1, 0.1, 0.0264787902, 0.359631347, -0.0199662408, 0.974362472, -0.224983939, 2.31135223e-006, 0.224983939, 0.974362472, 2.67105565e-005, -8.26154109e-006, -2.55057468e-005, 1, 0.974362469, -0.224983952, 1.20930137e-005, 0.224983952, 0.974362469, 1.7062775e-005, -1.56218292e-005, -1.39045936e-005, 1, 0, 0, 0, 0, 0, 0, 0, 0.28017627, -0.118262939, -0.203288721, -0.0318192961, 0.504758292, -0.862667645, -0.999023437, -0.0385742188, 0.0142822266, -0.026105486, 0.862319048, 0.505678648, 0, 0, -0, 0, 0, 0, 0, 0.298816211, -0.0640905762, -0.169054004, 0.0296987195, 0.088815729, -0.995509499, 0.761962891, -0.646606445, -0.0349121094, -0.64692393, -0.7574388, -0.0869573143, 0, 2, 1, 1, 
207.801088, 22, 0.1, 0.1, 0.0264787908, 0.359631348, -0.0199656357, 0.974362418, -0.224984171, 1.75487812e-005, 0.224984171, 0.974362418, -1.9324592e-005, -1.27511456e-005, 2.27773542e-005, 1, 0.974362437, -0.224984091, 1.27621824e-005, 0.224984091, 0.974362437, -2.21777949e-005, -7.44534009e-006, 2.44804983e-005, 1, 0, 0, 0, 0, 0, 0, 0, 0.28017627, -0.118262939, -0.203288721, -0.0318192961, 0.504758292, -0.862667645, -0.999023437, -0.0385742188, 0.0142822266, -0.026105486, 0.862319048, 0.505678648, 0, 0, -0, 0, 0, 0, 0, 0.298816211, -0.0640905762, -0.169054004, 0.0296987195, 0.088815729, -0.995509499, 0.761962891, -0.646606445, -0.0349121094, -0.64692393, -0.7574388, -0.0869573143, 0, 2, 1, 1, 
207.801866, 22, 0.1, 0.1, 0.0264787929, 0.359631345, -0.0199652075, 0.974362325, -0.224984575, 2.37921087e-006, 0.224984575, 0.974362325, 1.53028509e-005, -5.76111884e-006, -1.43752356e-005, 1, 0.974362341, -0.224984506, -1.78845196e-005, 0.224984507, 0.974362341, 2.45064668e-005, 1.1912427e-005, -2.79019181e-005, 1, 0, 0, 0, 0, 0, 0, 0, 0.28017627, -0.118262939, -0.203288721, -0.0318192961, 0.504758292, -0.862667645, -0.999023437, -0.0385742188, 0.0142822266, -0.026105486, 0.862319048, 0.505678648, 0, 0, -0, 0, 0, 0, 0, 0.298816211, -0.0640905762, -0.169054004, 0.0296987195, 0.088815729, -0.995509499, 0.761962891, -0.646606445, -0.0349121094, -0.64692393, -0.7574388, -0.0869573143, 0, 2, 1, 1, 
207.802646, 22, 0.1, 0.1, 0.0264787939, 0.359631348, -0.0199650858, 0.974362332, -0.224984544, -1.69553918e-005, 0.224984545, 0.974362332, 1.35214325e-005, 1.34785817e-005, -1.69894756e-005, 1, 0.974362322, -0.224984589, -1.82845507e-005, 0.224984589, 0.974362322, -1.22600084e-005, 2.05740902e-005, 7.83194817e-006, 1, 0, 0, 0, 0, 0, 0, 0, 0.28017627, -0.118262939, -0.203288721, -0.0318192961, 0.504758292, -0.862667645, -0.999023437, -0.0385742188, 0.0142822266, -0.026105486, 0.862319048, 0.505678648, 0, 0, -0, 0, 0, 0, 0, 0.298816211, -0.0640905762, -0.169054004, 0.0296987195, 0.088815729, -0.995509499, 0.761962891, -0.646606445, -0.0349121094, -0.64692393, -0.7574388, -0.0869573143, 0, 2, 1, 1, 
207.803449, 22, 0.1, 0.1, 0.0264787947, 0.359631347, -0.0199650915, 0.974362435, -0.224984099, -1.31941185e-005, 0.224984099, 0.974362435, -3.26614707e-005, 2.0204165e-005, 2.88556432e-005, 0.999999999, 0.974362415, -0.224984185, -1.08080217e-005, 0.224984185, 0.974362415, -1.95805615e-005, 1.49362468e-005, 1.66469292e-005, 1, 0, 0, 0, 0, 0, 0, 0, 0.280510547, -0.117653491, -0.202265991, -0.0379405213, 0.508088875, -0.860349533, -0.998657227, -0.0482177734, 0.0155029297, -0.0335402307, 0.859937656, 0.509390029, 0, 0, -0, 0, 0, 0, 0, 0.298888477, -0.0641316895, -0.167757275, 0.0287924055, 0.0931406107, -0.995190503, 0.767211914, -0.640136719, -0.0377197266, -0.640636567, -0.762384915, -0.0899923543, 0, 2, 1, 1, 
207.804226, 22, 0.1, 0.1, 0.0264787951, 0.359631347, -0.0199652312, 0.974362481, -0.224983901, -1.8390561e-005, 0.224983902, 0.974362481, 1.74681945e-005, 1.39890101e-005, -2.11579335e-005, 1, 0.974362481, -0.224983899, -1.22173105e-006, 0.224983899, 0.974362481, 2.26565024e-005, -3.90693934e-006, -2.23505157e-005, 1, 0, 0, 0, 0, 0, 0, 0, 0.280510547, -0.117653491, -0.202265991, -0.0379405213, 0.508088875, -0.860349533, -0.998657227, -0.0482177734, 0.0155029297, -0.0335402307, 0.859937656, 0.509390029, 0, 0, -0, 0, 0, 0, 0, 0.298888477, -0.0641316895, -0.167757275, 0.0287924055, 0.0931406107, -0.995190503, 0.767211914, -0.640136719, -0.0377197266, -0.640636567, -0.762384915, -0.0899923543, 0, 2, 1, 1, 
207.805003, 22, 0.1, 0.1, 0.0264787945, 0.359631351, -0.0199656243, 0.974362412, -0.2249842, 1.01144739e-005, 0.2249842, 0.974362412, -1.07369375e-005, -7.43952186e-006, 1.27372651e-005, 1, 0.974362431, -0.224984115, 1.87416376e-005, 0.224984115, 0.974362431, -2.29585816e-005, -1.30958314e-005, 2.65865501e-005, 1, 0, 0, 0, 0, 0, 0, 0, 0.280510547, -0.117653491, -0.202265991, -0.0379405213, 0.508088875, -0.860349533, -0.998657227, -0.0482177734, 0.0155029297, -0.0335402307, 0.859937656, 0.509390029, 0, 0, -0, 0, 0, 0, 0, 0.298888477, -0.0641316895, -0.167757275, 0.0287924055, 0.0931406107, -0.995190503, 0.767211914, -0.640136719, -0.0377197266, -0.640636567, -0.762384915, -0.0899923543, 0, 2, 1, 1, 
207.805811, 22, 0.1, 0.1, 0.0264787953, 0.359631348, -0.0199659899, 0.974362331, -0.224984549, 1.93405523e-005, 0.224984549, 0.974362331, -1.01927349e-005, -1.65514978e-005, 1.42827424e-005, 1, 0.974362339, -0.224984518, 7.65435194e-006, 0.224984517, 0.974362339, 1.40013315e-005, -1.06081951e-005, -1.19202594e-005, 1, 0, 0, 0, 0, 0, 0, 0, 0.280603149, -0.117229932, -0.201666797, -0.0444927197, 0.512187045, -0.857637518, -0.998168945, -0.0570068359, 0.0177001953, -0.0397943886, 0.856940323, 0.514027757, 0, 0, -0, 0, 0, 0, 0, 0.298888477, -0.0641316895, -0.167757275, 0.0263078708, 0.0980725005, -0.994813905, 0.772338867, -0.633666992, -0.0419921875, -0.634515081, -0.767267232, -0.0924076264, 0, 2, 1, 1, 
207.806591, 22, 0.1, 0.1, 0.0264787953, 0.359631349, -0.0199660355, 0.974362368, -0.224984391, 5.01033323e-006, 0.224984391, 0.974362368, 2.69608728e-005, -1.09476557e-005, -2.51424131e-005, 1, 0.97436235, -0.224984469, -9.84712969e-006, 0.224984469, 0.97436235, 1.18405872e-005, 6.93072421e-006, -1.37524736e-005, 1, 0, 0, 0, 0, 0, 0, 0, 0.280603149, -0.117229932, -0.201666797, -0.0444927197, 0.512187045, -0.857637518, -0.998168945, -0.0570068359, 0.0177001953, -0.0397943886, 0.856940323, 0.514027757, 0, 0, -0, 0, 0, 0, 0, 0.298852832, -0.0639080566, -0.167113428, 0.0263078708, 0.0980725005, -0.994813905, 0.772338867, -0.633666992, -0.0419921875, -0.634515081, -0.767267232, -0.0924076264, 0, 2, 1, 1, 
207.807369, 22, 0.1, 0.1, 0.0264787949, 0.359631351, -0.0199660757, 0.974362467, -0.224983959, -4.84727038e-007, 0.224983959, 0.974362467, -2.54434408e-005, 6.1966659e-006, 2.4682078e-005, 1, 0.97436245, -0.224984037, -6.35206664e-006, 0.224984037, 0.974362449, -2.78072679e-005, 1.24454066e-005, 2.56652441e-005, 1, 0, 0, 0, 0, 0, 0, 0, 0.280603149, -0.117229932, -0.201666797, -0.0444927197, 0.512187045, -0.857637518, -0.998168945, -0.0570068359, 0.0177001953, -0.0397943886, 0.856940323, 0.514027757, 0, 0, -0, 0, 0, 0, 0, 0.298852832, -0.0639080566, -0.167113428, 0.0263078708, 0.0980725005, -0.994813905, 0.772338867, -0.633666992, -0.0419921875, -0.634515081, -0.767267232, -0.0924076264, 0, 2, 1, 1, 
207.808163, 22, 0.1, 0.1, 0.0264787949, 0.359631348, -0.0199659158, 0.974362489, -0.224983865, -1.78081412e-005, 0.224983865, 0.974362489, 7.8299316e-006, 1.55899766e-005, -1.16357361e-005, 1, 0.974362495, -0.224983839, -1.48163732e-005, 0.22498384, 0.974362495, 2.23424258e-005, 9.40983362e-006, -2.51030663e-005, 1, 0, 0, 0, 0, 0, 0, 0, 0.280603149, -0.117229932, -0.201666797, -0.0444927197, 0.512187045, -0.857637518, -0.998168945, -0.0570068359, 0.0177001953, -0.0397943886, 0.856940323, 0.514027757, 0, 0, -0, 0, 0, 0, 0, 0.298852832, -0.0639080566, -0.167113428, 0.0263078708, 0.0980725005, -0.994813905, 0.772338867, -0.633666992, -0.0419921875, -0.634515081, -0.767267232, -0.0924076264, 0, 2, 1, 1, 
207.808945, 22, 0.1, 0.1, 0.026478794, 0.35963135, -0.019965726, 0.974362402, -0.224984243, -1.43870516e-005, 0.224984243, 0.974362402, 1.14940599e-005, 1.14322197e-005, -1.44362397e-005, 1, 0.974362423, -0.224984154, 8.81920135e-006, 0.224984154, 0.974362423, -8.50247337e-006, -6.68017662e-006, 1.02686711e-005, 1, 0, 0, 0, 0, 0, 0, 0, 0.280603149, -0.117229932, -0.201666797, -0.0444927197, 0.512187045, -0.857637518, -0.998168945, -0.0570068359, 0.0177001953, -0.0397943886, 0.856940323, 0.514027757, 0, 0, -0, 0, 0, 0, 0, 0.298852832, -0.0639080566, -0.167113428, 0.0263078708, 0.0980725005, -0.994813905, 0.772338867, -0.633666992, -0.0419921875, -0.634515081, -0.767267232, -0.0924076264, 0, 2, 1, 1, 
207.809736, 22, 0.1, 0.1, 0.0264787946, 0.359631349, -0.019965592, 0.974362339, -0.224984516, 8.97926357e-006, 0.224984516, 0.974362339, -2.35930943e-005, -3.44097534e-006, 2.50084178e-005, 1, 0.974362342, -0.224984503, 1.34699332e-005, 0.224984503, 0.974362342, -1.00467598e-005, -1.08642304e-005, 1.28197106e-005, 1, 0, 0, 0, 0, 0, 0, 0, 0.280603149, -0.117229932, -0.201666797, -0.0444927197, 0.512187045, -0.857637518, -0.998168945, -0.0570068359, 0.0177001953, -0.0397943886, 0.856940323, 0.514027757, 0, 0, -0, 0, 0, 0, 0, 0.298852832, -0.0639080566, -0.167113428, 0.0263078708, 0.0980725005, -0.994813905, 0.772338867, -0.633666992, -0.0419921875, -0.634515081, -0.767267232, -0.0924076264, 0, 2, 1, 1, 
207.810525, 22, 0.1, 0.1, 0.0264787963, 0.359631348, -0.0199654737, 0.974362394, -0.224984277, 4.84417616e-006, 0.224984276, 0.974362394, 2.57744454e-005, -1.0518828e-005, -2.40237869e-005, 1, 0.974362374, -0.224984365, -1.73773979e-006, 0.224984365, 0.974362373, 2.58872445e-005, -4.13103702e-006, -2.56145213e-005, 1, 0, 0, 0, 0, 0, 0, 0, 0.280603149, -0.117229932, -0.201666797, -0.0506701111, 0.515377965, -0.85545907, -0.997558594, -0.0648193359, 0.0198974609, -0.0452427665, 0.85445746, 0.517637667, 0, 0, -0, 0, 0, 0, 0, 0.298852832, -0.0639080566, -0.167113428, 0.0263078708, 0.0980725005, -0.994813905, 0.772338867, -0.633666992, -0.0419921875, -0.634515081, -0.767267232, -0.0924076264, 0, 2, 1, 1, 
207.811317, 22, 0.1, 0.1, 0.0264787971, 0.359631352, -0.019965189, 0.974362492, -0.224983853, 8.02734058e-006, 0.224983853, 0.974362492, -1.20521805e-005, -5.10999357e-006, 1.35492146e-005, 1, 0.974362476, -0.224983923, -6.50747504e-006, 0.224983923, 0.974362476, -2.94672137e-005, 1.29702888e-005, 2.72476701e-005, 1, 0, 0, 0, 0, 0, 0, 0, 0.280940601, -0.116851172, -0.200874756, -0.0506701111, 0.515377965, -0.85545907, -0.997558594, -0.0648193359, 0.0198974609, -0.0452427665, 0.85445746, 0.517637667, 0, 0, -0, 0, 0, 0, 0, 0.298581738, -0.0641868164, -0.166237793, 0.0240978555, 0.101771418, -0.994501106, 0.776367187, -0.628662109, -0.0454101562, -0.629837655, -0.77092897, -0.0942158906, 0, 2, 1, 1, 
207.812097, 22, 0.1, 0.1, 0.0264787989, 0.35963135, -0.0199652286, 0.974362487, -0.224983875, -8.20237423e-006, 0.224983875, 0.974362487, -1.744366e-005, 1.1916628e-005, 1.5151046e-005, 1, 0.974362497, -0.224983832, -2.09775111e-005, 0.224983833, 0.974362497, 4.89654763e-006, 1.9338056e-005, -9.49061321e-006, 1, 0, 0, 0, 0, 0, 0, 0, 0.280940601, -0.116851172, -0.200874756, -0.0506701111, 0.515377965, -0.85545907, -0.997558594, -0.0648193359, 0.0198974609, -0.0452427665, 0.85445746, 0.517637667, 0, 0, -0, 0, 0, 0, 0, 0.298581738, -0.0641868164, -0.166237793, 0.0240978555, 0.101771418, -0.994501106, 0.776367187, -0.628662109, -0.0454101562, -0.629837655, -0.77092897, -0.0942158906, 0, 2, 1, 1, 
207.812874, 22, 0.1, 0.1, 0.0264787985, 0.359631351, -0.0199655154, 0.97436239, -0.224984292, -2.07731292e-005, 0.224984293, 0.97436239, 2.30236847e-005, 1.50605884e-005, -2.71070403e-005, 1, 0.97436241, -0.22498421, -1.30810053e-005, 0.22498421, 0.97436241, 1.22356004e-005, 9.99282292e-006, -1.48649287e-005, 1, 0, 0, 0, 0, 0, 0, 0, 0.280940601, -0.116851172, -0.200874756, -0.0506701111, 0.515377965, -0.85545907, -0.997558594, -0.0648193359, 0.0198974609, -0.0452427665, 0.85445746, 0.517637667, 0, 0, -0, 0, 0, 0, 0, 0.298581738, -0.0641868164, -0.166237793, 0.0240978555, 0.101771418, -0.994501106, 0.776367187, -0.628662109, -0.0454101562, -0.629837655, -0.77092897, -0.0942158906, 0, 2, 1, 1, 
207.813651, 22, 0.1, 0.1, 0.0264787977, 0.359631352, -0.0199659862, 0.974362348, -0.224984476, -4.59457072e-006, 0.224984476, 0.974362348, -2.27083438e-005, 9.58580154e-006, 2.10924481e-005, 1, 0.974362347, -0.224984481, 1.31805638e-005, 0.224984481, 0.974362347, -1.97460838e-005, -8.40008271e-006, 2.22052629e-005, 1, 0, 0, 0, 0, 0, 0, 0, 0.280940601, -0.116851172, -0.200874756, -0.0506701111, 0.515377965, -0.85545907, -0.997558594, -0.0648193359, 0.0198974609, -0.0452427665, 0.85445746, 0.517637667, 0, 0, -0, 0, 0, 0, 0, 0.298581738, -0.0641868164, -0.166237793, 0.0240978555, 0.101771418, -0.994501106, 0.776367187, -0.628662109, -0.0454101562, -0.629837655, -0.77092897, -0.0942158906, 0, 2, 1, 1, 
207.814424, 22, 0.1, 0.1, 0.0264787979, 0.359631349, -0.0199664594, 0.974362417, -0.224984176, 6.03296113e-006, 0.224984176, 0.974362417, 1.34636314e-005, -8.90739462e-006, -1.17611357e-005, 1, 0.974362398, -0.224984259, 8.74809854e-006, 0.224984259, 0.974362398, 2.78870089e-005, -1.47979563e-005, -2.52038684e-005, 1, 0, 0, 0, 0, 0, 0, 0, 0.280940601, -0.116851172, -0.200874756, -0.0506701111, 0.515377965, -0.85545907, -0.997558594, -0.0648193359, 0.0198974609, -0.0452427665, 0.85445746, 0.517637667, 0, 0, -0, 0, 0, 0, 0, 0.298581738, -0.0641868164, -0.166237793, 0.0240978555, 0.101771418, -0.994501106, 0.776367187, -0.628662109, -0.0454101562, -0.629837655, -0.77092897, -0.0942158906, 0, 2, 1, 1, 
207.8152, 22, 0.1, 0.1, 0.0264787975, 0.359631352, -0.0199668321, 0.974362496, -0.224983834, 1.19189547e-005, 0.224983834, 0.974362496, 1.40408055e-005, -1.47723367e-005, -1.09992622e-005, 1, 0.974362489, -0.224983867, 1.23005727e-005, 0.224983867, 0.974362489, -9.84519164e-006, -9.77020732e-006, 1.23602158e-005, 1, 0, 0, 0, 0, 0, 0, 0, 0.280940601, -0.116851172, -0.200874756, -0.0506701111, 0.515377965, -0.85545907, -0.997558594, -0.0648193359, 0.0198974609, -0.0452427665, 0.85445746, 0.517637667, 0, 0, -0, 0, 0, 0, 0, 0.298581738, -0.0641868164, -0.166237793, 0.0240978555, 0.101771418, -0.994501106, 0.776367187, -0.628662109, -0.0454101562, -0.629837655, -0.77092897, -0.0942158906, 0, 2, 1, 1, 
207.816005, 22, 0.1, 0.1, 0.0264787987, 0.359631351, -0.0199665615, 0.974362464, -0.224983976, 1.24910665e-005, 0.224983976, 0.974362463, -2.40161222e-005, -6.76758365e-006, 2.62106977e-005, 1, 0.97436248, -0.224983903, -6.865666e-006, 0.224983903, 0.97436248, -1.74526766e-005, 1.06162187e-005, 1.5460569e-005, 1, 0, 0, 0, 0, 0, 0, 0, 0.280638599, -0.116962354, -0.200327563, -0.0563832071, 0.517680728, -0.853655428, -0.997192383, -0.0708007813, 0.0229492188, -0.0485400268, 0.852609635, 0.520441796, 0, 0, -0, 0, 0, 0, 0, 0.298079346, -0.0640408203, -0.16534873, 0.021581238, 0.105265811, -0.994105185, 0.780639648, -0.622924805, -0.0489501953, -0.62457874, -0.774980432, -0.0956471901, 0, 2, 1, 1, 
207.816787, 22, 0.1, 0.1, 0.0264787997, 0.35963135, -0.0199661056, 0.974362367, -0.224984393, -1.53039733e-005, 0.224984393, 0.974362367, 2.18073619e-005, 1.00052995e-005, -2.46914279e-005, 1, 0.974362384, -0.224984319, -2.17813373e-005, 0.224984319, 0.974362384, 2.12765211e-005, 1.64360322e-005, -2.56315011e-005, 1, 0, 0, 0, 0, 0, 0, 0, 0.280638599, -0.116962354, -0.200327563, -0.0563832071, 0.517680728, -0.853655428, -0.997192383, -0.0708007813, 0.0229492188, -0.0485400268, 0.852609635, 0.520441796, 0, 0, -0, 0, 0, 0, 0, 0.298079346, -0.0640408203, -0.16534873, 0.021581238, 0.105265811, -0.994105185, 0.780639648, -0.622924805, -0.0489501953, -0.62457874, -0.774980432, -0.0956471901, 0, 2, 1, 1, 
207.817562, 22, 0.1, 0.1, 0.0264787991, 0.359631353, -0.0199656792, 0.974362347, -0.224984479, -1.49215591e-005, 0.224984479, 0.974362347, -1.35325855e-005, 1.75836271e-005, 9.82852254e-006, 1, 0.974362342, -0.224984504, -6.45929398e-006, 0.224984504, 0.974362341, -2.51937509e-005, 1.19618964e-005, 2.30946011e-005, 1, 0, 0, 0, 0, 0, 0, 0, 0.280638599, -0.116962354, -0.200327563, -0.0563832071, 0.517680728, -0.853655428, -0.997192383, -0.0708007813, 0.0229492188, -0.0485400268, 0.852609635, 0.520441796, 0, 0, -0, 0, 0, 0, 0, 0.298079346, -0.0640408203, -0.16534873, 0.021581238, 0.105265811, -0.994105185, 0.780639648, -0.622924805, -0.0489501953, -0.62457874, -0.774980432, -0.0956471901, 0, 2, 1, 1, 
207.818374, 22, 0.1, 0.1, 0.0264787991, 0.35963135, -0.0199650875, 0.974362441, -0.224984072, -6.39905421e-006, 0.224984072, 0.974362441, -1.81167333e-005, 1.03109745e-005, 1.62125792e-005, 1, 0.974362419, -0.224984169, 5.61698137e-006, 0.224984169, 0.974362419, 1.14119947e-005, -8.04049371e-006, -9.85568691e-006, 1, 0, 0, 0, 0, 0, 0, 0, 0.280620264, -0.117336816, -0.198916455, -0.0608655414, 0.519177712, -0.852366256, -0.996704102, -0.0766601563, 0.0244140625, -0.0526501802, 0.851136616, 0.522338675, 0, 0, -0, 0, 0, 0, 0, 0.297904687, -0.0641229492, -0.164043457, 0.0206683608, 0.108613284, -0.993849989, 0.784790039, -0.617553711, -0.0511474609, -0.619396751, -0.77880185, -0.0980752221, 0, 2, 1, 1, 
207.819153, 22, 0.1, 0.1, 0.0264787985, 0.359631352, -0.0199646699, 0.974362507, -0.224983787, 1.30653497e-006, 0.224983787, 0.974362507, 2.37106627e-005, -6.60755337e-006, -2.28088316e-005, 1, 0.974362504, -0.224983801, 1.11366834e-005, 0.224983801, 0.974362504, 1.35858759e-005, -1.39077688e-005, -1.07319947e-005, 1, 0, 0, 0, 0, 0, 0, 0, 0.280620264, -0.117336816, -0.198916455, -0.0608655414, 0.519177712, -0.852366256, -0.996704102, -0.0766601563, 0.0244140625, -0.0526501802, 0.851136616, 0.522338675, 0, 0, -0, 0, 0, 0, 0, 0.297904687, -0.0641229492, -0.164043457, 0.0206683608, 0.108613284, -0.993849989, 0.784790039, -0.617553711, -0.0511474609, -0.619396751, -0.77880185, -0.0980752221, 0, 2, 1, 1, 
207.81993, 22, 0.1, 0.1, 0.026478799, 0.359631354, -0.0199647397, 0.974362454, -0.224984018, 1.83034989e-005, 0.224984019, 0.974362453, -2.29030713e-005, -1.2681417e-005, 2.64338875e-005, 1, 0.974362472, -0.224983937, 1.30528912e-005, 0.224983938, 0.974362472, -2.59532206e-005, -6.87918961e-006, 2.8224535e-005, 1, 0, 0, 0, 0, 0, 0, 0, 0.280620264, -0.117336816, -0.198916455, -0.0608655414, 0.519177712, -0.852366256, -0.996704102, -0.0766601563, 0.0244140625, -0.0526501802, 0.851136616, 0.522338675, 0, 0, -0, 0, 0, 0, 0, 0.297904687, -0.0641229492, -0.164043457, 0.0206683608, 0.108613284, -0.993849989, 0.784790039, -0.617553711, -0.0511474609, -0.619396751, -0.77880185, -0.0980752221, 0, 2, 1, 1, 
207.820707, 22, 0.1, 0.1, 0.0264788008, 0.359631351, -0.0199652436, 0.974362359, -0.22498443, 3.75947075e-006, 0.22498443, 0.974362359, 1.43426516e-005, -6.8899601e-006, -1.31291175e-005, 1, 0.974362375, -0.224984361, -1.68040164e-005, 0.224984361, 0.974362374, 2.30566656e-005, 1.11858121e-005, -2.62461883e-005, 1, 0, 0, 0, 0, 0, 0, 0, 0.280620264, -0.117336816, -0.198916455, -0.0608655414, 0.519177712, -0.852366256, -0.996704102, -0.0766601563, 0.0244140625, -0.0526501802, 0.851136616, 0.522338675, 0, 0, -0, 0, 0, 0, 0, 0.297904687, -0.0641229492, -0.164043457, 0.0206683608, 0.108613284, -0.993849989, 0.784790039, -0.617553711, -0.0511474609, -0.619396751, -0.77880185, -0.0980752221, 0, 2, 1, 1, 
207.821484, 22, 0.1, 0.1, 0.0264788013, 0.359631354, -0.0199659808, 0.974362364, -0.224984405, -1.48899103e-005, 0.224984405, 0.974362364, 1.230317e-005, 1.17401468e-005, -1.53377434e-005, 1, 0.974362354, -0.224984449, -1.59659098e-005, 0.224984448, 0.974362354, -1.28757276e-005, 1.845342e-005, 8.95354284e-006, 1, 0, 0, 0, 0, 0, 0, 0, 0.280620264, -0.117336816, -0.198916455, -0.0608655414, 0.519177712, -0.852366256, -0.996704102, -0.0766601563, 0.0244140625, -0.0526501802, 0.851136616, 0.522338675, 0, 0, -0, 0, 0, 0, 0, 0.297904687, -0.0641229492, -0.164043457, 0.0206683608, 0.108613284, -0.993849989, 0.784790039, -0.617553711, -0.0511474609, -0.619396751, -0.77880185, -0.0980752221, 0, 2, 1, 1, 
207.822263, 22, 0.1, 0.1, 0.0264788016, 0.359631353, -0.0199666804, 0.97436246, -0.224983993, -1.03858203e-005, 0.224983993, 0.974362459, -2.73696463e-005, 1.62772857e-005, 2.43313126e-005, 1, 0.974362441, -0.224984074, -7.92171917e-006, 0.224984074, 0.974362441, -1.46529691e-005, 1.10153103e-005, 1.24950421e-005, 1, 0, 0, 0, 0, 0, 0, 0, 0.280620264, -0.117336816, -0.198916455, -0.0608655414, 0.519177712, -0.852366256, -0.996704102, -0.0766601563, 0.0244140625, -0.0526501802, 0.851136616, 0.522338675, 0, 0, -0, 0, 0, 0, 0, 0.297904687, -0.0641229492, -0.164043457, 0.0206683608, 0.108613284, -0.993849989, 0.784790039, -0.617553711, -0.0511474609, -0.619396751, -0.77880185, -0.0980752221, 0, 2, 1, 1, 
207.823069, 22, 0.1, 0.1, 0.0264788017, 0.359631352, -0.0199669978, 0.974362502, -0.224983808, -1.79517124e-005, 0.224983808, 0.974362502, 1.86485799e-005, 1.32958469e-005, -2.22093216e-005, 1, 0.974362504, -0.224983803, -2.46168077e-007, 0.224983803, 0.974362503, 2.4570909e-005, -5.2881996e-006, -2.39963562e-005, 1, 0, 0, 0, 0, 0, 0, 0, 0.280145068, -0.118150317, -0.197950488, -0.0656642728, 0.52081436, -0.851057989, -0.99621582, -0.0810546875, 0.0270996094, -0.0548563422, 0.84976507, 0.52435612, 0, 0, -0, 0, 0, 0, 0, 0.297904687, -0.0641229492, -0.164043457, 0.0184838652, 0.112031118, -0.993428548, 0.788208008, -0.612915039, -0.0544433594, -0.614962127, -0.782124903, -0.0997493248, 0, 2, 1, 1, 
207.824043, 22, 0.1, 0.1, 0.0264788006, 0.359631355, -0.0199653975, 0.974362407, -0.224984221, 4.78459354e-006, 0.224984221, 0.974362407, -6.00076079e-007, -4.52692043e-006, 1.66114962e-006, 1, 0.974362442, -0.224984069, 2.00962225e-005, 0.22498407, 0.974362442, -2.00623136e-005, -1.50673035e-005, 2.40692948e-005, 1, 0, 0, 0, 0, 0, 0, 0, 0.280145068, -0.118150317, -0.197950488, -0.0656642728, 0.52081436, -0.851057989, -0.99621582, -0.0810546875, 0.0270996094, -0.0548563422, 0.84976507, 0.52435612, 0, 0, -0, 0, 0, 0, 0, 0.297406934, -0.0641899414, -0.163157812, 0.0184838652, 0.112031118, -0.993428548, 0.788208008, -0.612915039, -0.0544433594, -0.614962127, -0.782124903, -0.0997493248, 0, 2, 1, 1, 
207.825311, 22, 0.1, 0.1, 0.026478805, 0.359631348, -0.0199547551, 0.974362274, -0.224984793, 3.46512864e-005, 0.224984794, 0.974362274, -3.68351556e-005, -2.54755564e-005, 4.36867985e-005, 0.999999999, 0.974362276, -0.224984787, 1.35260255e-005, 0.224984787, 0.974362276, 1.64657317e-005, -1.68837881e-005, -1.30004379e-005, 1, 0, 0, 0, 0, 0, 0, 0, 0.280145068, -0.118150317, -0.197950488, -0.0656642728, 0.52081436, -0.851057989, -0.99621582, -0.0810546875, 0.0270996094, -0.0548563422, 0.84976507, 0.52435612, 0, 0, -0, 0, 0, 0, 0, 0.297406934, -0.0641899414, -0.163157812, 0.0184838652, 0.112031118, -0.993428548, 0.788208008, -0.612915039, -0.0544433594, -0.614962127, -0.782124903, -0.0997493248, 0, 2, 1, 1, 
