time, trialNum, realDorsalTactorPos, realVentralTactorPos, box1PosX, box1PosY, box1PosZ, box1LocalRot_11, box1LocalRot_12, box1LocalRot_13, box1LocalRot_21, box1LocalRot_22, box1LocalRot_23, box1LocalRot_31, box1LocalRot_32, box1LocalRot_33, box1GlobalRot_11, box1GlobalRot_12, box1GlobalRot_13, box1GlobalRot_21, box1GlobalRot_22, box1GlobalRot_23, box1GlobalRot_31, box1GlobalRot_32, box1GlobalRot_33, indexForceX, indexForceY, indexForceZ, indexForceGlobalX, indexForceGlobalY, indexForceGlobalZ, indexContact, indexPosX, indexPosY, indexPosZ, indexRot_11, indexRot_12, indexRot_13, indexRot_21, indexRot_22, indexRot_23, indexRot_31, indexRot_32, indexRot_33, thumbForceX, thumbForceY, thumbForceZ, thumbForceGlobalX, thumbForceGlobalY, thumbForceGlobalZ, thumbContact, thumbPosX, thumbPosY, thumbPosZ, thumbRot_11, thumbRot_12, thumbRot_13, thumbRot_21, thumbRot_22, thumbRot_23, thumbRot_31, thumbRot_32, thumbRot_33, manipForceTooHigh, cceExpType, mapping, trialSuccess, 
241.178357, 28, 0.1, 0.1, 0.0157926298, 0.357675826, -0.0199645585, 0.996219945, -0.0868666837, 2.20345493e-005, 0.0868666817, 0.996219942, 7.77211984e-005, -2.87026402e-005, -7.55133399e-005, 0.999999997, 0.996219898, -0.0868672247, 4.21873689e-006, 0.0868672241, 0.996219895, 7.77458758e-005, -1.09563581e-005, -7.70855185e-005, 0.999999997, 0, 0, 0, 0, 0, 0, 0, 0.337295996, -0.173218018, -0.18417793, 0.0770718018, 0.454275725, -0.887493266, -0.996459961, 0.00769042968, -0.0826416016, -0.0307457643, 0.890830962, 0.453499902, 0, 0, -0, 0, 0, 0, 0, 0.365437695, -0.119785498, -0.150061182, 0.229450588, 0.0546432479, -0.971733481, 0.678710937, -0.724609375, 0.119628906, -0.697610906, -0.686893875, -0.20339604, 0, 2, 1, 1, 
241.186354, 28, 0.1, 0.1, 0.0157926307, 0.35767584, -0.0199624116, 0.996222329, -0.086839342, -2.92975314e-006, 0.086839342, 0.996222329, 1.47822765e-005, 1.63500234e-006, -1.49808517e-005, 1, 0.996222289, -0.0868398017, -2.04090784e-005, 0.0868398021, 0.996222289, 1.89753198e-005, 1.86841658e-005, -2.06759569e-005, 1, 0, -0, 0, 0, 0, 0, 0, 0.334250317, -0.169962207, -0.183994214, 0.0116737005, 0.465924338, -0.884644213, -0.99987793, -0.000488281255, -0.0134277344, -0.00666901797, 0.884783877, 0.466025809, 0, 0, -0, 0, 0, 0, 0, 0.363918115, -0.116718994, -0.147861377, 0.218191589, 0.0782407339, -0.972757199, 0.677124023, -0.729858398, 0.0931396484, -0.702599298, -0.679013, -0.212341112, 0, 2, 1, 1, 
241.187143, 28, 0.1, 0.1, 0.0157926256, 0.357675838, -0.0199551561, 0.996222512, -0.0868372434, -1.2964484e-005, 0.0868372437, 0.996222511, 2.96252805e-005, 1.03429331e-005, -3.06391714e-005, 0.999999999, 0.996222481, -0.0868375962, 2.05795995e-005, 0.0868375957, 0.996222481, 2.57110251e-005, -2.27345433e-005, -2.38268183e-005, 0.999999999, 0, -0, 0, 0, 0, 0, 0, 0.334250317, -0.169962207, -0.183994214, 0.0116737005, 0.465924338, -0.884644213, -0.99987793, -0.000488281255, -0.0134277344, -0.00666901797, 0.884783877, 0.466025809, 0, 0, -0, 0, 0, 0, 0, 0.363918115, -0.116718994, -0.147861377, 0.218191589, 0.0782407339, -0.972757199, 0.677124023, -0.729858398, 0.0931396484, -0.702599298, -0.679013, -0.212341112, 0, 2, 1, 1, 
241.187931, 28, 0.1, 0.1, 0.0157926254, 0.357675837, -0.0199519142, 0.996222615, -0.0868360446, 4.22073349e-005, 0.0868360436, 0.996222616, 2.47755523e-005, -4.41993125e-005, -2.10168475e-005, 0.999999999, 0.996222602, -0.0868361995, 2.90529745e-005, 0.0868361996, 0.996222603, -1.54374458e-006, -2.8809177e-005, 4.06076313e-006, 1, 0, -0, 0, 0, 0, 0, 0, 0.334250317, -0.169962207, -0.183994214, 0.0116737005, 0.465924338, -0.884644213, -0.99987793, -0.000488281255, -0.0134277344, -0.00666901797, 0.884783877, 0.466025809, 0, 0, -0, 0, 0, 0, 0, 0.363918115, -0.116718994, -0.147861377, 0.218191589, 0.0782407339, -0.972757199, 0.677124023, -0.729858398, 0.0931396484, -0.702599298, -0.679013, -0.212341112, 0, 2, 1, 1, 
241.188721, 28, 0.1, 0.1, 0.0157926269, 0.357675836, -0.0199534353, 0.99622267, -0.0868354281, -3.37401392e-005, 0.0868354278, 0.99622267, -9.35890635e-006, 3.44253762e-005, 6.39371525e-006, 0.999999999, 0.996222659, -0.0868355524, -3.2366125e-005, 0.0868355519, 0.996222659, -1.7212245e-005, 3.37385019e-005, 1.43366982e-005, 0.999999999, 0, -0, 0, 0, 0, 0, 0, 0.334250317, -0.169962207, -0.183994214, 0.0116737005, 0.465924338, -0.884644213, -0.99987793, -0.000488281255, -0.0134277344, -0.00666901797, 0.884783877, 0.466025809, 0, 0, -0, 0, 0, 0, 0, 0.363918115, -0.116718994, -0.147861377, 0.218191589, 0.0782407339, -0.972757199, 0.677124023, -0.729858398, 0.0931396484, -0.702599298, -0.679013, -0.212341112, 0, 2, 1, 1, 
241.189537, 28, 0.1, 0.1, 0.0157926248, 0.357675835, -0.0199588975, 0.996222754, -0.0868344645, 1.04932254e-005, 0.0868344647, 0.996222754, -1.89115045e-005, -8.81141959e-006, 1.97512447e-005, 1, 0.996222732, -0.0868347154, 2.69135682e-005, 0.0868347157, 0.996222732, -8.72868432e-006, -2.60539556e-005, 1.10327458e-005, 1, 0, 0, 0, 0, 0, 0, 0, 0.333208423, -0.168897461, -0.184868604, -0.0135106647, 0.473905754, -0.880394779, -0.99987793, -0.00598144532, 0.0120849609, 0.000533183927, 0.880553538, 0.474127792, 0, 0, -0, 0, 0, 0, 0, 0.363918115, -0.116718994, -0.147861377, 0.215731474, 0.0835762076, -0.972795845, 0.676757812, -0.730957031, 0.0874023438, -0.703717066, -0.677224792, -0.214309057, 0, 2, 1, 1, 
241.190342, 28, 0.1, 0.1, 0.0157926307, 0.357675836, -0.0199655749, 0.996222878, -0.0868330442, 3.77838246e-006, 0.0868330442, 0.996222878, -1.15739531e-005, -2.75910947e-006, 1.18583254e-005, 1, 0.996222853, -0.0868333286, -2.32400082e-005, 0.0868333288, 0.996222853, 4.28744958e-006, 2.27799337e-005, -6.28926252e-006, 1, 0, 0, 0, 0, 0, 0, 0, 0.333208423, -0.168897461, -0.184868604, -0.0135106647, 0.473905754, -0.880394779, -0.99987793, -0.00598144532, 0.0120849609, 0.000533183927, 0.880553538, 0.474127792, 0, 0, -0, 0, 0, 0, 0, 0.363508594, -0.116328369, -0.147012354, 0.215731474, 0.0835762076, -0.972795845, 0.676757812, -0.730957031, 0.0874023438, -0.703717066, -0.677224792, -0.214309057, 0, 2, 1, 1, 
241.191132, 28, 0.1, 0.1, 0.0157926306, 0.357675836, -0.0199716459, 0.996222979, -0.0868318858, -1.99583635e-005, 0.0868318859, 0.996222979, 2.8014601e-006, 1.96397243e-005, -4.52390126e-006, 1, 0.996222963, -0.0868320714, -1.20252979e-005, 0.0868320715, 0.996222963, 8.26514206e-006, 1.12621985e-005, -9.27810584e-006, 1, 0, 0, 0, 0, 0, 0, 0, 0.333208423, -0.168897461, -0.184868604, -0.0135106647, 0.473905754, -0.880394779, -0.99987793, -0.00598144532, 0.0120849609, 0.000533183927, 0.880553538, 0.474127792, 0, 0, -0, 0, 0, 0, 0, 0.363508594, -0.116328369, -0.147012354, 0.215731474, 0.0835762076, -0.972795845, 0.676757812, -0.730957031, 0.0874023438, -0.703717066, -0.677224792, -0.214309057, 0, 2, 1, 1, 
241.191923, 28, 0.1, 0.1, 0.0157926293, 0.357675837, -0.0199752494, 0.996223033, -0.0868312561, 2.25659444e-005, 0.0868312559, 0.996223034, 1.25641259e-005, -2.35716724e-005, -1.05572423e-005, 1, 0.996223026, -0.086831345, 2.2738931e-005, 0.0868313448, 0.996223026, 7.83510088e-006, -2.3333379e-005, -5.83105595e-006, 1, 0, 0, 0, 0, 0, 0, 0, 0.333208423, -0.168897461, -0.184868604, -0.0135106647, 0.473905754, -0.880394779, -0.99987793, -0.00598144532, 0.0120849609, 0.000533183927, 0.880553538, 0.474127792, 0, 0, -0, 0, 0, 0, 0, 0.363508594, -0.116328369, -0.147012354, 0.215731474, 0.0835762076, -0.972795845, 0.676757812, -0.730957031, 0.0874023438, -0.703717066, -0.677224792, -0.214309057, 0, 2, 1, 1, 
241.192712, 28, 0.1, 0.1, 0.0157926301, 0.357675837, -0.0199753727, 0.996223068, -0.0868308628, -6.60331613e-007, 0.0868308628, 0.996223068, 1.03784672e-005, -2.43333675e-007, -1.03966056e-005, 1, 0.996223061, -0.0868309449, -9.27900538e-006, 0.0868309449, 0.996223061, -4.1719732e-006, 9.60621551e-006, 3.3505111e-006, 1, 0, 0, 0, 0, 0, 0, 0, 0.333208423, -0.168897461, -0.184868604, -0.0135106647, 0.473905754, -0.880394779, -0.99987793, -0.00598144532, 0.0120849609, 0.000533183927, 0.880553538, 0.474127792, 0, 0, -0, 0, 0, 0, 0, 0.363508594, -0.116328369, -0.147012354, 0.215731474, 0.0835762076, -0.972795845, 0.676757812, -0.730957031, 0.0874023438, -0.703717066, -0.677224792, -0.214309057, 0, 2, 1, 1, 
241.193499, 28, 0.1, 0.1, 0.0157926306, 0.357675836, -0.0199722822, 0.996223091, -0.0868305953, 6.29376029e-006, 0.0868305953, 0.996223091, -2.50898556e-006, -6.05213262e-006, 3.0460003e-006, 1, 0.996223089, -0.0868306236, 6.05039943e-006, 0.0868306237, 0.996223089, -8.27061789e-006, -5.3094047e-006, 8.76474045e-006, 1, 0, 0, 0, 0, 0, 0, 0, 0.333208423, -0.168897461, -0.184868604, -0.0135106647, 0.473905754, -0.880394779, -0.99987793, -0.00598144532, 0.0120849609, 0.000533183927, 0.880553538, 0.474127792, 0, 0, -0, 0, 0, 0, 0, 0.363508594, -0.116328369, -0.147012354, 0.215731474, 0.0835762076, -0.972795845, 0.676757812, -0.730957031, 0.0874023438, -0.703717066, -0.677224792, -0.214309057, 0, 2, 1, 1, 
241.194319, 28, 0.1, 0.1, 0.0157926307, 0.357675836, -0.0199668396, 0.99622311, -0.0868303844, -2.21481603e-006, 0.0868303844, 0.99622311, -1.55919895e-005, 3.56030936e-006, 1.5340787e-005, 1, 0.996223103, -0.086830461, 9.72827604e-006, 0.0868304611, 0.996223103, -8.6799182e-006, -8.93785204e-006, 9.49184574e-006, 1, 0, 0, 0, 0, 0, 0, 0, 0.331503906, -0.167846265, -0.183707324, -0.0342711055, 0.481626938, -0.875599795, -0.999267578, -0.00854492188, 0.0344238281, 0.0091357679, 0.876240825, 0.481772593, 0, 0, -0, 0, 0, 0, 0, 0.363508594, -0.116328369, -0.147012354, 0.210734685, 0.0895186893, -0.973351814, 0.676757812, -0.731811523, 0.0792236328, -0.705224191, -0.675372785, -0.214858463, 0, 2, 1, 1, 
241.195107, 28, 0.1, 0.1, 0.0157926305, 0.357675835, -0.0199612854, 0.996223139, -0.0868300492, 1.5084952e-007, 0.0868300492, 0.996223139, -1.26430645e-005, 9.4751813e-007, 1.26084117e-005, 1, 0.996223135, -0.0868300897, -2.7622218e-006, 0.0868300897, 0.996223135, 8.54205014e-006, 2.01008228e-006, -8.74963194e-006, 1, 0, 0, 0, 0, 0, 0, 0, 0.331503906, -0.167846265, -0.183707324, -0.0342711055, 0.481626938, -0.875599795, -0.999267578, -0.00854492188, 0.0344238281, 0.0091357679, 0.876240825, 0.481772593, 0, 0, -0, 0, 0, 0, 0, 0.362699805, -0.115672998, -0.147060693, 0.210734685, 0.0895186893, -0.973351814, 0.676757812, -0.731811523, 0.0792236328, -0.705224191, -0.675372785, -0.214858463, 0, 2, 1, 1, 
241.1959, 28, 0.1, 0.1, 0.0157926292, 0.357675835, -0.0199575133, 0.996223142, -0.0868300121, 1.29806896e-005, 0.0868300119, 0.996223142, 1.04427175e-005, -1.38384046e-005, -9.27616337e-006, 1, 0.996223141, -0.0868300234, -2.46132954e-006, 0.0868300235, 0.996223141, 1.80140889e-005, 8.8786969e-007, -1.81597695e-005, 1, 0, 0, 0, 0, 0, 0, 0, 0.331503906, -0.167846265, -0.183707324, -0.0342711055, 0.481626938, -0.875599795, -0.999267578, -0.00854492188, 0.0344238281, 0.0091357679, 0.876240825, 0.481772593, 0, 0, -0, 0, 0, 0, 0, 0.362699805, -0.115672998, -0.147060693, 0.210734685, 0.0895186893, -0.973351814, 0.676757812, -0.731811523, 0.0792236328, -0.705224191, -0.675372785, -0.214858463, 0, 2, 1, 1, 
241.196717, 28, 0.1, 0.1, 0.0157926282, 0.357675835, -0.0199565783, 0.99622317, -0.0868296904, 9.20338708e-006, 0.0868296901, 0.99622317, 2.27979054e-005, -1.11481625e-005, -2.19126743e-005, 1, 0.996223164, -0.0868297638, 1.08874787e-005, 0.0868297636, 0.996223164, 1.46807595e-005, -1.21210854e-005, -1.36799555e-005, 1, 0, 0, 0, 0, 0, 0, 0, 0.329441992, -0.16705625, -0.184180493, -0.0579862003, 0.493097696, -0.868042622, -0.997924805, -0.00830078126, 0.0618896484, 0.0232735924, 0.869851133, 0.492811256, 0, 0, -0, 0, 0, 0, 0, 0.362699805, -0.115672998, -0.147060693, 0.207297161, 0.0954928873, -0.973562901, 0.677978516, -0.731445313, 0.0726318359, -0.705217261, -0.674990357, -0.216353562, 0, 2, 1, 1, 
241.197505, 28, 0.1, 0.1, 0.0157926286, 0.357675835, -0.0199583444, 0.996223177, -0.0868296177, -7.53198637e-006, 0.0868296178, 0.996223176, 1.28547189e-005, 6.38736906e-006, -1.34601684e-005, 1, 0.996223178, -0.0868296052, 9.48027269e-006, 0.0868296053, 0.996223178, -8.17927037e-006, -8.73426456e-006, 8.97154706e-006, 1, 0, 0, 0, 0, 0, 0, 0, 0.329441992, -0.16705625, -0.184180493, -0.0579862003, 0.493097696, -0.868042622, -0.997924805, -0.00830078126, 0.0618896484, 0.0232735924, 0.869851133, 0.492811256, 0, 0, -0, 0, 0, 0, 0, 0.362695752, -0.114823193, -0.146659619, 0.207297161, 0.0954928873, -0.973562901, 0.677978516, -0.731445313, 0.0726318359, -0.705217261, -0.674990357, -0.216353562, 0, 2, 1, 1, 
241.198295, 28, 0.1, 0.1, 0.0157926295, 0.357675835, -0.0199623144, 0.996223187, -0.0868294988, -7.9737915e-006, 0.0868294987, 0.996223187, -8.78027073e-006, 8.70606249e-006, 8.05474897e-006, 1, 0.996223182, -0.0868295514, -6.9224312e-006, 0.0868295513, 0.996223182, -1.55226628e-005, 8.24411228e-006, 1.48629649e-005, 1, 0, 0, 0, 0, 0, 0, 0, 0.329441992, -0.16705625, -0.184180493, -0.0579862003, 0.493097696, -0.868042622, -0.997924805, -0.00830078126, 0.0618896484, 0.0232735924, 0.869851133, 0.492811256, 0, 0, -0, 0, 0, 0, 0, 0.362695752, -0.114823193, -0.146659619, 0.207297161, 0.0954928873, -0.973562901, 0.677978516, -0.731445313, 0.0726318359, -0.705217261, -0.674990357, -0.216353562, 0, 2, 1, 1, 
241.199085, 28, 0.1, 0.1, 0.0157926303, 0.357675834, -0.0199670633, 0.996223203, -0.0868293176, 4.7394442e-006, 0.0868293177, 0.996223203, -1.3532601e-005, -3.54651777e-006, 1.38930139e-005, 1, 0.996223202, -0.08682932, -7.38507549e-006, 0.0868293199, 0.996223202, -8.3598855e-006, 8.08306673e-006, 7.68707083e-006, 1, 0, 0, 0, 0, 0, 0, 0, 0.329441992, -0.16705625, -0.184180493, -0.0579862003, 0.493097696, -0.868042622, -0.997924805, -0.00830078126, 0.0618896484, 0.0232735924, 0.869851133, 0.492811256, 0, 0, -0, 0, 0, 0, 0, 0.362695752, -0.114823193, -0.146659619, 0.207297161, 0.0954928873, -0.973562901, 0.677978516, -0.731445313, 0.0726318359, -0.705217261, -0.674990357, -0.216353562, 0, 2, 1, 1, 
241.199881, 28, 0.1, 0.1, 0.0157926308, 0.357675834, -0.0199709379, 0.996223203, -0.0868293172, 4.89371894e-006, 0.0868293173, 0.996223203, -9.37329798e-006, -4.06135929e-006, 9.76281521e-006, 1, 0.996223201, -0.0868293354, 3.66262585e-006, 0.0868293354, 0.996223201, 6.43179954e-006, -4.20726173e-006, -6.08948456e-006, 1, 0, 0, 0, 0, 0, 0, 0, 0.329441992, -0.16705625, -0.184180493, -0.0579862003, 0.493097696, -0.868042622, -0.997924805, -0.00830078126, 0.0618896484, 0.0232735924, 0.869851133, 0.492811256, 0, 0, -0, 0, 0, 0, 0, 0.362695752, -0.114823193, -0.146659619, 0.207297161, 0.0954928873, -0.973562901, 0.677978516, -0.731445313, 0.0726318359, -0.705217261, -0.674990357, -0.216353562, 0, 2, 1, 1, 
241.200674, 28, 0.1, 0.1, 0.0157926316, 0.357675834, -0.0199726548, 0.996223219, -0.0868291288, -5.811873e-006, 0.0868291288, 0.996223219, 3.55246059e-006, 5.48146577e-006, -4.04368359e-006, 1, 0.996223216, -0.0868291613, 3.23191255e-006, 0.0868291612, 0.996223216, 9.84144296e-006, -4.07423055e-006, -9.52364971e-006, 1, 0, 0, 0, 0, 0, 0, 0, 0.329441992, -0.16705625, -0.184180493, -0.0579862003, 0.493097696, -0.868042622, -0.997924805, -0.00830078126, 0.0618896484, 0.0232735924, 0.869851133, 0.492811256, 0, 0, -0, 0, 0, 0, 0, 0.362695752, -0.114823193, -0.146659619, 0.207297161, 0.0954928873, -0.973562901, 0.677978516, -0.731445313, 0.0726318359, -0.705217261, -0.674990357, -0.216353562, 0, 2, 1, 1, 
241.201479, 28, 0.1, 0.1, 0.0157926322, 0.357675835, -0.01997174, 0.996223218, -0.0868291444, -5.86896279e-006, 0.0868291444, 0.996223218, 1.22106437e-005, 4.78655724e-006, -1.26741238e-005, 1, 0.996223218, -0.0868291365, -5.93608745e-006, 0.0868291365, 0.996223218, 7.33494725e-006, 5.27678101e-006, -7.8226701e-006, 1, 0, 0, 0, 0, 0, 0, 0, 0.327383618, -0.166022607, -0.184366699, -0.0815496489, 0.504993435, -0.859241582, -0.99597168, -0.0100097656, 0.0886230469, 0.0360278872, 0.863023356, 0.503900094, 0, 0, -0, 0, 0, 0, 0, 0.362695752, -0.114823193, -0.146659619, 0.207297161, 0.0954928873, -0.973562901, 0.677978516, -0.731445313, 0.0726318359, -0.705217261, -0.674990357, -0.216353562, 0, 2, 1, 1, 
241.202282, 28, 0.1, 0.1, 0.015792632, 0.357675836, -0.0199684906, 0.996223229, -0.0868290202, 6.0571791e-006, 0.0868290201, 0.996223229, 1.16302401e-005, -7.04414487e-006, -1.10603764e-005, 1, 0.996223225, -0.0868290638, -3.55001026e-006, 0.0868290638, 0.996223225, -6.97497883e-006, 4.14223355e-006, 6.64039184e-006, 1, 0, 0, 0, 0, 0, 0, 0, 0.327383618, -0.166022607, -0.184366699, -0.0815496489, 0.504993435, -0.859241582, -0.99597168, -0.0100097656, 0.0886230469, 0.0360278872, 0.863023356, 0.503900094, 0, 0, -0, 0, 0, 0, 0, 0.362245215, -0.113541797, -0.146027002, 0.203859637, 0.101211522, -0.973652586, 0.678955078, -0.731079102, 0.0661621094, -0.705210331, -0.674512047, -0.2178359, 0, 2, 1, 1, 
241.203075, 28, 0.1, 0.1, 0.0157926319, 0.357675836, -0.0199645357, 0.996223233, -0.0868289739, 7.91507848e-006, 0.0868289739, 0.996223233, -4.95431148e-006, -7.45500728e-006, 5.62285834e-006, 1, 0.996223234, -0.0868289551, 8.95268782e-006, 0.0868289552, 0.996223234, -1.2590879e-005, -7.82562274e-006, 1.33206787e-005, 1, 0, 0, 0, 0, 0, 0, 0, 0.327383618, -0.166022607, -0.184366699, -0.0815496489, 0.504993435, -0.859241582, -0.99597168, -0.0100097656, 0.0886230469, 0.0360278872, 0.863023356, 0.503900094, 0, 0, -0, 0, 0, 0, 0, 0.362245215, -0.113541797, -0.146027002, 0.203859637, 0.101211522, -0.973652586, 0.678955078, -0.731079102, 0.0661621094, -0.705210331, -0.674512047, -0.2178359, 0, 2, 1, 1, 
241.203861, 28, 0.1, 0.1, 0.0157926327, 0.357675835, -0.0199612364, 0.996223231, -0.0868289885, -6.64587838e-006, 0.0868289884, 0.996223231, -1.5570362e-005, 7.97273722e-006, 1.49345015e-005, 1, 0.996223229, -0.0868290209, 6.8719815e-006, 0.0868290209, 0.996223229, -7.96639891e-006, -6.15431298e-006, 8.53299907e-006, 1, 0, 0, 0, 0, 0, 0, 0, 0.327383618, -0.166022607, -0.184366699, -0.0815496489, 0.504993435, -0.859241582, -0.99597168, -0.0100097656, 0.0886230469, 0.0360278872, 0.863023356, 0.503900094, 0, 0, -0, 0, 0, 0, 0, 0.362245215, -0.113541797, -0.146027002, 0.203859637, 0.101211522, -0.973652586, 0.678955078, -0.731079102, 0.0661621094, -0.705210331, -0.674512047, -0.2178359, 0, 2, 1, 1, 
241.204649, 28, 0.1, 0.1, 0.0157926337, 0.357675833, -0.0199596252, 0.996223246, -0.0868288218, -6.43553193e-006, 0.0868288217, 0.996223246, -1.13851593e-005, 7.39978647e-006, 1.07833707e-005, 1, 0.996223245, -0.0868288288, -9.01857195e-006, 0.0868288289, 0.996223245, 1.1016618e-005, 8.02795098e-006, -1.17580829e-005, 1, 0, 0, 0, 0, 0, 0, 0, 0.327383618, -0.166022607, -0.184366699, -0.0815496489, 0.504993435, -0.859241582, -0.99597168, -0.0100097656, 0.0886230469, 0.0360278872, 0.863023356, 0.503900094, 0, 0, -0, 0, 0, 0, 0, 0.362245215, -0.113541797, -0.146027002, 0.203859637, 0.101211522, -0.973652586, 0.678955078, -0.731079102, 0.0661621094, -0.705210331, -0.674512047, -0.2178359, 0, 2, 1, 1, 
241.205437, 28, 0.1, 0.1, 0.0157926338, 0.357675833, -0.0199601038, 0.996223236, -0.0868289392, 6.27466552e-006, 0.0868289392, 0.996223236, 1.00522019e-005, -7.12378962e-006, -9.46941452e-006, 1, 0.996223237, -0.0868289216, -8.34990146e-006, 0.0868289217, 0.996223237, 1.69462812e-005, 6.84693854e-006, -1.7607292e-005, 1, 0, 0, 0, 0, 0, 0, 0, 0.327383618, -0.166022607, -0.184366699, -0.0815496489, 0.504993435, -0.859241582, -0.99597168, -0.0100097656, 0.0886230469, 0.0360278872, 0.863023356, 0.503900094, 0, 0, -0, 0, 0, 0, 0, 0.362245215, -0.113541797, -0.146027002, 0.203859637, 0.101211522, -0.973652586, 0.678955078, -0.731079102, 0.0661621094, -0.705210331, -0.674512047, -0.2178359, 0, 2, 1, 1, 
241.206249, 28, 0.1, 0.1, 0.015792634, 0.357675834, -0.0199622372, 0.99622325, -0.0868287774, 4.5616112e-006, 0.0868287773, 0.99622325, 1.59697468e-005, -5.93101672e-006, -1.55133539e-005, 1, 0.996223246, -0.0868288163, 5.2930032e-006, 0.0868288162, 0.996223246, 9.0166035e-006, -6.05591384e-006, -8.52296481e-006, 1, 0, 0, 0, 0, 0, 0, 0, 0.327383618, -0.166022607, -0.184366699, -0.106161134, 0.514249796, -0.850962126, -0.993164062, -0.0145263672, 0.115112305, 0.0468471118, 0.857478759, 0.512476111, 0, 0, -0, 0, 0, 0, 0, 0.362245215, -0.113541797, -0.146027002, 0.203859637, 0.101211522, -0.973652586, 0.678955078, -0.731079102, 0.0661621094, -0.705210331, -0.674512047, -0.2178359, 0, 2, 1, 1, 
241.207052, 28, 0.1, 0.1, 0.0157926348, 0.357675835, -0.0199648794, 0.996223247, -0.0868288066, -6.95959513e-006, 0.0868288066, 0.996223247, 8.38377982e-006, 6.20535686e-006, -8.95640969e-006, 1, 0.99622325, -0.0868287767, 6.54759758e-006, 0.0868287767, 0.99622325, -9.73388064e-006, -5.67768799e-006, 1.02656381e-005, 1, 0, 0, 0, 0, 0, 0, 0, 0.326382007, -0.165119946, -0.185033691, -0.106161134, 0.514249796, -0.850962126, -0.993164062, -0.0145263672, 0.115112305, 0.0468471118, 0.857478759, 0.512476111, 0, 0, -0, 0, 0, 0, 0, 0.361960059, -0.112553711, -0.145836963, 0.199387101, 0.106169665, -0.974138192, 0.680786133, -0.729980469, 0.0596923828, -0.704698472, -0.674972867, -0.21788694, 0, 2, 1, 1, 
241.207843, 28, 0.1, 0.1, 0.0157926353, 0.357675835, -0.0199675081, 0.996223249, -0.0868287846, -4.34367184e-006, 0.0868287846, 0.996223249, -7.31888363e-006, 4.96275665e-006, 6.91408629e-006, 1, 0.996223247, -0.0868288144, -4.05094843e-006, 0.0868288143, 0.996223246, -1.3897138e-005, 5.24232101e-006, 1.34929128e-005, 1, 0, 0, 0, 0, 0, 0, 0, 0.326382007, -0.165119946, -0.185033691, -0.106161134, 0.514249796, -0.850962126, -0.993164062, -0.0145263672, 0.115112305, 0.0468471118, 0.857478759, 0.512476111, 0, 0, -0, 0, 0, 0, 0, 0.361960059, -0.112553711, -0.145836963, 0.199387101, 0.106169665, -0.974138192, 0.680786133, -0.729980469, 0.0596923828, -0.704698472, -0.674972867, -0.21788694, 0, 2, 1, 1, 
241.208636, 28, 0.1, 0.1, 0.0157926351, 0.357675834, -0.019969262, 0.996223256, -0.0868287037, 8.91897185e-006, 0.0868287038, 0.996223256, -9.87061608e-006, -8.02823438e-006, 1.06077601e-005, 1, 0.996223257, -0.0868286902, -2.71058002e-006, 0.0868286902, 0.996223257, -5.81323019e-006, 3.20509802e-006, 5.55591901e-006, 1, 0, 0, 0, 0, 0, 0, 0, 0.326382007, -0.165119946, -0.185033691, -0.106161134, 0.514249796, -0.850962126, -0.993164062, -0.0145263672, 0.115112305, 0.0468471118, 0.857478759, 0.512476111, 0, 0, -0, 0, 0, 0, 0, 0.361960059, -0.112553711, -0.145836963, 0.199387101, 0.106169665, -0.974138192, 0.680786133, -0.729980469, 0.0596923828, -0.704698472, -0.674972867, -0.21788694, 0, 2, 1, 1, 
241.209427, 28, 0.1, 0.1, 0.0157926349, 0.357675833, -0.0199696059, 0.99622325, -0.0868287798, 7.62507997e-006, 0.0868287798, 0.99622325, -5.6320071e-006, -7.10726164e-006, 6.2728128e-006, 1, 0.996223249, -0.0868287837, 6.77849834e-006, 0.0868287836, 0.996223249, 1.1105428e-005, -7.71716845e-006, -1.04749168e-005, 1, 0, 0, 0, 0, 0, 0, 0, 0.326382007, -0.165119946, -0.185033691, -0.106161134, 0.514249796, -0.850962126, -0.993164062, -0.0145263672, 0.115112305, 0.0468471118, 0.857478759, 0.512476111, 0, 0, -0, 0, 0, 0, 0, 0.361960059, -0.112553711, -0.145836963, 0.199387101, 0.106169665, -0.974138192, 0.680786133, -0.729980469, 0.0596923828, -0.704698472, -0.674972867, -0.21788694, 0, 2, 1, 1, 
241.210216, 28, 0.1, 0.1, 0.0157926354, 0.357675832, -0.0199685754, 0.996223261, -0.0868286442, -6.41246467e-006, 0.0868286443, 0.996223261, 7.53698404e-006, 5.73382036e-006, -8.06530443e-006, 1, 0.996223259, -0.0868286663, 4.29326004e-006, 0.0868286662, 0.996223259, 1.53879966e-005, -5.61316473e-006, -1.49571021e-005, 1, 0, 0, 0, 0, 0, 0, 0, 0.326382007, -0.165119946, -0.185033691, -0.106161134, 0.514249796, -0.850962126, -0.993164062, -0.0145263672, 0.115112305, 0.0468471118, 0.857478759, 0.512476111, 0, 0, -0, 0, 0, 0, 0, 0.361960059, -0.112553711, -0.145836963, 0.199387101, 0.106169665, -0.974138192, 0.680786133, -0.729980469, 0.0596923828, -0.704698472, -0.674972867, -0.21788694, 0, 2, 1, 1, 
241.211023, 28, 0.1, 0.1, 0.0157926361, 0.357675833, -0.0199664981, 0.996223253, -0.0868287364, -7.63595799e-006, 0.0868287365, 0.996223253, 1.34410458e-005, 6.44004989e-006, -1.4053303e-005, 1, 0.996223255, -0.0868287123, -7.2727129e-006, 0.0868287124, 0.996223255, 7.80956646e-006, 6.56715112e-006, -8.41155202e-006, 1, 0, 0, 0, 0, 0, 0, 0, 0.326382007, -0.165119946, -0.185033691, -0.130027493, 0.522218107, -0.842759054, -0.990112305, -0.0256347656, 0.13684082, 0.0498856201, 0.852385352, 0.520569859, 0, 0, -0, 0, 0, 0, 0, 0.361960059, -0.112553711, -0.145836963, 0.199387101, 0.106169665, -0.974138192, 0.680786133, -0.729980469, 0.0596923828, -0.704698472, -0.674972867, -0.21788694, 0, 2, 1, 1, 
241.211825, 28, 0.1, 0.1, 0.0157926362, 0.357675834, -0.0199639069, 0.996223261, -0.086828653, 4.38269626e-006, 0.0868286529, 0.996223261, 9.46083787e-006, -5.18761577e-006, -9.04456313e-006, 1, 0.996223257, -0.0868286926, -6.26929664e-006, 0.0868286925, 0.996223257, -1.13665357e-005, 7.23256056e-006, 1.07792524e-005, 1, 0, 0, 0, 0, 0, 0, 0, 0.324501831, -0.162719043, -0.184366602, -0.130027493, 0.522218107, -0.842759054, -0.990112305, -0.0256347656, 0.13684082, 0.0498856201, 0.852385352, 0.520569859, 0, 0, -0, 0, 0, 0, 0, 0.361251367, -0.111623486, -0.145626904, 0.19547673, 0.110092795, -0.974406515, 0.681762695, -0.729492188, 0.0543212891, -0.704863983, -0.674928757, -0.217669656, 0, 2, 1, 1, 
241.212612, 28, 0.1, 0.1, 0.0157926366, 0.357675835, -0.0199621197, 0.996223262, -0.0868286422, 5.85081342e-006, 0.0868286422, 0.996223262, -8.47381373e-006, -5.09294668e-006, 8.94982854e-006, 1, 0.996223264, -0.0868286148, 6.76764467e-006, 0.0868286149, 0.996223264, -1.65438949e-005, -5.30560159e-006, 1.70690382e-005, 1, 0, 0, 0, 0, 0, 0, 0, 0.324501831, -0.162719043, -0.184366602, -0.130027493, 0.522218107, -0.842759054, -0.990112305, -0.0256347656, 0.13684082, 0.0498856201, 0.852385352, 0.520569859, 0, 0, -0, 0, 0, 0, 0, 0.361251367, -0.111623486, -0.145626904, 0.19547673, 0.110092795, -0.974406515, 0.681762695, -0.729492188, 0.0543212891, -0.704863983, -0.674928757, -0.217669656, 0, 2, 1, 1, 
241.213413, 28, 0.1, 0.1, 0.0157926379, 0.357675834, -0.0199615775, 0.996223257, -0.0868286929, -9.11880853e-006, 0.0868286927, 0.996223257, -1.55640365e-005, 1.04357741e-005, 1.47134809e-005, 1, 0.996223255, -0.0868287218, 5.08629284e-006, 0.0868287219, 0.996223255, -7.7409252e-006, -4.39494856e-006, 8.153326e-006, 1, 0, 0, 0, 0, 0, 0, 0, 0.324501831, -0.162719043, -0.184366602, -0.148400168, 0.531036382, -0.834168071, -0.987670898, -0.0382080078, 0.151367188, 0.0485934402, 0.846415773, 0.530332455, 0, 0, -0, 0, 0, 0, 0, 0.361251367, -0.111623486, -0.145626904, 0.19547673, 0.110092795, -0.974406515, 0.681762695, -0.729492188, 0.0543212891, -0.704863983, -0.674928757, -0.217669656, 0, 2, 1, 1, 
241.214212, 28, 0.1, 0.1, 0.0157926393, 0.357675833, -0.0199620638, 0.99622327, -0.0868285457, -7.35298785e-006, 0.0868285457, 0.99622327, -7.91674917e-006, 8.01261741e-006, 7.24840051e-006, 1, 0.996223269, -0.0868285506, -1.003275e-005, 0.0868285508, 0.996223269, 1.25077924e-005, 8.90882553e-006, -1.33316829e-005, 1, 0, 0, 0, 0, 0, 0, 0, 0.324005444, -0.161170337, -0.183228125, -0.148400168, 0.531036382, -0.834168071, -0.987670898, -0.0382080078, 0.151367188, 0.0485934402, 0.846415773, 0.530332455, 0, 0, -0, 0, 0, 0, 0, 0.36053291, -0.110468555, -0.145201904, 0.191272517, 0.114188367, -0.97479624, 0.683227539, -0.728515625, 0.048828125, -0.704569408, -0.675357495, -0.217465132, 0, 2, 1, 1, 
241.215004, 28, 0.1, 0.1, 0.0157926394, 0.357675832, -0.0199636779, 0.996223259, -0.0868286692, 6.60215848e-006, 0.0868286691, 0.996223259, 1.16831895e-005, -7.59165964e-006, -1.10658085e-005, 1, 0.996223261, -0.0868286503, -7.0638069e-006, 0.0868286504, 0.996223261, 1.80655215e-005, 5.46852389e-006, -1.86106336e-005, 1, 0, 0, 0, 0, 0, 0, 0, 0.324005444, -0.161170337, -0.183228125, -0.148400168, 0.531036382, -0.834168071, -0.987670898, -0.0382080078, 0.151367188, 0.0485934402, 0.846415773, 0.530332455, 0, 0, -0, 0, 0, 0, 0, 0.36053291, -0.110468555, -0.145201904, 0.191272517, 0.114188367, -0.97479624, 0.683227539, -0.728515625, 0.048828125, -0.704569408, -0.675357495, -0.217465132, 0, 2, 1, 1, 
241.215794, 28, 0.1, 0.1, 0.0157926389, 0.357675832, -0.0199657508, 0.99622327, -0.0868285438, 7.36866172e-006, 0.0868285437, 0.99622327, 1.51955784e-005, -8.66024222e-006, -1.44983787e-005, 1, 0.996223268, -0.0868285732, 7.67388556e-006, 0.0868285732, 0.996223268, 9.789709e-006, -8.49492981e-006, -9.08642335e-006, 1, 0, 0, 0, 0, 0, 0, 0, 0.324005444, -0.161170337, -0.183228125, -0.148400168, 0.531036382, -0.834168071, -0.987670898, -0.0382080078, 0.151367188, 0.0485934402, 0.846415773, 0.530332455, 0, 0, -0, 0, 0, 0, 0, 0.36053291, -0.110468555, -0.145201904, 0.191272517, 0.114188367, -0.97479624, 0.683227539, -0.728515625, 0.048828125, -0.704569408, -0.675357495, -0.217465132, 0, 2, 1, 1, 
241.216579, 28, 0.1, 0.1, 0.0157926386, 0.357675833, -0.0199676156, 0.996223267, -0.0868285829, -2.18033888e-006, 0.0868285829, 0.996223267, 6.72423304e-006, 1.58824869e-006, -6.88815314e-006, 1, 0.996223269, -0.0868285542, 1.03950013e-005, 0.0868285543, 0.996223269, -9.56414237e-006, -9.52530148e-006, 1.04306041e-005, 1, 0, 0, 0, 0, 0, 0, 0, 0.324005444, -0.161170337, -0.183228125, -0.148400168, 0.531036382, -0.834168071, -0.987670898, -0.0382080078, 0.151367188, 0.0485934402, 0.846415773, 0.530332455, 0, 0, -0, 0, 0, 0, 0, 0.36053291, -0.110468555, -0.145201904, 0.191272517, 0.114188367, -0.97479624, 0.683227539, -0.728515625, 0.048828125, -0.704569408, -0.675357495, -0.217465132, 0, 2, 1, 1, 
241.217365, 28, 0.1, 0.1, 0.0157926383, 0.357675834, -0.0199687085, 0.996223268, -0.0868285708, -1.16391117e-006, 0.0868285708, 0.996223268, -8.61060369e-006, 1.9071618e-006, 8.477023e-006, 1, 0.996223265, -0.0868285976, -5.38928497e-007, 0.0868285976, 0.996223265, -1.50435473e-005, 1.84310322e-006, 1.49399374e-005, 1, 0, 0, 0, 0, 0, 0, 0, 0.324005444, -0.161170337, -0.183228125, -0.148400168, 0.531036382, -0.834168071, -0.987670898, -0.0382080078, 0.151367188, 0.0485934402, 0.846415773, 0.530332455, 0, 0, -0, 0, 0, 0, 0, 0.36053291, -0.110468555, -0.145201904, 0.191272517, 0.114188367, -0.97479624, 0.683227539, -0.728515625, 0.048828125, -0.704569408, -0.675357495, -0.217465132, 0, 2, 1, 1, 
241.218172, 28, 0.1, 0.1, 0.0157926376, 0.357675833, -0.0199686211, 0.996223273, -0.086828508, 1.08305198e-005, 0.0868285082, 0.996223273, -1.23171042e-005, -9.72014013e-006, 1.32109838e-005, 1, 0.996223275, -0.0868284884, -1.55822358e-006, 0.0868284884, 0.996223275, -8.11268703e-006, 2.25675095e-006, 7.94674945e-006, 1, 0, 0, 0, 0, 0, 0, 0, 0.324005444, -0.161170337, -0.183228125, -0.166955569, 0.541732438, -0.823704175, -0.984619141, -0.0491943359, 0.167236328, 0.0500492238, 0.839036455, 0.541775882, 0, 0, -0, 0, 0, 0, 0, 0.36053291, -0.110468555, -0.145201904, 0.191272517, 0.114188367, -0.97479624, 0.683227539, -0.728515625, 0.048828125, -0.704569408, -0.675357495, -0.217465132, 0, 2, 1, 1, 
241.21898, 28, 0.1, 0.1, 0.0157926372, 0.357675832, -0.0199670993, 0.996223264, -0.0868286098, 7.37490027e-006, 0.0868286098, 0.996223264, -7.24390032e-006, -6.71806943e-006, 7.85689436e-006, 1, 0.996223264, -0.0868286102, 6.89805196e-006, 0.0868286101, 0.996223264, 1.09329971e-005, -7.82129679e-006, -1.02927578e-005, 1, 0, 0, 0, 0, 0, 0, 0, 0.323954565, -0.15997644, -0.183774756, -0.166955569, 0.541732438, -0.823704175, -0.984619141, -0.0491943359, 0.167236328, 0.0500492238, 0.839036455, 0.541775882, 0, 0, -0, 0, 0, 0, 0, 0.359657373, -0.109243555, -0.144779102, 0.188224717, 0.119044431, -0.974802803, 0.683959961, -0.728149414, 0.0432128906, -0.704767002, -0.674847102, -0.218570507, 0, 2, 1, 1, 
241.21977, 28, 0.1, 0.1, 0.0157926381, 0.357675831, -0.0199651718, 0.996223276, -0.0868284786, -8.98418972e-006, 0.0868284787, 0.996223276, 9.4465325e-006, 8.13003087e-006, -1.01909391e-005, 1, 0.996223274, -0.0868284991, 3.04862439e-006, 0.0868284991, 0.996223274, 1.78108689e-005, -4.58360158e-006, -1.74788946e-005, 1, 0, 0, 0, 0, 0, 0, 0, 0.323954565, -0.15997644, -0.183774756, -0.166955569, 0.541732438, -0.823704175, -0.984619141, -0.0491943359, 0.167236328, 0.0500492238, 0.839036455, 0.541775882, 0, 0, -0, 0, 0, 0, 0, 0.359657373, -0.109243555, -0.144779102, 0.188224717, 0.119044431, -0.974802803, 0.683959961, -0.728149414, 0.0432128906, -0.704767002, -0.674847102, -0.218570507, 0, 2, 1, 1, 
241.22056, 28, 0.1, 0.1, 0.0157926393, 0.357675832, -0.0199634816, 0.996223266, -0.0868285953, -1.05394411e-005, 0.0868285955, 0.996223266, 1.62695308e-005, 9.08697596e-006, -1.71232099e-005, 1, 0.996223268, -0.0868285674, -1.00536228e-005, 0.0868285675, 0.996223268, 1.04521135e-005, 9.10811092e-006, -1.12855804e-005, 1, 0, 0, 0, 0, 0, 0, 0, 0.323954565, -0.15997644, -0.183774756, -0.166955569, 0.541732438, -0.823704175, -0.984619141, -0.0491943359, 0.167236328, 0.0500492238, 0.839036455, 0.541775882, 0, 0, -0, 0, 0, 0, 0, 0.359657373, -0.109243555, -0.144779102, 0.188224717, 0.119044431, -0.974802803, 0.683959961, -0.728149414, 0.0432128906, -0.704767002, -0.674847102, -0.218570507, 0, 2, 1, 1, 
241.221345, 28, 0.1, 0.1, 0.01579264, 0.357675833, -0.0199626317, 0.996223271, -0.0868285304, 2.18894739e-006, 0.0868285304, 0.996223271, 1.06103273e-005, -3.10195946e-006, -1.03801919e-005, 1, 0.996223268, -0.0868285661, -9.23747566e-006, 0.086828566, 0.996223268, -1.02959012e-005, 1.00965665e-005, 9.45493953e-006, 1, 0, 0, 0, 0, 0, 0, 0, 0.323954565, -0.15997644, -0.183774756, -0.166955569, 0.541732438, -0.823704175, -0.984619141, -0.0491943359, 0.167236328, 0.0500492238, 0.839036455, 0.541775882, 0, 0, -0, 0, 0, 0, 0, 0.359657373, -0.109243555, -0.144779102, 0.188224717, 0.119044431, -0.974802803, 0.683959961, -0.728149414, 0.0432128906, -0.704767002, -0.674847102, -0.218570507, 0, 2, 1, 1, 
241.222148, 28, 0.1, 0.1, 0.0157926407, 0.357675833, -0.0199626666, 0.996223271, -0.086828532, 5.00315858e-006, 0.086828532, 0.996223271, -1.01481713e-005, -4.10311219e-006, 1.05442613e-005, 1, 0.996223274, -0.0868285013, 5.2933622e-006, 0.0868285014, 0.996223274, -1.77401164e-005, -3.7330229e-006, 1.81327315e-005, 1, 0, 0, 0, 0, 0, 0, 0, 0.323954565, -0.15997644, -0.183774756, -0.166955569, 0.541732438, -0.823704175, -0.984619141, -0.0491943359, 0.167236328, 0.0500492238, 0.839036455, 0.541775882, 0, 0, -0, 0, 0, 0, 0, 0.359657373, -0.109243555, -0.144779102, 0.188224717, 0.119044431, -0.974802803, 0.683959961, -0.728149414, 0.0432128906, -0.704767002, -0.674847102, -0.218570507, 0, 2, 1, 1, 
241.222953, 28, 0.1, 0.1, 0.0157926417, 0.357675833, -0.0199635656, 0.996223265, -0.0868285998, -6.42412109e-006, 0.0868285997, 0.996223265, -1.70062866e-005, 7.87649094e-006, 1.63842609e-005, 1, 0.996223263, -0.0868286237, 6.44874178e-006, 0.0868286237, 0.996223263, -9.59852959e-006, -5.59095946e-006, 1.01222138e-005, 1, 0, 0, 0, 0, 0, 0, 0, 0.323954565, -0.15997644, -0.183774756, -0.182211465, 0.548374507, -0.816078852, -0.981811523, -0.0588378906, 0.1796875, 0.0504880495, 0.834153105, 0.549343177, 0, 0, -0, 0, 0, 0, 0, 0.359657373, -0.109243555, -0.144779102, 0.188224717, 0.119044431, -0.974802803, 0.683959961, -0.728149414, 0.0432128906, -0.704767002, -0.674847102, -0.218570507, 0, 2, 1, 1, 
241.223757, 28, 0.1, 0.1, 0.0157926424, 0.357675832, -0.0199646711, 0.996223276, -0.086828477, -4.22026672e-006, 0.0868284769, 0.996223276, -8.59257286e-006, 4.95040795e-006, 8.19368175e-006, 1, 0.996223276, -0.0868284788, -6.745225e-006, 0.0868284788, 0.996223276, 1.02405113e-005, 5.83058213e-006, -1.07875133e-005, 1, 0, 0, 0, 0, 0, 0, 0, 0.323399487, -0.159428613, -0.183138794, -0.182211465, 0.548374507, -0.816078852, -0.981811523, -0.0588378906, 0.1796875, 0.0504880495, 0.834153105, 0.549343177, 0, 0, -0, 0, 0, 0, 0, 0.358745215, -0.10823667, -0.144351172, 0.18471683, 0.123862215, -0.974847646, 0.684326172, -0.728149414, 0.0372314453, -0.705258438, -0.673972504, -0.219311676, 0, 2, 1, 1, 
241.224545, 28, 0.1, 0.1, 0.015792642, 0.357675831, -0.0199659655, 0.996223265, -0.0868286015, 7.72379062e-006, 0.0868286014, 0.996223265, 1.08976559e-005, -8.64084813e-006, -1.01858524e-005, 1, 0.996223267, -0.0868285818, -4.74600341e-006, 0.0868285819, 0.996223267, 1.66301139e-005, 3.28410981e-006, -1.69793952e-005, 1, 0, 0, 0, 0, 0, 0, 0, 0.323399487, -0.159428613, -0.183138794, -0.182211465, 0.548374507, -0.816078852, -0.981811523, -0.0588378906, 0.1796875, 0.0504880495, 0.834153105, 0.549343177, 0, 0, -0, 0, 0, 0, 0, 0.358745215, -0.10823667, -0.144351172, 0.18471683, 0.123862215, -0.974847646, 0.684326172, -0.728149414, 0.0372314453, -0.705258438, -0.673972504, -0.219311676, 0, 2, 1, 1, 
241.225334, 28, 0.1, 0.1, 0.0157926415, 0.357675832, -0.0199670074, 0.996223275, -0.0868284915, 6.38017097e-006, 0.0868284914, 0.996223275, 1.55864106e-005, -7.70941933e-006, -1.49735644e-005, 1, 0.996223272, -0.086828518, 7.06163379e-006, 0.0868285179, 0.996223272, 1.02288283e-005, -7.92311792e-006, -9.57704563e-006, 1, 0, 0, 0, 0, 0, 0, 0, 0.323399487, -0.159428613, -0.183138794, -0.182211465, 0.548374507, -0.816078852, -0.981811523, -0.0588378906, 0.1796875, 0.0504880495, 0.834153105, 0.549343177, 0, 0, -0, 0, 0, 0, 0, 0.358745215, -0.10823667, -0.144351172, 0.18471683, 0.123862215, -0.974847646, 0.684326172, -0.728149414, 0.0372314453, -0.705258438, -0.673972504, -0.219311676, 0, 2, 1, 1, 
241.22614, 28, 0.1, 0.1, 0.0157926414, 0.357675833, -0.0199673688, 0.996223269, -0.0868285514, -3.58673527e-006, 0.0868285514, 0.996223269, 8.49109179e-006, 2.83591994e-006, -8.77045425e-006, 1, 0.996223272, -0.0868285189, 9.47425785e-006, 0.086828519, 0.996223272, -8.14251577e-006, -8.73147357e-006, 8.93439948e-006, 1, 0, 0, 0, 0, 0, 0, 0, 0.323399487, -0.159428613, -0.183138794, -0.182211465, 0.548374507, -0.816078852, -0.981811523, -0.0588378906, 0.1796875, 0.0504880495, 0.834153105, 0.549343177, 0, 0, -0, 0, 0, 0, 0, 0.357799365, -0.108167188, -0.143921289, 0.181093739, 0.12772811, -0.975090449, 0.68359375, -0.729125977, 0.0313720703, -0.70698941, -0.672216012, -0.219337196, 0, 2, 1, 1, 
241.226929, 28, 0.1, 0.1, 0.0157926415, 0.357675833, -0.0199670052, 0.996223269, -0.086828553, -4.06600662e-006, 0.086828553, 0.996223269, -7.9325508e-006, 4.73942232e-006, 7.54954622e-006, 1, 0.996223267, -0.0868285787, -3.2639408e-006, 0.0868285787, 0.996223267, -1.48115494e-005, 4.53767955e-006, 1.44722068e-005, 1, 0, 0, 0, 0, 0, 0, 0, 0.323399487, -0.159428613, -0.183138794, -0.182211465, 0.548374507, -0.816078852, -0.981811523, -0.0588378906, 0.1796875, 0.0504880495, 0.834153105, 0.549343177, 0, 0, -0, 0, 0, 0, 0, 0.357799365, -0.108167188, -0.143921289, 0.181093739, 0.12772811, -0.975090449, 0.68359375, -0.729125977, 0.0313720703, -0.70698941, -0.672216012, -0.219337196, 0, 2, 1, 1, 
241.227715, 28, 0.1, 0.1, 0.0157926415, 0.357675832, -0.0199662259, 0.996223274, -0.0868284973, 7.23482811e-006, 0.0868284974, 0.996223274, -1.2233613e-005, -6.14527792e-006, 1.28155992e-005, 1, 0.996223276, -0.0868284769, -5.00902167e-006, 0.0868284769, 0.996223276, -7.9676451e-006, 5.68192246e-006, 7.50262779e-006, 1, 0, 0, 0, 0, 0, 0, 0, 0.323399487, -0.159428613, -0.183138794, -0.182211465, 0.548374507, -0.816078852, -0.981811523, -0.0588378906, 0.1796875, 0.0504880495, 0.834153105, 0.549343177, 0, 0, -0, 0, 0, 0, 0, 0.357799365, -0.108167188, -0.143921289, 0.181093739, 0.12772811, -0.975090449, 0.68359375, -0.729125977, 0.0313720703, -0.70698941, -0.672216012, -0.219337196, 0, 2, 1, 1, 
241.228515, 28, 0.1, 0.1, 0.0157926421, 0.357675831, -0.019965133, 0.996223264, -0.0868286104, 3.68906073e-006, 0.0868286104, 0.996223264, -5.89187749e-006, -3.16354459e-006, 6.18994145e-006, 1, 0.996223264, -0.0868286102, 2.7810591e-006, 0.0868286101, 0.996223264, 1.33043784e-005, -3.92575646e-006, -1.30126558e-005, 1, 0, 0, 0, 0, 0, 0, 0, 0.322383545, -0.158207642, -0.18185752, -0.193348974, 0.555098952, -0.8089358, -0.979736328, -0.0668945313, 0.188232422, 0.0503981785, 0.829009524, 0.556986856, 0, 0, -0, 0, 0, 0, 0, 0.357799365, -0.108167188, -0.143921289, 0.181093739, 0.12772811, -0.975090449, 0.68359375, -0.729125977, 0.0313720703, -0.70698941, -0.672216012, -0.219337196, 0, 2, 1, 1, 
