time, trialNum, realDorsalTactorPos, realVentralTactorPos, box1PosX, box1PosY, box1PosZ, box1LocalRot_11, box1LocalRot_12, box1LocalRot_13, box1LocalRot_21, box1LocalRot_22, box1LocalRot_23, box1LocalRot_31, box1LocalRot_32, box1LocalRot_33, box1GlobalRot_11, box1GlobalRot_12, box1GlobalRot_13, box1GlobalRot_21, box1GlobalRot_22, box1GlobalRot_23, box1GlobalRot_31, box1GlobalRot_32, box1GlobalRot_33, indexForceX, indexForceY, indexForceZ, indexForceGlobalX, indexForceGlobalY, indexForceGlobalZ, indexContact, indexPosX, indexPosY, indexPosZ, indexRot_11, indexRot_12, indexRot_13, indexRot_21, indexRot_22, indexRot_23, indexRot_31, indexRot_32, indexRot_33, thumbForceX, thumbForceY, thumbForceZ, thumbForceGlobalX, thumbForceGlobalY, thumbForceGlobalZ, thumbContact, thumbPosX, thumbPosY, thumbPosZ, thumbRot_11, thumbRot_12, thumbRot_13, thumbRot_21, thumbRot_22, thumbRot_23, thumbRot_31, thumbRot_32, thumbRot_33, manipForceTooHigh, cceExpType, mapping, trialSuccess, 
403.547315, 25, 0.1, 0.1, 0.0285775439, 0.359619102, -0.0199652537, 0.956345523, -3.1140866e-005, -0.292238328, 0.292238328, -4.79030277e-006, 0.956345523, -3.11813378e-005, -1, 4.51936998e-006, 0.956345833, -2.40052923e-005, -0.292237313, 0.292237313, 1.14239903e-005, 0.956345833, -1.9618845e-005, -1, 1.79405277e-005, 0, 0, 0, 0, 0, 0, 0, 0.278940967, -0.0979688965, -0.213099097, 0.0302173993, 0.414794011, -0.909437634, -0.989624023, 0.139892578, 0.0308837891, 0.140063781, 0.899061722, 0.414830699, 0, 0, -0, 0, 0, 0, 0, 0.314576025, -0.0394832031, -0.186795361, -0.047341567, 0.210735298, -0.976366657, 0.416748047, -0.884033203, -0.21105957, -0.907748431, -0.416778758, -0.0460358815, 0, 2, 1, 1, 
403.552911, 25, 0.1, 0.1, 0.0285775491, 0.359619143, -0.0199748076, 0.95633735, -5.8173837e-006, -0.292265073, 0.292265073, 1.36255692e-005, 0.95633735, -1.58110333e-006, -1, 1.47308589e-005, 0.956337611, -4.14871783e-005, -0.292264215, 0.292264218, 8.33514801e-005, 0.956337608, -1.53150939e-005, -0.999999996, 9.18373731e-005, 0, 0, 0, 0, 0, 0, 0, 0.280659644, -0.0991462646, -0.210898413, 0.0291933283, 0.413519066, -0.909990296, -0.990356445, 0.135131836, 0.0296630859, 0.135158709, 0.900375981, 0.413682312, 0, 0, -0, 0, 0, 0, 0, 0.315871533, -0.0406452148, -0.184569043, -0.0486638582, 0.208159612, -0.97687122, 0.421020508, -0.882568359, -0.209106445, -0.90567804, -0.421468211, -0.0447387434, 0, 2, 1, 1, 
403.554211, 25, 0.1, 0.1, 0.0285775698, 0.359619096, -0.0199584012, 0.956336219, 7.6018691e-006, -0.292268773, 0.29226877, -0.000157077751, 0.956336207, -3.86389788e-005, -0.999999988, -0.000152440931, 0.956336399, 5.9094792e-005, -0.29226818, 0.292268186, -0.000167870091, 0.956336384, 7.45141355e-006, -0.999999984, -0.000177811806, 0, 0, 0, 0, 0, 0, 0, 0.280659644, -0.0991462646, -0.210898413, 0.0291933283, 0.413519066, -0.909990296, -0.990356445, 0.135131836, 0.0296630859, 0.135158709, 0.900375981, 0.413682312, 0, 0, -0, 0, 0, 0, 0, 0.315871533, -0.0406452148, -0.184569043, -0.0486638582, 0.208159612, -0.97687122, 0.421020508, -0.882568359, -0.209106445, -0.90567804, -0.421468211, -0.0447387434, 0, 2, 1, 1, 
403.555535, 25, 0.1, 0.1, 0.0285775543, 0.359619123, -0.0199360833, 0.956335758, -6.49367314e-005, -0.292270276, 0.292270283, 0.000179685324, 0.956335741, -9.58463774e-006, -0.999999982, 0.000190818578, 0.956335856, -3.72947435e-005, -0.29226996, 0.292269962, 0.000166636425, 0.956335841, 1.30365212e-005, -0.999999985, 0.000170260521, 0, 0, 0, 0, 0, 0, 0, 0.281247461, -0.099331543, -0.210657593, 0.0276570306, 0.414261566, -0.909672777, -0.990478516, 0.133422852, 0.0306396484, 0.134042523, 0.900381972, 0.41412639, 0, 0, -0, 0, 0, 0, 0, 0.315871533, -0.0406452148, -0.184569043, -0.0486638582, 0.208159612, -0.97687122, 0.421020508, -0.882568359, -0.209106445, -0.90567804, -0.421468211, -0.0447387434, 0, 2, 1, 1, 
403.556806, 25, 0.1, 0.1, 0.02857755, 0.359619131, -0.0199219021, 0.956335306, 2.02386723e-005, -0.292271761, 0.292271762, -7.87114789e-005, 0.956335303, -3.65018581e-006, -0.999999997, -8.11897587e-005, 0.956335389, -7.22380172e-007, -0.292271491, 0.29227149, -7.51983822e-005, 0.956335386, -2.2669181e-005, -0.999999997, -7.1703743e-005, 0, 0, 0, 0, 0, 0, 0, 0.281247461, -0.099331543, -0.210657593, 0.0276570306, 0.414261566, -0.909672777, -0.990478516, 0.133422852, 0.0306396484, 0.134042523, 0.900381972, 0.41412639, 0, 0, -0, 0, 0, 0, 0, 0.315871533, -0.0406452148, -0.184569043, -0.0486638582, 0.208159612, -0.97687122, 0.421020508, -0.882568359, -0.209106445, -0.90567804, -0.421468211, -0.0447387434, 0, 2, 1, 1, 
403.557848, 25, 0.1, 0.1, 0.0285775604, 0.359619143, -0.0199214326, 0.95633468, -2.52377499e-005, -0.292273807, 0.292273808, 1.06899284e-005, 0.956334681, -2.10113494e-005, -1, 1.75994826e-005, 0.956334812, -1.68471706e-005, -0.292273378, 0.292273379, 5.48032237e-005, 0.95633481, -9.40123558e-008, -0.999999998, 5.733421e-005, 0, 0, 0, 0, 0, 0, 0, 0.281371704, -0.0999781982, -0.210648804, 0.0257088558, 0.41472474, -0.909514018, -0.990478516, 0.1328125, 0.0325927734, 0.134227492, 0.900185021, 0.414348429, 0, 0, -0, 0, 0, 0, 0, 0.316308252, -0.0408655273, -0.183892725, -0.0489577007, 0.208504494, -0.976737058, 0.422119141, -0.881958008, -0.209350586, -0.905217953, -0.422413905, -0.0448473852, 0, 2, 1, 1, 
403.558623, 25, 0.1, 0.1, 0.028577565, 0.359619131, -0.0199357562, 0.956333921, -1.90681983e-005, -0.292276294, 0.292276293, -3.30554429e-005, 0.95633392, -2.78968872e-005, -0.999999999, -2.6038859e-005, 0.95633407, 2.82456324e-005, -0.292275805, 0.292275806, -6.18323364e-005, 0.956334068, 8.94016471e-006, -0.999999998, -6.73878849e-005, 0, 0, 0, 0, 0, 0, 0, 0.281371704, -0.0999781982, -0.210648804, 0.0257088558, 0.41472474, -0.909514018, -0.990478516, 0.1328125, 0.0325927734, 0.134227492, 0.900185021, 0.414348429, 0, 0, -0, 0, 0, 0, 0, 0.316308252, -0.0408655273, -0.183892725, -0.0489577007, 0.208504494, -0.976737058, 0.422119141, -0.881958008, -0.209350586, -0.905217953, -0.422413905, -0.0448473852, 0, 2, 1, 1, 
403.559402, 25, 0.1, 0.1, 0.0285775594, 0.359619147, -0.019958352, 0.956333467, 2.1714316e-005, -0.292277776, 0.292277774, 8.31399272e-005, 0.956333465, 4.50660801e-005, -0.999999996, 7.31628829e-005, 0.956333528, -3.61498381e-006, -0.292277578, 0.292277577, 9.29209751e-005, 0.956333524, 2.37015874e-005, -0.999999996, 8.99200227e-005, 0, 0, 0, 0, 0, 0, 0, 0.281371704, -0.0999781982, -0.210648804, 0.0257088558, 0.41472474, -0.909514018, -0.990478516, 0.1328125, 0.0325927734, 0.134227492, 0.900185021, 0.414348429, 0, 0, -0, 0, 0, 0, 0, 0.316308252, -0.0408655273, -0.183892725, -0.0489577007, 0.208504494, -0.976737058, 0.422119141, -0.881958008, -0.209350586, -0.905217953, -0.422413905, -0.0448473852, 0, 2, 1, 1, 
403.560179, 25, 0.1, 0.1, 0.0285775677, 0.359619141, -0.0199810581, 0.956333372, 1.78962651e-005, -0.29227809, 0.292278091, -0.000104297042, 0.956333366, -1.33689449e-005, -0.999999994, -0.000104973428, 0.956333359, 3.51628808e-005, -0.29227813, 0.292278132, -7.25144912e-005, 0.956333356, 1.24330359e-005, -0.999999997, -7.96253681e-005, 0, 0, 0, 0, 0, 0, 0, 0.281371704, -0.0999781982, -0.210648804, 0.0257088558, 0.41472474, -0.909514018, -0.990478516, 0.1328125, 0.0325927734, 0.134227492, 0.900185021, 0.414348429, 0, 0, -0, 0, 0, 0, 0, 0.316308252, -0.0408655273, -0.183892725, -0.0489577007, 0.208504494, -0.976737058, 0.422119141, -0.881958008, -0.209350586, -0.905217953, -0.422413905, -0.0448473852, 0, 2, 1, 1, 
403.560959, 25, 0.1, 0.1, 0.028577563, 0.35961911, -0.0199967409, 0.956333465, -4.54030929e-005, -0.292277782, 0.292277773, -0.000151683953, 0.956333457, -8.77543462e-005, -0.999999987, -0.000131790126, 0.956333438, -3.40748286e-005, -0.292277871, 0.292277863, -0.000153206988, 0.956333429, -7.73659099e-005, -0.999999988, -0.000136557647, 0, 0, 0, 0, 0, 0, 0, 0.281371704, -0.0999781982, -0.210648804, 0.0257088558, 0.41472474, -0.909514018, -0.990478516, 0.1328125, 0.0325927734, 0.134227492, 0.900185021, 0.414348429, 0, 0, -0, 0, 0, 0, 0, 0.316308252, -0.0408655273, -0.183892725, -0.0489577007, 0.208504494, -0.976737058, 0.422119141, -0.881958008, -0.209350586, -0.905217953, -0.422413905, -0.0448473852, 0, 2, 1, 1, 
403.561719, 25, 0.1, 0.1, 0.0285775509, 0.359619082, -0.0200014026, 0.95633366, -8.78786199e-005, -0.292277134, 0.292277123, -0.000116565942, 0.95633366, -0.000118110842, -0.999999989, -8.57910233e-005, 0.956333614, -8.12520216e-005, -0.292277286, 0.292277275, -0.00012571289, 0.956333613, -0.000114447062, -0.999999989, -9.64753433e-005, 0, 0, 0, 0, 0, 0, 0, 0.281371704, -0.0999781982, -0.210648804, 0.0257088558, 0.41472474, -0.909514018, -0.990478516, 0.1328125, 0.0325927734, 0.134227492, 0.900185021, 0.414348429, 0, 0, -0, 0, 0, 0, 0, 0.316308252, -0.0408655273, -0.183892725, -0.0489577007, 0.208504494, -0.976737058, 0.422119141, -0.881958008, -0.209350586, -0.905217953, -0.422413905, -0.0448473852, 0, 2, 1, 1, 
403.562511, 25, 0.1, 0.1, 0.0285775365, 0.359619058, -0.0199947833, 0.956333985, -9.34806125e-005, -0.292276069, 0.292276066, -5.08436634e-005, 0.956333989, -0.000104259073, -0.999999994, -2.13013776e-005, 0.956333913, -9.90105233e-005, -0.292276301, 0.292276296, -6.66828201e-005, 0.956333918, -0.00011417693, -0.999999993, -3.48326133e-005, 0, 0, 0, 0, 0, 0, 0, 0.281686719, -0.0999293701, -0.210629883, 0.0231638353, 0.415689279, -0.909177403, -0.990600586, 0.131225586, 0.0346679688, 0.13376544, 0.900032253, 0.414913074, 0, 0, -0, 0, 0, 0, 0, 0.316739844, -0.0415618652, -0.183441113, -0.0492132637, 0.208153049, -0.976775338, 0.422119141, -0.881958008, -0.209228516, -0.905122071, -0.422573586, -0.0444831804, 0, 2, 1, 1, 
403.563295, 25, 0.1, 0.1, 0.0285775349, 0.359619053, -0.0199796205, 0.956334394, 1.39291371e-005, -0.292274745, 0.292274744, 3.47874802e-005, 0.956334394, 2.34884148e-005, -0.999999999, 2.91973288e-005, 0.956334298, -2.14044449e-005, -0.29227506, 0.29227506, 2.63905969e-005, 0.956334297, -1.27564916e-005, -0.999999999, 3.14942184e-005, 0, 0, 0, 0, 0, 0, 0, 0.281686719, -0.0999293701, -0.210629883, 0.0231638353, 0.415689279, -0.909177403, -0.990600586, 0.131225586, 0.0346679688, 0.13376544, 0.900032253, 0.414913074, 0, 0, -0, 0, 0, 0, 0, 0.316739844, -0.0415618652, -0.183441113, -0.0492132637, 0.208153049, -0.976775338, 0.422119141, -0.881958008, -0.209228516, -0.905122071, -0.422573586, -0.0444831804, 0, 2, 1, 1, 
403.564074, 25, 0.1, 0.1, 0.0285775534, 0.359619051, -0.0199617802, 0.956334958, 2.50847426e-005, -0.2922729, 0.292272899, 1.74557626e-005, 0.956334958, 2.90912626e-005, -1, 9.36196556e-006, 0.956334844, 5.41619282e-005, -0.292273267, 0.292273267, 9.37545695e-006, 0.956334846, 5.45371347e-005, -0.999999998, -6.86400754e-006, 0, 0, 0, 0, 0, 0, 0, 0.281686719, -0.0999293701, -0.210629883, 0.0231638353, 0.415689279, -0.909177403, -0.990600586, 0.131225586, 0.0346679688, 0.13376544, 0.900032253, 0.414913074, 0, 0, -0, 0, 0, 0, 0, 0.316739844, -0.0415618652, -0.183441113, -0.0492132637, 0.208153049, -0.976775338, 0.422119141, -0.881958008, -0.209228516, -0.905122071, -0.422573586, -0.0444831804, 0, 2, 1, 1, 
403.564892, 25, 0.1, 0.1, 0.0285775557, 0.359619046, -0.0199462784, 0.956335413, 5.92740517e-006, -0.292271411, 0.292271411, 2.18616945e-005, 0.956335413, 1.20581358e-005, -1, 1.91747016e-005, 0.956335318, -2.7453623e-005, -0.292271722, 0.292271722, 1.10071555e-005, 0.956335318, -2.3037789e-005, -1, 1.85504492e-005, 0, 0, 0, 0, 0, 0, 0, 0.281819873, -0.100122095, -0.210171924, 0.0214436907, 0.416292117, -0.908980451, -0.990844727, 0.129882812, 0.0361328125, 0.133049149, 0.899936773, 0.415376248, 0, 0, -0, 0, 0, 0, 0, 0.316900098, -0.0420383789, -0.182980957, -0.0502099961, 0.207827123, -0.976877416, 0.422241211, -0.881835938, -0.209350586, -0.904981347, -0.42297607, -0.0435119676, 0, 2, 1, 1, 
403.56567, 25, 0.1, 0.1, 0.028577563, 0.359619039, -0.019939158, 0.956335889, -5.52339816e-006, -0.292269854, 0.292269854, 7.72501283e-006, 0.956335889, -3.02443551e-006, -1, 9.00202979e-006, 0.956335796, -1.29671982e-005, -0.292270157, 0.292270156, -1.90291744e-005, 0.956335796, -1.79626556e-005, -1, -1.44083556e-005, 0, 0, 0, 0, 0, 0, 0, 0.281819873, -0.100122095, -0.210171924, 0.0214436907, 0.416292117, -0.908980451, -0.990844727, 0.129882812, 0.0361328125, 0.133049149, 0.899936773, 0.415376248, 0, 0, -0, 0, 0, 0, 0, 0.316900098, -0.0420383789, -0.182980957, -0.0502099961, 0.207827123, -0.976877416, 0.422241211, -0.881835938, -0.209350586, -0.904981347, -0.42297607, -0.0435119676, 0, 2, 1, 1, 
403.566451, 25, 0.1, 0.1, 0.0285775723, 0.359619036, -0.0199412899, 0.956336415, -4.83624921e-005, -0.292268128, 0.292268129, 1.83912115e-006, 0.956336416, -4.57132959e-005, -0.999999999, 1.58936336e-005, 0.956336325, -7.96039927e-007, -0.292268426, 0.292268426, 1.57314066e-005, 0.956336325, 3.83651154e-006, -1, 1.52771729e-005, 0, 0, 0, 0, 0, 0, 0, 0.281819873, -0.100122095, -0.210171924, 0.0214436907, 0.416292117, -0.908980451, -0.990844727, 0.129882812, 0.0361328125, 0.133049149, 0.899936773, 0.415376248, 0, 0, -0, 0, 0, 0, 0, 0.316900098, -0.0420383789, -0.182980957, -0.0502099961, 0.207827123, -0.976877416, 0.422241211, -0.881835938, -0.209350586, -0.904981347, -0.42297607, -0.0435119676, 0, 2, 1, 1, 
403.567322, 25, 0.1, 0.1, 0.0285775685, 0.359619029, -0.0199514301, 0.956336854, 2.18630952e-005, -0.292266694, 0.292266694, 1.3028327e-005, 0.956336855, 2.47162298e-005, -1, 6.06961472e-006, 0.956336764, -2.93466889e-005, -0.292266991, 0.292266991, 1.51224896e-005, 0.956336764, -2.36455129e-005, -0.999999999, 2.30392612e-005, 0, 0, 0, 0, 0, 0, 0, 0.281819873, -0.100122095, -0.210171924, 0.0214436907, 0.416292117, -0.908980451, -0.990844727, 0.129882812, 0.0361328125, 0.133049149, 0.899936773, 0.415376248, 0, 0, -0, 0, 0, 0, 0, 0.316900098, -0.0420383789, -0.182980957, -0.0502099961, 0.207827123, -0.976877416, 0.422241211, -0.881835938, -0.209350586, -0.904981347, -0.42297607, -0.0435119676, 0, 2, 1, 1, 
403.56812, 25, 0.1, 0.1, 0.0285775879, 0.35961902, -0.0199637948, 0.956337402, 1.65675377e-005, -0.292264903, 0.292264903, -3.52460488e-006, 0.956337402, 1.48140377e-005, -1, -8.21282127e-006, 0.956337296, 5.36556208e-005, -0.292265245, 0.292265247, -1.73603897e-005, 0.956337297, 4.62390328e-005, -0.999999998, -3.22840613e-005, 0, 0, 0, 0, 0, 0, 0, 0.281819873, -0.100122095, -0.210171924, 0.0214436907, 0.416292117, -0.908980451, -0.990844727, 0.129882812, 0.0361328125, 0.133049149, 0.899936773, 0.415376248, 0, 0, -0, 0, 0, 0, 0, 0.316900098, -0.0420383789, -0.182980957, -0.0502099961, 0.207827123, -0.976877416, 0.422241211, -0.881835938, -0.209350586, -0.904981347, -0.42297607, -0.0435119676, 0, 2, 1, 1, 
403.568909, 25, 0.1, 0.1, 0.028577577, 0.359619023, -0.0199753262, 0.956337889, -8.65756496e-005, -0.292263298, 0.292263301, 3.5086813e-005, 0.956337891, -7.25409865e-005, -0.999999996, 5.88577339e-005, 0.956337798, -9.38373845e-005, -0.292263591, 0.292263596, 3.88812921e-005, 0.956337801, -7.83766519e-005, -0.999999995, 6.46089008e-005, 0, 0, 0, 0, 0, 0, 0, 0.281819873, -0.100122095, -0.210171924, 0.0214436907, 0.416292117, -0.908980451, -0.990844727, 0.129882812, 0.0361328125, 0.133049149, 0.899936773, 0.415376248, 0, 0, -0, 0, 0, 0, 0, 0.316900098, -0.0420383789, -0.182980957, -0.0502099961, 0.207827123, -0.976877416, 0.422241211, -0.881835938, -0.209350586, -0.904981347, -0.42297607, -0.0435119676, 0, 2, 1, 1, 
403.569719, 25, 0.1, 0.1, 0.0285775836, 0.359619018, -0.0199824725, 0.956338292, 6.95552021e-005, -0.292261983, 0.292261985, -1.36458949e-005, 0.956338294, 6.2530127e-005, -0.999999997, -3.33784332e-005, 0.956338235, 4.13946112e-005, -0.292262176, 0.292262177, -1.03659949e-005, 0.956338235, 3.65576612e-005, -0.999999999, -2.20114764e-005, 0, 0, 0, 0, 0, 0, 0, 0.282403906, -0.0995962646, -0.209682227, 0.0199886466, 0.417859493, -0.908230838, -0.991333008, 0.125732422, 0.0360107422, 0.129324663, 0.899688525, 0.416987808, 0, 0, -0, 0, 0, 0, 0, 0.317606934, -0.0420811035, -0.182324902, -0.0501203108, 0.208146119, -0.976775338, 0.425537109, -0.880249023, -0.209350586, -0.903499008, -0.42601111, -0.0444831804, 0, 2, 1, 1, 
403.570502, 25, 0.1, 0.1, 0.0285776097, 0.359619012, -0.0199832913, 0.956338528, 7.13936667e-005, -0.292261209, 0.292261209, 1.22802981e-005, 0.956338531, 7.18655691e-005, -0.999999997, -9.12147709e-006, 0.956338485, 8.89948727e-005, -0.292261345, 0.292261346, 2.03024265e-006, 0.956338489, 8.57025836e-005, -0.999999996, -2.40681621e-005, 0, 0, 0, 0, 0, 0, 0, 0.282403906, -0.0995962646, -0.209682227, 0.0199886466, 0.417859493, -0.908230838, -0.991333008, 0.125732422, 0.0360107422, 0.129324663, 0.899688525, 0.416987808, 0, 0, -0, 0, 0, 0, 0, 0.317606934, -0.0420811035, -0.182324902, -0.0501203108, 0.208146119, -0.976775338, 0.425537109, -0.880249023, -0.209350586, -0.903499008, -0.42601111, -0.0444831804, 0, 2, 1, 1, 
403.571286, 25, 0.1, 0.1, 0.0285776134, 0.359619012, -0.0199783652, 0.956338616, -5.11759996e-005, -0.292260927, 0.292260927, 2.17230818e-006, 0.956338617, -4.83067039e-005, -0.999999999, 1.70342073e-005, 0.956338619, -4.02400647e-005, -0.292260917, 0.292260918, 1.5790928e-005, 0.95633862, -3.38680568e-005, -0.999999999, 2.68620725e-005, 0, 0, 0, 0, 0, 0, 0, 0.282403906, -0.0995962646, -0.209682227, 0.0199886466, 0.417859493, -0.908230838, -0.991333008, 0.125732422, 0.0360107422, 0.129324663, 0.899688525, 0.416987808, 0, 0, -0, 0, 0, 0, 0, 0.317606934, -0.0420811035, -0.182324902, -0.0501203108, 0.208146119, -0.976775338, 0.425537109, -0.880249023, -0.209350586, -0.903499008, -0.42601111, -0.0444831804, 0, 2, 1, 1, 
403.572072, 25, 0.1, 0.1, 0.0285776144, 0.359619005, -0.0199697867, 0.95633854, 2.43458495e-005, -0.292261177, 0.292261177, 1.06580959e-005, 0.956338541, 2.63978218e-005, -1, 3.0774013e-006, 0.956338552, -8.43880489e-006, -0.292261141, 0.292261141, 9.03439351e-007, 0.956338552, -7.80631423e-006, -1, 3.33032863e-006, 0, 0, 0, 0, 0, 0, 0, 0.282403906, -0.0995962646, -0.209682227, 0.0199886466, 0.417859493, -0.908230838, -0.991333008, 0.125732422, 0.0360107422, 0.129324663, 0.899688525, 0.416987808, 0, 0, -0, 0, 0, 0, 0, 0.317606934, -0.0420811035, -0.182324902, -0.0501203108, 0.208146119, -0.976775338, 0.425537109, -0.880249023, -0.209350586, -0.903499008, -0.42601111, -0.0444831804, 0, 2, 1, 1, 
403.572855, 25, 0.1, 0.1, 0.0285776275, 0.359619002, -0.019960935, 0.956338505, -2.26902123e-006, -0.292261293, 0.292261293, -9.97278004e-006, 0.956338505, -5.08460996e-006, -1, -8.87420648e-006, 0.956338522, 2.58723663e-005, -0.292261237, 0.292261237, 1.34420811e-005, 0.956338522, 2.86713398e-005, -1, 5.29369019e-006, 0, 0, 0, 0, 0, 0, 0, 0.282403906, -0.0995962646, -0.209682227, 0.0199886466, 0.417859493, -0.908230838, -0.991333008, 0.125732422, 0.0360107422, 0.129324663, 0.899688525, 0.416987808, 0, 0, -0, 0, 0, 0, 0, 0.317606934, -0.0420811035, -0.182324902, -0.0501203108, 0.208146119, -0.976775338, 0.425537109, -0.880249023, -0.209350586, -0.903499008, -0.42601111, -0.0444831804, 0, 2, 1, 1, 
403.57363, 25, 0.1, 0.1, 0.0285776321, 0.359618997, -0.0199546128, 0.956338492, 2.95088812e-005, -0.292261334, 0.292261334, -8.97685136e-007, 0.956338493, 2.79581203e-005, -1, -9.48279583e-006, 0.956338493, 1.88502909e-005, -0.292261333, 0.292261334, -4.38433366e-006, 0.956338493, 1.67458876e-005, -1, -9.70211822e-006, 0, 0, 0, 0, 0, 0, 0, 0.282403906, -0.0995962646, -0.209682227, 0.0199886466, 0.417859493, -0.908230838, -0.991333008, 0.125732422, 0.0360107422, 0.129324663, 0.899688525, 0.416987808, 0, 0, -0, 0, 0, 0, 0, 0.317606934, -0.0420811035, -0.182324902, -0.0501203108, 0.208146119, -0.976775338, 0.425537109, -0.880249023, -0.209350586, -0.903499008, -0.42601111, -0.0444831804, 0, 2, 1, 1, 
403.574428, 25, 0.1, 0.1, 0.0285776383, 0.359618993, -0.0199523208, 0.956338416, -1.3618488e-006, -0.292261586, 0.292261586, 7.58677818e-006, 0.956338416, 9.14935507e-007, -1, 7.65354352e-006, 0.956338441, 9.45249294e-006, -0.292261502, 0.292261502, -8.19808494e-006, 0.956338441, 6.64379775e-006, -1, -1.06027436e-005, 0, 0, 0, 0, 0, 0, 0, 0.282403906, -0.0995962646, -0.209682227, 0.0204327243, 0.417878589, -0.908230838, -0.991333008, 0.125732422, 0.0355224609, 0.129007144, 0.899809092, 0.416987808, 0, 0, -0, 0, 0, 0, 0, 0.317606934, -0.0420811035, -0.182324902, -0.0501203108, 0.208146119, -0.976775338, 0.425537109, -0.880249023, -0.209350586, -0.903499008, -0.42601111, -0.0444831804, 0, 2, 1, 1, 
403.575226, 25, 0.1, 0.1, 0.0285776426, 0.359618988, -0.0199542684, 0.956338225, 2.49862838e-005, -0.29226221, 0.292262209, 1.47269441e-005, 0.956338225, 2.81994675e-005, -1, 6.78139306e-006, 0.956338263, 1.38161399e-005, -0.292262087, 0.292262087, 1.12537955e-005, 0.956338263, 1.6501961e-005, -1, 6.72450138e-006, 0, 0, 0, 0, 0, 0, 0, 0.282648877, -0.100487891, -0.208566016, 0.0204327243, 0.417878589, -0.908230838, -0.991333008, 0.125732422, 0.0355224609, 0.129007144, 0.899809092, 0.416987808, 0, 0, -0, 0, 0, 0, 0, 0.317911719, -0.0427679199, -0.181457324, -0.0490787357, 0.208273717, -0.976769141, 0.426879883, -0.879638672, -0.209106445, -0.902898563, -0.427225126, -0.0457099562, 0, 2, 1, 1, 
403.576005, 25, 0.1, 0.1, 0.0285776433, 0.359618983, -0.0199598784, 0.956338091, -4.61259806e-005, -0.292262644, 0.292262644, -1.82058482e-005, 0.956338092, -4.94329217e-005, -0.999999999, -3.93004504e-006, 0.956338119, -4.79258221e-005, -0.292262552, 0.292262552, -5.89414424e-006, 0.95633812, -4.75559283e-005, -0.999999999, 8.37012826e-006, 0, 0, 0, 0, 0, 0, 0, 0.282648877, -0.100487891, -0.208566016, 0.0204327243, 0.417878589, -0.908230838, -0.991333008, 0.125732422, 0.0355224609, 0.129007144, 0.899809092, 0.416987808, 0, 0, -0, 0, 0, 0, 0, 0.317911719, -0.0427679199, -0.181457324, -0.0490787357, 0.208273717, -0.976769141, 0.426879883, -0.879638672, -0.209106445, -0.902898563, -0.427225126, -0.0457099562, 0, 2, 1, 1, 
403.576784, 25, 0.1, 0.1, 0.0285776516, 0.359618979, -0.0199670995, 0.956337992, 6.00051077e-005, -0.292262966, 0.292262967, -3.48658803e-006, 0.956337994, 5.63661637e-005, -0.999999998, -2.08716274e-005, 0.956337993, 4.45844104e-005, -0.292262965, 0.292262965, 1.42854375e-005, 0.956337994, 4.681287e-005, -0.999999999, 6.31334632e-007, 0, 0, 0, 0, 0, 0, 0, 0.282648877, -0.100487891, -0.208566016, 0.0204327243, 0.417878589, -0.908230838, -0.991333008, 0.125732422, 0.0355224609, 0.129007144, 0.899809092, 0.416987808, 0, 0, -0, 0, 0, 0, 0, 0.317911719, -0.0427679199, -0.181457324, -0.0490787357, 0.208273717, -0.976769141, 0.426879883, -0.879638672, -0.209106445, -0.902898563, -0.427225126, -0.0457099562, 0, 2, 1, 1, 
403.577589, 25, 0.1, 0.1, 0.0285776592, 0.359618973, -0.0199734029, 0.956338049, -4.55612179e-005, -0.292262783, 0.292262783, 1.08157117e-007, 0.95633805, -4.3540316e-005, -0.999999999, 1.34192831e-005, 0.956338037, -2.16559187e-005, -0.292262824, 0.292262824, -3.69742921e-006, 0.956338037, -2.17909999e-005, -1, 2.79322777e-006, 0, 0, 0, 0, 0, 0, 0, 0.282526196, -0.101122339, -0.208548437, 0.0180464632, 0.418582898, -0.907913319, -0.991455078, 0.124511719, 0.0377197266, 0.128767131, 0.899573949, 0.417431885, 0, 0, -0, 0, 0, 0, 0, 0.317744482, -0.0430019043, -0.181630029, -0.0518644093, 0.208720677, -0.976596334, 0.428344727, -0.878662109, -0.210571289, -0.902086665, -0.429142032, -0.0438506528, 0, 2, 1, 1, 
403.57838, 25, 0.1, 0.1, 0.0285776556, 0.359618966, -0.0199764441, 0.956338058, -2.22815614e-006, -0.292262756, 0.292262756, -9.81399535e-006, 0.956338058, -4.99913584e-006, -1, -8.7342902e-006, 0.956338068, -2.53172854e-005, -0.292262724, 0.292262724, -1.96943437e-005, 0.956338068, -2.99678063e-005, -0.999999999, -1.14351518e-005, 0, 0, 0, 0, 0, 0, 0, 0.282526196, -0.101122339, -0.208548437, 0.0180464632, 0.418582898, -0.907913319, -0.991455078, 0.124511719, 0.0377197266, 0.128767131, 0.899573949, 0.417431885, 0, 0, -0, 0, 0, 0, 0, 0.317744482, -0.0430019043, -0.181630029, -0.0518644093, 0.208720677, -0.976596334, 0.428344727, -0.878662109, -0.210571289, -0.902086665, -0.429142032, -0.0438506528, 0, 2, 1, 1, 
403.579168, 25, 0.1, 0.1, 0.0285776719, 0.359618965, -0.019975761, 0.956338029, 5.89185783e-005, -0.292262844, 0.292262845, 1.51400979e-006, 0.956338031, 5.67885659e-005, -0.999999998, -1.57718061e-005, 0.956338025, 6.5242584e-005, -0.292262858, 0.292262858, 7.4241082e-006, 0.956338027, 6.45637551e-005, -0.999999998, -1.19680271e-005, 0, 0, 0, 0, 0, 0, 0, 0.282526196, -0.101122339, -0.208548437, 0.0180464632, 0.418582898, -0.907913319, -0.991455078, 0.124511719, 0.0377197266, 0.128767131, 0.899573949, 0.417431885, 0, 0, -0, 0, 0, 0, 0, 0.317744482, -0.0430019043, -0.181630029, -0.0518644093, 0.208720677, -0.976596334, 0.428344727, -0.878662109, -0.210571289, -0.902086665, -0.429142032, -0.0438506528, 0, 2, 1, 1, 
403.579966, 25, 0.1, 0.1, 0.0285776734, 0.35961896, -0.0199717499, 0.956338033, -5.53232068e-005, -0.292262832, 0.292262832, -1.34342687e-005, 0.956338035, -5.68340243e-005, -0.999999998, 3.321215e-006, 0.956338039, -4.35719629e-005, -0.292262815, 0.292262815, -1.38732401e-005, 0.95633804, -4.57241578e-005, -0.999999999, -5.33042745e-007, 0, 0, 0, 0, 0, 0, 0, 0.282526196, -0.101122339, -0.208548437, 0.0180464632, 0.418582898, -0.907913319, -0.991455078, 0.124511719, 0.0377197266, 0.128767131, 0.899573949, 0.417431885, 0, 0, -0, 0, 0, 0, 0, 0.317744482, -0.0430019043, -0.181630029, -0.0518644093, 0.208720677, -0.976596334, 0.428344727, -0.878662109, -0.210571289, -0.902086665, -0.429142032, -0.0438506528, 0, 2, 1, 1, 
403.580754, 25, 0.1, 0.1, 0.0285776752, 0.359618954, -0.0199660697, 0.956337999, 3.58394709e-005, -0.292262948, 0.292262948, 4.01001378e-006, 0.956337999, 3.54466263e-005, -0.999999999, -6.63962085e-006, 0.956338003, 1.33211328e-005, -0.292262937, 0.292262937, 4.14522698e-006, 0.956338003, 1.39510017e-005, -1, 7.09646949e-008, 0, 0, 0, 0, 0, 0, 0, 0.282526196, -0.101122339, -0.208548437, 0.0180464632, 0.418582898, -0.907913319, -0.991455078, 0.124511719, 0.0377197266, 0.128767131, 0.899573949, 0.417431885, 0, 0, -0, 0, 0, 0, 0, 0.317744482, -0.0430019043, -0.181630029, -0.0518644093, 0.208720677, -0.976596334, 0.428344727, -0.878662109, -0.210571289, -0.902086665, -0.429142032, -0.0438506528, 0, 2, 1, 1, 
403.58153, 25, 0.1, 0.1, 0.0285776813, 0.359618952, -0.0199607988, 0.956337903, -2.79403757e-005, -0.292263262, 0.292263261, -2.12209138e-005, 0.956337903, -3.29225338e-005, -0.999999999, -1.21284188e-005, 0.956337939, -1.85939584e-005, -0.292263144, 0.292263144, 5.23458468e-006, 0.95633794, -1.62522317e-005, -1, 1.04403607e-005, 0, 0, 0, 0, 0, 0, 0, 0.282526196, -0.101122339, -0.208548437, 0.0180464632, 0.418582898, -0.907913319, -0.991455078, 0.124511719, 0.0377197266, 0.128767131, 0.899573949, 0.417431885, 0, 0, -0, 0, 0, 0, 0, 0.317744482, -0.0430019043, -0.181630029, -0.0518644093, 0.208720677, -0.976596334, 0.428344727, -0.878662109, -0.210571289, -0.902086665, -0.429142032, -0.0438506528, 0, 2, 1, 1, 
403.582351, 25, 0.1, 0.1, 0.0285776859, 0.359618948, -0.019957108, 0.956337703, 1.60731408e-005, -0.292263916, 0.292263916, 8.53592142e-006, 0.956337704, 1.78660924e-005, -1, 3.46562442e-006, 0.956337738, 1.7270504e-005, -0.292263804, 0.292263804, 1.92714214e-005, 0.956337738, 2.21487737e-005, -1, 1.33824443e-005, 0, 0, 0, 0, 0, 0, 0, 0.282652271, -0.102273828, -0.208574072, 0.0160230262, 0.417878589, -0.908345414, -0.991210938, 0.125488281, 0.0402832031, 0.130817899, 0.899809092, 0.416264403, 0, 0, -0, 0, 0, 0, 0, 0.317541846, -0.0439327148, -0.181783936, -0.054752528, 0.207902949, -0.976563884, 0.426879883, -0.879272461, -0.211181641, -0.902635704, -0.428368779, -0.0406559317, 0, 2, 1, 1, 
403.583136, 25, 0.1, 0.1, 0.0285776904, 0.359618941, -0.0199564551, 0.956337523, -1.9567565e-005, -0.292264508, 0.292264508, 3.15831275e-006, 0.956337523, -1.77901339e-005, -1, 8.73931776e-006, 0.956337567, 5.29286258e-007, -0.292264362, 0.292264362, 2.03679354e-006, 0.956337567, 1.1014585e-006, -1, 1.79317067e-006, 0, 0, 0, 0, 0, 0, 0, 0.282652271, -0.102273828, -0.208574072, 0.0160230262, 0.417878589, -0.908345414, -0.991210938, 0.125488281, 0.0402832031, 0.130817899, 0.899809092, 0.416264403, 0, 0, -0, 0, 0, 0, 0, 0.317541846, -0.0439327148, -0.181783936, -0.054752528, 0.207902949, -0.976563884, 0.426879883, -0.879272461, -0.211181641, -0.902635704, -0.428368779, -0.0406559317, 0, 2, 1, 1, 
403.583912, 25, 0.1, 0.1, 0.0285776973, 0.359618936, -0.0199589588, 0.956337239, 2.16035484e-005, -0.292265436, 0.292265436, 1.07440849e-005, 0.956337239, 2.38004025e-005, -1, 3.96099796e-006, 0.956337305, 3.24394003e-005, -0.292265219, 0.292265219, -9.29034776e-006, 0.956337305, 2.83077632e-005, -0.999999999, -1.83656146e-005, 0, 0, 0, 0, 0, 0, 0, 0.282652271, -0.102273828, -0.208574072, 0.0160230262, 0.417878589, -0.908345414, -0.991210938, 0.125488281, 0.0402832031, 0.130817899, 0.899809092, 0.416264403, 0, 0, -0, 0, 0, 0, 0, 0.317541846, -0.0439327148, -0.181783936, -0.054752528, 0.207902949, -0.976563884, 0.426879883, -0.879272461, -0.211181641, -0.902635704, -0.428368779, -0.0406559317, 0, 2, 1, 1, 
403.584687, 25, 0.1, 0.1, 0.0285776962, 0.359618929, -0.0199635911, 0.956336823, -2.63868504e-005, -0.292266796, 0.292266796, -2.05480071e-005, 0.956336823, -3.12402168e-005, -0.999999999, -1.19388156e-005, 0.956336909, -3.56893272e-005, -0.292266516, 0.292266515, -3.05899902e-005, 0.956336909, -4.30714507e-005, -0.999999999, -1.88235414e-005, 0, 0, 0, 0, 0, 0, 0, 0.282652271, -0.102273828, -0.208574072, 0.0160230262, 0.417878589, -0.908345414, -0.991210938, 0.125488281, 0.0402832031, 0.130817899, 0.899809092, 0.416264403, 0, 0, -0, 0, 0, 0, 0, 0.317541846, -0.0439327148, -0.181783936, -0.054752528, 0.207902949, -0.976563884, 0.426879883, -0.879272461, -0.211181641, -0.902635704, -0.428368779, -0.0406559317, 0, 2, 1, 1, 
403.585466, 25, 0.1, 0.1, 0.0285777081, 0.359618928, -0.0199687274, 0.956336502, 5.5044541e-005, -0.292267842, 0.292267842, 3.19251917e-006, 0.956336504, 5.35741746e-005, -0.999999998, -1.30346266e-005, 0.956336549, 5.74975068e-005, -0.292267687, 0.292267687, 8.99686726e-006, 0.956336551, 5.76164609e-005, -0.999999998, -8.20063034e-006, 0, 0, 0, 0, 0, 0, 0, 0.282652271, -0.102273828, -0.208574072, 0.0160230262, 0.417878589, -0.908345414, -0.991210938, 0.125488281, 0.0402832031, 0.130817899, 0.899809092, 0.416264403, 0, 0, -0, 0, 0, 0, 0, 0.317541846, -0.0439327148, -0.181783936, -0.054752528, 0.207902949, -0.976563884, 0.426879883, -0.879272461, -0.211181641, -0.902635704, -0.428368779, -0.0406559317, 0, 2, 1, 1, 
403.586246, 25, 0.1, 0.1, 0.0285777089, 0.359618924, -0.0199726313, 0.95633625, -5.24786844e-005, -0.292268668, 0.292268667, -2.19658654e-005, 0.956336251, -5.66072026e-005, -0.999999998, -5.6688782e-006, 0.956336313, -4.56581594e-005, -0.292268462, 0.292268462, -5.77658895e-006, 0.956336314, -4.53528707e-005, -0.999999999, 7.82007824e-006, 0, 0, 0, 0, 0, 0, 0, 0.282652271, -0.102273828, -0.208574072, 0.0160230262, 0.417878589, -0.908345414, -0.991210938, 0.125488281, 0.0402832031, 0.130817899, 0.899809092, 0.416264403, 0, 0, -0, 0, 0, 0, 0, 0.317541846, -0.0439327148, -0.181783936, -0.054752528, 0.207902949, -0.976563884, 0.426879883, -0.879272461, -0.211181641, -0.902635704, -0.428368779, -0.0406559317, 0, 2, 1, 1, 
403.587054, 25, 0.1, 0.1, 0.0285777086, 0.35961892, -0.019974057, 0.956335961, 1.90029345e-005, -0.292269618, 0.292269617, 1.19063419e-005, 0.956335961, 2.16530516e-005, -1, 5.83248251e-006, 0.956336006, -1.2393366e-006, -0.29226947, 0.29226947, 1.19517812e-005, 0.956336006, 2.30791854e-006, -1, 1.17921389e-005, 0, 0, 0, 0, 0, 0, 0, 0.282677637, -0.102030933, -0.208791211, 0.0121959474, 0.418259387, -0.908224846, -0.991333008, 0.123291016, 0.0434570313, 0.130064538, 0.899872371, 0.416245307, 0, 0, -0, 0, 0, 0, 0, 0.317541846, -0.0439327148, -0.181783936, -0.0591802215, 0.207468015, -0.976326911, 0.428833008, -0.877929688, -0.212524414, -0.901382675, -0.431237575, -0.0370714863, 0, 2, 1, 1, 
403.587836, 25, 0.1, 0.1, 0.0285777149, 0.359618916, -0.0199724387, 0.956335822, -1.98038641e-005, -0.292270073, 0.292270073, 4.31936963e-006, 0.956335822, -1.76767221e-005, -1, 9.91884471e-006, 0.956335848, -8.05831301e-006, -0.292269989, 0.292269989, 3.61039581e-006, 0.956335848, -6.65124326e-006, -1, 5.80795399e-006, 0, 0, 0, 0, 0, 0, 0, 0.282677637, -0.102030933, -0.208791211, 0.0121959474, 0.418259387, -0.908224846, -0.991333008, 0.123291016, 0.0434570313, 0.130064538, 0.899872371, 0.416245307, 0, 0, -0, 0, 0, 0, 0, 0.317498486, -0.0433520996, -0.182139355, -0.0591802215, 0.207468015, -0.976326911, 0.428833008, -0.877929688, -0.212524414, -0.901382675, -0.431237575, -0.0370714863, 0, 2, 1, 1, 
403.588612, 25, 0.1, 0.1, 0.0285777202, 0.359618913, -0.019968884, 0.956335655, 1.34312312e-005, -0.292270621, 0.292270621, 1.33582706e-005, 0.956335655, 1.67489953e-005, -1, 8.84943616e-006, 0.956335696, 2.1482572e-005, -0.292270484, 0.292270484, -2.11851781e-006, 0.956335696, 1.99253702e-005, -1, -8.30473591e-006, 0, 0, 0, 0, 0, 0, 0, 0.282677637, -0.102030933, -0.208791211, 0.0121959474, 0.418259387, -0.908224846, -0.991333008, 0.123291016, 0.0434570313, 0.130064538, 0.899872371, 0.416245307, 0, 0, -0, 0, 0, 0, 0, 0.317498486, -0.0433520996, -0.182139355, -0.0591802215, 0.207468015, -0.976326911, 0.428833008, -0.877929688, -0.212524414, -0.901382675, -0.431237575, -0.0370714863, 0, 2, 1, 1, 
403.589393, 25, 0.1, 0.1, 0.0285777199, 0.359618907, -0.019964605, 0.956335374, -1.53412208e-005, -0.292271539, 0.292271539, -1.32083788e-005, 0.956335374, -1.85317853e-005, -1, -8.14783763e-006, 0.956335434, -2.69735012e-005, -0.292271341, 0.29227134, -2.41088701e-005, 0.956335434, -3.28420468e-005, -0.999999999, -1.51725854e-005, 0, 0, 0, 0, 0, 0, 0, 0.282677637, -0.102030933, -0.208791211, 0.0121959474, 0.418259387, -0.908224846, -0.991333008, 0.123291016, 0.0434570313, 0.130064538, 0.899872371, 0.416245307, 0, 0, -0, 0, 0, 0, 0, 0.317498486, -0.0433520996, -0.182139355, -0.0591802215, 0.207468015, -0.976326911, 0.428833008, -0.877929688, -0.212524414, -0.901382675, -0.431237575, -0.0370714863, 0, 2, 1, 1, 
403.590204, 25, 0.1, 0.1, 0.0285777261, 0.359618906, -0.0199605638, 0.956335097, -1.42563402e-005, -0.292272446, 0.292272446, -2.02439311e-005, 0.956335097, -1.95505817e-005, -1, -1.51932464e-005, 0.956335135, 1.0645779e-005, -0.29227232, 0.29227232, -6.53833233e-006, 0.956335135, 8.26995898e-006, -1, -9.36430347e-006, 0, 0, 0, 0, 0, 0, 0, 0.283095068, -0.102057422, -0.207687817, 0.0116814771, 0.417713838, -0.908440894, -0.991455078, 0.122192383, 0.0434570313, 0.129157286, 0.900329554, 0.415661566, 0, 0, -0, 0, 0, 0, 0, 0.317679004, -0.0430010742, -0.181467676, -0.0601448711, 0.20671372, -0.976524872, 0.430786133, -0.877075195, -0.212158203, -0.90037938, -0.433403481, -0.0363558365, 0, 2, 1, 1, 
403.590986, 25, 0.1, 0.1, 0.0285777286, 0.359618903, -0.0199586932, 0.956335018, 3.38717614e-005, -0.292272701, 0.292272701, -1.08603703e-006, 0.956335019, 3.20753326e-005, -0.999999999, -1.09384065e-005, 0.956335015, 1.37964662e-005, -0.292272712, 0.292272711, 1.60093413e-005, 0.956335016, 1.78731373e-005, -1, 1.12779631e-005, 0, 0, 0, 0, 0, 0, 0, 0.283095068, -0.102057422, -0.207687817, 0.0116814771, 0.417713838, -0.908440894, -0.991455078, 0.122192383, 0.0434570313, 0.129157286, 0.900329554, 0.415661566, 0, 0, -0, 0, 0, 0, 0, 0.317679004, -0.0430010742, -0.181467676, -0.0601448711, 0.20671372, -0.976524872, 0.430786133, -0.877075195, -0.212158203, -0.90037938, -0.433403481, -0.0363558365, 0, 2, 1, 1, 
403.591765, 25, 0.1, 0.1, 0.0285777314, 0.3596189, -0.0199593519, 0.956335058, -2.90323518e-005, -0.29227257, 0.29227257, -4.2559502e-007, 0.956335059, -2.78890456e-005, -1, 8.07834863e-006, 0.956335052, -3.23122399e-005, -0.29227259, 0.29227259, 6.81592523e-006, 0.956335053, -2.89092195e-005, -0.999999999, 1.59622902e-005, 0, 0, 0, 0, 0, 0, 0, 0.283095068, -0.102057422, -0.207687817, 0.0116814771, 0.417713838, -0.908440894, -0.991455078, 0.122192383, 0.0434570313, 0.129157286, 0.900329554, 0.415661566, 0, 0, -0, 0, 0, 0, 0, 0.317679004, -0.0430010742, -0.181467676, -0.0601448711, 0.20671372, -0.976524872, 0.430786133, -0.877075195, -0.212158203, -0.90037938, -0.433403481, -0.0363558365, 0, 2, 1, 1, 
403.59254, 25, 0.1, 0.1, 0.0285777387, 0.359618897, -0.0199621022, 0.956334997, 8.85210227e-006, -0.292272771, 0.292272771, 1.92746404e-005, 0.956334997, 1.40990278e-005, -1, 1.58457847e-005, 0.956335023, 2.44180482e-005, -0.292272688, 0.292272687, 1.69858645e-005, 0.956335023, 2.83163389e-005, -1, 9.10744854e-006, 0, 0, 0, 0, 0, 0, 0, 0.283095068, -0.102057422, -0.207687817, 0.0116814771, 0.417713838, -0.908440894, -0.991455078, 0.122192383, 0.0434570313, 0.129157286, 0.900329554, 0.415661566, 0, 0, -0, 0, 0, 0, 0, 0.317679004, -0.0430010742, -0.181467676, -0.0601448711, 0.20671372, -0.976524872, 0.430786133, -0.877075195, -0.212158203, -0.90037938, -0.433403481, -0.0363558365, 0, 2, 1, 1, 
403.59332, 25, 0.1, 0.1, 0.0285777402, 0.359618892, -0.0199659538, 0.956334795, 1.0267476e-005, -0.292273433, 0.292273433, 1.19194303e-005, 0.956334795, 1.33028773e-005, -1, 8.3980555e-006, 0.956334839, -8.0330046e-006, -0.292273289, 0.292273289, -1.22003699e-005, 0.956334839, -1.12480844e-005, -1, -9.3198061e-006, 0, 0, 0, 0, 0, 0, 0, 0.283095068, -0.102057422, -0.207687817, 0.0116814771, 0.417713838, -0.908440894, -0.991455078, 0.122192383, 0.0434570313, 0.129157286, 0.900329554, 0.415661566, 0, 0, -0, 0, 0, 0, 0, 0.317679004, -0.0430010742, -0.181467676, -0.0601448711, 0.20671372, -0.976524872, 0.430786133, -0.877075195, -0.212158203, -0.90037938, -0.433403481, -0.0363558365, 0, 2, 1, 1, 
403.5941, 25, 0.1, 0.1, 0.0285777455, 0.359618889, -0.0199695467, 0.956334632, -1.7234715e-005, -0.292273965, 0.292273965, -1.10623103e-005, 0.956334632, -1.97153801e-005, -1, -5.54201199e-006, 0.956334653, -5.04500254e-006, -0.292273898, 0.292273898, -1.39285741e-005, 0.956334653, -8.89566939e-006, -1, -1.18458555e-005, 0, 0, 0, 0, 0, 0, 0, 0.283095068, -0.102057422, -0.207687817, 0.0116814771, 0.417713838, -0.908440894, -0.991455078, 0.122192383, 0.0434570313, 0.129157286, 0.900329554, 0.415661566, 0, 0, -0, 0, 0, 0, 0, 0.317679004, -0.0430010742, -0.181467676, -0.0601448711, 0.20671372, -0.976524872, 0.430786133, -0.877075195, -0.212158203, -0.90037938, -0.433403481, -0.0363558365, 0, 2, 1, 1, 
403.594916, 25, 0.1, 0.1, 0.0285777504, 0.359618888, -0.0199714159, 0.956334616, 2.32308604e-005, -0.292274018, 0.292274018, -2.29839745e-006, 0.956334616, 2.15447141e-005, -1, -8.98781396e-006, 0.956334609, 2.33736649e-005, -0.29227404, 0.29227404, 2.62512843e-006, 0.95633461, 2.31203016e-005, -1, -4.3210143e-006, 0, 0, 0, 0, 0, 0, 0, 0.283015356, -0.101779248, -0.206770557, 0.0102777296, 0.418798945, -0.908027895, -0.991821289, 0.119140625, 0.0437011719, 0.126537003, 0.90015769, 0.416708481, 0, 0, -0, 0, 0, 0, 0, 0.31736665, -0.0426219727, -0.180765967, -0.0618634499, 0.20648331, -0.976396907, 0.432983398, -0.875854492, -0.212646484, -0.89920984, -0.435882552, -0.0352377025, 0, 2, 1, 1, 
403.595691, 25, 0.1, 0.1, 0.0285777514, 0.359618885, -0.0199711673, 0.956334656, -8.46899092e-006, -0.292273888, 0.292273888, -7.21805195e-006, 0.956334656, -1.02088376e-005, -1, -4.42760833e-006, 0.956334651, -2.31953519e-005, -0.292273905, 0.292273905, 3.78187542e-006, 0.956334651, -2.10771753e-005, -1, 1.03961346e-005, 0, 0, 0, 0, 0, 0, 0, 0.283015356, -0.101779248, -0.206770557, 0.0102777296, 0.418798945, -0.908027895, -0.991821289, 0.119140625, 0.0437011719, 0.126537003, 0.90015769, 0.416708481, 0, 0, -0, 0, 0, 0, 0, 0.31736665, -0.0426219727, -0.180765967, -0.0618634499, 0.20648331, -0.976396907, 0.432983398, -0.875854492, -0.212646484, -0.89920984, -0.435882552, -0.0352377025, 0, 2, 1, 1, 
