time, trialNum, realDorsalTactorPos, realVentralTactorPos, box1PosX, box1PosY, box1PosZ, box1LocalRot_11, box1LocalRot_12, box1LocalRot_13, box1LocalRot_21, box1LocalRot_22, box1LocalRot_23, box1LocalRot_31, box1LocalRot_32, box1LocalRot_33, box1GlobalRot_11, box1GlobalRot_12, box1GlobalRot_13, box1GlobalRot_21, box1GlobalRot_22, box1GlobalRot_23, box1GlobalRot_31, box1GlobalRot_32, box1GlobalRot_33, indexForceX, indexForceY, indexForceZ, indexForceGlobalX, indexForceGlobalY, indexForceGlobalZ, indexContact, indexPosX, indexPosY, indexPosZ, indexRot_11, indexRot_12, indexRot_13, indexRot_21, indexRot_22, indexRot_23, indexRot_31, indexRot_32, indexRot_33, thumbForceX, thumbForceY, thumbForceZ, thumbForceGlobalX, thumbForceGlobalY, thumbForceGlobalZ, thumbContact, thumbPosX, thumbPosY, thumbPosZ, thumbRot_11, thumbRot_12, thumbRot_13, thumbRot_21, thumbRot_22, thumbRot_23, thumbRot_31, thumbRot_32, thumbRot_33, manipForceTooHigh, cceExpType, mapping, trialSuccess, 
229.751839, 26, 0.1, 0.1, 0.0043382726, 0.371205048, -0.0199652872, 0.949160119, -0.31479369, -3.27897294e-005, 0.31479369, 0.949160119, 1.4085847e-005, 2.66885677e-005, -2.36917241e-005, 0.999999999, 0.949160081, -0.314793804, -3.22972097e-005, 0.314793805, 0.949160082, 1.53758957e-006, 3.01711985e-005, -1.16263801e-005, 0.999999999, 0, 0, 0, 0, 0, 0, 0, 0.333235229, -0.185768799, -0.185042041, 0.274276155, 0.294102271, -0.915486554, -0.947265625, 0.245849609, -0.204833984, 0.164811334, 0.923615461, 0.346206495, 0, 0, -0, 0, 0, 0, 0, 0.368768457, -0.134025049, -0.152965918, 0.262074696, -0.0632824063, -0.962977606, 0.504882812, -0.841308594, 0.192626953, -0.822325363, -0.536531528, -0.188605834, 0, 2, 1, 1, 
229.762307, 26, 0.1, 0.1, 0.00433826388, 0.371205042, -0.019958479, 0.949166273, -0.314775136, 1.84130078e-006, 0.314775136, 0.949166272, 4.94148151e-005, -1.73022557e-005, -4.63232802e-005, 0.999999999, 0.94916618, -0.314775418, -9.77611729e-006, 0.314775418, 0.949166179, 2.1985391e-005, 2.35869926e-006, -2.3945071e-005, 1, 0, 0, 0, 0, 0, 0, 0, 0.330344092, -0.186759204, -0.186254077, 0.214114897, 0.331858971, -0.91860522, -0.96484375, 0.217895508, -0.146118164, 0.151722617, 0.917758979, 0.367093112, 0, 0, -0, 0, 0, 0, 0, 0.367671484, -0.136262646, -0.152183643, 0.253711846, -0.0659616375, -0.964918199, 0.518676758, -0.832641602, 0.193359375, -0.816330742, -0.549578368, -0.177149241, 0, 2, 1, 1, 
229.763093, 26, 0.1, 0.1, 0.00433826565, 0.371205039, -0.0199623406, 0.94916667, -0.31477394, 2.63363238e-006, 0.31477394, 0.949166669, -3.68872866e-005, 9.11140046e-006, 3.58411818e-005, 0.999999999, 0.949166611, -0.314774116, -9.8089621e-006, 0.314774116, 0.949166611, -1.86693787e-005, 1.51869765e-005, 1.46327436e-005, 1, 0, 0, 0, 0, 0, 0, 0, 0.330344092, -0.186759204, -0.186254077, 0.214114897, 0.331858971, -0.91860522, -0.96484375, 0.217895508, -0.146118164, 0.151722617, 0.917758979, 0.367093112, 0, 0, -0, 0, 0, 0, 0, 0.367671484, -0.136262646, -0.152183643, 0.253711846, -0.0659616375, -0.964918199, 0.518676758, -0.832641602, 0.193359375, -0.816330742, -0.549578368, -0.177149241, 0, 2, 1, 1, 
229.763876, 26, 0.1, 0.1, 0.00433826578, 0.371205041, -0.0199670607, 0.949166864, -0.314773353, -2.61635794e-005, 0.314773353, 0.949166864, 2.42346698e-005, 1.72051743e-005, -3.12383432e-005, 0.999999999, 0.949166829, -0.314773459, -1.44821824e-005, 0.314773459, 0.949166829, 9.52632107e-006, 1.07473741e-005, -1.36006746e-005, 1, 0, 0, 0, 0, 0, 0, 0, 0.330344092, -0.186759204, -0.186254077, 0.214114897, 0.331858971, -0.91860522, -0.96484375, 0.217895508, -0.146118164, 0.151722617, 0.917758979, 0.367093112, 0, 0, -0, 0, 0, 0, 0, 0.367671484, -0.136262646, -0.152183643, 0.253711846, -0.0659616375, -0.964918199, 0.518676758, -0.832641602, 0.193359375, -0.816330742, -0.549578368, -0.177149241, 0, 2, 1, 1, 
229.764692, 26, 0.1, 0.1, 0.00433826803, 0.37120504, -0.0199708089, 0.949167112, -0.314772607, -4.70804421e-006, 0.314772607, 0.949167111, -3.52958684e-005, 1.55788932e-005, 3.20197141e-005, 0.999999999, 0.949167049, -0.314772795, 5.68867052e-006, 0.314772795, 0.949167049, -1.5448328e-005, -5.36785229e-007, 1.64536826e-005, 1, 0, 0, 0, 0, 0, 0, 0, 0.329736523, -0.186740454, -0.18704707, 0.198044985, 0.345533265, -0.917217203, -0.96875, 0.21081543, -0.129760742, 0.148582612, 0.914357264, 0.376637034, 0, 0, -0, 0, 0, 0, 0, 0.367180664, -0.135687256, -0.15310835, 0.24874131, -0.0623396457, -0.96651501, 0.525634766, -0.829467773, 0.188720703, -0.813416371, -0.554843846, -0.173634792, 0, 2, 1, 1, 
229.765479, 26, 0.1, 0.1, 0.00433826808, 0.371205042, -0.019972377, 0.94916741, -0.314771708, 2.05795044e-005, 0.314771707, 0.949167409, 3.63393172e-005, -3.09719838e-005, -2.80142499e-005, 0.999999999, 0.949167353, -0.314771878, 1.41935084e-005, 0.314771878, 0.949167353, 1.80090016e-005, -1.9140742e-005, -1.26258391e-005, 1, 0, 0, 0, 0, 0, 0, 0, 0.329736523, -0.186740454, -0.18704707, 0.198044985, 0.345533265, -0.917217203, -0.96875, 0.21081543, -0.129760742, 0.148582612, 0.914357264, 0.376637034, 0, 0, -0, 0, 0, 0, 0, 0.367180664, -0.135687256, -0.15310835, 0.24874131, -0.0623396457, -0.96651501, 0.525634766, -0.829467773, 0.188720703, -0.813416371, -0.554843846, -0.173634792, 0, 2, 1, 1, 
229.766261, 26, 0.1, 0.1, 0.00433826931, 0.37120504, -0.0199716624, 0.949167656, -0.314770965, -2.57319533e-005, 0.314770964, 0.949167656, -3.66405605e-005, 3.59573224e-005, 2.66783632e-005, 0.999999999, 0.94916761, -0.314771103, -1.56969251e-005, 0.314771103, 0.94916761, -1.83001826e-005, 2.06593815e-005, 1.24290022e-005, 1, 0, 0, 0, 0, 0, 0, 0, 0.329736523, -0.186740454, -0.18704707, 0.198044985, 0.345533265, -0.917217203, -0.96875, 0.21081543, -0.129760742, 0.148582612, 0.914357264, 0.376637034, 0, 0, -0, 0, 0, 0, 0, 0.367180664, -0.135687256, -0.15310835, 0.24874131, -0.0623396457, -0.96651501, 0.525634766, -0.829467773, 0.188720703, -0.813416371, -0.554843846, -0.173634792, 0, 2, 1, 1, 
229.767043, 26, 0.1, 0.1, 0.00433827185, 0.371205042, -0.0199691103, 0.949167865, -0.314770336, 1.87005487e-005, 0.314770335, 0.949167864, 3.97961597e-005, -3.02766105e-005, -3.18868579e-005, 0.999999999, 0.949167826, -0.314770453, 7.55640487e-006, 0.314770453, 0.949167826, 2.15846189e-005, -1.39664967e-005, -1.81088929e-005, 1, 0, 0, 0, 0, 0, 0, 0, 0.329736523, -0.186740454, -0.18704707, 0.198044985, 0.345533265, -0.917217203, -0.96875, 0.21081543, -0.129760742, 0.148582612, 0.914357264, 0.376637034, 0, 0, -0, 0, 0, 0, 0, 0.367180664, -0.135687256, -0.15310835, 0.24874131, -0.0623396457, -0.96651501, 0.525634766, -0.829467773, 0.188720703, -0.813416371, -0.554843846, -0.173634792, 0, 2, 1, 1, 
229.767829, 26, 0.1, 0.1, 0.00433827215, 0.371205042, -0.0199656288, 0.949168058, -0.314769753, -2.29876733e-005, 0.314769751, 0.949168057, -5.58007214e-005, 3.93835445e-005, 4.57284381e-005, 0.999999998, 0.949168021, -0.314769864, -1.19764887e-005, 0.314769864, 0.949168021, -3.36044975e-005, 2.19453832e-005, 2.81264767e-005, 0.999999999, 0, 0, 0, 0, 0, 0, 0, 0.329736523, -0.186740454, -0.18704707, 0.198044985, 0.345533265, -0.917217203, -0.96875, 0.21081543, -0.129760742, 0.148582612, 0.914357264, 0.376637034, 0, 0, -0, 0, 0, 0, 0, 0.367180664, -0.135687256, -0.15310835, 0.24874131, -0.0623396457, -0.96651501, 0.525634766, -0.829467773, 0.188720703, -0.813416371, -0.554843846, -0.173634792, 0, 2, 1, 1, 
229.76861, 26, 0.1, 0.1, 0.00433827429, 0.371205045, -0.0199624696, 0.949168238, -0.314769211, 2.06363079e-005, 0.31476921, 0.949168237, 4.91704914e-005, -3.50646848e-005, -4.01753943e-005, 0.999999999, 0.949168203, -0.314769315, 9.52369887e-006, 0.314769315, 0.949168203, 2.38411997e-005, -1.65440703e-005, -1.96315405e-005, 1, 0, 0, 0, 0, 0, 0, 0, 0.329736523, -0.186740454, -0.18704707, 0.198044985, 0.345533265, -0.917217203, -0.96875, 0.21081543, -0.129760742, 0.148582612, 0.914357264, 0.376637034, 0, 0, -0, 0, 0, 0, 0, 0.367180664, -0.135687256, -0.15310835, 0.24874131, -0.0623396457, -0.96651501, 0.525634766, -0.829467773, 0.188720703, -0.813416371, -0.554843846, -0.173634792, 0, 2, 1, 1, 
229.769422, 26, 0.1, 0.1, 0.00433827529, 0.371205044, -0.0199602364, 0.949168405, -0.314768706, -2.96035514e-005, 0.314768704, 0.949168404, -5.89392568e-005, 4.66509892e-005, 4.66250088e-005, 0.999999998, 0.949168375, -0.314768797, -1.84175007e-005, 0.314768797, 0.949168375, -3.30611818e-005, 2.78879377e-005, 2.55833736e-005, 0.999999999, 0, 0, 0, 0, 0, 0, 0, 0.328332178, -0.1856448, -0.187584961, 0.183815785, 0.358445962, -0.915207253, -0.971923828, 0.204833984, -0.114990234, 0.146139803, 0.910828991, 0.386206044, 0, 0, -0, 0, 0, 0, 0, 0.366206494, -0.135137988, -0.153798096, 0.243495888, -0.0594395003, -0.968015938, 0.53112793, -0.826904297, 0.184448242, -0.81139009, -0.559080509, -0.169864779, 0, 2, 1, 1, 
229.770213, 26, 0.1, 0.1, 0.00433827685, 0.371205047, -0.0199598414, 0.949168538, -0.314768305, 2.96775063e-005, 0.314768303, 0.949168538, 5.09969627e-005, -4.42211828e-005, -3.90631742e-005, 0.999999998, 0.949168514, -0.314768378, 1.64140102e-005, 0.314768378, 0.949168514, 2.35101083e-005, -2.29799004e-005, -1.71484432e-005, 1, 0, 0, 0, 0, 0, 0, 0, 0.328332178, -0.1856448, -0.187584961, 0.183815785, 0.358445962, -0.915207253, -0.971923828, 0.204833984, -0.114990234, 0.146139803, 0.910828991, 0.386206044, 0, 0, -0, 0, 0, 0, 0, 0.366206494, -0.135137988, -0.153798096, 0.243495888, -0.0594395003, -0.968015938, 0.53112793, -0.826904297, 0.184448242, -0.81139009, -0.559080509, -0.169864779, 0, 2, 1, 1, 
229.771115, 26, 0.1, 0.1, 0.00433827871, 0.371205047, -0.0199608364, 0.94916865, -0.314767966, -4.21124962e-005, 0.314767963, 0.949168649, -6.55079862e-005, 6.05916767e-005, 4.89224622e-005, 0.999999997, 0.949168629, -0.314768031, -2.53218121e-005, 0.31476803, 0.949168629, -3.62959451e-005, 3.54594729e-005, 2.64804755e-005, 0.999999999, 0, 0, 0, 0, 0, 0, 0, 0.328332178, -0.1856448, -0.187584961, 0.183815785, 0.358445962, -0.915207253, -0.971923828, 0.204833984, -0.114990234, 0.146139803, 0.910828991, 0.386206044, 0, 0, -0, 0, 0, 0, 0, 0.366206494, -0.135137988, -0.153798096, 0.243495888, -0.0594395003, -0.968015938, 0.53112793, -0.826904297, 0.184448242, -0.81139009, -0.559080509, -0.169864779, 0, 2, 1, 1, 
229.771959, 26, 0.1, 0.1, 0.00433828342, 0.371205052, -0.0199615935, 0.949168733, -0.314767718, 2.28706599e-005, 0.314767717, 0.949168732, 4.62816484e-005, -3.62760841e-005, -3.67301481e-005, 0.999999999, 0.949168719, -0.31476776, 6.78507264e-006, 0.31476776, 0.949168719, 1.99908475e-005, -1.2732653e-005, -1.6838965e-005, 1, 0, 0, 0, 0, 0, 0, 0, 0.328332178, -0.1856448, -0.187584961, 0.183815785, 0.358445962, -0.915207253, -0.971923828, 0.204833984, -0.114990234, 0.146139803, 0.910828991, 0.386206044, 0, 0, -0, 0, 0, 0, 0, 0.366206494, -0.135137988, -0.153798096, 0.243495888, -0.0594395003, -0.968015938, 0.53112793, -0.826904297, 0.184448242, -0.81139009, -0.559080509, -0.169864779, 0, 2, 1, 1, 
229.772745, 26, 0.1, 0.1, 0.0043382817, 0.371205049, -0.0199634238, 0.949168812, -0.314767479, -1.48395556e-005, 0.314767478, 0.949168811, -4.56493273e-005, 2.8454167e-005, 3.86579082e-005, 0.999999999, 0.949168797, -0.314767525, -3.75165062e-006, 0.314767525, 0.949168797, -2.29088879e-005, 1.07719236e-005, 2.05635038e-005, 1, 0, 0, 0, 0, 0, 0, 0, 0.328332178, -0.1856448, -0.187584961, 0.183815785, 0.358445962, -0.915207253, -0.971923828, 0.204833984, -0.114990234, 0.146139803, 0.910828991, 0.386206044, 0, 0, -0, 0, 0, 0, 0, 0.366206494, -0.135137988, -0.153798096, 0.243495888, -0.0594395003, -0.968015938, 0.53112793, -0.826904297, 0.184448242, -0.81139009, -0.559080509, -0.169864779, 0, 2, 1, 1, 
229.773531, 26, 0.1, 0.1, 0.00433828219, 0.37120505, -0.0199658476, 0.94916889, -0.314767242, 2.57790677e-005, 0.314767241, 0.94916889, 5.28380936e-005, -4.110039e-005, -4.20378687e-005, 0.999999998, 0.949168876, -0.314767287, 1.59487282e-005, 0.314767287, 0.949168876, 2.80348205e-005, -2.39624808e-005, -2.15896411e-005, 0.999999999, 0, 0, 0, 0, 0, 0, 0, 0.328332178, -0.1856448, -0.187584961, 0.183815785, 0.358445962, -0.915207253, -0.971923828, 0.204833984, -0.114990234, 0.146139803, 0.910828991, 0.386206044, 0, 0, -0, 0, 0, 0, 0, 0.366206494, -0.135137988, -0.153798096, 0.243495888, -0.0594395003, -0.968015938, 0.53112793, -0.826904297, 0.184448242, -0.81139009, -0.559080509, -0.169864779, 0, 2, 1, 1, 
229.774345, 26, 0.1, 0.1, 0.00433828078, 0.371205045, -0.0199677175, 0.949168959, -0.314767035, -1.4736527e-005, 0.314767035, 0.949168959, -2.88756653e-005, 2.30765615e-005, 2.27693123e-005, 0.999999999, 0.949168947, -0.314767072, -5.01783717e-006, 0.314767072, 0.949168947, -7.2691369e-006, 7.05086017e-006, 5.32018911e-006, 1, 0, 0, 0, 0, 0, 0, 0, 0.327738672, -0.184856494, -0.186777173, 0.17240382, 0.369689811, -0.913007465, -0.974487305, 0.198486328, -0.103759766, 0.142756419, 0.907688628, 0.394632659, 0, 0, -0, 0, 0, 0, 0, 0.365719971, -0.134806738, -0.153097363, 0.241777676, -0.0593126353, -0.968430816, 0.537231445, -0.822875977, 0.184570313, -0.8078884, -0.564958825, -0.167085302, 0, 2, 1, 1, 
229.775133, 26, 0.1, 0.1, 0.00433828083, 0.371205045, -0.0199686659, 0.949169011, -0.314766879, 2.74897577e-005, 0.314766877, 0.94916901, 4.99565135e-005, -4.1817082e-005, -3.87643093e-005, 0.999999998, 0.949169002, -0.314766907, 1.77141832e-005, 0.314766907, 0.949169002, 2.97541532e-005, -2.61793764e-005, -2.26658813e-005, 0.999999999, 0, 0, 0, 0, 0, 0, 0, 0.327738672, -0.184856494, -0.186777173, 0.17240382, 0.369689811, -0.913007465, -0.974487305, 0.198486328, -0.103759766, 0.142756419, 0.907688628, 0.394632659, 0, 0, -0, 0, 0, 0, 0, 0.365719971, -0.134806738, -0.153097363, 0.241777676, -0.0593126353, -0.968430816, 0.537231445, -0.822875977, 0.184570313, -0.8078884, -0.564958825, -0.167085302, 0, 2, 1, 1, 
229.77592, 26, 0.1, 0.1, 0.0043382803, 0.371205041, -0.0199685176, 0.949169047, -0.314766772, -2.09963908e-005, 0.314766771, 0.949169046, -3.4982405e-005, 3.09404229e-005, 2.65952498e-005, 0.999999999, 0.949169041, -0.31476679, -9.96052456e-006, 0.31476679, 0.949169041, -1.3839402e-005, 1.38104057e-005, 1.00006896e-005, 1, 0, 0, 0, 0, 0, 0, 0, 0.327738672, -0.184856494, -0.186777173, 0.17240382, 0.369689811, -0.913007465, -0.974487305, 0.198486328, -0.103759766, 0.142756419, 0.907688628, 0.394632659, 0, 0, -0, 0, 0, 0, 0, 0.365719971, -0.134806738, -0.153097363, 0.241777676, -0.0593126353, -0.968430816, 0.537231445, -0.822875977, 0.184570313, -0.8078884, -0.564958825, -0.167085302, 0, 2, 1, 1, 
229.776737, 26, 0.1, 0.1, 0.0043382818, 0.371205042, -0.0199670236, 0.949169071, -0.314766699, 2.47040588e-005, 0.314766697, 0.94916907, 4.44095686e-005, -3.74269819e-005, -3.4376174e-005, 0.999999999, 0.949169067, -0.31476671, 1.36994087e-005, 0.31476671, 0.949169067, 2.47767159e-005, -2.08019403e-005, -1.92051746e-005, 1, 0, 0, 0, 0, 0, 0, 0, 0.326529639, -0.184620508, -0.185541699, 0.162032778, 0.378820735, -0.91107502, -0.976806641, 0.192260742, -0.09375, 0.139702537, 0.905253697, 0.401371331, 0, 0, -0, 0, 0, 0, 0, 0.3652, -0.134728271, -0.152168262, 0.239759058, -0.0598820969, -0.968883973, 0.542602539, -0.819335937, 0.184936523, -0.805031997, -0.570051129, -0.16394162, 0, 2, 1, 1, 
229.777523, 26, 0.1, 0.1, 0.00433828206, 0.371205042, -0.0199651703, 0.949169086, -0.314766652, -2.74309889e-005, 0.314766651, 0.949169086, -5.18667689e-005, 4.23625759e-005, 4.05959731e-005, 0.999999998, 0.949169084, -0.31476666, -1.50216334e-005, 0.314766659, 0.949169084, -2.87863884e-005, 2.33190653e-005, 2.25948405e-005, 0.999999999, 0, 0, 0, 0, 0, 0, 0, 0.326529639, -0.184620508, -0.185541699, 0.162032778, 0.378820735, -0.91107502, -0.976806641, 0.192260742, -0.09375, 0.139702537, 0.905253697, 0.401371331, 0, 0, -0, 0, 0, 0, 0, 0.3652, -0.134728271, -0.152168262, 0.239759058, -0.0598820969, -0.968883973, 0.542602539, -0.819335937, 0.184936523, -0.805031997, -0.570051129, -0.16394162, 0, 2, 1, 1, 
229.778309, 26, 0.1, 0.1, 0.00433828415, 0.371205045, -0.0199636126, 0.949169092, -0.314766633, 2.43786258e-005, 0.314766632, 0.949169092, 4.02583661e-005, -3.58114285e-005, -3.05384189e-005, 0.999999999, 0.949169092, -0.314766635, 1.18355868e-005, 0.314766635, 0.949169092, 1.72018788e-005, -1.66485506e-005, -1.26020439e-005, 1, 0, 0, 0, 0, 0, 0, 0, 0.326529639, -0.184620508, -0.185541699, 0.162032778, 0.378820735, -0.91107502, -0.976806641, 0.192260742, -0.09375, 0.139702537, 0.905253697, 0.401371331, 0, 0, -0, 0, 0, 0, 0, 0.3652, -0.134728271, -0.152168262, 0.239759058, -0.0598820969, -0.968883973, 0.542602539, -0.819335937, 0.184936523, -0.805031997, -0.570051129, -0.16394162, 0, 2, 1, 1, 
229.779094, 26, 0.1, 0.1, 0.00433828444, 0.371205045, -0.0199628426, 0.949169092, -0.314766633, -2.94888365e-005, 0.314766631, 0.949169092, -5.62237949e-005, 4.56872668e-005, 4.40837867e-005, 0.999999998, 0.949169093, -0.314766632, -1.57612625e-005, 0.314766632, 0.949169093, -3.28268589e-005, 2.5292903e-005, 2.61971204e-005, 0.999999999, 0, 0, 0, 0, 0, 0, 0, 0.326529639, -0.184620508, -0.185541699, 0.162032778, 0.378820735, -0.91107502, -0.976806641, 0.192260742, -0.09375, 0.139702537, 0.905253697, 0.401371331, 0, 0, -0, 0, 0, 0, 0, 0.3652, -0.134728271, -0.152168262, 0.239759058, -0.0598820969, -0.968883973, 0.542602539, -0.819335937, 0.184936523, -0.805031997, -0.570051129, -0.16394162, 0, 2, 1, 1, 
229.779882, 26, 0.1, 0.1, 0.00433828701, 0.371205048, -0.0199630429, 0.949169092, -0.314766635, 2.36585368e-005, 0.314766633, 0.949169092, 4.33896624e-005, -3.61135699e-005, -3.37372085e-005, 0.999999999, 0.949169093, -0.314766633, 1.01443086e-005, 0.314766633, 0.949169093, 1.86880326e-005, -1.55110333e-005, -1.45450131e-005, 1, 0, 0, 0, 0, 0, 0, 0, 0.326529639, -0.184620508, -0.185541699, 0.162032778, 0.378820735, -0.91107502, -0.976806641, 0.192260742, -0.09375, 0.139702537, 0.905253697, 0.401371331, 0, 0, -0, 0, 0, 0, 0, 0.3652, -0.134728271, -0.152168262, 0.239759058, -0.0598820969, -0.968883973, 0.542602539, -0.819335937, 0.184936523, -0.805031997, -0.570051129, -0.16394162, 0, 2, 1, 1, 
229.780667, 26, 0.1, 0.1, 0.00433828689, 0.371205047, -0.019964075, 0.949169087, -0.314766649, -2.5788526e-005, 0.314766648, 0.949169087, -4.64897745e-005, 3.91111022e-005, 3.6009289e-005, 0.999999999, 0.949169089, -0.314766645, -1.32872074e-005, 0.314766645, 0.949169089, -2.3677988e-005, 2.00648474e-005, 1.82920445e-005, 1, 0, 0, 0, 0, 0, 0, 0, 0.326529639, -0.184620508, -0.185541699, 0.162032778, 0.378820735, -0.91107502, -0.976806641, 0.192260742, -0.09375, 0.139702537, 0.905253697, 0.401371331, 0, 0, -0, 0, 0, 0, 0, 0.3652, -0.134728271, -0.152168262, 0.239759058, -0.0598820969, -0.968883973, 0.542602539, -0.819335937, 0.184936523, -0.805031997, -0.570051129, -0.16394162, 0, 2, 1, 1, 
229.781483, 26, 0.1, 0.1, 0.00433828873, 0.371205049, -0.019965241, 0.949169077, -0.31476668, 2.65051626e-005, 0.314766679, 0.949169076, 4.72201222e-005, -4.00212018e-005, -3.64769378e-005, 0.999999999, 0.949169079, -0.314766673, 1.37559443e-005, 0.314766673, 0.949169079, 2.42063672e-005, -2.06760747e-005, -1.86460225e-005, 1, 0, 0, 0, 0, 0, 0, 0, 0.326154126, -0.184776074, -0.184732446, 0.150613699, 0.389036765, -0.908786865, -0.979248047, 0.184082031, -0.0834960937, 0.134713585, 0.902646901, 0.408795214, 0, 0, -0, 0, 0, 0, 0, 0.364421875, -0.134884521, -0.151465576, 0.237267593, -0.0607326413, -0.969496811, 0.547607422, -0.815917969, 0.185180664, -0.802348036, -0.574804747, -0.160446494, 0, 2, 1, 1, 
229.78227, 26, 0.1, 0.1, 0.00433828786, 0.371205046, -0.0199663186, 0.949169063, -0.314766723, -2.17148972e-005, 0.314766722, 0.949169063, -3.85037528e-005, 3.27308087e-005, 2.97114439e-005, 0.999999999, 0.949169066, -0.314766714, -9.42978226e-006, 0.314766713, 0.949169066, -1.68365209e-005, 1.4250034e-005, 1.30125232e-005, 1, 0, 0, 0, 0, 0, 0, 0, 0.326154126, -0.184776074, -0.184732446, 0.150613699, 0.389036765, -0.908786865, -0.979248047, 0.184082031, -0.0834960937, 0.134713585, 0.902646901, 0.408795214, 0, 0, -0, 0, 0, 0, 0, 0.364421875, -0.134884521, -0.151465576, 0.237267593, -0.0607326413, -0.969496811, 0.547607422, -0.815917969, 0.185180664, -0.802348036, -0.574804747, -0.160446494, 0, 2, 1, 1, 
229.783058, 26, 0.1, 0.1, 0.00433828941, 0.371205047, -0.0199670664, 0.949169048, -0.314766766, 2.3857271e-005, 0.314766765, 0.949169048, 4.63183737e-005, -3.72240679e-005, -3.64544907e-005, 0.999999999, 0.949169051, -0.314766758, 1.18672274e-005, 0.314766758, 0.949169051, 2.53459531e-005, -1.92420684e-005, -2.03221855e-005, 1, 0, 0, 0, 0, 0, 0, 0, 0.326154126, -0.184776074, -0.184732446, 0.150613699, 0.389036765, -0.908786865, -0.979248047, 0.184082031, -0.0834960937, 0.134713585, 0.902646901, 0.408795214, 0, 0, -0, 0, 0, 0, 0, 0.364421875, -0.134884521, -0.151465576, 0.237267593, -0.0607326413, -0.969496811, 0.547607422, -0.815917969, 0.185180664, -0.802348036, -0.574804747, -0.160446494, 0, 2, 1, 1, 
229.78384, 26, 0.1, 0.1, 0.00433828894, 0.371205045, -0.0199673095, 0.949169035, -0.314766807, -2.15118274e-005, 0.314766806, 0.949169035, -4.03038582e-005, 3.31046772e-005, 3.1483965e-005, 0.999999999, 0.949169038, -0.314766798, -1.04103565e-005, 0.314766798, 0.949169038, -1.88350091e-005, 1.58098235e-005, 1.46007729e-005, 1, 0, 0, 0, 0, 0, 0, 0, 0.326154126, -0.184776074, -0.184732446, 0.150613699, 0.389036765, -0.908786865, -0.979248047, 0.184082031, -0.0834960937, 0.134713585, 0.902646901, 0.408795214, 0, 0, -0, 0, 0, 0, 0, 0.364421875, -0.134884521, -0.151465576, 0.237267593, -0.0607326413, -0.969496811, 0.547607422, -0.815917969, 0.185180664, -0.802348036, -0.574804747, -0.160446494, 0, 2, 1, 1, 
229.784634, 26, 0.1, 0.1, 0.00433829027, 0.371205046, -0.0199669728, 0.949169018, -0.314766858, 2.31447386e-005, 0.314766857, 0.949169018, 4.45648596e-005, -3.59958096e-005, -3.50143874e-005, 0.999999999, 0.949169022, -0.314766847, 1.23404167e-005, 0.314766846, 0.949169022, 2.25902423e-005, -1.88238005e-005, -1.75576041e-005, 1, 0, 0, 0, 0, 0, 0, 0, 0.326154126, -0.184776074, -0.184732446, 0.150613699, 0.389036765, -0.908786865, -0.979248047, 0.184082031, -0.0834960937, 0.134713585, 0.902646901, 0.408795214, 0, 0, -0, 0, 0, 0, 0, 0.364421875, -0.134884521, -0.151465576, 0.237267593, -0.0607326413, -0.969496811, 0.547607422, -0.815917969, 0.185180664, -0.802348036, -0.574804747, -0.160446494, 0, 2, 1, 1, 
229.785421, 26, 0.1, 0.1, 0.00433829016, 0.371205044, -0.0199661214, 0.949169, -0.314766911, -2.30048531e-005, 0.314766909, 0.949169, -4.68767536e-005, 3.65907443e-005, 3.72527948e-005, 0.999999999, 0.949169004, -0.314766901, -1.16643367e-005, 0.314766901, 0.949169004, -2.45062218e-005, 1.87851743e-005, 1.9588999e-005, 1, 0, 0, 0, 0, 0, 0, 0, 0.326154126, -0.184776074, -0.184732446, 0.150613699, 0.389036765, -0.908786865, -0.979248047, 0.184082031, -0.0834960937, 0.134713585, 0.902646901, 0.408795214, 0, 0, -0, 0, 0, 0, 0, 0.364421875, -0.134884521, -0.151465576, 0.237267593, -0.0607326413, -0.969496811, 0.547607422, -0.815917969, 0.185180664, -0.802348036, -0.574804747, -0.160446494, 0, 2, 1, 1, 
229.78624, 26, 0.1, 0.1, 0.00433829177, 0.371205046, -0.0199647983, 0.949168986, -0.314766954, 2.48936632e-005, 0.314766952, 0.949168986, 4.77087328e-005, -3.86454255e-005, -3.7447947e-005, 0.999999999, 0.949168989, -0.314766945, 1.35708987e-005, 0.314766944, 0.949168989, 2.51475842e-005, -2.07967045e-005, -1.95976368e-005, 1, 0, 0, 0, 0, 0, 0, 0, 0.327073267, -0.185151611, -0.182909521, 0.13865881, 0.394773827, -0.90822709, -0.982421875, 0.169677734, -0.0762939453, 0.124000676, 0.902974159, 0.411549169, 0, 0, -0, 0, 0, 0, 0, 0.363630322, -0.134982422, -0.150989551, 0.234693007, -0.0609185752, -0.970084129, 0.552001953, -0.812988281, 0.184692383, -0.800041039, -0.578874799, -0.15719417, 0, 2, 1, 1, 
229.787195, 26, 0.1, 0.1, 0.00433829451, 0.371205049, -0.0199624172, 0.949168961, -0.314767028, -4.18069372e-005, 0.314767025, 0.94916896, -7.67834423e-005, 6.3850743e-005, 5.97210149e-005, 0.999999996, 0.949168968, -0.314767008, -2.52890426e-005, 0.314767007, 0.949168968, -4.33288683e-005, 3.76420727e-005, 3.3166261e-005, 0.999999999, 0, 0, 0, 0, 0, 0, 0, 0.327073267, -0.185151611, -0.182909521, 0.13865881, 0.394773827, -0.90822709, -0.982421875, 0.169677734, -0.0762939453, 0.124000676, 0.902974159, 0.411549169, 0, 0, -0, 0, 0, 0, 0, 0.363630322, -0.134982422, -0.150989551, 0.234693007, -0.0609185752, -0.970084129, 0.552001953, -0.812988281, 0.184692383, -0.800041039, -0.578874799, -0.15719417, 0, 2, 1, 1, 
229.788043, 26, 0.1, 0.1, 0.00433829858, 0.371205057, -0.0199589984, 0.949168926, -0.314767134, 2.53725483e-005, 0.314767132, 0.949168926, 4.10967098e-005, -3.70187279e-005, -3.10212757e-005, 0.999999999, 0.949168934, -0.314767113, 1.03501043e-005, 0.314767113, 0.949168934, 1.20760099e-005, -1.36251283e-005, -8.20430095e-006, 1, 0, 0, 0, 0, 0, 0, 0, 0.327073267, -0.185151611, -0.182909521, 0.13865881, 0.394773827, -0.90822709, -0.982421875, 0.169677734, -0.0762939453, 0.124000676, 0.902974159, 0.411549169, 0, 0, -0, 0, 0, 0, 0, 0.363630322, -0.134982422, -0.150989551, 0.234693007, -0.0609185752, -0.970084129, 0.552001953, -0.812988281, 0.184692383, -0.800041039, -0.578874799, -0.15719417, 0, 2, 1, 1, 
229.788852, 26, 0.1, 0.1, 0.0043382987, 0.371205056, -0.0199580852, 0.949168887, -0.314767253, -3.20071239e-005, 0.314767251, 0.949168886, -5.83894486e-005, 4.87592525e-005, 4.53466535e-005, 0.999999998, 0.949168895, -0.314767229, -1.82930474e-005, 0.314767228, 0.949168895, -3.38514365e-005, 2.80185144e-005, 2.63726787e-005, 0.999999999, 0, 0, 0, 0, 0, 0, 0, 0.327073267, -0.185151611, -0.182909521, 0.13865881, 0.394773827, -0.90822709, -0.982421875, 0.169677734, -0.0762939453, 0.124000676, 0.902974159, 0.411549169, 0, 0, -0, 0, 0, 0, 0, 0.36331333, -0.135351416, -0.1502854, 0.232642306, -0.0620308791, -0.970524526, 0.555664062, -0.810424805, 0.185058594, -0.798047207, -0.58230576, -0.15417189, 0, 2, 1, 1, 
229.789642, 26, 0.1, 0.1, 0.00433830019, 0.371205058, -0.01995961, 0.949168846, -0.314767376, 3.33221536e-005, 0.314767374, 0.949168845, 6.06152561e-005, -5.07080552e-005, -4.70453859e-005, 0.999999998, 0.949168855, -0.314767351, 1.72996885e-005, 0.31476735, 0.949168854, 3.12787638e-005, -2.62658591e-005, -2.42434513e-005, 0.999999999, 0, 0, 0, 0, 0, 0, 0, 0.327073267, -0.185151611, -0.182909521, 0.13865881, 0.394773827, -0.90822709, -0.982421875, 0.169677734, -0.0762939453, 0.124000676, 0.902974159, 0.411549169, 0, 0, -0, 0, 0, 0, 0, 0.36331333, -0.135351416, -0.1502854, 0.232642306, -0.0620308791, -0.970524526, 0.555664062, -0.810424805, 0.185058594, -0.798047207, -0.58230576, -0.15417189, 0, 2, 1, 1, 
229.790431, 26, 0.1, 0.1, 0.00433829765, 0.371205051, -0.0199629234, 0.949168803, -0.314767505, -1.69097295e-005, 0.314767505, 0.949168803, -2.75261204e-005, 2.4714516e-005, 2.08043014e-005, 0.999999999, 0.949168812, -0.314767479, -3.6978218e-006, 0.314767479, 0.949168812, -3.75276873e-006, 4.69110668e-006, 2.39805699e-006, 1, 0, 0, 0, 0, 0, 0, 0, 0.327073267, -0.185151611, -0.182909521, 0.13865881, 0.394773827, -0.90822709, -0.982421875, 0.169677734, -0.0762939453, 0.124000676, 0.902974159, 0.411549169, 0, 0, -0, 0, 0, 0, 0, 0.36331333, -0.135351416, -0.1502854, 0.232642306, -0.0620308791, -0.970524526, 0.555664062, -0.810424805, 0.185058594, -0.798047207, -0.58230576, -0.15417189, 0, 2, 1, 1, 
229.791236, 26, 0.1, 0.1, 0.00433829833, 0.37120505, -0.0199666739, 0.949168763, -0.314767625, 2.78498441e-005, 0.314767623, 0.949168763, 5.82534734e-005, -4.47705095e-005, -4.65261481e-005, 0.999999998, 0.949168771, -0.314767603, 1.57807555e-005, 0.314767602, 0.949168771, 3.66705153e-005, -2.65212905e-005, -2.98392373e-005, 0.999999999, 0, 0, 0, 0, 0, 0, 0, 0.327960547, -0.185289624, -0.180845776, 0.126081989, 0.400815303, -0.907349795, -0.985473633, 0.155029297, -0.0684814453, 0.11326268, 0.902882427, 0.414747201, 0, 0, -0, 0, 0, 0, 0, 0.36331333, -0.135351416, -0.1502854, 0.232642306, -0.0620308791, -0.970524526, 0.555664062, -0.810424805, 0.185058594, -0.798047207, -0.58230576, -0.15417189, 0, 2, 1, 1, 
229.79203, 26, 0.1, 0.1, 0.00433829605, 0.371205045, -0.0199696847, 0.949168737, -0.314767707, -1.29242321e-005, 0.314767706, 0.949168736, -2.65585609e-005, 2.06270544e-005, 2.11404248e-005, 1, 0.949168742, -0.314767692, -1.50572477e-006, 0.314767692, 0.949168742, -5.18437798e-006, 3.06106158e-006, 4.44689601e-006, 1, 0, 0, 0, 0, 0, 0, 0, 0.327960547, -0.185289624, -0.180845776, 0.126081989, 0.400815303, -0.907349795, -0.985473633, 0.155029297, -0.0684814453, 0.11326268, 0.902882427, 0.414747201, 0, 0, -0, 0, 0, 0, 0, 0.36331333, -0.135351416, -0.1502854, 0.232642306, -0.0620308791, -0.970524526, 0.555664062, -0.810424805, 0.185058594, -0.798047207, -0.58230576, -0.15417189, 0, 2, 1, 1, 
229.792822, 26, 0.1, 0.1, 0.0043382969, 0.371205045, -0.0199710325, 0.949168717, -0.314767767, 2.0667396e-005, 0.314767766, 0.949168716, 4.18338592e-005, -3.27847962e-005, -3.32019604e-005, 0.999999999, 0.94916872, -0.314767756, 1.14746127e-005, 0.314767756, 0.94916872, 2.47340497e-005, -1.86768248e-005, -1.98649482e-005, 1, 0, 0, 0, 0, 0, 0, 0, 0.327960547, -0.185289624, -0.180845776, 0.126081989, 0.400815303, -0.907349795, -0.985473633, 0.155029297, -0.0684814453, 0.11326268, 0.902882427, 0.414747201, 0, 0, -0, 0, 0, 0, 0, 0.36331333, -0.135351416, -0.1502854, 0.232642306, -0.0620308791, -0.970524526, 0.555664062, -0.810424805, 0.185058594, -0.798047207, -0.58230576, -0.15417189, 0, 2, 1, 1, 
229.793645, 26, 0.1, 0.1, 0.00433829669, 0.371205044, -0.0199699978, 0.949168703, -0.314767807, -2.24529578e-005, 0.314767806, 0.949168703, -4.50463922e-005, 3.54907989e-005, 3.56891574e-005, 0.999999999, 0.949168706, -0.3147678, -1.1334016e-005, 0.3147678, 0.949168706, -2.45355441e-005, 1.84808926e-005, 1.97207874e-005, 1, 0, 0, 0, 0, 0, 0, 0, 0.327888306, -0.185017773, -0.179949634, 0.107661764, 0.406133374, -0.907405962, -0.988525391, 0.14050293, -0.0544433594, 0.105427659, 0.902905271, 0.416733568, 0, 0, -0, 0, 0, 0, 0, 0.362969727, -0.135515479, -0.149574414, 0.23024016, -0.0633732265, -0.971015963, 0.559448242, -0.807739258, 0.185424805, -0.796213057, -0.585883643, -0.150664003, 0, 2, 1, 1, 
229.79443, 26, 0.1, 0.1, 0.0043382989, 0.371205046, -0.0199675591, 0.949168697, -0.314767826, 1.81113192e-005, 0.314767825, 0.949168697, 3.68345779e-005, -2.87850373e-005, -2.92613677e-005, 0.999999999, 0.949168698, -0.314767823, 7.28084335e-006, 0.314767823, 0.949168698, 1.69089933e-005, -1.22331556e-005, -1.3757712e-005, 1, 0, 0, 0, 0, 0, 0, 0, 0.327888306, -0.185017773, -0.179949634, 0.107661764, 0.406133374, -0.907405962, -0.988525391, 0.14050293, -0.0544433594, 0.105427659, 0.902905271, 0.416733568, 0, 0, -0, 0, 0, 0, 0, 0.362969727, -0.135515479, -0.149574414, 0.23024016, -0.0633732265, -0.971015963, 0.559448242, -0.807739258, 0.185424805, -0.796213057, -0.585883643, -0.150664003, 0, 2, 1, 1, 
229.795219, 26, 0.1, 0.1, 0.00433829968, 0.371205047, -0.0199646463, 0.949168696, -0.314767828, -2.87926956e-005, 0.314767826, 0.949168695, -5.93591981e-005, 4.60134912e-005, 4.72788785e-005, 0.999999998, 0.949168696, -0.314767828, -1.67056205e-005, 0.314767827, 0.949168696, -3.664957e-005, 2.73925576e-005, 2.95282327e-005, 0.999999999, 0, 0, 0, 0, 0, 0, 0, 0.327888306, -0.185017773, -0.179949634, 0.107661764, 0.406133374, -0.907405962, -0.988525391, 0.14050293, -0.0544433594, 0.105427659, 0.902905271, 0.416733568, 0, 0, -0, 0, 0, 0, 0, 0.362969727, -0.135515479, -0.149574414, 0.23024016, -0.0633732265, -0.971015963, 0.559448242, -0.807739258, 0.185424805, -0.796213057, -0.585883643, -0.150664003, 0, 2, 1, 1, 
229.796008, 26, 0.1, 0.1, 0.00433830209, 0.371205051, -0.0199622174, 0.949168701, -0.314767815, 2.305527e-005, 0.314767814, 0.9491687, 4.46138317e-005, -3.5926339e-005, -3.50889957e-005, 0.999999999, 0.9491687, -0.314767817, 1.00041533e-005, 0.314767816, 0.9491687, 1.95785333e-005, -1.56583214e-005, -1.54343455e-005, 1, 0, 0, 0, 0, 0, 0, 0, 0.327888306, -0.185017773, -0.179949634, 0.107661764, 0.406133374, -0.907405962, -0.988525391, 0.14050293, -0.0544433594, 0.105427659, 0.902905271, 0.416733568, 0, 0, -0, 0, 0, 0, 0, 0.362969727, -0.135515479, -0.149574414, 0.23024016, -0.0633732265, -0.971015963, 0.559448242, -0.807739258, 0.185424805, -0.796213057, -0.585883643, -0.150664003, 0, 2, 1, 1, 
229.796798, 26, 0.1, 0.1, 0.00433830238, 0.37120505, -0.0199610571, 0.9491687, -0.314767816, -2.88807199e-005, 0.314767814, 0.9491687, -5.55722167e-005, 4.49050206e-005, 4.36566876e-005, 0.999999998, 0.949168701, -0.314767814, -1.6656822e-005, 0.314767814, 0.949168701, -3.03912888e-005, 2.53763336e-005, 2.36034287e-005, 0.999999999, 0, 0, 0, 0, 0, 0, 0, 0.327888306, -0.185017773, -0.179949634, 0.107661764, 0.406133374, -0.907405962, -0.988525391, 0.14050293, -0.0544433594, 0.105427659, 0.902905271, 0.416733568, 0, 0, -0, 0, 0, 0, 0, 0.362969727, -0.135515479, -0.149574414, 0.23024016, -0.0633732265, -0.971015963, 0.559448242, -0.807739258, 0.185424805, -0.796213057, -0.585883643, -0.150664003, 0, 2, 1, 1, 
229.797587, 26, 0.1, 0.1, 0.00433830423, 0.371205052, -0.0199614087, 0.949168696, -0.314767828, 2.56625503e-005, 0.314767827, 0.949168696, 5.13661807e-005, -4.05265105e-005, -4.06774256e-005, 0.999999998, 0.949168697, -0.314767826, 1.21705901e-005, 0.314767826, 0.949168697, 2.48273795e-005, -1.93668035e-005, -1.97344613e-005, 1, 0, 0, 0, 0, 0, 0, 0, 0.327888306, -0.185017773, -0.179949634, 0.107661764, 0.406133374, -0.907405962, -0.988525391, 0.14050293, -0.0544433594, 0.105427659, 0.902905271, 0.416733568, 0, 0, -0, 0, 0, 0, 0, 0.362969727, -0.135515479, -0.149574414, 0.23024016, -0.0633732265, -0.971015963, 0.559448242, -0.807739258, 0.185424805, -0.796213057, -0.585883643, -0.150664003, 0, 2, 1, 1, 
229.798406, 26, 0.1, 0.1, 0.00433830306, 0.371205049, -0.0199627534, 0.949168694, -0.314767835, -2.37446688e-005, 0.314767833, 0.949168694, -4.32053952e-005, 3.61373649e-005, 3.35351506e-005, 0.999999999, 0.949168695, -0.314767832, -1.08639006e-005, 0.314767832, 0.949168695, -1.92234207e-005, 1.63625888e-005, 1.48266627e-005, 1, 0, 0, 0, 0, 0, 0, 0, 0.326690576, -0.184616895, -0.179853931, 0.0888056973, 0.414096816, -0.905842333, -0.990722656, 0.129760742, -0.0378417969, 0.101863794, 0.900902434, 0.421923959, 0, 0, -0, 0, 0, 0, 0, 0.362679102, -0.135617773, -0.148648975, 0.228726105, -0.064076483, -0.971258399, 0.562255859, -0.805786133, 0.185668945, -0.794653793, -0.588535155, -0.148357373, 0, 2, 1, 1, 
229.799196, 26, 0.1, 0.1, 0.00433830422, 0.37120505, -0.0199648032, 0.949168687, -0.314767856, 2.73289636e-005, 0.314767854, 0.949168686, 5.00008641e-005, -4.16784613e-005, -3.88569753e-005, 0.999999998, 0.949168689, -0.31476785, 1.48951218e-005, 0.31476785, 0.949168689, 2.65499215e-005, -2.2495045e-005, -2.05118487e-005, 1, 0, 0, 0, 0, 0, 0, 0, 0.326690576, -0.184616895, -0.179853931, 0.0888056973, 0.414096816, -0.905842333, -0.990722656, 0.129760742, -0.0378417969, 0.101863794, 0.900902434, 0.421923959, 0, 0, -0, 0, 0, 0, 0, 0.362679102, -0.135617773, -0.148648975, 0.228726105, -0.064076483, -0.971258399, 0.562255859, -0.805786133, 0.185668945, -0.794653793, -0.588535155, -0.148357373, 0, 2, 1, 1, 
229.799995, 26, 0.1, 0.1, 0.00433830316, 0.371205046, -0.0199668433, 0.949168672, -0.3147679, -2.19389742e-005, 0.314767899, 0.949168672, -3.54757228e-005, 3.19904058e-005, 2.67667599e-005, 0.999999999, 0.949168676, -0.31476789, -9.94430548e-006, 0.31476789, 0.949168676, -1.38423312e-005, 1.37959447e-005, 1.00085592e-005, 1, 0, 0, 0, 0, 0, 0, 0, 0.326690576, -0.184616895, -0.179853931, 0.0888056973, 0.414096816, -0.905842333, -0.990722656, 0.129760742, -0.0378417969, 0.101863794, 0.900902434, 0.421923959, 0, 0, -0, 0, 0, 0, 0, 0.362679102, -0.135617773, -0.148648975, 0.228726105, -0.064076483, -0.971258399, 0.562255859, -0.805786133, 0.185668945, -0.794653793, -0.588535155, -0.148357373, 0, 2, 1, 1, 
229.800787, 26, 0.1, 0.1, 0.00433830471, 0.371205047, -0.0199682166, 0.949168655, -0.314767951, 2.24221905e-005, 0.31476795, 0.949168655, 4.48782285e-005, -3.54086684e-005, -3.55392209e-005, 0.999999999, 0.949168659, -0.314767941, 1.07806869e-005, 0.314767941, 0.949168659, 2.49497145e-005, -1.80860604e-005, -2.02880724e-005, 1, 0, 0, 0, 0, 0, 0, 0, 0.326690576, -0.184616895, -0.179853931, 0.0888056973, 0.414096816, -0.905842333, -0.990722656, 0.129760742, -0.0378417969, 0.101863794, 0.900902434, 0.421923959, 0, 0, -0, 0, 0, 0, 0, 0.362679102, -0.135617773, -0.148648975, 0.228726105, -0.064076483, -0.971258399, 0.562255859, -0.805786133, 0.185668945, -0.794653793, -0.588535155, -0.148357373, 0, 2, 1, 1, 
229.801577, 26, 0.1, 0.1, 0.00433830354, 0.371205045, -0.0199685797, 0.949168649, -0.314767971, -1.72801793e-005, 0.31476797, 0.949168649, -4.21326652e-005, 2.9663818e-005, 3.4551758e-005, 0.999999999, 0.94916865, -0.314767968, -6.50129706e-006, 0.314767968, 0.94916865, -2.12278273e-005, 1.28526674e-005, 1.81023881e-005, 1, 0, 0, 0, 0, 0, 0, 0, 0.326690576, -0.184616895, -0.179853931, 0.0888056973, 0.414096816, -0.905842333, -0.990722656, 0.129760742, -0.0378417969, 0.101863794, 0.900902434, 0.421923959, 0, 0, -0, 0, 0, 0, 0, 0.362679102, -0.135617773, -0.148648975, 0.228726105, -0.064076483, -0.971258399, 0.562255859, -0.805786133, 0.185668945, -0.794653793, -0.588535155, -0.148357373, 0, 2, 1, 1, 
229.802366, 26, 0.1, 0.1, 0.00433830512, 0.371205047, -0.019967891, 0.949168654, -0.314767955, 1.71498234e-005, 0.314767954, 0.949168654, 4.36650495e-005, -3.00224331e-005, -3.60472815e-005, 0.999999999, 0.949168653, -0.31476796, 7.96119692e-006, 0.314767959, 0.949168653, 2.24321452e-005, -1.46174391e-005, -1.87859594e-005, 1, 0, 0, 0, 0, 0, 0, 0, 0.326690576, -0.184616895, -0.179853931, 0.0888056973, 0.414096816, -0.905842333, -0.990722656, 0.129760742, -0.0378417969, 0.101863794, 0.900902434, 0.421923959, 0, 0, -0, 0, 0, 0, 0, 0.362679102, -0.135617773, -0.148648975, 0.228726105, -0.064076483, -0.971258399, 0.562255859, -0.805786133, 0.185668945, -0.794653793, -0.588535155, -0.148357373, 0, 2, 1, 1, 
229.803295, 26, 0.1, 0.1, 0.0043383033, 0.371205046, -0.0199648441, 0.94916862, -0.31476806, 1.49787776e-005, 0.31476806, 0.949168618, -4.87917629e-005, 1.14070287e-006, 5.1026451e-005, 0.999999999, 0.949168645, -0.314767985, 2.62072115e-006, 0.314767985, 0.949168644, -3.26120002e-005, 7.77770725e-006, 3.17792072e-005, 0.999999999, 0, 0, 0, 0, 0, 0, 0, 0.324846069, -0.185858667, -0.1802229, 0.0699720917, 0.420517968, -0.904571136, -0.991821289, 0.125244141, -0.0185546875, 0.105464703, 0.898525912, 0.426048339, 0, 0, -0, 0, 0, 0, 0, 0.361804053, -0.136091602, -0.148421094, 0.225307904, -0.0638723259, -0.972209923, 0.564941406, -0.804321289, 0.18371582, -0.79366289, -0.59047758, -0.145143329, 0, 2, 1, 1, 
229.804083, 26, 0.1, 0.1, 0.00433830201, 0.371205048, -0.0199618841, 0.94916844, -0.3147686, -2.85103661e-005, 0.314768601, 0.94916844, 3.37893295e-005, 1.64253198e-005, -4.10459332e-005, 0.999999999, 0.949168476, -0.314768491, -1.44736515e-005, 0.314768492, 0.949168476, 1.55444459e-005, 8.84503197e-006, -1.93101475e-005, 1, 0, 0, 0, 0, 0, 0, 0, 0.324846069, -0.185858667, -0.1802229, 0.0699720917, 0.420517968, -0.904571136, -0.991821289, 0.125244141, -0.0185546875, 0.105464703, 0.898525912, 0.426048339, 0, 0, -0, 0, 0, 0, 0, 0.361804053, -0.136091602, -0.148421094, 0.225307904, -0.0638723259, -0.972209923, 0.564941406, -0.804321289, 0.18371582, -0.79366289, -0.59047758, -0.145143329, 0, 2, 1, 1, 
229.804868, 26, 0.1, 0.1, 0.00433830359, 0.371205046, -0.0199604371, 0.949168366, -0.314768826, -6.7507465e-006, 0.314768825, 0.949168365, -4.14748732e-005, 1.94625922e-005, 3.72417131e-005, 0.999999999, 0.949168358, -0.314768848, 8.35752767e-006, 0.314768848, 0.949168358, -1.60230657e-005, -2.88913889e-006, 1.78392763e-005, 1, 0, 0, 0, 0, 0, 0, 0, 0.324846069, -0.185858667, -0.1802229, 0.0699720917, 0.420517968, -0.904571136, -0.991821289, 0.125244141, -0.0185546875, 0.105464703, 0.898525912, 0.426048339, 0, 0, -0, 0, 0, 0, 0, 0.361804053, -0.136091602, -0.148421094, 0.225307904, -0.0638723259, -0.972209923, 0.564941406, -0.804321289, 0.18371582, -0.79366289, -0.59047758, -0.145143329, 0, 2, 1, 1, 
