time, trialNum, realDorsalTactorPos, realVentralTactorPos, boxPosX, boxPosY, boxPosZ, boxLocalRot_11, boxLocalRot_12, boxLocalRot_13, boxLocalRot_21, boxLocalRot_22, boxLocalRot_23, boxLocalRot_31, boxLocalRot_32, boxLocalRot_33, boxGlobalRot_11, boxGlobalRot_12, boxGlobalRot_13, boxGlobalRot_21, boxGlobalRot_22, boxGlobalRot_23, boxGlobalRot_31, boxGlobalRot_32, boxGlobalRot_33, indexForceX, indexForceY, indexForceZ, indexForceGlobalX, indexForceGlobalY, indexForceGlobalZ, indexContact, indexPosX, indexPosY, indexPosZ, indexRot_11, indexRot_12, indexRot_13, indexRot_21, indexRot_22, indexRot_23, indexRot_31, indexRot_32, indexRot_33, thumbForceX, thumbForceY, thumbForceZ, thumbForceGlobalX, thumbForceGlobalY, thumbForceGlobalZ, thumbContact, thumbPosX, thumbPosY, thumbPosZ, thumbRot_11, thumbRot_12, thumbRot_13, thumbRot_21, thumbRot_22, thumbRot_23, thumbRot_31, thumbRot_32, thumbRot_33, manipForceTooHigh, cceExpType, mapping, trialSuccess, 
227.912593, 24, 0.1, 0.1, 0.0152728176, 0.360652989, -0.0199672454, 0.949364902, 3.56577312e-005, -0.314175557, 0.314175555, 5.93864739e-005, 0.949364902, 5.2509977e-005, -0.999999998, 4.51766465e-005, 0.949364887, 4.12997242e-005, -0.314175604, 0.3141756, 7.70725613e-005, 0.949364886, 6.34228264e-005, -0.999999996, 6.01946178e-005, 0, 0, 0, 0, 0, 0, 0, 0.34345271, -0.129950342, -0.225666821, 0.0576393393, 0.376886632, -0.924429093, -0.62512207, 0.735595703, 0.260986328, 0.778275039, 0.562963187, 0.278040595, 0, 0, -0, 0, 0, 0, 0, 0.411842529, -0.0933864746, -0.18583125, 0.317793927, 0.316855134, -0.893545895, 0.212768555, -0.942260742, -0.258422852, -0.923868907, -0.107974043, -0.366895245, 0, 2, 1, 1, 
227.949957, 24, 0.1, 0.1, 0.0152728125, 0.360652934, -0.0199624257, 0.94937619, 5.23772927e-006, -0.31414145, 0.31414145, 2.25458511e-005, 0.949376189, 1.20551618e-005, -1, 1.97591063e-005, 0.949376187, -2.39844596e-006, -0.314141458, 0.314141458, -1.69140687e-005, 0.949376187, -7.59043767e-006, -1, -1.53043627e-005, 0, 0, 0, 0, 0, 0, 0, 0.350536768, -0.139115308, -0.229298926, 0.0359188717, 0.405861363, -0.913228688, -0.652832031, 0.701293945, 0.286132813, 0.75662606, 0.585935041, 0.290232513, 0, 0, -0, 0, 0, 0, 0, 0.418549414, -0.101962646, -0.188096582, 0.297098786, 0.348241977, -0.888931901, 0.247802734, -0.927246094, -0.280517578, -0.921993544, -0.136833742, -0.361746072, 0, 2, 1, 1, 
227.950771, 24, 0.1, 0.1, 0.0152728111, 0.36065294, -0.0199639897, 0.949376121, -2.76164339e-009, -0.314141659, 0.314141659, -1.44510337e-005, 0.94937612, -4.54229353e-006, -1, -1.37185987e-005, 0.949376148, -1.73815148e-005, -0.314141575, 0.314141575, 1.44102892e-005, 0.949376148, -1.19747247e-005, -1, 1.91410413e-005, 0, 0, 0, 0, 0, 0, 0, 0.350918921, -0.140053906, -0.229886133, 0.0347000929, 0.409332731, -0.911717478, -0.653564453, 0.69934082, 0.28918457, 0.755953952, 0.58600319, 0.291970632, 0, 0, -0, 0, 0, 0, 0, 0.41829209, -0.101782959, -0.188937305, 0.293335337, 0.351851575, -0.888771853, 0.250854492, -0.925415039, -0.283569336, -0.922389099, -0.139645669, -0.359765366, 0, 2, 1, 1, 
227.951557, 24, 0.1, 0.1, 0.0152728144, 0.360652936, -0.0199659392, 0.949375933, -1.3015165e-005, -0.314142226, 0.314142226, 1.78617033e-005, 0.949375933, -6.74516918e-006, -1, 2.10460841e-005, 0.949375959, 1.30089376e-006, -0.314142147, 0.314142147, -1.0236616e-005, 0.949375959, -1.98071525e-006, -1, -1.01270627e-005, 0, 0, 0, 0, 0, 0, 0, 0.350918921, -0.140053906, -0.229886133, 0.0347000929, 0.409332731, -0.911717478, -0.653564453, 0.69934082, 0.28918457, 0.755953952, 0.58600319, 0.291970632, 0, 0, -0, 0, 0, 0, 0, 0.41829209, -0.101782959, -0.188937305, 0.293335337, 0.351851575, -0.888771853, 0.250854492, -0.925415039, -0.283569336, -0.922389099, -0.139645669, -0.359765366, 0, 2, 1, 1, 
227.952343, 24, 0.1, 0.1, 0.0152728128, 0.360652941, -0.0199676917, 0.949375841, 8.39604559e-006, -0.314142503, 0.314142503, -1.20462575e-005, 0.949375841, 4.18676137e-006, -1, -1.40739806e-005, 0.949375863, -7.54268269e-006, -0.314142437, 0.314142437, 1.47041271e-005, 0.949375863, -2.54165057e-006, -1, 1.63292201e-005, 0, 0, 0, 0, 0, 0, 0, 0.350918921, -0.140053906, -0.229886133, 0.0347000929, 0.409332731, -0.911717478, -0.653564453, 0.69934082, 0.28918457, 0.755953952, 0.58600319, 0.291970632, 0, 0, -0, 0, 0, 0, 0, 0.41829209, -0.101782959, -0.188937305, 0.293335337, 0.351851575, -0.888771853, 0.250854492, -0.925415039, -0.283569336, -0.922389099, -0.139645669, -0.359765366, 0, 2, 1, 1, 
227.953127, 24, 0.1, 0.1, 0.0152728133, 0.360652937, -0.0199687074, 0.949375768, -2.08378531e-005, -0.314142723, 0.314142723, 1.02774627e-005, 0.949375768, -1.65543626e-005, -1, 1.6303234e-005, 0.949375775, -9.14651697e-006, -0.314142703, 0.314142702, -1.53170347e-005, 0.949375775, -1.34952163e-005, -1, -1.16683101e-005, 0, 0, 0, 0, 0, 0, 0, 0.350918921, -0.140053906, -0.229886133, 0.0347000929, 0.409332731, -0.911717478, -0.653564453, 0.69934082, 0.28918457, 0.755953952, 0.58600319, 0.291970632, 0, 0, -0, 0, 0, 0, 0, 0.41829209, -0.101782959, -0.188937305, 0.293335337, 0.351851575, -0.888771853, 0.250854492, -0.925415039, -0.283569336, -0.922389099, -0.139645669, -0.359765366, 0, 2, 1, 1, 
227.954092, 24, 0.1, 0.1, 0.0152728148, 0.360652942, -0.0199668676, 0.94937588, 1.92198876e-006, -0.314142384, 0.314142384, -9.58001164e-006, 0.94937588, -1.18479793e-006, -1, -9.69881012e-006, 0.949375845, 1.64597183e-005, -0.314142492, 0.314142492, 3.5490728e-006, 0.949375845, 1.67413735e-005, -1, -1.80129295e-006, 0, 0, 0, 0, 0, 0, 0, 0.350918921, -0.140053906, -0.229886133, 0.0347000929, 0.409332731, -0.911717478, -0.653564453, 0.69934082, 0.28918457, 0.755953952, 0.58600319, 0.291970632, 0, 0, -0, 0, 0, 0, 0, 0.41829209, -0.101782959, -0.188937305, 0.293335337, 0.351851575, -0.888771853, 0.250854492, -0.925415039, -0.283569336, -0.922389099, -0.139645669, -0.359765366, 0, 2, 1, 1, 
227.954884, 24, 0.1, 0.1, 0.0152728149, 0.360652942, -0.0199639191, 0.949376059, 6.12764477e-006, -0.314141843, 0.314141843, -1.46207979e-005, 0.949376059, 1.22443486e-006, -1, -1.58055851e-005, 0.949376021, 4.12853029e-006, -0.314141958, 0.314141958, 7.56795985e-006, 0.949376021, 6.29694139e-006, -1, 5.88789502e-006, 0, 0, 0, 0, 0, 0, 0, 0.350918921, -0.140053906, -0.229886133, 0.0347000929, 0.409332731, -0.911717478, -0.653564453, 0.69934082, 0.28918457, 0.755953952, 0.58600319, 0.291970632, 0, 0, -0, 0, 0, 0, 0, 0.41829209, -0.101782959, -0.188937305, 0.293335337, 0.351851575, -0.888771853, 0.250854492, -0.925415039, -0.283569336, -0.922389099, -0.139645669, -0.359765366, 0, 2, 1, 1, 
227.955701, 24, 0.1, 0.1, 0.0152728145, 0.36065294, -0.0199612508, 0.949376336, 1.95212066e-005, -0.314141006, 0.314141006, 5.70509568e-006, 0.949376336, 2.03251761e-005, -1, -7.16128658e-007, 0.949376274, 8.88679113e-006, -0.314141195, 0.314141195, 1.09243816e-005, 0.949376274, 1.18687069e-005, -1, 7.57964149e-006, 0, 0, 0, 0, 0, 0, 0, 0.351308643, -0.140735449, -0.230455151, 0.0336902483, 0.413420041, -0.909913836, -0.655639648, 0.696166992, 0.292114258, 0.754260017, 0.586838927, 0.294774762, 0, 0, -0, 0, 0, 0, 0, 0.417828125, -0.101634766, -0.189786328, 0.28981469, 0.354962808, -0.888733207, 0.253662109, -0.923828125, -0.286376953, -0.922759134, -0.142387233, -0.357797421, 0, 2, 1, 1, 
227.956487, 24, 0.1, 0.1, 0.0152728157, 0.360652939, -0.0199603173, 0.94937662, 2.1511932e-005, -0.314140147, 0.314140147, 6.0034371e-006, 0.949376621, 2.23088459e-005, -1, -1.05823864e-006, 0.949376571, 2.0060401e-006, -0.314140297, 0.314140297, -6.60601005e-006, 0.949376571, -1.70726493e-007, -1, -6.90176921e-006, 0, 0, 0, 0, 0, 0, 0, 0.351308643, -0.140735449, -0.230455151, 0.0336902483, 0.413420041, -0.909913836, -0.655639648, 0.696166992, 0.292114258, 0.754260017, 0.586838927, 0.294774762, 0, 0, -0, 0, 0, 0, 0, 0.417828125, -0.101634766, -0.189786328, 0.28981469, 0.354962808, -0.888733207, 0.253662109, -0.923828125, -0.286376953, -0.922759134, -0.142387233, -0.357797421, 0, 2, 1, 1, 
227.957273, 24, 0.1, 0.1, 0.0152728143, 0.36065294, -0.0199612105, 0.949376776, -4.01775024e-005, -0.314139676, 0.314139675, -3.40771909e-005, 0.949376776, -4.88485854e-005, -0.999999999, -1.97307461e-005, 0.949376749, -2.63092993e-005, -0.314139759, 0.314139759, -1.96721853e-005, 0.949376749, -3.11572526e-005, -0.999999999, -1.04115184e-005, 0, 0, 0, 0, 0, 0, 0, 0.351308643, -0.140735449, -0.230455151, 0.0336902483, 0.413420041, -0.909913836, -0.655639648, 0.696166992, 0.292114258, 0.754260017, 0.586838927, 0.294774762, 0, 0, -0, 0, 0, 0, 0, 0.417828125, -0.101634766, -0.189786328, 0.28981469, 0.354962808, -0.888733207, 0.253662109, -0.923828125, -0.286376953, -0.922759134, -0.142387233, -0.357797421, 0, 2, 1, 1, 
227.95806, 24, 0.1, 0.1, 0.0152728131, 0.360652938, -0.0199635069, 0.949376959, 4.32167589e-005, -0.314139121, 0.314139121, 1.15205237e-005, 0.94937696, 4.46480424e-005, -0.999999999, -2.63875491e-006, 0.949376923, 2.3259737e-005, -0.314139233, 0.314139233, 2.00230334e-006, 0.949376923, 2.27112596e-005, -1, -5.40585536e-006, 0, 0, 0, 0, 0, 0, 0, 0.351308643, -0.140735449, -0.230455151, 0.0336902483, 0.413420041, -0.909913836, -0.655639648, 0.696166992, 0.292114258, 0.754260017, 0.586838927, 0.294774762, 0, 0, -0, 0, 0, 0, 0, 0.417828125, -0.101634766, -0.189786328, 0.28981469, 0.354962808, -0.888733207, 0.253662109, -0.923828125, -0.286376953, -0.922759134, -0.142387233, -0.357797421, 0, 2, 1, 1, 
227.958859, 24, 0.1, 0.1, 0.0152728178, 0.360652939, -0.0199663385, 0.949377075, -1.14468972e-005, -0.314138774, 0.314138774, -3.10468088e-005, 0.949377075, -2.06204282e-005, -0.999999999, -2.58792142e-005, 0.949377055, 2.49730862e-006, -0.314138835, 0.314138835, -1.75093423e-005, 0.949377055, -3.12947688e-006, -1, -1.74074694e-005, 0, 0, 0, 0, 0, 0, 0, 0.351308643, -0.140735449, -0.230455151, 0.0336902483, 0.413420041, -0.909913836, -0.655639648, 0.696166992, 0.292114258, 0.754260017, 0.586838927, 0.294774762, 0, 0, -0, 0, 0, 0, 0, 0.417828125, -0.101634766, -0.189786328, 0.28981469, 0.354962808, -0.888733207, 0.253662109, -0.923828125, -0.286376953, -0.922759134, -0.142387233, -0.357797421, 0, 2, 1, 1, 
227.959646, 24, 0.1, 0.1, 0.0152728183, 0.360652941, -0.0199686393, 0.949377235, 3.16678799e-005, -0.31413829, 0.314138288, 4.42834915e-005, 0.949377235, 4.39759046e-005, -0.999999999, 3.20936451e-005, 0.94937719, 1.64498813e-005, -0.314138426, 0.314138425, 3.85137452e-005, 0.94937719, 2.77157894e-005, -0.999999999, 3.13965314e-005, 0, 0, 0, 0, 0, 0, 0, 0.351308643, -0.140735449, -0.230455151, 0.0336902483, 0.413420041, -0.909913836, -0.655639648, 0.696166992, 0.292114258, 0.754260017, 0.586838927, 0.294774762, 0, 0, -0, 0, 0, 0, 0, 0.417828125, -0.101634766, -0.189786328, 0.28981469, 0.354962808, -0.888733207, 0.253662109, -0.923828125, -0.286376953, -0.922759134, -0.142387233, -0.357797421, 0, 2, 1, 1, 
227.960466, 24, 0.1, 0.1, 0.0152728214, 0.360652942, -0.0199694239, 0.949377552, -2.83962732e-005, -0.314137333, 0.314137333, -2.72057875e-006, 0.949377552, -2.78134196e-005, -1, 6.33747311e-006, 0.949377475, -7.86898219e-006, -0.314137566, 0.314137566, -9.47750527e-006, 0.949377475, -1.04478749e-005, -1, -6.52578712e-006, 0, 0, 0, 0, 0, 0, 0, 0.350583862, -0.142883643, -0.230638354, 0.0325358706, 0.415158159, -0.909108056, -0.654174805, 0.696533203, 0.294677734, 0.75555518, 0.585327717, 0.294399955, 0, 0, -0, 0, 0, 0, 0, 0.417208545, -0.104049902, -0.19044165, 0.287622898, 0.355026973, -0.889390888, 0.251342773, -0.924072266, -0.287597656, -0.924094185, -0.140662091, -0.355043464, 0, 2, 1, 1, 
227.961251, 24, 0.1, 0.1, 0.0152728205, 0.360652942, -0.0199688436, 0.949377889, 3.16243212e-005, -0.314136312, 0.314136312, 5.94712625e-006, 0.94937789, 3.18916397e-005, -0.999999999, -4.28827748e-006, 0.949377829, 1.8177733e-005, -0.314136496, 0.314136496, -9.48873202e-007, 0.949377829, 1.6959461e-005, -1, -6.61112855e-006, 0, 0, 0, 0, 0, 0, 0, 0.350583862, -0.142883643, -0.230638354, 0.0325358706, 0.415158159, -0.909108056, -0.654174805, 0.696533203, 0.294677734, 0.75555518, 0.585327717, 0.294399955, 0, 0, -0, 0, 0, 0, 0, 0.417208545, -0.104049902, -0.19044165, 0.287622898, 0.355026973, -0.889390888, 0.251342773, -0.924072266, -0.287597656, -0.924094185, -0.140662091, -0.355043464, 0, 2, 1, 1, 
227.962048, 24, 0.1, 0.1, 0.0152728209, 0.36065294, -0.0199671041, 0.949378116, -3.25278255e-005, -0.314135625, 0.314135624, -4.01068432e-005, 0.949378117, -4.34801939e-005, -0.999999999, -2.78584105e-005, 0.949378077, -1.85591678e-005, -0.314135746, 0.314135745, -2.64427175e-005, 0.949378077, -2.59262698e-005, -0.999999999, -1.92740383e-005, 0, 0, 0, 0, 0, 0, 0, 0.350583862, -0.142883643, -0.230638354, 0.0325358706, 0.415158159, -0.909108056, -0.654174805, 0.696533203, 0.294677734, 0.75555518, 0.585327717, 0.294399955, 0, 0, -0, 0, 0, 0, 0, 0.417208545, -0.104049902, -0.19044165, 0.287622898, 0.355026973, -0.889390888, 0.251342773, -0.924072266, -0.287597656, -0.924094185, -0.140662091, -0.355043464, 0, 2, 1, 1, 
227.962836, 24, 0.1, 0.1, 0.015272818, 0.360652941, -0.0199650613, 0.949378365, 2.33935823e-005, -0.314134874, 0.314134873, 3.57385707e-005, 0.949378365, 3.34360923e-005, -0.999999999, 2.65806858e-005, 0.949378303, 5.16326455e-006, -0.314135062, 0.314135062, 3.06734441e-005, 0.949378303, 1.45374956e-005, -1, 2.74987399e-005, 0, 0, 0, 0, 0, 0, 0, 0.350583862, -0.142883643, -0.230638354, 0.0325358706, 0.415158159, -0.909108056, -0.654174805, 0.696533203, 0.294677734, 0.75555518, 0.585327717, 0.294399955, 0, 0, -0, 0, 0, 0, 0, 0.417208545, -0.104049902, -0.19044165, 0.287622898, 0.355026973, -0.889390888, 0.251342773, -0.924072266, -0.287597656, -0.924094185, -0.140662091, -0.355043464, 0, 2, 1, 1, 
227.963621, 24, 0.1, 0.1, 0.0152728192, 0.360652939, -0.0199633922, 0.949378771, -3.80767121e-005, -0.314133645, 0.314133645, -1.69867648e-005, 0.949378772, -4.14853365e-005, -0.999999999, -4.16569758e-006, 0.949378674, -1.64111302e-005, -0.314133941, 0.314133941, -2.56914333e-005, 0.949378674, -2.36509282e-005, -1, -1.92356059e-005, 0, 0, 0, 0, 0, 0, 0, 0.350583862, -0.142883643, -0.230638354, 0.0325358706, 0.415158159, -0.909108056, -0.654174805, 0.696533203, 0.294677734, 0.75555518, 0.585327717, 0.294399955, 0, 0, -0, 0, 0, 0, 0, 0.417208545, -0.104049902, -0.19044165, 0.287622898, 0.355026973, -0.889390888, 0.251342773, -0.924072266, -0.287597656, -0.924094185, -0.140662091, -0.355043464, 0, 2, 1, 1, 
227.964407, 24, 0.1, 0.1, 0.0152728169, 0.360652942, -0.0199626393, 0.949379357, 4.35048838e-005, -0.314131875, 0.314131875, 4.76806961e-006, 0.949379358, 4.28004413e-005, -0.999999999, -9.13956384e-006, 0.949379223, 1.60333552e-005, -0.314132282, 0.314132282, 2.49899452e-005, 0.949379223, 2.30718828e-005, -1, 1.86883404e-005, 0, 0, 0, 0, 0, 0, 0, 0.350583862, -0.142883643, -0.230638354, 0.0325358706, 0.415158159, -0.909108056, -0.654174805, 0.696533203, 0.294677734, 0.75555518, 0.585327717, 0.294399955, 0, 0, -0, 0, 0, 0, 0, 0.417208545, -0.104049902, -0.19044165, 0.287622898, 0.355026973, -0.889390888, 0.251342773, -0.924072266, -0.287597656, -0.924094185, -0.140662091, -0.355043464, 0, 2, 1, 1, 
227.965221, 24, 0.1, 0.1, 0.0152728195, 0.360652942, -0.0199625443, 0.949380038, -4.64431404e-005, -0.314129816, 0.314129817, 1.14619825e-005, 0.949380039, -4.049164e-005, -0.999999999, 2.54709526e-005, 0.949379914, -2.35349136e-005, -0.314130193, 0.314130193, 6.87693566e-006, 0.949379914, -2.01833212e-005, -1, 1.39218516e-005, 0, 0, 0, 0, 0, 0, 0, 0.350803198, -0.145164404, -0.229994385, 0.0325478534, 0.414099262, -0.909609422, -0.655883789, 0.69543457, 0.293212891, 0.754070179, 0.587225717, 0.294355771, 0, 0, -0, 0, 0, 0, 0, 0.417419482, -0.106787891, -0.189124658, 0.290632419, 0.35363432, -0.88903981, 0.25, -0.924926758, -0.286132812, -0.923532386, -0.139090067, -0.357215933, 0, 2, 1, 1, 
227.966009, 24, 0.1, 0.1, 0.015272818, 0.360652939, -0.0199634696, 0.94938056, 4.32224963e-005, -0.314128239, 0.314128239, -1.30686798e-005, 0.949380561, 3.69293564e-005, -0.999999999, -2.59845572e-005, 0.949380478, 2.52863303e-005, -0.314128487, 0.314128488, -2.10626226e-005, 0.949380478, 1.73899786e-005, -0.999999999, -2.79395994e-005, 0, 0, 0, 0, 0, 0, 0, 0.350803198, -0.145164404, -0.229994385, 0.0325478534, 0.414099262, -0.909609422, -0.655883789, 0.69543457, 0.293212891, 0.754070179, 0.587225717, 0.294355771, 0, 0, -0, 0, 0, 0, 0, 0.417419482, -0.106787891, -0.189124658, 0.290632419, 0.35363432, -0.88903981, 0.25, -0.924926758, -0.286132812, -0.923532386, -0.139090067, -0.357215933, 0, 2, 1, 1, 
227.966794, 24, 0.1, 0.1, 0.0152728186, 0.360652942, -0.0199650488, 0.949380817, -3.97381131e-005, -0.314127462, 0.314127463, -8.30568316e-007, 0.949380818, -3.79875066e-005, -0.999999999, 1.1694307e-005, 0.94938079, -2.6245518e-005, -0.314127545, 0.314127545, 1.80914195e-005, 0.94938079, -1.92339775e-005, -0.999999999, 2.54200863e-005, 0, 0, 0, 0, 0, 0, 0, 0.350803198, -0.145164404, -0.229994385, 0.0325478534, 0.414099262, -0.909609422, -0.655883789, 0.69543457, 0.293212891, 0.754070179, 0.587225717, 0.294355771, 0, 0, -0, 0, 0, 0, 0, 0.417419482, -0.106787891, -0.189124658, 0.290632419, 0.35363432, -0.88903981, 0.25, -0.924926758, -0.286132812, -0.923532386, -0.139090067, -0.357215933, 0, 2, 1, 1, 
227.967611, 24, 0.1, 0.1, 0.0152728177, 0.360652937, -0.0199664202, 0.949380815, 2.95529177e-005, -0.31412747, 0.314127469, 1.87626283e-005, 0.949380815, 3.395083e-005, -0.999999999, 8.52949608e-006, 0.949380836, 2.0607154e-005, -0.314127408, 0.314127408, -9.1248867e-006, 0.949380836, 1.66976601e-005, -1, -1.51362644e-005, 0, 0, 0, 0, 0, 0, 0, 0.350958813, -0.147145996, -0.229540454, 0.03131597, 0.414525365, -0.909469758, -0.657714844, 0.693603516, 0.293579102, 0.752535003, 0.5891357, 0.294457243, 0, 0, -0, 0, 0, 0, 0, 0.417545703, -0.109692725, -0.188227295, 0.292440683, 0.353104237, -0.888522487, 0.249023437, -0.925292969, -0.285766602, -0.923219587, -0.137550125, -0.358634473, 0, 2, 1, 1, 
227.968459, 24, 0.1, 0.1, 0.0152728179, 0.360652937, -0.0199671802, 0.949380678, -3.24138247e-005, -0.314127882, 0.314127881, -4.10155396e-005, 0.949380678, -4.36571835e-005, -0.999999999, -2.87572747e-005, 0.949380713, -1.44073407e-005, -0.31412778, 0.31412778, -2.0024895e-005, 0.949380713, -1.99684272e-005, -1, -1.44855031e-005, 0, 0, 0, 0, 0, 0, 0, 0.350958813, -0.147145996, -0.229540454, 0.03131597, 0.414525365, -0.909469758, -0.657714844, 0.693603516, 0.293579102, 0.752535003, 0.5891357, 0.294457243, 0, 0, -0, 0, 0, 0, 0, 0.417545703, -0.109692725, -0.188227295, 0.292440683, 0.353104237, -0.888522487, 0.249023437, -0.925292969, -0.285766602, -0.923219587, -0.137550125, -0.358634473, 0, 2, 1, 1, 
227.969256, 24, 0.1, 0.1, 0.0152728151, 0.360652936, -0.0199665698, 0.949380615, 2.4539113e-005, -0.314128074, 0.314128073, 2.5793636e-005, 0.949380616, 3.13994633e-005, -0.999999999, 1.67795537e-005, 0.949380612, 6.19356801e-006, -0.314128085, 0.314128084, 2.16152479e-005, 0.949380612, 1.26700098e-005, -1, 1.85755237e-005, 0, 0, 0, 0, 0, 0, 0, 0.350958813, -0.147145996, -0.229540454, 0.03131597, 0.414525365, -0.909469758, -0.657714844, 0.693603516, 0.293579102, 0.752535003, 0.5891357, 0.294457243, 0, 0, -0, 0, 0, 0, 0, 0.417545703, -0.109692725, -0.188227295, 0.292440683, 0.353104237, -0.888522487, 0.249023437, -0.925292969, -0.285766602, -0.923219587, -0.137550125, -0.358634473, 0, 2, 1, 1, 
227.970045, 24, 0.1, 0.1, 0.0152728174, 0.360652932, -0.0199656797, 0.949380747, -3.05213604e-005, -0.314127675, 0.314127674, -2.620012e-005, 0.949380747, -3.72065747e-005, -0.999999999, -1.52862855e-005, 0.949380703, -1.00103142e-005, -0.31412781, 0.314127809, -3.45376638e-005, 0.949380702, -2.03528398e-005, -0.999999999, -2.96448735e-005, 0, 0, 0, 0, 0, 0, 0, 0.350958813, -0.147145996, -0.229540454, 0.03131597, 0.414525365, -0.909469758, -0.657714844, 0.693603516, 0.293579102, 0.752535003, 0.5891357, 0.294457243, 0, 0, -0, 0, 0, 0, 0, 0.417545703, -0.109692725, -0.188227295, 0.292440683, 0.353104237, -0.888522487, 0.249023437, -0.925292969, -0.285766602, -0.923219587, -0.137550125, -0.358634473, 0, 2, 1, 1, 
227.970832, 24, 0.1, 0.1, 0.0152728161, 0.360652934, -0.0199648503, 0.949381084, 4.49150856e-005, -0.314126654, 0.314126655, 1.09677086e-007, 0.949381085, 4.26759852e-005, -0.999999999, -1.40049002e-005, 0.949381001, 1.96417444e-005, -0.314126909, 0.314126909, 1.72025847e-005, 0.949381001, 2.40512938e-005, -1, 1.01618066e-005, 0, 0, 0, 0, 0, 0, 0, 0.350958813, -0.147145996, -0.229540454, 0.03131597, 0.414525365, -0.909469758, -0.657714844, 0.693603516, 0.293579102, 0.752535003, 0.5891357, 0.294457243, 0, 0, -0, 0, 0, 0, 0, 0.417545703, -0.109692725, -0.188227295, 0.292440683, 0.353104237, -0.888522487, 0.249023437, -0.925292969, -0.285766602, -0.923219587, -0.137550125, -0.358634473, 0, 2, 1, 1, 
227.971618, 24, 0.1, 0.1, 0.0152728187, 0.360652933, -0.0199643706, 0.949381509, -4.21794838e-005, -0.314125372, 0.314125373, 1.4376686e-005, 0.949381509, -3.55283401e-005, -0.999999999, 2.68986059e-005, 0.949381428, -2.0080074e-005, -0.314125618, 0.314125618, 8.96760165e-006, 0.949381428, -1.62466959e-005, -1, 1.48213401e-005, 0, 0, 0, 0, 0, 0, 0, 0.350958813, -0.147145996, -0.229540454, 0.03131597, 0.414525365, -0.909469758, -0.657714844, 0.693603516, 0.293579102, 0.752535003, 0.5891357, 0.294457243, 0, 0, -0, 0, 0, 0, 0, 0.417545703, -0.109692725, -0.188227295, 0.292440683, 0.353104237, -0.888522487, 0.249023437, -0.925292969, -0.285766602, -0.923219587, -0.137550125, -0.358634473, 0, 2, 1, 1, 
227.972437, 24, 0.1, 0.1, 0.0152728178, 0.360652932, -0.0199639611, 0.949381842, 4.49783967e-005, -0.314124364, 0.314124365, -6.37837219e-006, 0.949381843, 4.06980711e-005, -0.999999999, -2.0184321e-005, 0.949381798, 2.78799002e-005, -0.314124499, 0.3141245, -1.50205797e-005, 0.949381798, 2.17503377e-005, -0.999999999, -2.30180247e-005, 0, 0, 0, 0, 0, 0, 0, 0.352260522, -0.146253979, -0.229891602, 0.026591379, 0.418463272, -0.9077425, -0.665161133, 0.685180664, 0.296386719, 0.746114972, 0.596051105, 0.296779103, 0, 0, -0, 0, 0, 0, 0, 0.418869043, -0.110262842, -0.187526563, 0.291827478, 0.355844702, -0.887653719, 0.253662109, -0.923706055, -0.286865234, -0.92205661, -0.141435343, -0.359893331, 0, 2, 1, 1, 
227.973221, 24, 0.1, 0.1, 0.015272818, 0.360652937, -0.0199641073, 0.949381923, -4.25864629e-005, -0.314124118, 0.314124119, 5.84406661e-006, 0.949381924, -3.85950558e-005, -0.999999999, 1.89256863e-005, 0.949381931, -2.8748976e-005, -0.314124098, 0.314124099, 2.51778424e-005, 0.94938193, -1.93847913e-005, -0.999999999, 3.29341348e-005, 0, 0, 0, 0, 0, 0, 0, 0.352260522, -0.146253979, -0.229891602, 0.026591379, 0.418463272, -0.9077425, -0.665161133, 0.685180664, 0.296386719, 0.746114972, 0.596051105, 0.296779103, 0, 0, -0, 0, 0, 0, 0, 0.418869043, -0.110262842, -0.187526563, 0.291827478, 0.355844702, -0.887653719, 0.253662109, -0.923706055, -0.286865234, -0.92205661, -0.141435343, -0.359893331, 0, 2, 1, 1, 
227.974006, 24, 0.1, 0.1, 0.0152728167, 0.360652934, -0.0199647933, 0.949381764, 2.74295193e-005, -0.314124602, 0.314124601, 2.81111864e-005, 0.949381764, 3.48715006e-005, -0.999999999, 1.80719609e-005, 0.949381814, 1.80631893e-005, -0.31412445, 0.31412445, -7.33506851e-007, 0.949381815, 1.6918451e-005, -1, -6.37046748e-006, 0, 0, 0, 0, 0, 0, 0, 0.352260522, -0.146253979, -0.229891602, 0.026591379, 0.418463272, -0.9077425, -0.665161133, 0.685180664, 0.296386719, 0.746114972, 0.596051105, 0.296779103, 0, 0, -0, 0, 0, 0, 0, 0.418869043, -0.110262842, -0.187526563, 0.291827478, 0.355844702, -0.887653719, 0.253662109, -0.923706055, -0.286865234, -0.92205661, -0.141435343, -0.359893331, 0, 2, 1, 1, 
227.974793, 24, 0.1, 0.1, 0.0152728169, 0.360652936, -0.0199657546, 0.949381496, -3.25810134e-005, -0.31412541, 0.314125409, -3.29423445e-005, 0.949381497, -4.12798388e-005, -0.999999999, -2.10403282e-005, 0.949381549, -1.88388382e-005, -0.314125253, 0.314125253, -1.5620449e-005, 0.949381549, -2.27920229e-005, -1, -8.91201121e-006, 0, 0, 0, 0, 0, 0, 0, 0.352260522, -0.146253979, -0.229891602, 0.026591379, 0.418463272, -0.9077425, -0.665161133, 0.685180664, 0.296386719, 0.746114972, 0.596051105, 0.296779103, 0, 0, -0, 0, 0, 0, 0, 0.418869043, -0.110262842, -0.187526563, 0.291827478, 0.355844702, -0.887653719, 0.253662109, -0.923706055, -0.286865234, -0.92205661, -0.141435343, -0.359893331, 0, 2, 1, 1, 
227.975581, 24, 0.1, 0.1, 0.0152728142, 0.360652936, -0.0199666008, 0.949381306, 2.39877688e-005, -0.314125987, 0.314125987, 2.90497514e-005, 0.949381306, 3.18988211e-005, -0.999999999, 2.00441093e-005, 0.949381327, 5.78646841e-006, -0.314125925, 0.314125924, 2.57738568e-005, 0.949381326, 1.35898017e-005, -1, 2.26515387e-005, 0, 0, 0, 0, 0, 0, 0, 0.352260522, -0.146253979, -0.229891602, 0.026591379, 0.418463272, -0.9077425, -0.665161133, 0.685180664, 0.296386719, 0.746114972, 0.596051105, 0.296779103, 0, 0, -0, 0, 0, 0, 0, 0.418869043, -0.110262842, -0.187526563, 0.291827478, 0.355844702, -0.887653719, 0.253662109, -0.923706055, -0.286865234, -0.92205661, -0.141435343, -0.359893331, 0, 2, 1, 1, 
227.976373, 24, 0.1, 0.1, 0.0152728164, 0.360652932, -0.0199671027, 0.949381326, -2.90807406e-005, -0.314125925, 0.314125924, -2.59407618e-005, 0.949381326, -3.57573779e-005, -0.999999999, -1.54926603e-005, 0.949381301, -8.13087285e-006, -0.314126001, 0.314126, -3.31698431e-005, 0.949381301, -1.81388088e-005, -0.999999999, -2.89367102e-005, 0, 0, 0, 0, 0, 0, 0, 0.352260522, -0.146253979, -0.229891602, 0.026591379, 0.418463272, -0.9077425, -0.665161133, 0.685180664, 0.296386719, 0.746114972, 0.596051105, 0.296779103, 0, 0, -0, 0, 0, 0, 0, 0.418869043, -0.110262842, -0.187526563, 0.291827478, 0.355844702, -0.887653719, 0.253662109, -0.923706055, -0.286865234, -0.92205661, -0.141435343, -0.359893331, 0, 2, 1, 1, 
227.97719, 24, 0.1, 0.1, 0.0152728156, 0.360652934, -0.0199667691, 0.949381566, 4.58759633e-005, -0.314125199, 0.314125199, -4.62010695e-006, 0.949381567, 4.21025019e-005, -0.999999999, -1.87970405e-005, 0.949381504, 2.24030002e-005, -0.314125389, 0.314125389, 1.20928045e-005, 0.949381504, 2.50676509e-005, -1, 4.44333377e-006, 0, 0, 0, 0, 0, 0, 0, 0.35267439, -0.145238184, -0.230405688, 0.0218046304, 0.425039436, -0.904853752, -0.669433594, 0.678344727, 0.302612305, 0.742423809, 0.59933526, 0.299411368, 0, 0, -0, 0, 0, 0, 0, 0.41922334, -0.110728223, -0.188360449, 0.287214217, 0.360003706, -0.887544711, 0.257324219, -0.921508789, -0.290649414, -0.922541484, -0.144803238, -0.35742702, 0, 2, 1, 1, 
227.977978, 24, 0.1, 0.1, 0.0152728186, 0.360652932, -0.0199658935, 0.949381895, -3.841381e-005, -0.314124204, 0.314124205, 7.49566342e-006, 0.949381896, -3.41148064e-005, -0.999999999, 1.91829547e-005, 0.949381833, -1.72166492e-005, -0.314124395, 0.314124395, 2.20722704e-006, 0.949381833, -1.56518302e-005, -1, 7.50367078e-006, 0, 0, 0, 0, 0, 0, 0, 0.35267439, -0.145238184, -0.230405688, 0.0218046304, 0.425039436, -0.904853752, -0.669433594, 0.678344727, 0.302612305, 0.742423809, 0.59933526, 0.299411368, 0, 0, -0, 0, 0, 0, 0, 0.41922334, -0.110728223, -0.188360449, 0.287214217, 0.360003706, -0.887544711, 0.257324219, -0.921508789, -0.290649414, -0.922541484, -0.144803238, -0.35742702, 0, 2, 1, 1, 
227.978765, 24, 0.1, 0.1, 0.0152728182, 0.36065293, -0.0199650059, 0.949382136, 4.38035092e-005, -0.314123475, 0.314123476, -1.06060546e-005, 0.949382137, 3.82546585e-005, -0.999999999, -2.38289093e-005, 0.949382107, 2.79264162e-005, -0.314123566, 0.314123566, -1.92116555e-005, 0.949382107, 2.04780062e-005, -0.999999999, -2.70115474e-005, 0, 0, 0, 0, 0, 0, 0, 0.35267439, -0.145238184, -0.230405688, 0.0218046304, 0.425039436, -0.904853752, -0.669433594, 0.678344727, 0.302612305, 0.742423809, 0.59933526, 0.299411368, 0, 0, -0, 0, 0, 0, 0, 0.41922334, -0.110728223, -0.188360449, 0.287214217, 0.360003706, -0.887544711, 0.257324219, -0.921508789, -0.290649414, -0.922541484, -0.144803238, -0.35742702, 0, 2, 1, 1, 
227.979582, 24, 0.1, 0.1, 0.0152728174, 0.360652933, -0.0199642681, 0.949382147, -4.80966351e-005, -0.314123442, 0.314123442, -7.48194204e-007, 0.949382148, -4.5897112e-005, -0.999999999, 1.43979583e-005, 0.94938217, -3.30448702e-005, -0.314123373, 0.314123374, 2.01280272e-005, 0.949382171, -2.50495268e-005, -0.999999999, 2.94893563e-005, 0, 0, 0, 0, 0, 0, 0, 0.353812671, -0.14525415, -0.230983984, 0.0179644471, 0.429000187, -0.903114511, -0.671386719, 0.674438477, 0.307128906, 0.74080738, 0.600932594, 0.300248227, 0, 0, -0, 0, 0, 0, 0, 0.41922334, -0.110728223, -0.188360449, 0.283201768, 0.365599839, -0.886503136, 0.264648437, -0.918212891, -0.294189453, -0.921735782, -0.151334138, -0.356826575, 0, 2, 1, 1, 
227.98037, 24, 0.1, 0.1, 0.0152728154, 0.36065293, -0.0199637819, 0.949381922, 2.58246451e-005, -0.314124125, 0.314124125, 2.80853735e-005, 0.949381922, 3.33397446e-005, -0.999999999, 1.85516019e-005, 0.949381987, 1.57343407e-005, -0.31412393, 0.31412393, -2.94642439e-006, 0.949381987, 1.40123573e-005, -1, -7.73981518e-006, 0, 0, 0, 0, 0, 0, 0, 0.353812671, -0.14525415, -0.230983984, 0.0179644471, 0.429000187, -0.903114511, -0.671386719, 0.674438477, 0.307128906, 0.74080738, 0.600932594, 0.300248227, 0, 0, -0, 0, 0, 0, 0, 0.420314258, -0.110048828, -0.188725391, 0.283201768, 0.365599839, -0.886503136, 0.264648437, -0.918212891, -0.294189453, -0.921735782, -0.151334138, -0.356826575, 0, 2, 1, 1, 
227.981157, 24, 0.1, 0.1, 0.0152728154, 0.360652932, -0.0199639239, 0.949381593, -3.21841409e-005, -0.314125118, 0.314125117, -3.45940377e-005, 0.949381593, -4.14218872e-005, -0.999999999, -2.27330956e-005, 0.949381657, -1.90862178e-005, -0.314124927, 0.314124926, -1.64827498e-005, 0.949381657, -2.32977476e-005, -1, -9.65296356e-006, 0, 0, 0, 0, 0, 0, 0, 0.353812671, -0.14525415, -0.230983984, 0.0179644471, 0.429000187, -0.903114511, -0.671386719, 0.674438477, 0.307128906, 0.74080738, 0.600932594, 0.300248227, 0, 0, -0, 0, 0, 0, 0, 0.420314258, -0.110048828, -0.188725391, 0.283201768, 0.365599839, -0.886503136, 0.264648437, -0.918212891, -0.294189453, -0.921735782, -0.151334138, -0.356826575, 0, 2, 1, 1, 
227.981947, 24, 0.1, 0.1, 0.0152728139, 0.360652932, -0.0199645987, 0.949381347, 3.30144285e-005, -0.314125862, 0.314125861, 3.18229371e-005, 0.949381347, 4.13396901e-005, -0.999999999, 1.98414171e-005, 0.949381378, 1.27801165e-005, -0.314125771, 0.31412577, 2.82252758e-005, 0.949381377, 2.09994911e-005, -1, 2.27819873e-005, 0, 0, 0, 0, 0, 0, 0, 0.353812671, -0.14525415, -0.230983984, 0.0179644471, 0.429000187, -0.903114511, -0.671386719, 0.674438477, 0.307128906, 0.74080738, 0.600932594, 0.300248227, 0, 0, -0, 0, 0, 0, 0, 0.420314258, -0.110048828, -0.188725391, 0.283201768, 0.365599839, -0.886503136, 0.264648437, -0.918212891, -0.294189453, -0.921735782, -0.151334138, -0.356826575, 0, 2, 1, 1, 
227.982734, 24, 0.1, 0.1, 0.0152728184, 0.360652929, -0.0199655668, 0.949381332, -2.00468544e-005, -0.314125908, 0.314125907, -2.73979371e-005, 0.949381332, -2.76385112e-005, -0.999999999, -1.97138537e-005, 0.949381315, 7.09243345e-007, -0.314125961, 0.314125961, -3.44568707e-005, 0.949381314, -1.01504553e-005, -0.999999999, -3.2935501e-005, 0, 0, 0, 0, 0, 0, 0, 0.353812671, -0.14525415, -0.230983984, 0.0179644471, 0.429000187, -0.903114511, -0.671386719, 0.674438477, 0.307128906, 0.74080738, 0.600932594, 0.300248227, 0, 0, -0, 0, 0, 0, 0, 0.420314258, -0.110048828, -0.188725391, 0.283201768, 0.365599839, -0.886503136, 0.264648437, -0.918212891, -0.294189453, -0.921735782, -0.151334138, -0.356826575, 0, 2, 1, 1, 
227.983533, 24, 0.1, 0.1, 0.0152728191, 0.36065293, -0.0199664765, 0.94938154, 5.11682307e-005, -0.314125276, 0.314125276, -5.45798106e-006, 0.949381541, 4.68636839e-005, -0.999999999, -2.12549411e-005, 0.949381482, 2.72641867e-005, -0.314125456, 0.314125455, 1.15868282e-005, 0.949381482, 2.95238316e-005, -1, 2.43594506e-006, 0, 0, 0, 0, 0, 0, 0, 0.353812671, -0.14525415, -0.230983984, 0.0179644471, 0.429000187, -0.903114511, -0.671386719, 0.674438477, 0.307128906, 0.74080738, 0.600932594, 0.300248227, 0, 0, -0, 0, 0, 0, 0, 0.420314258, -0.110048828, -0.188725391, 0.283201768, 0.365599839, -0.886503136, 0.264648437, -0.918212891, -0.294189453, -0.921735782, -0.151334138, -0.356826575, 0, 2, 1, 1, 
227.984329, 24, 0.1, 0.1, 0.0152728227, 0.360652928, -0.0199668802, 0.949381852, -3.71451651e-005, -0.314124336, 0.314124337, 5.65385896e-006, 0.949381852, -3.3488931e-005, -0.999999999, 1.70358714e-005, 0.949381793, -1.55268159e-005, -0.314124515, 0.314124515, 1.15175378e-006, 0.949381793, -1.43790822e-005, -1, 5.97080757e-006, 0, 0, 0, 0, 0, 0, 0, 0.353961938, -0.146467383, -0.231146924, 0.0164734546, 0.431538094, -0.90195302, -0.670532227, 0.673828125, 0.310180664, 0.741537898, 0.599789077, 0.300558633, 0, 0, -0, 0, 0, 0, 0, 0.420314258, -0.110048828, -0.188725391, 0.283201768, 0.365599839, -0.886503136, 0.264648437, -0.918212891, -0.294189453, -0.921735782, -0.151334138, -0.356826575, 0, 2, 1, 1, 
227.985127, 24, 0.1, 0.1, 0.0152728212, 0.360652925, -0.0199665914, 0.949382075, 3.57998716e-005, -0.31412366, 0.314123661, -1.37795376e-005, 0.949382076, 2.96592776e-005, -0.999999999, -2.43276327e-005, 0.949382049, 2.11170172e-005, -0.314123742, 0.314123742, -2.17265109e-005, 0.949382048, 1.32233042e-005, -1, -2.72601159e-005, 0, 0, 0, 0, 0, 0, 0, 0.353961938, -0.146467383, -0.231146924, 0.0164734546, 0.431538094, -0.90195302, -0.670532227, 0.673828125, 0.310180664, 0.741537898, 0.599789077, 0.300558633, 0, 0, -0, 0, 0, 0, 0, 0.421279834, -0.10982666, -0.18865752, 0.280658898, 0.370359288, -0.885359482, 0.270385742, -0.915527344, -0.297363281, -0.920898364, -0.155743608, -0.357197343, 0, 2, 1, 1, 
227.985912, 24, 0.1, 0.1, 0.0152728196, 0.360652928, -0.0199660712, 0.949382085, -4.83293053e-005, -0.31412363, 0.31412363, -8.617743e-007, 0.949382086, -4.61536804e-005, -0.999999999, 1.43632237e-005, 0.949382104, -3.54778926e-005, -0.314123573, 0.314123574, 1.63109495e-005, 0.949382104, -2.85584226e-005, -0.999999999, 2.6629766e-005, 0, 0, 0, 0, 0, 0, 0, 0.353961938, -0.146467383, -0.231146924, 0.0164734546, 0.431538094, -0.90195302, -0.670532227, 0.673828125, 0.310180664, 0.741537898, 0.599789077, 0.300558633, 0, 0, -0, 0, 0, 0, 0, 0.421279834, -0.10982666, -0.18865752, 0.280658898, 0.370359288, -0.885359482, 0.270385742, -0.915527344, -0.297363281, -0.920898364, -0.155743608, -0.357197343, 0, 2, 1, 1, 
227.986696, 24, 0.1, 0.1, 0.0152728173, 0.360652925, -0.0199655161, 0.94938188, 2.42987279e-005, -0.314124251, 0.31412425, 2.94902421e-005, 0.94938188, 3.23323722e-005, -0.999999999, 2.03646818e-005, 0.949381939, 1.40994075e-005, -0.314124073, 0.314124073, 3.85555239e-007, 0.949381939, 1.3506835e-005, -1, -4.06292413e-006, 0, 0, 0, 0, 0, 0, 0, 0.353961938, -0.146467383, -0.231146924, 0.0164734546, 0.431538094, -0.90195302, -0.670532227, 0.673828125, 0.310180664, 0.741537898, 0.599789077, 0.300558633, 0, 0, -0, 0, 0, 0, 0, 0.421279834, -0.10982666, -0.18865752, 0.280658898, 0.370359288, -0.885359482, 0.270385742, -0.915527344, -0.297363281, -0.920898364, -0.155743608, -0.357197343, 0, 2, 1, 1, 
227.987489, 24, 0.1, 0.1, 0.0152728176, 0.360652928, -0.0199650319, 0.949381575, -2.866192e-005, -0.314125172, 0.314125171, -3.13540899e-005, 0.949381576, -3.70602077e-005, -0.999999999, -2.07635647e-005, 0.949381635, -1.64275416e-005, -0.314124991, 0.314124991, -1.36686074e-005, 0.949381635, -1.98896574e-005, -1, -7.81642349e-006, 0, 0, 0, 0, 0, 0, 0, 0.353961938, -0.146467383, -0.231146924, 0.0164734546, 0.431538094, -0.90195302, -0.670532227, 0.673828125, 0.310180664, 0.741537898, 0.599789077, 0.300558633, 0, 0, -0, 0, 0, 0, 0, 0.421279834, -0.10982666, -0.18865752, 0.280658898, 0.370359288, -0.885359482, 0.270385742, -0.915527344, -0.297363281, -0.920898364, -0.155743608, -0.357197343, 0, 2, 1, 1, 
227.988279, 24, 0.1, 0.1, 0.015272817, 0.360652929, -0.0199646976, 0.949381349, 3.6911543e-005, -0.314125854, 0.314125853, 3.49200985e-005, 0.94938135, 4.60124362e-005, -0.999999999, 2.15576203e-005, 0.949381377, 1.77787575e-005, -0.314125773, 0.314125772, 3.14816318e-005, 0.949381377, 2.67680132e-005, -0.999999999, 2.43033091e-005, 0, 0, 0, 0, 0, 0, 0, 0.353961938, -0.146467383, -0.231146924, 0.0164734546, 0.431538094, -0.90195302, -0.670532227, 0.673828125, 0.310180664, 0.741537898, 0.599789077, 0.300558633, 0, 0, -0, 0, 0, 0, 0, 0.421279834, -0.10982666, -0.18865752, 0.280658898, 0.370359288, -0.885359482, 0.270385742, -0.915527344, -0.297363281, -0.920898364, -0.155743608, -0.357197343, 0, 2, 1, 1, 
227.989088, 24, 0.1, 0.1, 0.0152728214, 0.360652926, -0.0199645835, 0.949381352, -2.56875181e-005, -0.314125847, 0.314125846, -2.48095034e-005, 0.949381352, -3.21805569e-005, -0.999999999, -1.54845665e-005, 0.949381328, -1.40706668e-006, -0.314125922, 0.314125921, -3.28664228e-005, 0.949381327, -1.16600382e-005, -0.999999999, -3.0760772e-005, 0, 0, 0, 0, 0, 0, 0, 0.353961938, -0.146467383, -0.231146924, 0.0134461643, 0.433397902, -0.901045769, -0.671142578, 0.671875, 0.313232422, 0.74115223, 0.60060684, 0.300044162, 0, 0, -0, 0, 0, 0, 0, 0.421279834, -0.10982666, -0.18865752, 0.280658898, 0.370359288, -0.885359482, 0.270385742, -0.915527344, -0.297363281, -0.920898364, -0.155743608, -0.357197343, 0, 2, 1, 1, 
227.989891, 24, 0.1, 0.1, 0.0152728201, 0.360652928, -0.0199644314, 0.949381592, 4.48840851e-005, -0.31412512, 0.314125121, -9.2124511e-007, 0.949381593, 4.2322738e-005, -0.999999999, -1.49738318e-005, 0.949381528, 2.00623642e-005, -0.314125316, 0.314125316, 1.73335174e-005, 0.949381528, 2.44917346e-005, -1, 1.01540247e-005, 0, 0, 0, 0, 0, 0, 0, 0.354475781, -0.14748606, -0.231548608, 0.0134461643, 0.433397902, -0.901045769, -0.671142578, 0.671875, 0.313232422, 0.74115223, 0.60060684, 0.300044162, 0, 0, -0, 0, 0, 0, 0, 0.422379053, -0.109659912, -0.188820703, 0.27676785, 0.374799008, -0.884707632, 0.276855469, -0.912719727, -0.300048828, -0.920079903, -0.161782338, -0.356392375, 0, 2, 1, 1, 
227.99068, 24, 0.1, 0.1, 0.0152728223, 0.360652927, -0.0199646739, 0.949381933, -4.46365517e-005, -0.314124089, 0.314124089, 8.96160842e-006, 0.949381934, -3.95620787e-005, -0.999999999, 2.25294053e-005, 0.949381869, -2.21751202e-005, -0.314124286, 0.314124286, 4.19381232e-006, 0.949381869, -1.97352788e-005, -1, 1.09472732e-005, 0, 0, 0, 0, 0, 0, 0, 0.354475781, -0.14748606, -0.231548608, 0.0134461643, 0.433397902, -0.901045769, -0.671142578, 0.671875, 0.313232422, 0.74115223, 0.60060684, 0.300044162, 0, 0, -0, 0, 0, 0, 0, 0.422379053, -0.109659912, -0.188820703, 0.27676785, 0.374799008, -0.884707632, 0.276855469, -0.912719727, -0.300048828, -0.920079903, -0.161782338, -0.356392375, 0, 2, 1, 1, 
227.991478, 24, 0.1, 0.1, 0.0152728206, 0.360652924, -0.0199651812, 0.949382182, 3.89927963e-005, -0.314123337, 0.314123338, -1.22094521e-005, 0.949382183, 3.31837922e-005, -0.999999999, -2.38399836e-005, 0.949382151, 2.14176168e-005, -0.314123434, 0.314123434, -2.03727791e-005, 0.94938215, 1.39339358e-005, -1, -2.60693281e-005, 0, 0, 0, 0, 0, 0, 0, 0.354475781, -0.14748606, -0.231548608, 0.0134461643, 0.433397902, -0.901045769, -0.671142578, 0.671875, 0.313232422, 0.74115223, 0.60060684, 0.300044162, 0, 0, -0, 0, 0, 0, 0, 0.422379053, -0.109659912, -0.188820703, 0.27676785, 0.374799008, -0.884707632, 0.276855469, -0.912719727, -0.300048828, -0.920079903, -0.161782338, -0.356392375, 0, 2, 1, 1, 
227.992296, 24, 0.1, 0.1, 0.0152728198, 0.360652928, -0.0199653935, 0.949382202, -4.56766864e-005, -0.314123275, 0.314123275, 8.6150918e-007, 0.949382203, -4.30940131e-005, -0.999999999, 1.51660118e-005, 0.949382221, -3.30354865e-005, -0.314123221, 0.314123222, 1.97880619e-005, 0.949382221, -2.51474138e-005, -0.999999999, 2.91636476e-005, 0, 0, 0, 0, 0, 0, 0, 0.354744287, -0.147748462, -0.231685913, 0.0101384255, 0.436826209, -0.899452183, -0.674438477, 0.667114258, 0.31640625, 0.73821555, 0.603524424, 0.30152205, 0, 0, -0, 0, 0, 0, 0, 0.422546729, -0.109970166, -0.189668018, 0.272614676, 0.377999559, -0.884681745, 0.280273437, -0.910766602, -0.302734375, -0.920270933, -0.165373714, -0.354303028, 0, 2, 1, 1, 
