time, trialNum, realDorsalTactorPos, realVentralTactorPos, box1PosX, box1PosY, box1PosZ, box1LocalRot_11, box1LocalRot_12, box1LocalRot_13, box1LocalRot_21, box1LocalRot_22, box1LocalRot_23, box1LocalRot_31, box1LocalRot_32, box1LocalRot_33, box1GlobalRot_11, box1GlobalRot_12, box1GlobalRot_13, box1GlobalRot_21, box1GlobalRot_22, box1GlobalRot_23, box1GlobalRot_31, box1GlobalRot_32, box1GlobalRot_33, indexForceX, indexForceY, indexForceZ, indexForceGlobalX, indexForceGlobalY, indexForceGlobalZ, indexContact, indexPosX, indexPosY, indexPosZ, indexRot_11, indexRot_12, indexRot_13, indexRot_21, indexRot_22, indexRot_23, indexRot_31, indexRot_32, indexRot_33, thumbForceX, thumbForceY, thumbForceZ, thumbForceGlobalX, thumbForceGlobalY, thumbForceGlobalZ, thumbContact, thumbPosX, thumbPosY, thumbPosZ, thumbRot_11, thumbRot_12, thumbRot_13, thumbRot_21, thumbRot_22, thumbRot_23, thumbRot_31, thumbRot_32, thumbRot_33, manipForceTooHigh, cceExpType, mapping, trialSuccess, 
246.481316, 29, 0.1, 0.1, 0.0280320004, 0.373206645, -0.0199592222, 0.999072747, -2.77175095e-005, -0.0430539887, 0.0430539881, -2.43973557e-005, 0.999072747, -2.87422118e-005, -0.999999999, -2.31813838e-005, 0.999072747, -2.86987446e-005, -0.0430539879, 0.0430539871, -2.58997429e-005, 0.999072747, -2.97872208e-005, -0.999999999, -2.46401319e-005, 0, 0, 0, 0, 0, 0, 0, 0.308366821, -0.117127759, -0.187585742, 0.141303824, 0.357341377, -0.923121259, -0.985351563, 0.139892578, -0.0966796875, 0.0946612348, 0.923363133, 0.3721341, 0, 0, -0, 0, 0, 0, 0, 0.33982417, -0.061423584, -0.150613037, 0.262749169, 0.0458794847, -0.963778613, 0.540039062, -0.834716797, 0.107543945, -0.799547072, -0.548624751, -0.244046986, 0, 2, 1, 1, 
246.490069, 29, 0.1, 0.1, 0.0280320193, 0.373206654, -0.0199546572, 0.9990728, -2.53458469e-005, -0.0430527439, 0.0430527429, -3.7929521e-005, 0.9990728, -2.69553162e-005, -0.999999999, -3.68031445e-005, 0.999072799, -3.32401099e-005, -0.0430527677, 0.0430527661, -4.73869477e-005, 0.999072799, -3.52494289e-005, -0.999999998, -4.59119318e-005, 0, 0, 0, 0, 0, 0, 0, 0.308149048, -0.118841968, -0.187891724, 0.115309191, 0.372106769, -0.92102182, -0.988891602, 0.129760742, -0.0714111328, 0.0928459672, 0.919047054, 0.383048447, 0, 0, -0, 0, 0, 0, 0, 0.34092251, -0.0641177246, -0.149743262, 0.255580278, 0.0498277684, -0.965439223, 0.544189453, -0.832763672, 0.101074219, -0.799073125, -0.551155595, -0.239925528, 0, 2, 1, 1, 
246.490863, 29, 0.1, 0.1, 0.0280320284, 0.373206663, -0.0199529498, 0.999072804, 4.25253491e-005, -0.0430526373, 0.0430526352, 5.01043785e-005, 0.999072804, 4.46430454e-005, -0.999999998, 4.82270936e-005, 0.999072803, 5.65028224e-005, -0.0430526521, 0.0430526485, 6.28404547e-005, 0.999072803, 5.91558814e-005, -0.999999996, 6.03495931e-005, 0, 0, 0, 0, 0, 0, 0, 0.308149048, -0.118841968, -0.187891724, 0.115309191, 0.372106769, -0.92102182, -0.988891602, 0.129760742, -0.0714111328, 0.0928459672, 0.919047054, 0.383048447, 0, 0, -0, 0, 0, 0, 0, 0.34092251, -0.0641177246, -0.149743262, 0.255580278, 0.0498277684, -0.965439223, 0.544189453, -0.832763672, 0.101074219, -0.799073125, -0.551155595, -0.239925528, 0, 2, 1, 1, 
246.491651, 29, 0.1, 0.1, 0.0280320205, 0.373206655, -0.0199554902, 0.999072806, -5.45736889e-005, -0.0430525894, 0.0430525861, -6.08155903e-005, 0.999072806, -5.71413572e-005, -0.999999997, -5.8409664e-005, 0.999072805, -6.35059036e-005, -0.043052594, 0.0430525898, -6.66272468e-005, 0.999072805, -6.6315497e-005, -0.999999996, -6.38313768e-005, 0, 0, 0, 0, 0, 0, 0, 0.308149048, -0.118841968, -0.187891724, 0.115309191, 0.372106769, -0.92102182, -0.988891602, 0.129760742, -0.0714111328, 0.0928459672, 0.919047054, 0.383048447, 0, 0, -0, 0, 0, 0, 0, 0.34092251, -0.0641177246, -0.149743262, 0.255580278, 0.0498277684, -0.965439223, 0.544189453, -0.832763672, 0.101074219, -0.799073125, -0.551155595, -0.239925528, 0, 2, 1, 1, 
246.492466, 29, 0.1, 0.1, 0.0280320241, 0.373206657, -0.0199611396, 0.999072807, 2.55964025e-005, -0.0430525823, 0.0430525816, 2.41542467e-005, 0.999072807, 2.66125724e-005, -0.999999999, 2.30298598e-005, 0.999072807, 3.36592284e-005, -0.0430525825, 0.0430525815, 3.18045204e-005, 0.999072807, 3.49972865e-005, -0.999999999, 3.03259148e-005, 0, 0, 0, 0, 0, 0, 0, 0.308802271, -0.119802173, -0.186953589, 0.110751595, 0.37520333, -0.920278198, -0.989624023, 0.126098633, -0.0677490234, 0.0906016132, 0.918309423, 0.385402508, 0, 0, -0, 0, 0, 0, 0, 0.341372412, -0.065295459, -0.148845166, 0.255554759, 0.0490034769, -0.965477502, 0.544311523, -0.832519531, 0.101806641, -0.798830322, -0.551487716, -0.239561323, 0, 2, 1, 1, 
246.493252, 29, 0.1, 0.1, 0.0280320171, 0.373206649, -0.0199674191, 0.999072806, -4.6652925e-005, -0.0430525904, 0.0430525882, -4.78298718e-005, 0.999072806, -4.86688685e-005, -0.999999998, -4.57769951e-005, 0.999072806, -5.30167403e-005, -0.0430525902, 0.0430525874, -5.4186006e-005, 0.999072806, -5.53004314e-005, -0.999999997, -5.18532572e-005, 0, 0, 0, 0, 0, 0, 0, 0.308802271, -0.119802173, -0.186953589, 0.110751595, 0.37520333, -0.920278198, -0.989624023, 0.126098633, -0.0677490234, 0.0906016132, 0.918309423, 0.385402508, 0, 0, -0, 0, 0, 0, 0, 0.341372412, -0.065295459, -0.148845166, 0.255554759, 0.0490034769, -0.965477502, 0.544311523, -0.832519531, 0.101806641, -0.798830322, -0.551487716, -0.239561323, 0, 2, 1, 1, 
246.494041, 29, 0.1, 0.1, 0.0280320242, 0.373206655, -0.0199726498, 0.999072803, 7.39075538e-005, -0.0430526211, 0.0430526155, 7.57664584e-005, 0.999072803, 7.71009716e-005, -0.999999994, 7.25142945e-005, 0.999072805, 6.07798727e-005, -0.0430526133, 0.0430526096, 6.08455416e-005, 0.999072805, 6.33430775e-005, -0.999999996, 5.81723938e-005, 0, 0, 0, 0, 0, 0, 0, 0.308802271, -0.119802173, -0.186953589, 0.110751595, 0.37520333, -0.920278198, -0.989624023, 0.126098633, -0.0677490234, 0.0906016132, 0.918309423, 0.385402508, 0, 0, -0, 0, 0, 0, 0, 0.341372412, -0.065295459, -0.148845166, 0.255554759, 0.0490034769, -0.965477502, 0.544311523, -0.832519531, 0.101806641, -0.798830322, -0.551487716, -0.239561323, 0, 2, 1, 1, 
246.494864, 29, 0.1, 0.1, 0.028032034, 0.373206666, -0.0199749697, 0.999072803, -1.16112898e-005, -0.0430526983, 0.0430526982, -6.0659252e-006, 0.999072803, -1.18616783e-005, -1, -5.56040354e-006, 0.999072803, 2.00339242e-005, -0.0430526815, 0.0430526809, 2.84450419e-005, 0.999072803, 2.12399841e-005, -0.999999999, 2.75561536e-005, 0, 0, 0, 0, 0, 0, 0, 0.309243237, -0.120750171, -0.185783423, 0.106485308, 0.378541026, -0.919375816, -0.990356445, 0.121337891, -0.0646972656, 0.0870752009, 0.9175336, 0.387978607, 0, 0, -0, 0, 0, 0, 0, 0.34184917, -0.0664338867, -0.147952197, 0.255695483, 0.0491693545, -0.965477502, 0.545776367, -0.831542969, 0.102172852, -0.79783359, -0.553065937, -0.239561323, 0, 2, 1, 1, 
246.495648, 29, 0.1, 0.1, 0.0280320261, 0.373206657, -0.0199737595, 0.999072798, -2.27380723e-005, -0.0430528035, 0.0430528028, -2.88377791e-005, 0.999072798, -2.39585368e-005, -0.999999999, -2.78321029e-005, 0.999072799, -3.93223494e-005, -0.043052778, 0.0430527763, -4.44297918e-005, 0.999072798, -4.11987156e-005, -0.999999998, -4.26956601e-005, 0, 0, 0, 0, 0, 0, 0, 0.309243237, -0.120750171, -0.185783423, 0.106485308, 0.378541026, -0.919375816, -0.990356445, 0.121337891, -0.0646972656, 0.0870752009, 0.9175336, 0.387978607, 0, 0, -0, 0, 0, 0, 0, 0.34184917, -0.0664338867, -0.147952197, 0.255695483, 0.0491693545, -0.965477502, 0.545776367, -0.831542969, 0.102172852, -0.79783359, -0.553065937, -0.239561323, 0, 2, 1, 1, 
246.496432, 29, 0.1, 0.1, 0.028032029, 0.373206666, -0.0199700094, 0.99907278, -1.06966543e-006, -0.0430532236, 0.0430532236, 5.47822757e-005, 0.999072779, 1.28987995e-006, -0.999999998, 5.4777533e-005, 0.999072785, 1.38482935e-005, -0.0430531084, 0.0430531075, 5.90576272e-005, 0.999072783, 1.63780675e-005, -0.999999998, 5.8406656e-005, 0, 0, 0, 0, 0, 0, 0, 0.309243237, -0.120750171, -0.185783423, 0.106485308, 0.378541026, -0.919375816, -0.990356445, 0.121337891, -0.0646972656, 0.0870752009, 0.9175336, 0.387978607, 0, 0, -0, 0, 0, 0, 0, 0.34184917, -0.0664338867, -0.147952197, 0.255695483, 0.0491693545, -0.965477502, 0.545776367, -0.831542969, 0.102172852, -0.79783359, -0.553065937, -0.239561323, 0, 2, 1, 1, 
246.497219, 29, 0.1, 0.1, 0.0280320243, 0.373206662, -0.0199651413, 0.999072738, 2.72397878e-006, -0.0430542097, 0.0430542098, -5.6333968e-005, 0.999072736, 2.96038464e-007, -0.999999998, -5.63990103e-005, 0.999072749, -2.14004425e-005, -0.043053949, 0.0430539479, -4.8626695e-005, 0.999072748, -2.34741702e-005, -0.999999999, -4.76602323e-005, 0, 0, 0, 0, 0, 0, 0, 0.309243237, -0.120750171, -0.185783423, 0.106485308, 0.378541026, -0.919375816, -0.990356445, 0.121337891, -0.0646972656, 0.0870752009, 0.9175336, 0.387978607, 0, 0, -0, 0, 0, 0, 0, 0.34184917, -0.0664338867, -0.147952197, 0.255695483, 0.0491693545, -0.965477502, 0.545776367, -0.831542969, 0.102172852, -0.79783359, -0.553065937, -0.239561323, 0, 2, 1, 1, 
246.498011, 29, 0.1, 0.1, 0.0280320255, 0.37320666, -0.0199607891, 0.999072677, 3.93165706e-006, -0.0430556072, 0.0430556071, 1.92461775e-005, 0.999072677, 4.75666701e-006, -1, 1.90590502e-005, 0.999072688, -8.18858087e-006, -0.0430553602, 0.0430553603, 1.66237149e-005, 0.999072688, -7.46524747e-006, -1, 1.69608618e-005, 0, 0, 0, 0, 0, 0, 0, 0.309243237, -0.120750171, -0.185783423, 0.106485308, 0.378541026, -0.919375816, -0.990356445, 0.121337891, -0.0646972656, 0.0870752009, 0.9175336, 0.387978607, 0, 0, -0, 0, 0, 0, 0, 0.34184917, -0.0664338867, -0.147952197, 0.255695483, 0.0491693545, -0.965477502, 0.545776367, -0.831542969, 0.102172852, -0.79783359, -0.553065937, -0.239561323, 0, 2, 1, 1, 
246.498794, 29, 0.1, 0.1, 0.0280320263, 0.373206657, -0.0199584258, 0.999072629, 2.55511865e-005, -0.0430567131, 0.0430567132, -2.12131539e-006, 0.99907263, 2.54361542e-005, -1, -3.21949825e-006, 0.999072639, -1.65714468e-007, -0.0430564915, 0.0430564915, -2.33220904e-005, 0.999072639, -1.16972818e-006, -1, -2.32933273e-005, 0, 0, 0, 0, 0, 0, 0, 0.309243237, -0.120750171, -0.185783423, 0.106485308, 0.378541026, -0.919375816, -0.990356445, 0.121337891, -0.0646972656, 0.0870752009, 0.9175336, 0.387978607, 0, 0, -0, 0, 0, 0, 0, 0.34184917, -0.0664338867, -0.147952197, 0.255695483, 0.0491693545, -0.965477502, 0.545776367, -0.831542969, 0.102172852, -0.79783359, -0.553065937, -0.239561323, 0, 2, 1, 1, 
246.499609, 29, 0.1, 0.1, 0.0280320269, 0.373206665, -0.0199584138, 0.999072561, -4.25722129e-005, -0.043058291, 0.0430582911, 1.95583648e-006, 0.999072562, -4.24485149e-005, -0.999999999, 3.7871093e-006, 0.999072577, -2.71207446e-005, -0.0430579326, 0.0430579335, 3.19850234e-005, 0.999072577, -2.57183832e-005, -0.999999999, 3.3123123e-005, 0, 0, 0, 0, 0, 0, 0, 0.309486841, -0.120774683, -0.184377197, 0.102789657, 0.382481559, -0.918257387, -0.991210938, 0.115966797, -0.0626220703, 0.0824696732, 0.916662297, 0.391138448, 0, 0, -0, 0, 0, 0, 0, 0.34230127, -0.0668996582, -0.14682915, 0.255286802, 0.049680114, -0.965528541, 0.548339844, -0.829833984, 0.102294922, -0.796280889, -0.555589851, -0.239075717, 0, 2, 1, 1, 
246.500394, 29, 0.1, 0.1, 0.0280320293, 0.373206652, -0.0199606006, 0.999072462, 6.44724229e-005, -0.0430605667, 0.0430605694, -4.17533275e-005, 0.999072463, 6.26147004e-005, -0.999999997, -4.44908189e-005, 0.999072485, 4.11956172e-005, -0.0430600496, 0.0430600522, -6.44675416e-005, 0.999072484, 3.8381432e-005, -0.999999997, -6.61816324e-005, 0, 0, 0, 0, 0, 0, 0, 0.309486841, -0.120774683, -0.184377197, 0.102789657, 0.382481559, -0.918257387, -0.991210938, 0.115966797, -0.0626220703, 0.0824696732, 0.916662297, 0.391138448, 0, 0, -0, 0, 0, 0, 0, 0.34230127, -0.0668996582, -0.14682915, 0.255286802, 0.049680114, -0.965528541, 0.548339844, -0.829833984, 0.102294922, -0.796280889, -0.555589851, -0.239075717, 0, 2, 1, 1, 
246.501191, 29, 0.1, 0.1, 0.0280320363, 0.373206664, -0.0199642521, 0.999072328, -3.61144839e-005, -0.0430637099, 0.0430637127, 8.00485215e-005, 0.999072325, -3.26337951e-005, -0.999999996, 8.15294865e-005, 0.999072358, 6.47037342e-006, -0.043063026, 0.0430630253, 8.26751556e-005, 0.999072354, 1.00246136e-005, -0.999999997, 8.23198288e-005, 0, 0, 0, 0, 0, 0, 0, 0.309486841, -0.120774683, -0.184377197, 0.102789657, 0.382481559, -0.918257387, -0.991210938, 0.115966797, -0.0626220703, 0.0824696732, 0.916662297, 0.391138448, 0, 0, -0, 0, 0, 0, 0, 0.34230127, -0.0668996582, -0.14682915, 0.255286802, 0.049680114, -0.965528541, 0.548339844, -0.829833984, 0.102294922, -0.796280889, -0.555589851, -0.239075717, 0, 2, 1, 1, 
246.501979, 29, 0.1, 0.1, 0.0280320222, 0.373206663, -0.0199680738, 0.999072161, -4.05966598e-005, -0.0430675656, 0.0430675624, -7.80812802e-005, 0.999072159, -4.39217632e-005, -0.999999996, -7.62604342e-005, 0.999072195, -6.56837206e-005, -0.0430667401, 0.0430667371, -4.61089491e-005, 0.999072197, -6.76085411e-005, -0.999999997, -4.32373854e-005, 0, 0, 0, 0, 0, 0, 0, 0.309486841, -0.120774683, -0.184377197, 0.102789657, 0.382481559, -0.918257387, -0.991210938, 0.115966797, -0.0626220703, 0.0824696732, 0.916662297, 0.391138448, 0, 0, -0, 0, 0, 0, 0, 0.34230127, -0.0668996582, -0.14682915, 0.255286802, 0.049680114, -0.965528541, 0.548339844, -0.829833984, 0.102294922, -0.796280889, -0.555589851, -0.239075717, 0, 2, 1, 1, 
246.502764, 29, 0.1, 0.1, 0.0280320343, 0.373206645, -0.0199709121, 0.999071963, 8.53277997e-005, -0.0430720943, 0.0430720979, -4.1165555e-005, 0.999071966, 8.34755259e-005, -0.999999996, -4.48025992e-005, 0.999072004, 8.15367808e-005, -0.0430711569, 0.0430711626, -6.98176397e-005, 0.999072004, 7.84539885e-005, -0.999999994, -7.32647332e-005, 0, 0, 0, 0, 0, 0, 0, 0.309486841, -0.120774683, -0.184377197, 0.102789657, 0.382481559, -0.918257387, -0.991210938, 0.115966797, -0.0626220703, 0.0824696732, 0.916662297, 0.391138448, 0, 0, -0, 0, 0, 0, 0, 0.34230127, -0.0668996582, -0.14682915, 0.255286802, 0.049680114, -0.965528541, 0.548339844, -0.829833984, 0.102294922, -0.796280889, -0.555589851, -0.239075717, 0, 2, 1, 1, 
246.503548, 29, 0.1, 0.1, 0.0280320394, 0.373206658, -0.0199718972, 0.999071753, -3.79803136e-005, -0.0430770346, 0.043077038, 9.53549899e-005, 0.999071749, -3.38374481e-005, -0.999999995, 9.69025563e-005, 0.999071797, -1.18251629e-005, -0.0430760187, 0.0430760196, 8.90275457e-005, 0.999071794, -7.97923444e-006, -0.999999996, 8.9454291e-005, 0, 0, 0, 0, 0, 0, 0, 0.309486841, -0.120774683, -0.184377197, 0.102789657, 0.382481559, -0.918257387, -0.991210938, 0.115966797, -0.0626220703, 0.0824696732, 0.916662297, 0.391138448, 0, 0, -0, 0, 0, 0, 0, 0.34230127, -0.0668996582, -0.14682915, 0.255286802, 0.049680114, -0.965528541, 0.548339844, -0.829833984, 0.102294922, -0.796280889, -0.555589851, -0.239075717, 0, 2, 1, 1, 
246.504362, 29, 0.1, 0.1, 0.0280320308, 0.373206666, -0.0199706313, 0.999071527, -3.24781676e-006, -0.0430822938, 0.0430822937, -3.81317296e-005, 0.999071526, -4.88760363e-006, -0.999999999, -3.79564019e-005, 0.999071573, -3.40717283e-005, -0.0430812091, 0.0430812095, 8.69597956e-006, 0.999071574, -3.36654619e-005, -0.999999999, 1.01557572e-005, 0, 0, 0, 0, 0, 0, 0, 0.309205103, -0.120721802, -0.183826831, 0.0974322722, 0.38799546, -0.916509911, -0.991943359, 0.111694336, -0.0582275391, 0.0798576254, 0.914800245, 0.395928944, 0, 0, -0, 0, 0, 0, 0, 0.34230127, -0.0668996582, -0.14682915, 0.253664105, 0.0503122751, -0.965898943, 0.551025391, -0.828125, 0.10168457, -0.794855786, -0.558101005, -0.23788722, 0, 2, 1, 1, 
246.505149, 29, 0.1, 0.1, 0.0280320445, 0.37320665, -0.0199676887, 0.999071305, 5.94954977e-005, -0.0430873893, 0.0430873927, -5.78286047e-005, 0.999071305, 5.69485609e-005, -0.999999997, -6.03384055e-005, 0.999071347, 7.09300511e-005, -0.0430864073, 0.0430864129, -7.9498195e-005, 0.999071346, 6.743889e-005, -0.999999994, -8.24804902e-005, 0, 0, 0, 0, 0, 0, 0, 0.309205103, -0.120721802, -0.183826831, 0.0974322722, 0.38799546, -0.916509911, -0.991943359, 0.111694336, -0.0582275391, 0.0798576254, 0.914800245, 0.395928944, 0, 0, -0, 0, 0, 0, 0, 0.342447119, -0.0671338867, -0.146158936, 0.253664105, 0.0503122751, -0.965898943, 0.551025391, -0.828125, 0.10168457, -0.794855786, -0.558101005, -0.23788722, 0, 2, 1, 1, 
246.505931, 29, 0.1, 0.1, 0.0280320374, 0.373206657, -0.0199643527, 0.999071091, -8.75585896e-005, -0.0430923057, 0.0430923113, 6.28548702e-005, 0.999071093, -8.47686945e-005, -0.999999994, 6.65695857e-005, 0.999071135, -7.34721305e-005, -0.0430913259, 0.0430913304, 6.08065155e-005, 0.999071135, -7.07836515e-005, -0.999999995, 6.39160463e-005, 0, 0, 0, 0, 0, 0, 0, 0.309205103, -0.120721802, -0.183826831, 0.0974322722, 0.38799546, -0.916509911, -0.991943359, 0.111694336, -0.0582275391, 0.0798576254, 0.914800245, 0.395928944, 0, 0, -0, 0, 0, 0, 0, 0.342447119, -0.0671338867, -0.146158936, 0.253664105, 0.0503122751, -0.965898943, 0.551025391, -0.828125, 0.10168457, -0.794855786, -0.558101005, -0.23788722, 0, 2, 1, 1, 
246.506714, 29, 0.1, 0.1, 0.0280320315, 0.373206656, -0.019961776, 0.999070894, 3.67358999e-005, -0.0430969474, 0.04309695, -7.17896533e-005, 0.999070892, 3.36078534e-005, -0.999999997, -7.33061584e-005, 0.999070933, 6.86464925e-006, -0.0430960572, 0.0430960575, -4.33133804e-005, 0.999070932, 4.99163561e-006, -0.999999999, -4.35689787e-005, 0, 0, 0, 0, 0, 0, 0, 0.309205103, -0.120721802, -0.183826831, 0.0974322722, 0.38799546, -0.916509911, -0.991943359, 0.111694336, -0.0582275391, 0.0798576254, 0.914800245, 0.395928944, 0, 0, -0, 0, 0, 0, 0, 0.342447119, -0.0671338867, -0.146158936, 0.253664105, 0.0503122751, -0.965898943, 0.551025391, -0.828125, 0.10168457, -0.794855786, -0.558101005, -0.23788722, 0, 2, 1, 1, 
246.5075, 29, 0.1, 0.1, 0.0280320376, 0.373206644, -0.0199607272, 0.999070715, -2.92652675e-005, -0.0431011004, 0.0431011008, 1.16939902e-005, 0.999070716, -2.87340479e-005, -1, 1.29444884e-005, 0.99907075, 1.12240924e-005, -0.0431002983, 0.0431002986, -3.2606059e-005, 0.99907075, 9.8083315e-006, -0.999999999, -3.30595215e-005, 0, 0, 0, 0, 0, 0, 0, 0.309205103, -0.120721802, -0.183826831, 0.0974322722, 0.38799546, -0.916509911, -0.991943359, 0.111694336, -0.0582275391, 0.0798576254, 0.914800245, 0.395928944, 0, 0, -0, 0, 0, 0, 0, 0.342447119, -0.0671338867, -0.146158936, 0.253664105, 0.0503122751, -0.965898943, 0.551025391, -0.828125, 0.10168457, -0.794855786, -0.558101005, -0.23788722, 0, 2, 1, 1, 
246.508285, 29, 0.1, 0.1, 0.0280320289, 0.373206654, -0.0199613878, 0.999070562, -9.57297124e-007, -0.043104676, 0.043104676, 1.5871776e-005, 0.999070561, -2.72259614e-007, -1, 1.58982882e-005, 0.999070589, -3.43137358e-005, -0.0431040154, 0.0431040169, 4.33749931e-005, 0.999070589, -3.24122078e-005, -0.999999998, 4.48137397e-005, 0, 0, 0, 0, 0, 0, 0, 0.309205103, -0.120721802, -0.183826831, 0.0974322722, 0.38799546, -0.916509911, -0.991943359, 0.111694336, -0.0582275391, 0.0798576254, 0.914800245, 0.395928944, 0, 0, -0, 0, 0, 0, 0, 0.342447119, -0.0671338867, -0.146158936, 0.253664105, 0.0503122751, -0.965898943, 0.551025391, -0.828125, 0.10168457, -0.794855786, -0.558101005, -0.23788722, 0, 2, 1, 1, 
246.509082, 29, 0.1, 0.1, 0.028032046, 0.373206643, -0.0199633924, 0.999070426, 6.6922444e-005, -0.0431077691, 0.0431077726, -5.1356661e-005, 0.999070427, 6.46463636e-005, -0.999999996, -5.41937987e-005, 0.999070449, 8.50061856e-005, -0.043107205, 0.0431072105, -6.30676296e-005, 0.99907045, 8.22084989e-005, -0.999999994, -6.66733845e-005, 0, 0, 0, 0, 0, 0, 0, 0.30973042, -0.12177832, -0.182695117, 0.0946019335, 0.389182038, -0.916255672, -0.9921875, 0.110839844, -0.0554199219, 0.0799351313, 0.914488718, 0.39675382, 0, 0, -0, 0, 0, 0, 0, 0.342447119, -0.0671338867, -0.146158936, 0.253664105, 0.0503122751, -0.965898943, 0.551025391, -0.828125, 0.10168457, -0.794855786, -0.558101005, -0.23788722, 0, 2, 1, 1, 
246.509887, 29, 0.1, 0.1, 0.0280320401, 0.373206647, -0.0199656989, 0.999070311, -5.92223587e-005, -0.0431104354, 0.0431104376, 3.67011754e-005, 0.999070312, -5.75850967e-005, -0.999999998, 3.92201565e-005, 0.999070333, -5.86258803e-005, -0.0431099413, 0.0431099436, 3.90688599e-005, 0.999070333, -5.68871215e-005, -0.999999998, 4.15598972e-005, 0, 0, 0, 0, 0, 0, 0, 0.30973042, -0.12177832, -0.182695117, 0.0946019335, 0.389182038, -0.916255672, -0.9921875, 0.110839844, -0.0554199219, 0.0799351313, 0.914488718, 0.39675382, 0, 0, -0, 0, 0, 0, 0, 0.342475049, -0.0672851074, -0.145723193, 0.250354546, 0.0521584521, -0.966735627, 0.554199219, -0.826416016, 0.0989990234, -0.793730722, -0.560484561, -0.235765791, 0, 2, 1, 1, 
246.510671, 29, 0.1, 0.1, 0.0280320425, 0.373206641, -0.0199678, 0.999070212, 5.17152465e-005, -0.0431127441, 0.0431127473, -6.17324214e-005, 0.999070211, 4.90057082e-005, -0.999999997, -6.39046097e-005, 0.999070232, 4.00536846e-005, -0.0431122975, 0.0431122997, -5.38194812e-005, 0.999070231, 3.76961624e-005, -0.999999998, -5.5496248e-005, 0, 0, 0, 0, 0, 0, 0, 0.30973042, -0.12177832, -0.182695117, 0.0946019335, 0.389182038, -0.916255672, -0.9921875, 0.110839844, -0.0554199219, 0.0799351313, 0.914488718, 0.39675382, 0, 0, -0, 0, 0, 0, 0, 0.342475049, -0.0672851074, -0.145723193, 0.250354546, 0.0521584521, -0.966735627, 0.554199219, -0.826416016, 0.0989990234, -0.793730722, -0.560484561, -0.235765791, 0, 2, 1, 1, 
246.511469, 29, 0.1, 0.1, 0.0280320451, 0.37320664, -0.019969037, 0.99907012, -3.9446305e-005, -0.043114894, 0.0431148959, 4.89237409e-005, 0.999070119, -3.73002827e-005, -0.999999998, 5.0578971e-005, 0.999070139, -1.63775151e-005, -0.0431144547, 0.043114455, 2.26090373e-005, 0.999070139, -1.538751e-005, -1, 2.32941217e-005, 0, 0, 0, 0, 0, 0, 0, 0.30973042, -0.12177832, -0.182695117, 0.0915888697, 0.389042374, -0.916674662, -0.99230957, 0.112182617, -0.0516357422, 0.0827606004, 0.914387246, 0.396449406, 0, 0, -0, 0, 0, 0, 0, 0.342475049, -0.0672851074, -0.145723193, 0.250354546, 0.0521584521, -0.966735627, 0.554199219, -0.826416016, 0.0989990234, -0.793730722, -0.560484561, -0.235765791, 0, 2, 1, 1, 
246.512267, 29, 0.1, 0.1, 0.0280320402, 0.373206649, -0.0199687621, 0.999070039, 2.36579831e-005, -0.0431167728, 0.043116773, -8.56584929e-006, 0.999070039, 2.32666504e-005, -1, -9.57793927e-006, 0.999070055, -1.04441625e-005, -0.0431164216, 0.0431164219, 2.4985189e-005, 0.999070054, -9.35717805e-006, -1, 2.5412269e-005, 0, 0, 0, 0, 0, 0, 0, 0.309361792, -0.12312522, -0.181824487, 0.0915888697, 0.389042374, -0.916674662, -0.99230957, 0.112182617, -0.0516357422, 0.0827606004, 0.914387246, 0.396449406, 0, 0, -0, 0, 0, 0, 0, 0.342185986, -0.0688744141, -0.145491895, 0.246277931, 0.0518070071, -0.96771267, 0.5546875, -0.826293945, 0.0970458984, -0.794650162, -0.560644242, -0.232308944, 0, 2, 1, 1, 
246.513049, 29, 0.1, 0.1, 0.0280320485, 0.373206642, -0.0199675536, 0.999069972, 1.03593242e-006, -0.0431183301, 0.0431183301, -9.64991949e-006, 0.999069972, 6.18880563e-007, -1, -9.68561247e-006, 0.999069984, 2.97275216e-005, -0.0431180488, 0.0431180498, -3.13439688e-005, 0.999069984, 2.83483837e-005, -0.999999999, -3.25966112e-005, 0, 0, 0, 0, 0, 0, 0, 0.309361792, -0.12312522, -0.181824487, 0.0915888697, 0.389042374, -0.916674662, -0.99230957, 0.112182617, -0.0516357422, 0.0827606004, 0.914387246, 0.396449406, 0, 0, -0, 0, 0, 0, 0, 0.342185986, -0.0688744141, -0.145491895, 0.246277931, 0.0518070071, -0.96771267, 0.5546875, -0.826293945, 0.0970458984, -0.794650162, -0.560644242, -0.232308944, 0, 2, 1, 1, 
246.513834, 29, 0.1, 0.1, 0.0280320354, 0.373206651, -0.0199658467, 0.999069915, -5.34096788e-005, -0.0431196307, 0.0431196326, 3.5309112e-005, 0.999069915, -5.18374875e-005, -0.999999998, 3.75792772e-005, 0.999069924, -7.11935793e-005, -0.0431193879, 0.0431193915, 4.90626022e-005, 0.999069925, -6.90118145e-005, -0.999999996, 5.20867941e-005, 0, 0, 0, 0, 0, 0, 0, 0.309361792, -0.12312522, -0.181824487, 0.0915888697, 0.389042374, -0.916674662, -0.99230957, 0.112182617, -0.0516357422, 0.0827606004, 0.914387246, 0.396449406, 0, 0, -0, 0, 0, 0, 0, 0.342185986, -0.0688744141, -0.145491895, 0.246277931, 0.0518070071, -0.96771267, 0.5546875, -0.826293945, 0.0970458984, -0.794650162, -0.560644242, -0.232308944, 0, 2, 1, 1, 
246.514619, 29, 0.1, 0.1, 0.0280320437, 0.373206644, -0.0199642419, 0.999069866, 6.31021032e-005, -0.0431207502, 0.0431207534, -4.96324737e-005, 0.999069867, 6.09032203e-005, -0.999999997, -5.2307319e-005, 0.999069875, 6.37216742e-005, -0.0431205298, 0.0431205332, -5.39279608e-005, 0.999069876, 6.13370029e-005, -0.999999997, -5.66255136e-005, 0, 0, 0, 0, 0, 0, 0, 0.309361792, -0.12312522, -0.181824487, 0.0915888697, 0.389042374, -0.916674662, -0.99230957, 0.112182617, -0.0516357422, 0.0827606004, 0.914387246, 0.396449406, 0, 0, -0, 0, 0, 0, 0, 0.342185986, -0.0688744141, -0.145491895, 0.246277931, 0.0518070071, -0.96771267, 0.5546875, -0.826293945, 0.0970458984, -0.794650162, -0.560644242, -0.232308944, 0, 2, 1, 1, 
246.515403, 29, 0.1, 0.1, 0.0280320412, 0.373206649, -0.0199632319, 0.999069821, -6.14783669e-005, -0.0431217866, 0.0431217906, 6.44268448e-005, 0.999069821, -5.86429804e-005, -0.999999996, 6.70179735e-005, 0.99906983, -4.9158339e-005, -0.0431215892, 0.0431215919, 5.53256833e-005, 0.99906983, -4.6726882e-005, -0.999999997, 5.73940069e-005, 0, 0, 0, 0, 0, 0, 0, 0.309361792, -0.12312522, -0.181824487, 0.0915888697, 0.389042374, -0.916674662, -0.99230957, 0.112182617, -0.0516357422, 0.0827606004, 0.914387246, 0.396449406, 0, 0, -0, 0, 0, 0, 0, 0.342185986, -0.0688744141, -0.145491895, 0.246277931, 0.0518070071, -0.96771267, 0.5546875, -0.826293945, 0.0970458984, -0.794650162, -0.560644242, -0.232308944, 0, 2, 1, 1, 
246.516206, 29, 0.1, 0.1, 0.0280320401, 0.37320665, -0.0199630476, 0.999069778, 5.43732599e-005, -0.0431227894, 0.0431227926, -6.05031361e-005, 0.999069778, 5.17136167e-005, -0.999999997, -6.27915816e-005, 0.999069788, 2.57305688e-005, -0.0431225869, 0.0431225877, -3.18656147e-005, 0.999069788, 2.43325062e-005, -0.999999999, -3.29455416e-005, 0, 0, 0, 0, 0, 0, 0, 0.309361792, -0.12312522, -0.181824487, 0.0873641402, 0.389809962, -0.916718845, -0.99230957, 0.114013672, -0.0461425781, 0.0865195302, 0.913771305, 0.396950771, 0, 0, -0, 0, 0, 0, 0, 0.342185986, -0.0688744141, -0.145491895, 0.246277931, 0.0518070071, -0.96771267, 0.5546875, -0.826293945, 0.0970458984, -0.794650162, -0.560644242, -0.232308944, 0, 2, 1, 1, 
246.51702, 29, 0.1, 0.1, 0.0280320495, 0.373206641, -0.0199632518, 0.999069739, -1.76997888e-005, -0.0431237296, 0.0431237299, 2.00464127e-005, 0.999069739, -1.68188473e-005, -1, 2.07910453e-005, 0.999069747, 2.21397228e-005, -0.0431235489, 0.0431235494, -2.14644622e-005, 0.999069747, 2.11935034e-005, -1, -2.23992383e-005, 0, 0, 0, 0, 0, 0, 0, 0.30871084, -0.124650562, -0.181378735, 0.0873641402, 0.389809962, -0.916718845, -0.99230957, 0.114013672, -0.0461425781, 0.0865195302, 0.913771305, 0.396950771, 0, 0, -0, 0, 0, 0, 0, 0.341941602, -0.0704119629, -0.145049316, 0.242968005, 0.0519860112, -0.968600394, 0.554443359, -0.826660156, 0.0947265625, -0.795857248, -0.560011715, -0.229701907, 0, 2, 1, 1, 
246.517808, 29, 0.1, 0.1, 0.0280320412, 0.373206651, -0.0199641378, 0.999069704, -9.23272544e-006, -0.0431245362, 0.0431245363, 1.72774832e-005, 0.999069704, -8.47905283e-006, -1, 1.7659567e-005, 0.99906971, -3.65962005e-005, -0.0431243833, 0.0431243849, 4.43152115e-005, 0.99906971, -3.46510893e-005, -0.999999998, 4.58521741e-005, 0, 0, 0, 0, 0, 0, 0, 0.30871084, -0.124650562, -0.181378735, 0.0873641402, 0.389809962, -0.916718845, -0.99230957, 0.114013672, -0.0461425781, 0.0865195302, 0.913771305, 0.396950771, 0, 0, -0, 0, 0, 0, 0, 0.341941602, -0.0704119629, -0.145049316, 0.242968005, 0.0519860112, -0.968600394, 0.554443359, -0.826660156, 0.0947265625, -0.795857248, -0.560011715, -0.229701907, 0, 2, 1, 1, 
246.518594, 29, 0.1, 0.1, 0.0280320531, 0.373206641, -0.0199654388, 0.999069674, 4.48827905e-005, -0.0431252254, 0.0431252274, -4.48510798e-005, 0.999069674, 4.29068219e-005, -0.999999998, -4.67449342e-005, 0.999069678, 6.08521385e-005, -0.0431250993, 0.0431251029, -5.88856817e-005, 0.999069678, 5.82560755e-005, -0.999999996, -6.14551538e-005, 0, 0, 0, 0, 0, 0, 0, 0.30871084, -0.124650562, -0.181378735, 0.0873641402, 0.389809962, -0.916718845, -0.99230957, 0.114013672, -0.0461425781, 0.0865195302, 0.913771305, 0.396950771, 0, 0, -0, 0, 0, 0, 0, 0.341941602, -0.0704119629, -0.145049316, 0.242968005, 0.0519860112, -0.968600394, 0.554443359, -0.826660156, 0.0947265625, -0.795857248, -0.560011715, -0.229701907, 0, 2, 1, 1, 
246.519379, 29, 0.1, 0.1, 0.0280320461, 0.373206648, -0.0199667075, 0.999069648, -5.54398581e-005, -0.0431258006, 0.0431258036, 5.42695914e-005, 0.999069648, -5.304786e-005, -0.999999997, 5.660999e-005, 0.999069653, -5.7380279e-005, -0.0431256958, 0.0431256989, 5.50065693e-005, 0.999069653, -5.49546988e-005, -0.999999997, 5.74299587e-005, 0, 0, 0, 0, 0, 0, 0, 0.30871084, -0.124650562, -0.181378735, 0.0873641402, 0.389809962, -0.916718845, -0.99230957, 0.114013672, -0.0461425781, 0.0865195302, 0.913771305, 0.396950771, 0, 0, -0, 0, 0, 0, 0, 0.341941602, -0.0704119629, -0.145049316, 0.242968005, 0.0519860112, -0.968600394, 0.554443359, -0.826660156, 0.0947265625, -0.795857248, -0.560011715, -0.229701907, 0, 2, 1, 1, 
246.520162, 29, 0.1, 0.1, 0.0280320491, 0.373206646, -0.019967562, 0.999069627, 5.25983458e-005, -0.0431263, 0.0431263026, -5.02856783e-005, 0.999069627, 5.03807744e-005, -0.999999997, -5.25072661e-005, 0.999069631, 4.23506523e-005, -0.0431262064, 0.0431262081, -4.0740036e-005, 0.999069631, 4.05542874e-005, -0.999999998, -4.25285558e-005, 0, 0, 0, 0, 0, 0, 0, 0.30871084, -0.124650562, -0.181378735, 0.0873641402, 0.389809962, -0.916718845, -0.99230957, 0.114013672, -0.0461425781, 0.0865195302, 0.913771305, 0.396950771, 0, 0, -0, 0, 0, 0, 0, 0.341941602, -0.0704119629, -0.145049316, 0.242968005, 0.0519860112, -0.968600394, 0.554443359, -0.826660156, 0.0947265625, -0.795857248, -0.560011715, -0.229701907, 0, 2, 1, 1, 
246.52096, 29, 0.1, 0.1, 0.0280320505, 0.373206645, -0.0199677175, 0.999069607, -4.97102184e-005, -0.0431267697, 0.0431267722, 4.99148909e-005, 0.999069607, -4.75113003e-005, -0.999999998, 5.20122917e-005, 0.999069612, -2.44211411e-005, -0.0431266744, 0.0431266751, 2.64592107e-005, 0.999069612, -2.32573222e-005, -0.999999999, 2.7487796e-005, 0, 0, 0, 0, 0, 0, 0, 0.30871084, -0.124650562, -0.181378735, 0.0837853095, 0.390755406, -0.916623365, -0.992553711, 0.11340332, -0.0424804687, 0.0873335452, 0.913497969, 0.397553609, 0, 0, -0, 0, 0, 0, 0, 0.341941602, -0.0704119629, -0.145049316, 0.242968005, 0.0519860112, -0.968600394, 0.554443359, -0.826660156, 0.0947265625, -0.795857248, -0.560011715, -0.229701907, 0, 2, 1, 1, 
246.521756, 29, 0.1, 0.1, 0.0280320428, 0.373206652, -0.0199668669, 0.999069588, 1.58458079e-005, -0.0431272292, 0.0431272295, -2.28309231e-005, 0.999069588, 1.48464303e-005, -1, -2.34930667e-005, 0.999069592, -2.12469731e-005, -0.0431271386, 0.0431271389, 1.31707049e-005, 0.999069592, -2.065919e-005, -1, 1.40747719e-005, 0, 0, 0, 0, 0, 0, 0, 0.30853042, -0.125496045, -0.180702295, 0.0837853095, 0.390755406, -0.916623365, -0.992553711, 0.11340332, -0.0424804687, 0.0873335452, 0.913497969, 0.397553609, 0, 0, -0, 0, 0, 0, 0, 0.341818066, -0.0704889648, -0.144172705, 0.240406178, 0.0552952041, -0.969028398, 0.55871582, -0.82421875, 0.0916748047, -0.793671653, -0.563468928, -0.229133179, 0, 2, 1, 1, 
246.522537, 29, 0.1, 0.1, 0.0280320517, 0.373206643, -0.0199657777, 0.99906957, 1.04834266e-005, -0.043127661, 0.0431276611, -1.0837148e-005, 0.99906957, 1.00062916e-005, -1, -1.12791905e-005, 0.999069573, 3.60193238e-005, -0.0431275725, 0.0431275739, -3.80781629e-005, 0.999069573, 3.43435917e-005, -0.999999999, -3.959616e-005, 0, 0, 0, 0, 0, 0, 0, 0.30853042, -0.125496045, -0.180702295, 0.0837853095, 0.390755406, -0.916623365, -0.992553711, 0.11340332, -0.0424804687, 0.0873335452, 0.913497969, 0.397553609, 0, 0, -0, 0, 0, 0, 0, 0.341818066, -0.0704889648, -0.144172705, 0.240406178, 0.0552952041, -0.969028398, 0.55871582, -0.82421875, 0.0916748047, -0.793671653, -0.563468928, -0.229133179, 0, 2, 1, 1, 
246.52337, 29, 0.1, 0.1, 0.0280320386, 0.373206657, -0.0199639727, 0.999069549, -5.04897038e-005, -0.0431281169, 0.0431281194, 4.9302392e-005, 0.999069549, -4.83164063e-005, -0.999999998, 5.14340445e-005, 0.999069551, -6.73630438e-005, -0.0431280322, 0.0431280367, 6.78369428e-005, 0.999069551, -6.43746921e-005, -0.999999995, 7.06790598e-005, 0, 0, 0, 0, 0, 0, 0, 0.30853042, -0.125496045, -0.180702295, 0.0837853095, 0.390755406, -0.916623365, -0.992553711, 0.11340332, -0.0424804687, 0.0873335452, 0.913497969, 0.397553609, 0, 0, -0, 0, 0, 0, 0, 0.341818066, -0.0704889648, -0.144172705, 0.240406178, 0.0552952041, -0.969028398, 0.55871582, -0.82421875, 0.0916748047, -0.793671653, -0.563468928, -0.229133179, 0, 2, 1, 1, 
246.524167, 29, 0.1, 0.1, 0.0280320475, 0.373206648, -0.0199628024, 0.999069529, 6.38613652e-005, -0.0431285426, 0.0431285468, -6.6117599e-005, 0.999069529, 6.09503883e-005, -0.999999996, -6.88103264e-005, 0.999069533, 6.5056969e-005, -0.0431284641, 0.0431284685, -6.82195487e-005, 0.999069532, 6.20542312e-005, -0.999999996, -7.09618801e-005, 0, 0, 0, 0, 0, 0, 0, 0.30853042, -0.125496045, -0.180702295, 0.0837853095, 0.390755406, -0.916623365, -0.992553711, 0.11340332, -0.0424804687, 0.0873335452, 0.913497969, 0.397553609, 0, 0, -0, 0, 0, 0, 0, 0.342477295, -0.0711509766, -0.143528369, 0.239384293, 0.0598056531, -0.969022202, 0.562988281, -0.821655273, 0.0883789063, -0.790955975, -0.566677142, -0.230359955, 0, 2, 1, 1, 
246.524958, 29, 0.1, 0.1, 0.0280320456, 0.373206651, -0.0199626277, 0.999069512, -5.59740333e-005, -0.0431289508, 0.0431289542, 6.05043347e-005, 0.999069512, -5.33124617e-005, -0.999999997, 6.28621377e-005, 0.999069516, -4.53430198e-005, -0.0431288765, 0.0431288787, 4.87809828e-005, 0.999069516, -4.31969598e-005, -0.999999998, 5.06911864e-005, 0, 0, 0, 0, 0, 0, 0, 0.30853042, -0.125496045, -0.180702295, 0.0837853095, 0.390755406, -0.916623365, -0.992553711, 0.11340332, -0.0424804687, 0.0873335452, 0.913497969, 0.397553609, 0, 0, -0, 0, 0, 0, 0, 0.342477295, -0.0711509766, -0.143528369, 0.239384293, 0.0598056531, -0.969022202, 0.562988281, -0.821655273, 0.0883789063, -0.790955975, -0.566677142, -0.230359955, 0, 2, 1, 1, 
246.525743, 29, 0.1, 0.1, 0.0280320459, 0.373206652, -0.0199634409, 0.999069496, 5.96988604e-005, -0.0431293142, 0.0431293175, -5.50377958e-005, 0.999069497, 5.7269568e-005, -0.999999997, -5.75613541e-005, 0.999069501, 3.39372507e-005, -0.0431292464, 0.0431292473, -2.80720087e-005, 0.999069501, 3.26949475e-005, -0.999999999, -2.95095758e-005, 0, 0, 0, 0, 0, 0, 0, 0.30853042, -0.125496045, -0.180702295, 0.0837853095, 0.390755406, -0.916623365, -0.992553711, 0.11340332, -0.0424804687, 0.0873335452, 0.913497969, 0.397553609, 0, 0, -0, 0, 0, 0, 0, 0.342477295, -0.0711509766, -0.143528369, 0.239384293, 0.0598056531, -0.969022202, 0.562988281, -0.821655273, 0.0883789063, -0.790955975, -0.566677142, -0.230359955, 0, 2, 1, 1, 
246.52654, 29, 0.1, 0.1, 0.0280320561, 0.373206643, -0.0199647546, 0.999069484, -1.34837079e-005, -0.0431296383, 0.0431296385, 1.32018906e-005, 0.999069484, -1.29017683e-005, -1, 1.37711535e-005, 0.999069486, 2.72936451e-005, -0.043129577, 0.0431295776, -2.4092473e-005, 0.999069487, 2.62291498e-005, -0.999999999, -2.5247218e-005, 0, 0, 0, 0, 0, 0, 0, 0.309161914, -0.125606006, -0.180001562, 0.0787836353, 0.393007995, -0.916114887, -0.993164063, 0.109619141, -0.0383300781, 0.08540671, 0.91289401, 0.399203361, 0, 0, -0, 0, 0, 0, 0, 0.342477295, -0.0711509766, -0.143528369, 0.239384293, 0.0598056531, -0.969022202, 0.562988281, -0.821655273, 0.0883789063, -0.790955975, -0.566677142, -0.230359955, 0, 2, 1, 1, 
246.527323, 29, 0.1, 0.1, 0.0280320477, 0.373206651, -0.0199662724, 0.999069472, -1.21432763e-005, -0.0431299297, 0.0431299298, 1.15151556e-005, 0.999069472, -1.16353288e-005, -1, 1.20281791e-005, 0.999069473, -3.83712536e-005, -0.0431298742, 0.0431298756, 3.53193076e-005, 0.999069473, -3.68122308e-005, -0.999999999, 3.69413894e-005, 0, 0, 0, 0, 0, 0, 0, 0.309161914, -0.125606006, -0.180001562, 0.0787836353, 0.393007995, -0.916114887, -0.993164063, 0.109619141, -0.0383300781, 0.08540671, 0.91289401, 0.399203361, 0, 0, -0, 0, 0, 0, 0, 0.342477295, -0.0711509766, -0.143528369, 0.239384293, 0.0598056531, -0.969022202, 0.562988281, -0.821655273, 0.0883789063, -0.790955975, -0.566677142, -0.230359955, 0, 2, 1, 1, 
246.528105, 29, 0.1, 0.1, 0.0280320585, 0.373206642, -0.0199675108, 0.99906946, 4.19360671e-005, -0.0431301809, 0.0431301826, -3.87533181e-005, 0.99906946, 4.02256063e-005, -0.999999998, -4.05259668e-005, 0.999069461, 5.67337585e-005, -0.0431301328, 0.0431301358, -5.28516846e-005, 0.999069461, 5.44014653e-005, -0.999999997, -5.52494387e-005, 0, 0, 0, 0, 0, 0, 0, 0.309161914, -0.125606006, -0.180001562, 0.0787836353, 0.393007995, -0.916114887, -0.993164063, 0.109619141, -0.0383300781, 0.08540671, 0.91289401, 0.399203361, 0, 0, -0, 0, 0, 0, 0, 0.342477295, -0.0711509766, -0.143528369, 0.239384293, 0.0598056531, -0.969022202, 0.562988281, -0.821655273, 0.0883789063, -0.790955975, -0.566677142, -0.230359955, 0, 2, 1, 1, 
246.528921, 29, 0.1, 0.1, 0.0280320503, 0.37320665, -0.0199677035, 0.999069448, -6.16124061e-005, -0.0431304286, 0.0431304321, 5.58806376e-005, 0.999069448, -5.91449167e-005, -0.999999997, 5.84860075e-005, 0.99906945, -6.25126369e-005, -0.0431303804, 0.0431303841, 5.93035382e-005, 0.99906945, -5.98966816e-005, -0.999999996, 6.19445473e-005, 0, 0, 0, 0, 0, 0, 0, 0.309301514, -0.125485278, -0.179748657, 0.0728997971, 0.395400247, -0.915625504, -0.993774414, 0.10559082, -0.0335693359, 0.083372412, 0.912391523, 0.400732545, 0, 0, -0, 0, 0, 0, 0, 0.3428354, -0.0714099609, -0.142883545, 0.237110112, 0.0639070547, -0.969386406, 0.567993164, -0.818603516, 0.0849609375, -0.788003691, -0.570664805, -0.230398234, 0, 2, 1, 1, 
246.529705, 29, 0.1, 0.1, 0.0280320526, 0.373206649, -0.0199671812, 0.999069439, 5.20572655e-005, -0.0431306577, 0.0431306602, -4.69349976e-005, 0.999069439, 4.99844858e-005, -0.999999998, -4.91365859e-005, 0.999069441, 4.12453734e-005, -0.0431306141, 0.0431306156, -3.71172977e-005, 0.999069441, 3.96061004e-005, -0.999999998, -3.88616963e-005, 0, 0, 0, 0, 0, 0, 0, 0.309301514, -0.125485278, -0.179748657, 0.0728997971, 0.395400247, -0.915625504, -0.993774414, 0.10559082, -0.0335693359, 0.083372412, 0.912391523, 0.400732545, 0, 0, -0, 0, 0, 0, 0, 0.3428354, -0.0714099609, -0.142883545, 0.237110112, 0.0639070547, -0.969386406, 0.567993164, -0.818603516, 0.0849609375, -0.788003691, -0.570664805, -0.230398234, 0, 2, 1, 1, 
246.530487, 29, 0.1, 0.1, 0.0280320533, 0.373206648, -0.0199662224, 0.99906943, -5.33389281e-005, -0.0431308574, 0.0431308601, 5.01460187e-005, 0.99906943, -5.11264517e-005, -0.999999997, 5.23999082e-005, 0.999069433, -2.95836828e-005, -0.0431308199, 0.0431308207, 2.84649818e-005, 0.999069433, -2.83284352e-005, -0.999999999, 2.97144618e-005, 0, 0, 0, 0, 0, 0, 0, 0.309301514, -0.125485278, -0.179748657, 0.0728997971, 0.395400247, -0.915625504, -0.993774414, 0.10559082, -0.0335693359, 0.083372412, 0.912391523, 0.400732545, 0, 0, -0, 0, 0, 0, 0, 0.3428354, -0.0714099609, -0.142883545, 0.237110112, 0.0639070547, -0.969386406, 0.567993164, -0.818603516, 0.0849609375, -0.788003691, -0.570664805, -0.230398234, 0, 2, 1, 1, 
246.531272, 29, 0.1, 0.1, 0.0280320468, 0.373206655, -0.0199651717, 0.999069423, 2.67921504e-005, -0.0431310392, 0.0431310398, -2.23106594e-005, 0.999069423, 2.58049363e-005, -0.999999999, -2.34454709e-005, 0.999069425, -1.39062813e-005, -0.0431310066, 0.0431310068, 1.49390409e-005, 0.999069425, -1.32490046e-005, -1, 1.5524931e-005, 0, 0, 0, 0, 0, 0, 0, 0.309301514, -0.125485278, -0.179748657, 0.0728997971, 0.395400247, -0.915625504, -0.993774414, 0.10559082, -0.0335693359, 0.083372412, 0.912391523, 0.400732545, 0, 0, -0, 0, 0, 0, 0, 0.3428354, -0.0714099609, -0.142883545, 0.237110112, 0.0639070547, -0.969386406, 0.567993164, -0.818603516, 0.0849609375, -0.788003691, -0.570664805, -0.230398234, 0, 2, 1, 1, 
