time, trialNum, realDorsalTactorPos, realVentralTactorPos, boxPosX, boxPosY, boxPosZ, boxLocalRot_11, boxLocalRot_12, boxLocalRot_13, boxLocalRot_21, boxLocalRot_22, boxLocalRot_23, boxLocalRot_31, boxLocalRot_32, boxLocalRot_33, boxGlobalRot_11, boxGlobalRot_12, boxGlobalRot_13, boxGlobalRot_21, boxGlobalRot_22, boxGlobalRot_23, boxGlobalRot_31, boxGlobalRot_32, boxGlobalRot_33, indexForceX, indexForceY, indexForceZ, indexForceGlobalX, indexForceGlobalY, indexForceGlobalZ, indexContact, indexPosX, indexPosY, indexPosZ, indexRot_11, indexRot_12, indexRot_13, indexRot_21, indexRot_22, indexRot_23, indexRot_31, indexRot_32, indexRot_33, thumbForceX, thumbForceY, thumbForceZ, thumbForceGlobalX, thumbForceGlobalY, thumbForceGlobalZ, thumbContact, thumbPosX, thumbPosY, thumbPosZ, thumbRot_11, thumbRot_12, thumbRot_13, thumbRot_21, thumbRot_22, thumbRot_23, thumbRot_31, thumbRot_32, thumbRot_33, manipForceTooHigh, cceExpType, mapping, trialSuccess, 
827.44381, 57, 0.1, 0.1, -0.00907923159, 0.381494161, -0.0199674177, 0.949325275, -4.57167786e-005, -0.314295274, 0.314295275, 1.66575607e-005, 0.949325276, -3.81647009e-005, -0.999999999, 3.01820109e-005, 0.949325282, -5.64526346e-005, -0.314295253, 0.314295254, 2.07469427e-005, 0.949325283, -4.70712477e-005, -0.999999998, 3.74383923e-005, 0, -0, 0, 0, 0, 0, 0, 0.350630444, -0.197139697, -0.157852148, 0.0073550206, 0.571410381, -0.820523759, -0.998413086, -0.0396728516, -0.0366210937, -0.053444309, 0.819628491, 0.57043985, 0, 0, 0, 0, 0, 0, 0, 0.360709326, -0.160761963, -0.149453809, 0.0987224831, -0.337911412, -0.93599812, 0.565185547, -0.755004883, 0.332275391, -0.81899634, -0.561713918, 0.116422376, 0, 2, 5, 1, 
827.472507, 57, 0.1, 0.1, -0.00907921492, 0.381494185, -0.0199650881, 0.949313841, -1.94516668e-005, -0.314329813, 0.314329813, -1.43182359e-005, 0.949313841, -2.29663849e-005, -1, -7.4782607e-006, 0.949313855, 8.23868667e-006, -0.314329769, 0.314329769, 6.69219736e-007, 0.949313855, 8.03145509e-006, -1, -1.95436491e-006, 0, -0, 0, 0, 0, 0, 0, 0.349764478, -0.199616992, -0.15510481, -0.031369584, 0.589306039, -0.807257238, -0.997924805, -0.0625, -0.00683593749, -0.0544792664, 0.805423639, 0.590214412, 0, 0, 0, 0, 0, 0, 0, 0.358790088, -0.163236035, -0.145535889, 0.0735766949, -0.327704584, -0.941866207, 0.596313477, -0.742431641, 0.304931641, -0.799300095, -0.584084995, 0.140722385, 0, 2, 5, 1, 
827.4733, 57, 0.1, 0.1, -0.00907922113, 0.381494186, -0.0199669292, 0.949313872, 1.79909412e-005, -0.314329719, 0.314329719, 2.98992475e-006, 0.949313872, 1.80188722e-005, -1, -2.81671045e-006, 0.949313856, -1.76184718e-005, -0.314329768, 0.314329768, 1.03292074e-005, 0.949313856, -1.3478682e-005, -1, 1.53436699e-005, 0, -0, 0, 0, 0, 0, 0, 0.349764478, -0.199616992, -0.15510481, -0.031369584, 0.589306039, -0.807257238, -0.997924805, -0.0625, -0.00683593749, -0.0544792664, 0.805423639, 0.590214412, 0, 0, 0, 0, 0, 0, 0, 0.358790088, -0.163236035, -0.145535889, 0.0735766949, -0.327704584, -0.941866207, 0.596313477, -0.742431641, 0.304931641, -0.799300095, -0.584084995, 0.140722385, 0, 2, 5, 1, 
827.474091, 57, 0.1, 0.1, -0.00907921662, 0.381494189, -0.0199681891, 0.949313881, -1.24565072e-005, -0.314329691, 0.314329691, 3.26377465e-006, 0.949313881, -1.07992339e-005, -1, 7.01379664e-006, 0.949313892, 1.26601678e-005, -0.314329658, 0.314329658, 1.96118563e-005, 0.949313892, 1.81830613e-005, -1, 1.46383415e-005, 0, -0, 0, 0, 0, 0, 0, 0.349764478, -0.199616992, -0.15510481, -0.031369584, 0.589306039, -0.807257238, -0.997924805, -0.0625, -0.00683593749, -0.0544792664, 0.805423639, 0.590214412, 0, 0, 0, 0, 0, 0, 0, 0.358790088, -0.163236035, -0.145535889, 0.0735766949, -0.327704584, -0.941866207, 0.596313477, -0.742431641, 0.304931641, -0.799300095, -0.584084995, 0.140722385, 0, 2, 5, 1, 
827.474884, 57, 0.1, 0.1, -0.00907921927, 0.381494188, -0.0199684436, 0.949313774, 2.20932322e-005, -0.314330014, 0.314330014, 1.38446482e-005, 0.949313774, 2.53251981e-005, -1, 6.1983493e-006, 0.949313787, -4.5028444e-006, -0.314329977, 0.314329977, 1.20125295e-006, 0.949313787, -3.89702246e-006, -1, 2.55574496e-006, 0, -0, 0, 0, 0, 0, 0, 0.349764478, -0.199616992, -0.15510481, -0.031369584, 0.589306039, -0.807257238, -0.997924805, -0.0625, -0.00683593749, -0.0544792664, 0.805423639, 0.590214412, 0, 0, 0, 0, 0, 0, 0, 0.358790088, -0.163236035, -0.145535889, 0.0735766949, -0.327704584, -0.941866207, 0.596313477, -0.742431641, 0.304931641, -0.799300095, -0.584084995, 0.140722385, 0, 2, 5, 1, 
827.475673, 57, 0.1, 0.1, -0.00907921442, 0.381494191, -0.0199677182, 0.949313763, -1.70997823e-005, -0.314330047, 0.314330047, 9.88758852e-006, 0.949313763, -1.31250925e-005, -1, 1.47613993e-005, 0.949313758, 1.67012064e-005, -0.314330062, 0.314330062, 5.09569334e-006, 0.949313758, 1.74564146e-005, -1, -4.12279455e-007, 0, -0, 0, 0, 0, 0, 0, 0.349764478, -0.199616992, -0.15510481, -0.031369584, 0.589306039, -0.807257238, -0.997924805, -0.0625, -0.00683593749, -0.0544792664, 0.805423639, 0.590214412, 0, 0, 0, 0, 0, 0, 0, 0.358790088, -0.163236035, -0.145535889, 0.0735766949, -0.327704584, -0.941866207, 0.596313477, -0.742431641, 0.304931641, -0.799300095, -0.584084995, 0.140722385, 0, 2, 5, 1, 
827.476465, 57, 0.1, 0.1, -0.00907921858, 0.38149419, -0.0199663474, 0.949313704, 2.25521756e-005, -0.314330225, 0.314330226, -3.72065349e-006, 0.949313704, 2.02395755e-005, -1, -1.06208978e-005, 0.94931373, -4.16270457e-006, -0.314330147, 0.314330147, -1.87039042e-005, 0.94931373, -9.83091355e-006, -1, -1.64474095e-005, 0, -0, 0, 0, 0, 0, 0, 0.349764478, -0.199616992, -0.15510481, -0.031369584, 0.589306039, -0.807257238, -0.997924805, -0.0625, -0.00683593749, -0.0544792664, 0.805423639, 0.590214412, 0, 0, 0, 0, 0, 0, 0, 0.358790088, -0.163236035, -0.145535889, 0.0735766949, -0.327704584, -0.941866207, 0.596313477, -0.742431641, 0.304931641, -0.799300095, -0.584084995, 0.140722385, 0, 2, 5, 1, 
827.477309, 57, 0.1, 0.1, -0.00907921549, 0.381494191, -0.0199642998, 0.949313522, -2.38725352e-005, -0.314330776, 0.314330775, -3.20142726e-005, 0.949313522, -3.27255916e-005, -0.999999999, -2.28877093e-005, 0.949313546, 9.58565749e-006, -0.314330704, 0.314330705, -1.47273199e-005, 0.949313546, 4.47054566e-006, -1, -1.69939107e-005, 0, -0, 0, 0, 0, 0, 0, 0.34955708, -0.199042822, -0.154990552, -0.0353996057, 0.591932313, -0.805193365, -0.997802734, -0.0651855469, -0.00415039062, -0.0549533011, 0.803277391, 0.593100917, 0, 0, 0, 0, 0, 0, 0, 0.358790088, -0.163236035, -0.145535889, 0.0712321517, -0.325685966, -0.942798773, 0.599853516, -0.741088867, 0.301391602, -0.796846177, -0.586941397, 0.142588252, 0, 2, 5, 1, 
827.478101, 57, 0.1, 0.1, -0.00907922268, 0.381494189, -0.019962541, 0.949313532, 1.87934649e-005, -0.314330747, 0.314330747, -1.2493187e-005, 0.949313532, 1.39138977e-005, -1, -1.77673154e-005, 0.949313518, -2.15207832e-005, -0.314330789, 0.314330788, -4.92437098e-006, 0.949313518, -2.19778518e-005, -1, 2.08987281e-006, 0, -0, 0, 0, 0, 0, 0, 0.34955708, -0.199042822, -0.154990552, -0.0353996057, 0.591932313, -0.805193365, -0.997802734, -0.0651855469, -0.00415039062, -0.0549533011, 0.803277391, 0.593100917, 0, 0, 0, 0, 0, 0, 0, 0.35846333, -0.162939307, -0.145335107, 0.0712321517, -0.325685966, -0.942798773, 0.599853516, -0.741088867, 0.301391602, -0.796846177, -0.586941397, 0.142588252, 0, 2, 5, 1, 
827.478894, 57, 0.1, 0.1, -0.00907921839, 0.38149419, -0.0199618829, 0.949313509, -2.12272858e-005, -0.314330814, 0.314330814, -4.13250528e-006, 0.94931351, -2.14503229e-005, -1, 2.74934693e-006, 0.94931353, 8.76504995e-006, -0.314330753, 0.314330753, 1.37319489e-005, 0.94931353, 1.26371544e-005, -1, 1.02808002e-005, 0, -0, 0, 0, 0, 0, 0, 0.34955708, -0.199042822, -0.154990552, -0.0353996057, 0.591932313, -0.805193365, -0.997802734, -0.0651855469, -0.00415039062, -0.0549533011, 0.803277391, 0.593100917, 0, 0, 0, 0, 0, 0, 0, 0.35846333, -0.162939307, -0.145335107, 0.0712321517, -0.325685966, -0.942798773, 0.599853516, -0.741088867, 0.301391602, -0.796846177, -0.586941397, 0.142588252, 0, 2, 5, 1, 
827.47971, 57, 0.1, 0.1, -0.00907922258, 0.381494188, -0.0199623098, 0.949313348, 2.39176776e-005, -0.3143313, 0.3143313, 1.97279797e-005, 0.949313348, 2.89064921e-005, -1, 1.12099598e-005, 0.949313368, -8.42861478e-006, -0.314331242, 0.314331242, 3.06283321e-006, 0.949313368, -7.03865252e-006, -1, 5.55696547e-006, 0, -0, 0, 0, 0, 0, 0, 0.350515088, -0.197908911, -0.154072559, -0.0382572754, 0.592319103, -0.804736183, -0.997436523, -0.0701904297, -0.00415039062, -0.0589500003, 0.80259817, 0.593646466, 0, 0, 0, 0, 0, 0, 0, 0.358680713, -0.162516992, -0.144648291, 0.0705423881, -0.325322128, -0.942926372, 0.602539062, -0.739379883, 0.300292969, -0.794954791, -0.589235268, 0.143802268, 0, 2, 5, 1, 
827.480499, 57, 0.1, 0.1, -0.00907921527, 0.381494189, -0.0199635638, 0.949313372, -9.97787811e-006, -0.31433123, 0.31433123, 1.23483049e-006, 0.949313372, -9.08398732e-006, -1, 4.3085998e-006, 0.949313356, 2.83472851e-005, -0.314331277, 0.314331277, -6.2894023e-006, 0.949313356, 2.49335005e-005, -1, -1.48810519e-005, 0, -0, 0, 0, 0, 0, 0, 0.350515088, -0.197908911, -0.154072559, -0.0382572754, 0.592319103, -0.804736183, -0.997436523, -0.0701904297, -0.00415039062, -0.0589500003, 0.80259817, 0.593646466, 0, 0, 0, 0, 0, 0, 0, 0.358680713, -0.162516992, -0.144648291, 0.0705423881, -0.325322128, -0.942926372, 0.602539062, -0.739379883, 0.300292969, -0.794954791, -0.589235268, 0.143802268, 0, 2, 5, 1, 
827.481299, 57, 0.1, 0.1, -0.00907921899, 0.381494188, -0.0199653328, 0.949313367, 2.3977521e-005, -0.314331242, 0.314331242, -4.02399382e-006, 0.949313368, 2.14973142e-005, -1, -1.13569151e-005, 0.949313382, -2.36896395e-006, -0.314331198, 0.314331198, -2.10391661e-005, 0.949313382, -8.86215546e-006, -1, -1.92281226e-005, 0, -0, 0, 0, 0, 0, 0, 0.350515088, -0.197908911, -0.154072559, -0.0382572754, 0.592319103, -0.804736183, -0.997436523, -0.0701904297, -0.00415039062, -0.0589500003, 0.80259817, 0.593646466, 0, 0, 0, 0, 0, 0, 0, 0.358680713, -0.162516992, -0.144648291, 0.0705423881, -0.325322128, -0.942926372, 0.602539062, -0.739379883, 0.300292969, -0.794954791, -0.589235268, 0.143802268, 0, 2, 5, 1, 
827.48209, 57, 0.1, 0.1, -0.00907921536, 0.381494191, -0.0199669805, 0.949313238, -1.65582267e-005, -0.314331634, 0.314331634, -1.61572478e-005, 0.949313238, -2.07976779e-005, -1, -1.01335148e-005, 0.949313254, 1.26112273e-005, -0.314331585, 0.314331585, -2.39638198e-006, 0.949313254, 1.12187467e-005, -1, -6.23902425e-006, 0, -0, 0, 0, 0, 0, 0, 0.350515088, -0.197908911, -0.154072559, -0.0382572754, 0.592319103, -0.804736183, -0.997436523, -0.0701904297, -0.00415039062, -0.0589500003, 0.80259817, 0.593646466, 0, 0, 0, 0, 0, 0, 0, 0.358680713, -0.162516992, -0.144648291, 0.0705423881, -0.325322128, -0.942926372, 0.602539062, -0.739379883, 0.300292969, -0.794954791, -0.589235268, 0.143802268, 0, 2, 5, 1, 
827.48288, 57, 0.1, 0.1, -0.00907922236, 0.381494192, -0.0199680252, 0.949313265, 8.73788605e-006, -0.314331551, 0.314331551, 2.99992847e-006, 0.949313266, 9.23796331e-006, -1, 1.01278615e-007, 0.94931325, -2.40087792e-005, -0.314331596, 0.314331597, 9.11849934e-006, 0.94931325, -1.99256198e-005, -1, 1.62030301e-005, 0, -0, 0, 0, 0, 0, 0, 0.350515088, -0.197908911, -0.154072559, -0.0382572754, 0.592319103, -0.804736183, -0.997436523, -0.0701904297, -0.00415039062, -0.0589500003, 0.80259817, 0.593646466, 0, 0, 0, 0, 0, 0, 0, 0.358680713, -0.162516992, -0.144648291, 0.0705423881, -0.325322128, -0.942926372, 0.602539062, -0.739379883, 0.300292969, -0.794954791, -0.589235268, 0.143802268, 0, 2, 5, 1, 
827.483671, 57, 0.1, 0.1, -0.00907921762, 0.381494187, -0.0199681502, 0.949313433, -1.50695384e-005, -0.314331044, 0.314331044, -1.24355173e-005, 0.949313433, -1.82145843e-005, -1, -7.06837987e-006, 0.949313398, 1.76948357e-005, -0.314331151, 0.314331151, -2.55621968e-005, 0.949313398, 8.76294987e-006, -1, -2.9828574e-005, 0, -0, 0, 0, 0, 0, 0, 0.350515088, -0.197908911, -0.154072559, -0.0382572754, 0.592319103, -0.804736183, -0.997436523, -0.0701904297, -0.00415039062, -0.0589500003, 0.80259817, 0.593646466, 0, 0, 0, 0, 0, 0, 0, 0.358680713, -0.162516992, -0.144648291, 0.0705423881, -0.325322128, -0.942926372, 0.602539062, -0.739379883, 0.300292969, -0.794954791, -0.589235268, 0.143802268, 0, 2, 5, 1, 
827.484489, 57, 0.1, 0.1, -0.009079224, 0.381494196, -0.0199671732, 0.949313744, 1.74584434e-005, -0.314330106, 0.314330106, 3.57215639e-005, 0.949313743, 2.78019032e-005, -0.999999999, 2.84232572e-005, 0.949313678, -1.67100413e-005, -0.314330305, 0.314330305, 4.36844183e-005, 0.949313677, -2.13173425e-006, -0.999999999, 4.67226882e-005, 0, -0, 0, 0, 0, 0, 0, 0.351332983, -0.197916357, -0.15295769, -0.0396288223, 0.592179439, -0.804755279, -0.997314453, -0.072265625, -0.00415039062, -0.0605866476, 0.802496698, 0.593525899, 0, 0, 0, 0, 0, 0, 0, 0.358848291, -0.162560938, -0.143941211, 0.069124215, -0.325360774, -0.943021887, 0.604980469, -0.737915039, 0.298950195, -0.793139964, -0.591203213, 0.145878855, 0, 2, 5, 1, 
827.485278, 57, 0.1, 0.1, -0.00907921767, 0.381494197, -0.0199655987, 0.949314178, -1.36083005e-005, -0.314328796, 0.314328796, -2.11840176e-006, 0.949314178, -1.35844273e-005, -1, 2.26645188e-006, 0.949314086, 2.33449064e-005, -0.314329071, 0.314329071, -9.75741549e-006, 0.949314087, 1.90946092e-005, -1, -1.66008347e-005, 0, -0, 0, 0, 0, 0, 0, 0.351332983, -0.197916357, -0.15295769, -0.0396288223, 0.592179439, -0.804755279, -0.997314453, -0.072265625, -0.00415039062, -0.0605866476, 0.802496698, 0.593525899, 0, 0, 0, 0, 0, 0, 0, 0.358848291, -0.162560938, -0.143941211, 0.069124215, -0.325360774, -0.943021887, 0.604980469, -0.737915039, 0.298950195, -0.793139964, -0.591203213, 0.145878855, 0, 2, 5, 1, 
827.48607, 57, 0.1, 0.1, -0.00907922154, 0.381494195, -0.0199641345, 0.949314532, 2.46347393e-005, -0.314327725, 0.314327725, -2.53742376e-006, 0.949314532, 2.25885334e-005, -1, -1.01521948e-005, 0.949314479, -3.25085066e-006, -0.314327886, 0.314327886, -2.11967268e-005, 0.949314479, -9.74880193e-006, -1, -1.91005267e-005, 0, -0, 0, 0, 0, 0, 0, 0.351332983, -0.197916357, -0.15295769, -0.0396288223, 0.592179439, -0.804755279, -0.997314453, -0.072265625, -0.00415039062, -0.0605866476, 0.802496698, 0.593525899, 0, 0, 0, 0, 0, 0, 0, 0.358848291, -0.162560938, -0.143941211, 0.069124215, -0.325360774, -0.943021887, 0.604980469, -0.737915039, 0.298950195, -0.793139964, -0.591203213, 0.145878855, 0, 2, 5, 1, 
827.486859, 57, 0.1, 0.1, -0.00907921818, 0.381494198, -0.0199632504, 0.94931471, -2.20257763e-005, -0.314327189, 0.314327188, -1.67501069e-005, 0.94931471, -2.61744075e-005, -1, -8.97782254e-006, 0.949314667, 1.04554728e-005, -0.314327318, 0.314327318, -1.6630554e-006, 0.949314667, 9.40278994e-006, -1, -4.86520361e-006, 0, -0, 0, 0, 0, 0, 0, 0.351332983, -0.197916357, -0.15295769, -0.0396288223, 0.592179439, -0.804755279, -0.997314453, -0.072265625, -0.00415039062, -0.0605866476, 0.802496698, 0.593525899, 0, 0, 0, 0, 0, 0, 0, 0.358848291, -0.162560938, -0.143941211, 0.069124215, -0.325360774, -0.943021887, 0.604980469, -0.737915039, 0.298950195, -0.793139964, -0.591203213, 0.145878855, 0, 2, 5, 1, 
827.487654, 57, 0.1, 0.1, -0.00907922629, 0.3814942, -0.0199631558, 0.949315026, 1.11328694e-005, -0.314326234, 0.314326234, 6.13569203e-006, 0.949315026, 1.24972092e-005, -1, 2.32535172e-006, 0.949314954, -2.76468364e-005, -0.314326449, 0.31432645, 1.31697008e-005, 0.949314954, -2.210597e-005, -1, 2.11923258e-005, 0, -0, 0, 0, 0, 0, 0, 0.351332983, -0.197916357, -0.15295769, -0.0396288223, 0.592179439, -0.804755279, -0.997314453, -0.072265625, -0.00415039062, -0.0605866476, 0.802496698, 0.593525899, 0, 0, 0, 0, 0, 0, 0, 0.358848291, -0.162560938, -0.143941211, 0.069124215, -0.325360774, -0.943021887, 0.604980469, -0.737915039, 0.298950195, -0.793139964, -0.591203213, 0.145878855, 0, 2, 5, 1, 
827.488444, 57, 0.1, 0.1, -0.00907922053, 0.381494195, -0.0199638439, 0.949315471, -1.62819216e-005, -0.314324889, 0.314324889, -1.53246365e-005, 0.949315471, -2.02735947e-005, -1, -9.43010129e-006, 0.949315381, 2.13677225e-005, -0.31432516, 0.314325161, -2.93961004e-005, 0.949315381, 1.10447737e-005, -0.999999999, -3.46225831e-005, 0, -0, 0, 0, 0, 0, 0, 0.351332983, -0.197916357, -0.15295769, -0.0396288223, 0.592179439, -0.804755279, -0.997314453, -0.072265625, -0.00415039062, -0.0605866476, 0.802496698, 0.593525899, 0, 0, 0, 0, 0, 0, 0, 0.358848291, -0.162560938, -0.143941211, 0.069124215, -0.325360774, -0.943021887, 0.604980469, -0.737915039, 0.298950195, -0.793139964, -0.591203213, 0.145878855, 0, 2, 5, 1, 
827.489265, 57, 0.1, 0.1, -0.00907922782, 0.381494204, -0.0199649002, 0.949316058, 1.71388597e-005, -0.314323117, 0.314323117, 3.61745163e-005, 0.949316057, 2.76406815e-005, -0.999999999, 2.89539094e-005, 0.94931593, -2.28939037e-005, -0.314323503, 0.314323504, 4.55571211e-005, 0.949315929, -7.41387353e-006, -0.999999999, 5.04441928e-005, 0, -0, 0, 0, 0, 0, 0, 0.352148926, -0.198196606, -0.15166084, -0.0409943778, 0.591031053, -0.80552998, -0.997070312, -0.0750732422, -0.00427246093, -0.0629657955, 0.803049361, 0.592536272, 0, 0, 0, 0, 0, 0, 0, 0.358848291, -0.162560938, -0.143941211, 0.0685813727, -0.325910546, -0.942932202, 0.607177734, -0.736206055, 0.298706055, -0.791478621, -0.592979394, 0.147361194, 0, 2, 5, 1, 
827.490056, 57, 0.1, 0.1, -0.00907922088, 0.381494203, -0.0199657775, 0.949316735, -1.06073596e-005, -0.314321074, 0.314321073, -5.96999609e-006, 0.949316735, -1.19462395e-005, -1, -2.33330054e-006, 0.949316596, 2.63419106e-005, -0.314321491, 0.314321491, -1.29814249e-005, 0.949316596, 2.09264721e-005, -1, -2.06033107e-005, 0, -0, 0, 0, 0, 0, 0, 0.352148926, -0.198196606, -0.15166084, -0.0409943778, 0.591031053, -0.80552998, -0.997070312, -0.0750732422, -0.00427246093, -0.0629657955, 0.803049361, 0.592536272, 0, 0, 0, 0, 0, 0, 0, 0.359293799, -0.16285791, -0.143011133, 0.0685813727, -0.325910546, -0.942932202, 0.607177734, -0.736206055, 0.298706055, -0.791478621, -0.592979394, 0.147361194, 0, 2, 5, 1, 
827.490848, 57, 0.1, 0.1, -0.00907922784, 0.381494209, -0.0199664868, 0.949317484, 1.00244553e-005, -0.314318809, 0.314318809, 1.61357304e-005, 0.949317484, 1.45881542e-005, -1, 1.21670561e-005, 0.949317339, -2.37876428e-005, -0.314319249, 0.314319249, 2.88045359e-005, 0.949317338, -1.35282017e-005, -0.999999999, 3.48215594e-005, 0, -0, 0, 0, 0, 0, 0, 0.352148926, -0.198196606, -0.15166084, -0.0409943778, 0.591031053, -0.80552998, -0.997070312, -0.0750732422, -0.00427246093, -0.0629657955, 0.803049361, 0.592536272, 0, 0, 0, 0, 0, 0, 0, 0.359293799, -0.16285791, -0.143011133, 0.0685813727, -0.325910546, -0.942932202, 0.607177734, -0.736206055, 0.298706055, -0.791478621, -0.592979394, 0.147361194, 0, 2, 5, 1, 
827.491641, 57, 0.1, 0.1, -0.00907922336, 0.381494203, -0.0199667784, 0.9493183, -2.0424052e-005, -0.314316345, 0.314316344, -3.1156879e-005, 0.9493183, -2.91820426e-005, -0.999999999, -2.3158182e-005, 0.949318137, 1.48429482e-005, -0.314316838, 0.314316838, -3.93668424e-005, 0.949318136, 1.71701853e-006, -0.999999999, -4.2037046e-005, 0, -0, 0, 0, 0, 0, 0, 0.352148926, -0.198196606, -0.15166084, -0.0409943778, 0.591031053, -0.80552998, -0.997070312, -0.0750732422, -0.00427246093, -0.0629657955, 0.803049361, 0.592536272, 0, 0, 0, 0, 0, 0, 0, 0.359293799, -0.16285791, -0.143011133, 0.0685813727, -0.325910546, -0.942932202, 0.607177734, -0.736206055, 0.298706055, -0.791478621, -0.592979394, 0.147361194, 0, 2, 5, 1, 
827.49248, 57, 0.1, 0.1, -0.00907923184, 0.381494206, -0.0199661576, 0.949319237, 1.20218024e-005, -0.314313517, 0.314313517, 7.34386701e-006, 0.949319237, 1.3720805e-005, -1, 3.19305923e-006, 0.949319057, -2.53855979e-005, -0.314314058, 0.314314058, 1.60568467e-005, 0.949319057, -1.90521392e-005, -1, 2.32221209e-005, 0, -0, 0, 0, 0, 0, 0, 0.352148926, -0.198196606, -0.15166084, -0.0409943778, 0.591031053, -0.80552998, -0.997070312, -0.0750732422, -0.00427246093, -0.0629657955, 0.803049361, 0.592536272, 0, 0, 0, 0, 0, 0, 0, 0.359293799, -0.16285791, -0.143011133, 0.0685813727, -0.325910546, -0.942932202, 0.607177734, -0.736206055, 0.298706055, -0.791478621, -0.592979394, 0.147361194, 0, 2, 5, 1, 
827.493294, 57, 0.1, 0.1, -0.00907922557, 0.3814942, -0.0199649283, 0.949320202, -1.36476668e-005, -0.3143106, 0.314310599, -2.02866527e-005, 0.949320202, -1.93323158e-005, -1, -1.4968923e-005, 0.949320016, 2.27155139e-005, -0.314311161, 0.314311162, -3.30446721e-005, 0.949320016, 1.11779828e-005, -0.999999999, -3.85097082e-005, 0, -0, 0, 0, 0, 0, 0, 0.352148926, -0.198196606, -0.15166084, -0.0409943778, 0.591031053, -0.80552998, -0.997070312, -0.0750732422, -0.00427246093, -0.0629657955, 0.803049361, 0.592536272, 0, 0, 0, 0, 0, 0, 0, 0.359293799, -0.16285791, -0.143011133, 0.0685813727, -0.325910546, -0.942932202, 0.607177734, -0.736206055, 0.298706055, -0.791478621, -0.592979394, 0.147361194, 0, 2, 5, 1, 
827.494139, 57, 0.1, 0.1, -0.00907923231, 0.381494207, -0.019963392, 0.949321268, 4.67198323e-006, -0.314307381, 0.314307381, 1.7736157e-005, 0.949321268, 1.00098181e-005, -1, 1.53688723e-005, 0.949321058, -1.07815359e-005, -0.314308015, 0.314308015, 3.56559704e-005, 0.949321058, 9.71818231e-007, -0.999999999, 3.72376867e-005, 0, -0, 0, 0, 0, 0, 0, 0.352427197, -0.198323413, -0.151349707, -0.0443320737, 0.593010307, -0.803942386, -0.996948242, -0.0762939453, -0.00134277343, -0.0621899725, 0.801499958, 0.59475666, 0, 0, 0, 0, 0, 0, 0, 0.359413281, -0.162845459, -0.142543896, 0.0664220301, -0.325086621, -0.94327052, 0.609863281, -0.734985352, 0.296386719, -0.789618951, -0.594979422, 0.149412261, 0, 2, 5, 1, 
827.494948, 57, 0.1, 0.1, -0.00907923116, 0.381494201, -0.0199622269, 0.949322334, 1.86431668e-005, -0.31430416, 0.31430416, -6.51794058e-007, 0.949322334, 1.7493513e-005, -1, -6.47838753e-006, 0.949322124, 4.36395679e-006, -0.314304797, 0.314304797, -3.17569884e-005, 0.949322123, -5.83857308e-006, -0.999999999, -3.15192242e-005, 0, -0, 0, 0, 0, 0, 0, 0.352427197, -0.198323413, -0.151349707, -0.0443320737, 0.593010307, -0.803942386, -0.996948242, -0.0762939453, -0.00134277343, -0.0621899725, 0.801499958, 0.59475666, 0, 0, 0, 0, 0, 0, 0, 0.359413281, -0.162845459, -0.142543896, 0.0664220301, -0.325086621, -0.94327052, 0.609863281, -0.734985352, 0.296386719, -0.789618951, -0.594979422, 0.149412261, 0, 2, 5, 1, 
827.495742, 57, 0.1, 0.1, -0.00907923568, 0.38149421, -0.0199620739, 0.949323105, -5.02373594e-005, -0.31430183, 0.314301831, 5.91063749e-006, 0.949323106, -4.58337619e-005, -0.999999999, 2.14007988e-005, 0.949322981, -4.25394571e-005, -0.314302205, 0.314302207, 3.35335832e-005, 0.949322981, -2.98440051e-005, -0.999999999, 4.52044464e-005, 0, -0, 0, 0, 0, 0, 0, 0.352427197, -0.198323413, -0.151349707, -0.0443320737, 0.593010307, -0.803942386, -0.996948242, -0.0762939453, -0.00134277343, -0.0621899725, 0.801499958, 0.59475666, 0, 0, 0, 0, 0, 0, 0, 0.359413281, -0.162845459, -0.142543896, 0.0664220301, -0.325086621, -0.94327052, 0.609863281, -0.734985352, 0.296386719, -0.789618951, -0.594979422, 0.149412261, 0, 2, 5, 1, 
827.496595, 57, 0.1, 0.1, -0.00907923315, 0.381494204, -0.0199625614, 0.949323522, 6.00678691e-005, -0.314300568, 0.314300568, 5.135271e-006, 0.949323524, 5.86378598e-005, -0.999999998, -1.40043318e-005, 0.949323475, 4.65347674e-005, -0.314300711, 0.314300713, -2.19867487e-005, 0.949323476, 3.72660964e-005, -0.999999999, -3.54984473e-005, 0, 0, 0, 0, 0, 0, 0, 0.351688989, -0.200067969, -0.151083862, -0.0460488528, 0.593835183, -0.803167685, -0.997314453, -0.072265625, 0.00366210938, -0.0558620566, 0.801245719, 0.595746287, 0, 0, 0, 0, 0, 0, 0, 0.358954443, -0.164189551, -0.141824854, 0.0628631043, -0.325418743, -0.943455354, 0.610229492, -0.735473633, 0.294433594, -0.789624781, -0.594155131, 0.152338659, 0, 2, 5, 1, 
827.497424, 57, 0.1, 0.1, -0.00907922999, 0.381494214, -0.0199631879, 0.949323573, -2.64294769e-005, -0.314300419, 0.31430042, 7.04048528e-006, 0.949323573, -2.2877298e-005, -1, 1.49904943e-005, 0.949323588, -1.42811239e-005, -0.314300373, 0.314300373, 3.52186176e-005, 0.949323588, -2.48818309e-006, -0.999999999, 3.7922427e-005, 0, 0, 0, 0, 0, 0, 0, 0.351688989, -0.200067969, -0.151083862, -0.0460488528, 0.593835183, -0.803167685, -0.997314453, -0.072265625, 0.00366210938, -0.0558620566, 0.801245719, 0.595746287, 0, 0, 0, 0, 0, 0, 0, 0.358954443, -0.164189551, -0.141824854, 0.0628631043, -0.325418743, -0.943455354, 0.610229492, -0.735473633, 0.294433594, -0.789624781, -0.594155131, 0.152338659, 0, 2, 5, 1, 
827.498232, 57, 0.1, 0.1, -0.0090792268, 0.381494208, -0.0199643321, 0.949323333, 5.09861755e-005, -0.31430114, 0.31430114, 1.04314242e-007, 0.949323334, 4.84351522e-005, -0.999999999, -1.59259852e-005, 0.9493234, 4.14188118e-005, -0.31430094, 0.314300941, -2.5590592e-005, 0.9493234, 3.12767001e-005, -0.999999999, -3.73117193e-005, 0, 0, 0, 0, 0, 0, 0, 0.351688989, -0.200067969, -0.151083862, -0.0460488528, 0.593835183, -0.803167685, -0.997314453, -0.072265625, 0.00366210938, -0.0558620566, 0.801245719, 0.595746287, 0, 0, 0, 0, 0, 0, 0, 0.358954443, -0.164189551, -0.141824854, 0.0628631043, -0.325418743, -0.943455354, 0.610229492, -0.735473633, 0.294433594, -0.789624781, -0.594155131, 0.152338659, 0, 2, 5, 1, 
827.499038, 57, 0.1, 0.1, -0.00907922707, 0.381494215, -0.0199655776, 0.949322859, -4.11515315e-005, -0.314302572, 0.314302573, -2.3581372e-007, 0.94932286, -3.91402065e-005, -0.999999999, 1.27101689e-005, 0.949322977, -2.72599846e-005, -0.314302219, 0.314302219, 2.64982685e-005, 0.949322977, -1.75500652e-005, -0.999999999, 3.37232888e-005, 0, 0, 0, 0, 0, 0, 0, 0.351688989, -0.200067969, -0.151083862, -0.0460488528, 0.593835183, -0.803167685, -0.997314453, -0.072265625, 0.00366210938, -0.0558620566, 0.801245719, 0.595746287, 0, 0, 0, 0, 0, 0, 0, 0.358954443, -0.164189551, -0.141824854, 0.0628631043, -0.325418743, -0.943455354, 0.610229492, -0.735473633, 0.294433594, -0.789624781, -0.594155131, 0.152338659, 0, 2, 5, 1, 
827.499832, 57, 0.1, 0.1, -0.00907922856, 0.381494209, -0.019966561, 0.949322192, 2.82115757e-005, -0.31430459, 0.314304591, -4.88140672e-006, 0.949322192, 2.52476263e-005, -1, -1.35010555e-005, 0.949322338, 1.87193376e-005, -0.314304149, 0.314304149, -2.89976281e-005, 0.949322338, 8.65661049e-006, -0.999999999, -3.34116616e-005, 0, 0, 0, 0, 0, 0, 0, 0.351688989, -0.200067969, -0.151083862, -0.0460488528, 0.593835183, -0.803167685, -0.997314453, -0.072265625, 0.00366210938, -0.0558620566, 0.801245719, 0.595746287, 0, 0, 0, 0, 0, 0, 0, 0.358954443, -0.164189551, -0.141824854, 0.0628631043, -0.325418743, -0.943455354, 0.610229492, -0.735473633, 0.294433594, -0.789624781, -0.594155131, 0.152338659, 0, 2, 5, 1, 
827.500641, 57, 0.1, 0.1, -0.00907923212, 0.381494215, -0.0199668853, 0.949321351, -4.86108346e-005, -0.314307128, 0.314307128, -3.46850104e-006, 0.949321352, -4.72374778e-005, -0.999999999, 1.19860097e-005, 0.949321529, -3.8644445e-005, -0.31430659, 0.314306591, 2.16904427e-005, 0.94932153, -2.98685546e-005, -0.999999999, 3.2737408e-005, 0, 0, 0, 0, 0, 0, 0, 0.351688989, -0.200067969, -0.151083862, -0.0460488528, 0.593835183, -0.803167685, -0.997314453, -0.072265625, 0.00366210938, -0.0558620566, 0.801245719, 0.595746287, 0, 0, 0, 0, 0, 0, 0, 0.358954443, -0.164189551, -0.141824854, 0.0628631043, -0.325418743, -0.943455354, 0.610229492, -0.735473633, 0.294433594, -0.789624781, -0.594155131, 0.152338659, 0, 2, 5, 1, 
827.501493, 57, 0.1, 0.1, -0.00907923317, 0.381494207, -0.0199660244, 0.949320305, 3.51248913e-005, -0.314310289, 0.314310289, -4.63249103e-006, 0.949320305, 3.1888733e-005, -0.999999999, -1.54378325e-005, 0.949320511, 2.5110094e-005, -0.314309668, 0.314309669, -3.02219571e-005, 0.94932051, 1.43384739e-005, -0.999999999, -3.65826691e-005, 0, 0, 0, 0, 0, 0, 0, 0.349761084, -0.201697778, -0.151838892, -0.0493509827, 0.597001014, -0.800665726, -0.997558594, -0.0671386719, 0.0113525391, -0.0470583911, 0.799384789, 0.599057774, 0, 0, 0, 0, 0, 0, 0, 0.357691602, -0.165255713, -0.141998291, 0.057189312, -0.324875534, -0.94401059, 0.611083984, -0.736206055, 0.290405273, -0.789361921, -0.593484324, 0.156453554, 0, 2, 5, 1, 
827.502298, 57, 0.1, 0.1, -0.00907923559, 0.381494214, -0.0199647124, 0.949319181, -4.51043514e-005, -0.314313683, 0.314313683, -4.52481164e-006, 0.949319182, -4.42406362e-005, -0.999999999, 9.88142431e-006, 0.949319415, -3.49057744e-005, -0.314312977, 0.314312978, 2.17428837e-005, 0.949319415, -2.63026588e-005, -0.999999999, 3.16122796e-005, 0, 0, 0, 0, 0, 0, 0, 0.349761084, -0.201697778, -0.151838892, -0.0493509827, 0.597001014, -0.800665726, -0.997558594, -0.0671386719, 0.0113525391, -0.0470583911, 0.799384789, 0.599057774, 0, 0, 0, 0, 0, 0, 0, 0.357691602, -0.165255713, -0.141998291, 0.057189312, -0.324875534, -0.94401059, 0.611083984, -0.736206055, 0.290405273, -0.789361921, -0.593484324, 0.156453554, 0, 2, 5, 1, 
827.503104, 57, 0.1, 0.1, -0.00907923534, 0.381494207, -0.0199635782, 0.949317935, 4.15719962e-005, -0.314317445, 0.314317446, 4.76462211e-007, 0.949317936, 3.9614802e-005, -0.999999999, -1.26144895e-005, 0.949318193, 3.02767916e-005, -0.314316666, 0.314316667, -2.77190965e-005, 0.949318193, 2.00297351e-005, -0.999999999, -3.58307428e-005, 0, 0, 0, 0, 0, 0, 0, 0.349761084, -0.201697778, -0.151838892, -0.0493509827, 0.597001014, -0.800665726, -0.997558594, -0.0671386719, 0.0113525391, -0.0470583911, 0.799384789, 0.599057774, 0, 0, 0, 0, 0, 0, 0, 0.357691602, -0.165255713, -0.141998291, 0.057189312, -0.324875534, -0.94401059, 0.611083984, -0.736206055, 0.290405273, -0.789361921, -0.593484324, 0.156453554, 0, 2, 5, 1, 
827.503907, 57, 0.1, 0.1, -0.00907923653, 0.381494215, -0.0199630279, 0.949316587, -4.13994585e-005, -0.314321516, 0.314321517, 3.41951326e-006, 0.949316588, -3.82263661e-005, -0.999999999, 1.62589413e-005, 0.949316866, -3.0493306e-005, -0.314320675, 0.314320676, 3.091217e-005, 0.949316866, -1.92314756e-005, -0.999999999, 3.89301209e-005, 0, 0, 0, 0, 0, 0, 0, 0.349761084, -0.201697778, -0.151838892, -0.0493509827, 0.597001014, -0.800665726, -0.997558594, -0.0671386719, 0.0113525391, -0.0470583911, 0.799384789, 0.599057774, 0, 0, 0, 0, 0, 0, 0, 0.357691602, -0.165255713, -0.141998291, 0.057189312, -0.324875534, -0.94401059, 0.611083984, -0.736206055, 0.290405273, -0.789361921, -0.593484324, 0.156453554, 0, 2, 5, 1, 
827.504703, 57, 0.1, 0.1, -0.00907923564, 0.381494208, -0.0199631488, 0.949315121, 4.45627855e-005, -0.314325943, 0.314325943, 5.80584124e-007, 0.949315122, 4.24866188e-005, -0.999999999, -1.34560823e-005, 0.949315416, 3.32920101e-005, -0.314325054, 0.314325055, -2.68731927e-005, 0.949315416, 2.31577007e-005, -0.999999999, -3.5975649e-005, 0, 0, 0, 0, 0, 0, 0, 0.349761084, -0.201697778, -0.151838892, -0.0493509827, 0.597001014, -0.800665726, -0.997558594, -0.0671386719, 0.0113525391, -0.0470583911, 0.799384789, 0.599057774, 0, 0, 0, 0, 0, 0, 0, 0.357691602, -0.165255713, -0.141998291, 0.057189312, -0.324875534, -0.94401059, 0.611083984, -0.736206055, 0.290405273, -0.789361921, -0.593484324, 0.156453554, 0, 2, 5, 1, 
827.505511, 57, 0.1, 0.1, -0.00907923627, 0.381494217, -0.0199638949, 0.949313558, -3.94847339e-005, -0.314330665, 0.314330666, 4.57662877e-006, 0.949313559, -3.60448185e-005, -0.999999999, 1.67559184e-005, 0.94931387, -2.86089406e-005, -0.314329725, 0.314329726, 3.12239673e-005, 0.949313869, -1.7344243e-005, -0.999999999, 3.86339856e-005, 0, 0, 0, 0, 0, 0, 0, 0.349761084, -0.201697778, -0.151838892, -0.0493509827, 0.597001014, -0.800665726, -0.997558594, -0.0671386719, 0.0113525391, -0.0470583911, 0.799384789, 0.599057774, 0, 0, 0, 0, 0, 0, 0, 0.357691602, -0.165255713, -0.141998291, 0.057189312, -0.324875534, -0.94401059, 0.611083984, -0.736206055, 0.290405273, -0.789361921, -0.593484324, 0.156453554, 0, 2, 5, 1, 
827.506346, 57, 0.1, 0.1, -0.00907923492, 0.38149421, -0.0199646418, 0.949311861, 4.57161495e-005, -0.314335788, 0.314335788, 3.15957603e-007, 0.949311862, 4.34981998e-005, -0.999999999, -1.40702796e-005, 0.949312184, 3.54226153e-005, -0.314334814, 0.314334815, -2.54026247e-005, 0.949312184, 2.5642191e-005, -0.999999999, -3.52495824e-005, 0, 0, 0, 0, 0, 0, 0, 0.348548437, -0.203170874, -0.152424756, -0.0517016777, 0.598815517, -0.799135419, -0.997802734, -0.0625, 0.0177001953, -0.0392705615, 0.798355849, 0.60091646, 0, 0, 0, 0, 0, 0, 0, 0.356888428, -0.16634165, -0.142166846, 0.0517838426, -0.324734809, -0.944418904, 0.611572266, -0.737182617, 0.287109375, -0.789316345, -0.592487591, 0.160338405, 0, 2, 5, 1, 
827.507357, 57, 0.1, 0.1, -0.0090792396, 0.381494216, -0.0199640785, 0.949309747, -5.68874448e-005, -0.314342173, 0.314342172, -2.45791692e-005, 0.949309748, -6.17300753e-005, -0.999999998, -5.45112193e-006, 0.949310318, -4.18228477e-005, -0.314340451, 0.314340452, 1.58467217e-005, 0.949310318, -3.47215952e-005, -0.999999999, 2.81900692e-005, 0, 0, 0, 0, 0, 0, 0, 0.348548437, -0.203170874, -0.152424756, -0.0517016777, 0.598815517, -0.799135419, -0.997802734, -0.0625, 0.0177001953, -0.0392705615, 0.798355849, 0.60091646, 0, 0, 0, 0, 0, 0, 0, 0.356888428, -0.16634165, -0.142166846, 0.0517838426, -0.324734809, -0.944418904, 0.611572266, -0.737182617, 0.287109375, -0.789316345, -0.592487591, 0.160338405, 0, 2, 5, 1, 
827.508723, 57, 0.1, 0.1, -0.00907924545, 0.38149422, -0.0199532336, 0.949306978, 1.15484752e-005, -0.314350538, 0.314350538, 1.61136571e-005, 0.949306978, 1.60283849e-005, -1, 1.16665377e-005, 0.949307527, 1.33969263e-005, -0.314348882, 0.314348881, 4.30078517e-005, 0.949307526, 2.62372731e-005, -0.999999999, 3.66163686e-005, 0, 0, 0, 0, 0, 0, 0, 0.348548437, -0.203170874, -0.152424756, -0.0517016777, 0.598815517, -0.799135419, -0.997802734, -0.0625, 0.0177001953, -0.0392705615, 0.798355849, 0.60091646, 0, 0, 0, 0, 0, 0, 0, 0.356888428, -0.16634165, -0.142166846, 0.0484680865, -0.323118676, -0.945076585, 0.614990234, -0.735839844, 0.283203125, -0.786964506, -0.595018068, 0.163092362, 0, 2, 5, 1, 
827.510017, 57, 0.1, 0.1, -0.00907924009, 0.381494216, -0.0199379471, 0.949304752, 5.59287343e-005, -0.314357255, 0.314357252, 5.55043456e-005, 0.949304753, 7.05416071e-005, -0.999999997, 3.51089358e-005, 0.949305119, 4.55706382e-005, -0.314356149, 0.314356148, 3.60489783e-005, 0.94930512, 5.45926581e-005, -0.999999998, 1.98960694e-005, 0, 0, 0, 0, 0, 0, 0, 0.348548437, -0.203170874, -0.152424756, -0.0517016777, 0.598815517, -0.799135419, -0.997802734, -0.0625, 0.0177001953, -0.0392705615, 0.798355849, 0.60091646, 0, 0, 0, 0, 0, 0, 0, 0.356718506, -0.166064697, -0.142152441, 0.0484680865, -0.323118676, -0.945076585, 0.614990234, -0.735839844, 0.283203125, -0.786964506, -0.595018068, 0.163092362, 0, 2, 5, 1, 
827.510813, 57, 0.1, 0.1, -0.00907924508, 0.381494216, -0.0199356979, 0.949303665, -8.02206336e-005, -0.314360535, 0.314360536, 1.75736646e-006, 0.949303668, -7.5601295e-005, -0.999999997, 2.68864758e-005, 0.949303836, -6.38034349e-005, -0.314360021, 0.31436002, -2.86411133e-005, 0.949303838, -6.95724667e-005, -0.999999998, -7.13186972e-006, 0, 0, 0, 0, 0, 0, 0, 0.348548437, -0.203170874, -0.152424756, -0.0517016777, 0.598815517, -0.799135419, -0.997802734, -0.0625, 0.0177001953, -0.0392705615, 0.798355849, 0.60091646, 0, 0, 0, 0, 0, 0, 0, 0.356718506, -0.166064697, -0.142152441, 0.0484680865, -0.323118676, -0.945076585, 0.614990234, -0.735839844, 0.283203125, -0.786964506, -0.595018068, 0.163092362, 0, 2, 5, 1, 
827.511635, 57, 0.1, 0.1, -0.0090792401, 0.38149422, -0.0199433726, 0.949302935, 9.06186905e-005, -0.314362734, 0.314362733, 2.15939797e-005, 0.94930294, 9.28129318e-005, -0.999999996, -7.98791096e-006, 0.949303076, 8.13176453e-005, -0.314362314, 0.314362314, 9.96452835e-006, 0.949303079, 8.03275632e-005, -0.999999997, -1.61038457e-005, 0, 0, 0, 0, 0, 0, 0, 0.3486823, -0.202342212, -0.153380688, -0.0578697124, 0.602088812, -0.79621447, -0.997436523, -0.0655517578, 0.0229492188, -0.0384172327, 0.795612755, 0.604532361, 0, 0, 0, 0, 0, 0, 0, 0.356718506, -0.166064697, -0.142152441, 0.0484680865, -0.323118676, -0.945076585, 0.614990234, -0.735839844, 0.283203125, -0.786964506, -0.595018068, 0.163092362, 0, 2, 5, 1, 
827.512428, 57, 0.1, 0.1, -0.00907924071, 0.381494222, -0.0199572531, 0.949302176, -7.73923163e-005, -0.314365029, 0.314365026, -4.82504266e-005, 0.949302179, -8.86369413e-005, -0.999999996, -2.14747975e-005, 0.949302327, -4.25484105e-005, -0.31436458, 0.31436458, -2.52454685e-005, 0.949302328, -4.83275863e-005, -0.999999999, -1.05898688e-005, 0, 0, 0, 0, 0, 0, 0, 0.3486823, -0.202342212, -0.153380688, -0.0578697124, 0.602088812, -0.79621447, -0.997436523, -0.0655517578, 0.0229492188, -0.0384172327, 0.795612755, 0.604532361, 0, 0, 0, 0, 0, 0, 0, 0.356718506, -0.166064697, -0.142152441, 0.0484680865, -0.323118676, -0.945076585, 0.614990234, -0.735839844, 0.283203125, -0.786964506, -0.595018068, 0.163092362, 0, 2, 5, 1, 
827.513218, 57, 0.1, 0.1, -0.0090792631, 0.381494218, -0.0199724064, 0.94930161, -6.94613669e-005, -0.314366742, 0.314366743, 1.48051643e-005, 0.949301612, -6.12855363e-005, -0.999999997, 3.58909101e-005, 0.949301694, -9.71861985e-005, -0.314366481, 0.314366483, 2.12314933e-006, 0.949301698, -9.15915763e-005, -0.999999995, 3.25675927e-005, 0, 0, 0, 0, 0, 0, 0, 0.3486823, -0.202342212, -0.153380688, -0.0578697124, 0.602088812, -0.79621447, -0.997436523, -0.0655517578, 0.0229492188, -0.0384172327, 0.795612755, 0.604532361, 0, 0, 0, 0, 0, 0, 0, 0.356718506, -0.166064697, -0.142152441, 0.0484680865, -0.323118676, -0.945076585, 0.614990234, -0.735839844, 0.283203125, -0.786964506, -0.595018068, 0.163092362, 0, 2, 5, 1, 
827.514041, 57, 0.1, 0.1, -0.00907925059, 0.381494223, -0.0199838647, 0.949301348, 0.000113042275, -0.314367522, 0.314367523, 8.94398554e-006, 0.949301354, 0.000110122883, -0.999999994, -2.70462825e-005, 0.949301391, 9.40151035e-005, -0.314367396, 0.314367396, 1.07529189e-005, 0.949301396, 9.26290361e-005, -0.999999996, -1.93475224e-005, 0, 0, 0, 0, 0, 0, 0, 0.348757837, -0.201577393, -0.152170483, -0.0607131558, 0.604048969, -0.794506308, -0.997314453, -0.0679931641, 0.0245361328, -0.0392027949, 0.793942785, 0.606733653, 0, 0, 0, 0, 0, 0, 0, 0.35667627, -0.16561748, -0.141468799, 0.0471330355, -0.322390632, -0.945363864, 0.617797852, -0.73425293, 0.28125, -0.784772714, -0.597273659, 0.164657823, 0, 2, 5, 1, 
827.51483, 57, 0.1, 0.1, -0.00907922639, 0.381494227, -0.0199878208, 0.949301152, 8.09677509e-005, -0.314368123, 0.314368122, 2.31655777e-005, 0.949301155, 8.41452987e-005, -0.999999996, -3.46257023e-006, 0.949301185, 0.000102102533, -0.314368018, 0.314368018, 1.77125923e-005, 0.94930119, 0.000102494329, -0.999999995, -1.52831862e-005, 0, 0, 0, 0, 0, 0, 0, 0.348757837, -0.201577393, -0.152170483, -0.0607131558, 0.604048969, -0.794506308, -0.997314453, -0.0679931641, 0.0245361328, -0.0392027949, 0.793942785, 0.606733653, 0, 0, 0, 0, 0, 0, 0, 0.35667627, -0.16561748, -0.141468799, 0.0471330355, -0.322390632, -0.945363864, 0.617797852, -0.73425293, 0.28125, -0.784772714, -0.597273659, 0.164657823, 0, 2, 5, 1, 
827.515619, 57, 0.1, 0.1, -0.00907922755, 0.381494232, -0.0199842549, 0.949300891, -4.90810728e-005, -0.314368916, 0.314368917, 4.92979324e-006, 0.949300892, -4.50429325e-005, -0.999999999, 2.01094208e-005, 0.949300962, -3.32362205e-005, -0.314368704, 0.314368704, 1.65767319e-005, 0.949300963, -2.63399704e-005, -0.999999999, 2.61847352e-005, 0, 0, 0, 0, 0, 0, 0, 0.348757837, -0.201577393, -0.152170483, -0.0607131558, 0.604048969, -0.794506308, -0.997314453, -0.0679931641, 0.0245361328, -0.0392027949, 0.793942785, 0.606733653, 0, 0, 0, 0, 0, 0, 0, 0.35667627, -0.16561748, -0.141468799, 0.0471330355, -0.322390632, -0.945363864, 0.617797852, -0.73425293, 0.28125, -0.784772714, -0.597273659, 0.164657823, 0, 2, 5, 1, 
