time, trialNum, realDorsalTactorPos, realVentralTactorPos, box1PosX, box1PosY, box1PosZ, box1LocalRot_11, box1LocalRot_12, box1LocalRot_13, box1LocalRot_21, box1LocalRot_22, box1LocalRot_23, box1LocalRot_31, box1LocalRot_32, box1LocalRot_33, box1GlobalRot_11, box1GlobalRot_12, box1GlobalRot_13, box1GlobalRot_21, box1GlobalRot_22, box1GlobalRot_23, box1GlobalRot_31, box1GlobalRot_32, box1GlobalRot_33, indexForceX, indexForceY, indexForceZ, indexForceGlobalX, indexForceGlobalY, indexForceGlobalZ, indexContact, indexPosX, indexPosY, indexPosZ, indexRot_11, indexRot_12, indexRot_13, indexRot_21, indexRot_22, indexRot_23, indexRot_31, indexRot_32, indexRot_33, thumbForceX, thumbForceY, thumbForceZ, thumbForceGlobalX, thumbForceGlobalY, thumbForceGlobalZ, thumbContact, thumbPosX, thumbPosY, thumbPosZ, thumbRot_11, thumbRot_12, thumbRot_13, thumbRot_21, thumbRot_22, thumbRot_23, thumbRot_31, thumbRot_32, thumbRot_33, manipForceTooHigh, cceExpType, mapping, trialSuccess, 
439.451695, 59, 0.1, 0.1, 0.0153462358, 0.350480079, -0.0199577893, 0.99257241, -0.121655295, -2.29047009e-005, 0.121655295, 0.99257241, 7.44679738e-006, 2.18286318e-005, -1.01779638e-005, 1, 0.992572405, -0.121655332, -1.44822413e-005, 0.121655333, 0.992572405, 8.26545987e-006, 1.33691358e-005, -9.96590926e-006, 1, 0, 0, 0, 0, 0, 0, 0, 0.201021777, -0.068413623, -0.245355396, -0.0688764534, 0.86044438, -0.504808384, -0.910400391, 0.152587891, 0.384399414, 0.407886251, 0.48612798, 0.772933769, 0, 0, -0, 0, 0, 0, 0, 0.260492334, -0.0498728027, -0.193179346, 0.0186042875, 0.680806722, -0.73209959, 0.423339844, -0.668701172, -0.611083984, -0.90572695, -0.298513601, -0.300706728, 0, 2, 5, 1, 
439.470016, 59, 0.1, 0.1, 0.0153462245, 0.350480085, -0.0199569377, 0.992579127, -0.121600472, -4.19961924e-005, 0.121600472, 0.992579128, -5.78402263e-007, 4.1754878e-005, -4.5326468e-006, 0.999999999, 0.992579145, -0.121600329, -2.18086103e-005, 0.121600329, 0.992579145, 2.29077168e-005, 1.88611859e-005, -2.53896561e-005, 0.999999999, 0, 0, 0, 0, 0, 0, 0, 0.205967676, -0.0795709961, -0.242988623, -0.0868582344, 0.855682336, -0.509956453, -0.899658203, 0.15246582, 0.408935547, 0.427789973, 0.494297729, 0.756817048, 0, 0, -0, 0, 0, 0, 0, 0.267362598, -0.0608006348, -0.190272949, 0.00637554203, 0.676005694, -0.736699358, 0.432495117, -0.666137695, -0.607543945, -0.901488821, -0.314729276, -0.296648703, 0, 2, 5, 1, 
439.470829, 59, 0.1, 0.1, 0.0153462249, 0.350480093, -0.0199608517, 0.992578977, -0.1216017, 4.33677897e-005, 0.1216017, 0.992578977, -7.36525714e-006, -4.21503286e-005, 1.25841963e-005, 0.999999999, 0.992579014, -0.121601401, 2.66707491e-005, 0.121601402, 0.992579013, -3.63107925e-005, -2.20573825e-005, 3.92845311e-005, 0.999999999, 0, 0, 0, 0, 0, 0, 0, 0.207037842, -0.0812488037, -0.242056372, -0.0922073845, 0.853133568, -0.513315488, -0.8984375, 0.151000977, 0.412109375, 0.429131563, 0.499274316, 0.752776165, 0, 0, -0, 0, 0, 0, 0, 0.268861084, -0.0634335449, -0.18947959, 0.005021168, 0.674395024, -0.738156177, 0.435058594, -0.666137695, -0.60559082, -0.900281002, -0.318089874, -0.29680182, 0, 2, 5, 1, 
439.471612, 59, 0.1, 0.1, 0.0153462234, 0.350480081, -0.0199658754, 0.992578739, -0.121603639, -3.68838111e-005, 0.12160364, 0.992578739, 3.26810034e-005, 3.26359578e-005, -3.69236749e-005, 0.999999999, 0.992578793, -0.121603202, -2.04802802e-005, 0.121603203, 0.992578792, 5.22804294e-005, 1.39708242e-005, -5.43829132e-005, 0.999999998, 0, 0, 0, 0, 0, 0, 0, 0.207037842, -0.0812488037, -0.242056372, -0.0922073845, 0.853133568, -0.513315488, -0.8984375, 0.151000977, 0.412109375, 0.429131563, 0.499274316, 0.752776165, 0, 0, -0, 0, 0, 0, 0, 0.268861084, -0.0634335449, -0.18947959, 0.005021168, 0.674395024, -0.738156177, 0.435058594, -0.666137695, -0.60559082, -0.900281002, -0.318089874, -0.29680182, 0, 2, 5, 1, 
439.472394, 59, 0.1, 0.1, 0.0153462242, 0.350480091, -0.0199705495, 0.992578424, -0.121606216, 3.42642938e-005, 0.121606218, 0.992578422, -6.61664328e-005, -2.59637491e-005, 6.98421248e-005, 0.999999997, 0.992578492, -0.121605659, 1.86359976e-005, 0.12160566, 0.99257849, -6.72003271e-005, -1.03257503e-005, 6.89678421e-005, 0.999999998, 0, 0, 0, 0, 0, 0, 0, 0.207037842, -0.0812488037, -0.242056372, -0.0922073845, 0.853133568, -0.513315488, -0.8984375, 0.151000977, 0.412109375, 0.429131563, 0.499274316, 0.752776165, 0, 0, -0, 0, 0, 0, 0, 0.268861084, -0.0634335449, -0.18947959, 0.005021168, 0.674395024, -0.738156177, 0.435058594, -0.666137695, -0.60559082, -0.900281002, -0.318089874, -0.29680182, 0, 2, 5, 1, 
439.473178, 59, 0.1, 0.1, 0.0153462223, 0.35048009, -0.0199733587, 0.992578083, -0.121608996, -3.03088029e-005, 0.121608998, 0.992578082, 5.46286356e-005, 2.34405199e-005, -5.79090096e-005, 0.999999998, 0.992578149, -0.121608466, -1.39094882e-005, 0.121608466, 0.992578148, 2.94994008e-005, 1.02188772e-005, -3.09719721e-005, 0.999999999, 0, 0, 0, 0, 0, 0, 0, 0.207037842, -0.0812488037, -0.242056372, -0.0922073845, 0.853133568, -0.513315488, -0.8984375, 0.151000977, 0.412109375, 0.429131563, 0.499274316, 0.752776165, 0, 0, -0, 0, 0, 0, 0, 0.268861084, -0.0634335449, -0.18947959, 0.005021168, 0.674395024, -0.738156177, 0.435058594, -0.666137695, -0.60559082, -0.900281002, -0.318089874, -0.29680182, 0, 2, 5, 1, 
439.473962, 59, 0.1, 0.1, 0.0153462248, 0.350480076, -0.0199735443, 0.9925778, -0.121611308, 1.96759846e-005, 0.121611308, 0.9925778, 2.96770086e-005, -2.31390053e-005, -2.70639177e-005, 0.999999999, 0.992577848, -0.121610915, 5.20567624e-006, 0.121610915, 0.992577847, 5.46514439e-005, -1.1813251e-005, -5.36127456e-005, 0.999999998, 0, 0, 0, 0, 0, 0, 0, 0.207037842, -0.0812488037, -0.242056372, -0.0922073845, 0.853133568, -0.513315488, -0.8984375, 0.151000977, 0.412109375, 0.429131563, 0.499274316, 0.752776165, 0, 0, -0, 0, 0, 0, 0, 0.268861084, -0.0634335449, -0.18947959, 0.005021168, 0.674395024, -0.738156177, 0.435058594, -0.666137695, -0.60559082, -0.900281002, -0.318089874, -0.29680182, 0, 2, 5, 1, 
439.474833, 59, 0.1, 0.1, 0.0153462223, 0.350480084, -0.0199705564, 0.992577618, -0.121612799, 1.04973804e-006, 0.121612799, 0.992577617, -3.39104085e-005, 3.0819932e-006, 3.3786374e-005, 0.999999999, 0.99257766, -0.121612455, -2.01675415e-006, 0.121612455, 0.992577659, -4.86027086e-005, 7.91247984e-006, 4.79967003e-005, 0.999999999, 0, 0, 0, 0, 0, 0, 0, 0.207037842, -0.0812488037, -0.242056372, -0.0922073845, 0.853133568, -0.513315488, -0.8984375, 0.151000977, 0.412109375, 0.429131563, 0.499274316, 0.752776165, 0, 0, -0, 0, 0, 0, 0, 0.268861084, -0.0634335449, -0.18947959, 0.005021168, 0.674395024, -0.738156177, 0.435058594, -0.666137695, -0.60559082, -0.900281002, -0.318089874, -0.29680182, 0, 2, 5, 1, 
439.475837, 59, 0.1, 0.1, 0.0153462206, 0.350480082, -0.0199613336, 0.992577451, -0.12161416, -2.49111296e-005, 0.12161416, 0.992577451, -1.80839671e-005, 2.6925492e-005, 1.49201919e-005, 1, 0.992577476, -0.121613956, -1.59516725e-005, 0.121613956, 0.992577476, -1.33892327e-005, 1.74615884e-005, 1.13499048e-005, 1, 0, 0, 0, 0, 0, 0, 0, 0.208617725, -0.083361499, -0.241326489, -0.0962183101, 0.850851022, -0.5163439, -0.898193359, 0.149291992, 0.413330078, 0.428778095, 0.503590778, 0.750042428, 0, 0, -0, 0, 0, 0, 0, 0.270430469, -0.0649678223, -0.188652783, 0.00113668342, 0.673282354, -0.739312591, 0.438964844, -0.664550781, -0.604492187, -0.898357166, -0.323852985, -0.296309651, 0, 2, 5, 1, 
439.476624, 59, 0.1, 0.1, 0.0153462161, 0.350480079, -0.0199555497, 0.992577364, -0.121614864, 4.72439838e-005, 0.121614864, 0.992577365, 3.57737541e-006, -4.7328371e-005, 2.19474881e-006, 0.999999999, 0.992577373, -0.121614785, 4.5640762e-005, 0.121614783, 0.992577374, 2.59272098e-005, -4.84551197e-005, -2.01841704e-005, 0.999999999, 0, 0, 0, 0, 0, 0, 0, 0.208617725, -0.083361499, -0.241326489, -0.0962183101, 0.850851022, -0.5163439, -0.898193359, 0.149291992, 0.413330078, 0.428778095, 0.503590778, 0.750042428, 0, 0, -0, 0, 0, 0, 0, 0.270430469, -0.0649678223, -0.188652783, 0.00113668342, 0.673282354, -0.739312591, 0.438964844, -0.664550781, -0.604492187, -0.898357166, -0.323852985, -0.296309651, 0, 2, 5, 1, 
439.477409, 59, 0.1, 0.1, 0.0153462164, 0.350480078, -0.0199535578, 0.992577343, -0.121615044, -3.85751618e-007, 0.121615044, 0.992577343, 9.537196e-008, 3.7128965e-007, -1.41577247e-007, 1, 0.992577345, -0.121615022, -1.86294207e-005, 0.121615022, 0.992577345, 4.12199641e-006, 1.79898443e-005, -6.35701766e-006, 1, 0, 0, 0, 0, 0, 0, 0, 0.208617725, -0.083361499, -0.241326489, -0.0962183101, 0.850851022, -0.5163439, -0.898193359, 0.149291992, 0.413330078, 0.428778095, 0.503590778, 0.750042428, 0, 0, -0, 0, 0, 0, 0, 0.270430469, -0.0649678223, -0.188652783, 0.00113668342, 0.673282354, -0.739312591, 0.438964844, -0.664550781, -0.604492187, -0.898357166, -0.323852985, -0.296309651, 0, 2, 5, 1, 
439.478222, 59, 0.1, 0.1, 0.0153462083, 0.350480079, -0.0199553554, 0.992577322, -0.121615212, -6.25790005e-006, 0.121615212, 0.992577322, 1.30617069e-005, 4.62294743e-006, -1.37258099e-005, 1, 0.992577331, -0.121615133, 2.92274323e-005, 0.121615133, 0.992577332, 8.53073759e-006, -3.00479535e-005, -4.9129187e-006, 1, 0, 0, 0, 0, 0, 0, 0, 0.210694385, -0.0859540039, -0.2402125, -0.0991763295, 0.847858176, -0.520597082, -0.89855957, 0.14831543, 0.412719727, 0.427269129, 0.508884883, 0.747379084, 0, 0, -0, 0, 0, 0, 0, 0.271746582, -0.0666918945, -0.18800918, -0.00307372648, 0.672470089, -0.740034437, 0.442138672, -0.662719727, -0.604248047, -0.896835815, -0.328970809, -0.295280836, 0, 2, 5, 1, 
439.479006, 59, 0.1, 0.1, 0.015346209, 0.35048008, -0.0199603756, 0.992577233, -0.121615939, 2.36299213e-005, 0.121615939, 0.992577233, 1.42835611e-005, -2.51916306e-005, -1.13037625e-005, 1, 0.992577256, -0.121615748, 1.53015955e-005, 0.121615748, 0.992577256, -9.03030051e-006, -1.4089789e-005, 1.08241859e-005, 1, 0, 0, 0, 0, 0, 0, 0, 0.210694385, -0.0859540039, -0.2402125, -0.0991763295, 0.847858176, -0.520597082, -0.89855957, 0.14831543, 0.412719727, 0.427269129, 0.508884883, 0.747379084, 0, 0, -0, 0, 0, 0, 0, 0.271746582, -0.0666918945, -0.18800918, -0.00307372648, 0.672470089, -0.740034437, 0.442138672, -0.662719727, -0.604248047, -0.896835815, -0.328970809, -0.295280836, 0, 2, 5, 1, 
439.47979, 59, 0.1, 0.1, 0.0153462119, 0.350480078, -0.0199668116, 0.99257711, -0.121616938, -3.67382209e-005, 0.121616938, 0.992577111, -6.23177051e-006, 3.7223406e-005, 1.71752283e-006, 0.999999999, 0.992577132, -0.121616755, -3.45696097e-005, 0.121616755, 0.992577133, -1.21985206e-005, 3.57965485e-005, 7.90372881e-006, 0.999999999, 0, 0, 0, 0, 0, 0, 0, 0.210694385, -0.0859540039, -0.2402125, -0.0991763295, 0.847858176, -0.520597082, -0.89855957, 0.14831543, 0.412719727, 0.427269129, 0.508884883, 0.747379084, 0, 0, -0, 0, 0, 0, 0, 0.271746582, -0.0666918945, -0.18800918, -0.00307372648, 0.672470089, -0.740034437, 0.442138672, -0.662719727, -0.604248047, -0.896835815, -0.328970809, -0.295280836, 0, 2, 5, 1, 
439.480578, 59, 0.1, 0.1, 0.0153462083, 0.350480075, -0.0199724404, 0.992577041, -0.121617495, 5.04436981e-005, 0.121617495, 0.992577042, 8.2004948e-007, -5.01689891e-005, 5.32087393e-006, 0.999999999, 0.99257705, -0.121617427, 4.26710992e-005, 0.121617427, 0.992577051, 5.15229382e-006, -4.29809625e-005, 7.55006951e-008, 0.999999999, 0, 0, 0, 0, 0, 0, 0, 0.210694385, -0.0859540039, -0.2402125, -0.0991763295, 0.847858176, -0.520597082, -0.89855957, 0.14831543, 0.412719727, 0.427269129, 0.508884883, 0.747379084, 0, 0, -0, 0, 0, 0, 0, 0.271746582, -0.0666918945, -0.18800918, -0.00307372648, 0.672470089, -0.740034437, 0.442138672, -0.662719727, -0.604248047, -0.896835815, -0.328970809, -0.295280836, 0, 2, 5, 1, 
439.481365, 59, 0.1, 0.1, 0.0153462067, 0.350480073, -0.0199754621, 0.992576983, -0.121617977, -3.61785718e-005, 0.121617977, 0.992576983, -1.08098676e-005, 3.72246919e-005, 6.32966105e-006, 0.999999999, 0.992577001, -0.12161783, -1.87947469e-005, 0.12161783, 0.992577001, 5.52813282e-006, 1.7982914e-005, -7.77287384e-006, 1, 0, 0, 0, 0, 0, 0, 0, 0.210694385, -0.0859540039, -0.2402125, -0.0991763295, 0.847858176, -0.520597082, -0.89855957, 0.14831543, 0.412719727, 0.427269129, 0.508884883, 0.747379084, 0, 0, -0, 0, 0, 0, 0, 0.271746582, -0.0666918945, -0.18800918, -0.00307372648, 0.672470089, -0.740034437, 0.442138672, -0.662719727, -0.604248047, -0.896835815, -0.328970809, -0.295280836, 0, 2, 5, 1, 
439.482152, 59, 0.1, 0.1, 0.0153462126, 0.350480074, -0.019975061, 0.992576912, -0.121618558, 9.71646417e-006, 0.121618558, 0.992576912, -1.14678916e-006, -9.50486715e-006, 2.3199788e-006, 1, 0.992576921, -0.121618482, -1.77310009e-005, 0.121618482, 0.992576921, 2.14730953e-006, 1.73382297e-005, -4.28778729e-006, 1, 0, 0, 0, 0, 0, 0, 0, 0.210694385, -0.0859540039, -0.2402125, -0.0991763295, 0.847858176, -0.520597082, -0.89855957, 0.14831543, 0.412719727, 0.427269129, 0.508884883, 0.747379084, 0, 0, -0, 0, 0, 0, 0, 0.271746582, -0.0666918945, -0.18800918, -0.00307372648, 0.672470089, -0.740034437, 0.442138672, -0.662719727, -0.604248047, -0.896835815, -0.328970809, -0.295280836, 0, 2, 5, 1, 
439.482964, 59, 0.1, 0.1, 0.0153462081, 0.350480072, -0.0199712689, 0.99257684, -0.121619148, -6.98518785e-006, 0.121619148, 0.99257684, -1.40308161e-005, 8.63975158e-006, 1.30771305e-005, 1, 0.992576855, -0.121619027, 1.42674327e-005, 0.121619026, 0.992576855, 6.54606995e-006, -1.49576501e-005, -4.76228624e-006, 1, 0, 0, 0, 0, 0, 0, 0, 0.2132677, -0.0890670898, -0.238800342, -0.101150714, 0.843305066, -0.527668621, -0.899047852, 0.149414062, 0.411254883, 0.425727961, 0.516032806, 0.743308244, 0, 0, -0, 0, 0, 0, 0, 0.273479395, -0.0679597168, -0.187342383, -0.00779526243, 0.671951666, -0.740379319, 0.445678711, -0.660400391, -0.604125977, -0.895122699, -0.334548719, -0.294335142, 0, 2, 5, 1, 
439.483748, 59, 0.1, 0.1, 0.0153462093, 0.35048007, -0.0199659785, 0.992576778, -0.121619648, 1.55639716e-005, 0.121619647, 0.992576778, 3.92686864e-005, -2.02242806e-005, -3.70843015e-005, 0.999999999, 0.99257679, -0.121619557, 7.55936491e-006, 0.121619556, 0.992576789, 2.59273431e-005, -1.06565221e-005, -2.48155124e-005, 1, 0, 0, 0, 0, 0, 0, 0, 0.2132677, -0.0890670898, -0.238800342, -0.101150714, 0.843305066, -0.527668621, -0.899047852, 0.149414062, 0.411254883, 0.425727961, 0.516032806, 0.743308244, 0, 0, -0, 0, 0, 0, 0, 0.273479395, -0.0679597168, -0.187342383, -0.00779526243, 0.671951666, -0.740379319, 0.445678711, -0.660400391, -0.604125977, -0.895122699, -0.334548719, -0.294335142, 0, 2, 5, 1, 
439.484529, 59, 0.1, 0.1, 0.0153462126, 0.35048007, -0.0199610686, 0.992576725, -0.121620083, -3.23888164e-005, 0.121620082, 0.992576725, -2.27047197e-005, 3.49097352e-005, 1.85970458e-005, 0.999999999, 0.992576735, -0.121619999, -3.46567728e-005, 0.121619998, 0.992576735, -2.36075191e-005, 3.72706529e-005, 1.92173176e-005, 0.999999999, 0, 0, 0, 0, 0, 0, 0, 0.2132677, -0.0890670898, -0.238800342, -0.101150714, 0.843305066, -0.527668621, -0.899047852, 0.149414062, 0.411254883, 0.425727961, 0.516032806, 0.743308244, 0, 0, -0, 0, 0, 0, 0, 0.273479395, -0.0679597168, -0.187342383, -0.00779526243, 0.671951666, -0.740379319, 0.445678711, -0.660400391, -0.604125977, -0.895122699, -0.334548719, -0.294335142, 0, 2, 5, 1, 
439.485323, 59, 0.1, 0.1, 0.01534621, 0.350480064, -0.019957904, 0.992576676, -0.121620481, 1.33645071e-005, 0.121620481, 0.992576676, 1.48107942e-005, -1.50665939e-005, -1.30754511e-005, 1, 0.992576684, -0.121620415, 2.52849421e-005, 0.121620414, 0.992576684, 3.57032826e-005, -2.9439492e-005, -3.23630808e-005, 0.999999999, 0, 0, 0, 0, 0, 0, 0, 0.2132677, -0.0890670898, -0.238800342, -0.101150714, 0.843305066, -0.527668621, -0.899047852, 0.149414062, 0.411254883, 0.425727961, 0.516032806, 0.743308244, 0, 0, -0, 0, 0, 0, 0, 0.273479395, -0.0679597168, -0.187342383, -0.00779526243, 0.671951666, -0.740379319, 0.445678711, -0.660400391, -0.604125977, -0.895122699, -0.334548719, -0.294335142, 0, 2, 5, 1, 
439.486107, 59, 0.1, 0.1, 0.0153462118, 0.350480069, -0.0199575548, 0.992576638, -0.121620789, 2.01129819e-005, 0.121620789, 0.992576639, 1.01540559e-005, -2.11986203e-005, -7.63252196e-006, 1, 0.992576646, -0.121620729, -6.2331932e-006, 0.121620729, 0.992576646, -2.30377702e-005, 8.98879242e-006, 2.21086672e-005, 1, 0, 0, 0, 0, 0, 0, 0, 0.2132677, -0.0890670898, -0.238800342, -0.101150714, 0.843305066, -0.527668621, -0.899047852, 0.149414062, 0.411254883, 0.425727961, 0.516032806, 0.743308244, 0, 0, -0, 0, 0, 0, 0, 0.273479395, -0.0679597168, -0.187342383, -0.00779526243, 0.671951666, -0.740379319, 0.445678711, -0.660400391, -0.604125977, -0.895122699, -0.334548719, -0.294335142, 0, 2, 5, 1, 
439.48689, 59, 0.1, 0.1, 0.0153462096, 0.350480068, -0.0199599568, 0.992576602, -0.121621086, -2.3814058e-005, 0.121621086, 0.992576602, -3.64049737e-005, 2.80648893e-005, 3.32384335e-005, 0.999999999, 0.992576609, -0.12162103, -1.01230194e-005, 0.12162103, 0.992576609, -2.20861922e-005, 1.27340177e-005, 2.06910657e-005, 1, 0, 0, 0, 0, 0, 0, 0, 0.2132677, -0.0890670898, -0.238800342, -0.101150714, 0.843305066, -0.527668621, -0.899047852, 0.149414062, 0.411254883, 0.425727961, 0.516032806, 0.743308244, 0, 0, -0, 0, 0, 0, 0, 0.273479395, -0.0679597168, -0.187342383, -0.00779526243, 0.671951666, -0.740379319, 0.445678711, -0.660400391, -0.604125977, -0.895122699, -0.334548719, -0.294335142, 0, 2, 5, 1, 
439.487703, 59, 0.1, 0.1, 0.0153462094, 0.350480066, -0.0199639246, 0.992576574, -0.121621312, 1.65991533e-005, 0.121621311, 0.992576574, 3.44733502e-005, -2.06686248e-005, -3.21986291e-005, 0.999999999, 0.99257658, -0.12162127, 1.80787942e-005, 0.121621269, 0.992576579, 3.42339836e-005, -2.21081682e-005, -3.17810845e-005, 0.999999999, 0, 0, 0, 0, 0, 0, 0, 0.214709546, -0.0911060791, -0.237006519, -0.103612237, 0.837882898, -0.535864579, -0.898071289, 0.152587891, 0.412353516, 0.427353748, 0.523936333, 0.736820065, 0, 0, -0, 0, 0, 0, 0, 0.274638184, -0.070589209, -0.186499951, -0.0106640581, 0.670315476, -0.741835772, 0.446411133, -0.660644531, -0.603393555, -0.894687766, -0.337666515, -0.29215611, 0, 2, 5, 1, 
439.488488, 59, 0.1, 0.1, 0.0153462129, 0.350480067, -0.0199679236, 0.992576549, -0.121621522, -1.55422032e-005, 0.121621521, 0.992576549, -8.47229183e-006, 1.64572395e-005, 6.51913178e-006, 1, 0.992576554, -0.121621479, -2.65770777e-005, 0.121621479, 0.992576554, -2.06155142e-005, 2.88870735e-005, 1.72301326e-005, 0.999999999, 0, 0, 0, 0, 0, 0, 0, 0.214709546, -0.0911060791, -0.237006519, -0.103612237, 0.837882898, -0.535864579, -0.898071289, 0.152587891, 0.412353516, 0.427353748, 0.523936333, 0.736820065, 0, 0, -0, 0, 0, 0, 0, 0.274638184, -0.070589209, -0.186499951, -0.0106640581, 0.670315476, -0.741835772, 0.446411133, -0.660644531, -0.603393555, -0.894687766, -0.337666515, -0.29215611, 0, 2, 5, 1, 
439.489272, 59, 0.1, 0.1, 0.015346211, 0.350480063, -0.019970914, 0.992576527, -0.121621701, -6.96745718e-006, 0.121621701, 0.992576527, -1.32103223e-005, 8.52239631e-006, 1.22648618e-005, 1, 0.99257653, -0.121621674, 9.39535826e-006, 0.121621674, 0.99257653, 1.10441937e-005, -1.06688254e-005, -9.81952827e-006, 1, 0, 0, 0, 0, 0, 0, 0, 0.214709546, -0.0911060791, -0.237006519, -0.103612237, 0.837882898, -0.535864579, -0.898071289, 0.152587891, 0.412353516, 0.427353748, 0.523936333, 0.736820065, 0, 0, -0, 0, 0, 0, 0, 0.274638184, -0.070589209, -0.186499951, -0.0106640581, 0.670315476, -0.741835772, 0.446411133, -0.660644531, -0.603393555, -0.894687766, -0.337666515, -0.29215611, 0, 2, 5, 1, 
439.490071, 59, 0.1, 0.1, 0.0153462105, 0.350480064, -0.019971944, 0.992576508, -0.121621855, 2.30287022e-005, 0.121621854, 0.992576508, 1.86598965e-005, -2.51272e-005, -1.57205814e-005, 1, 0.992576512, -0.121621822, 1.41568489e-005, 0.121621822, 0.992576512, 7.39969296e-006, -1.49517198e-005, -5.62297967e-006, 1, 0, 0, 0, 0, 0, 0, 0, 0.214709546, -0.0911060791, -0.237006519, -0.103612237, 0.837882898, -0.535864579, -0.898071289, 0.152587891, 0.412353516, 0.427353748, 0.523936333, 0.736820065, 0, 0, -0, 0, 0, 0, 0, 0.274638184, -0.070589209, -0.186499951, -0.0146447912, 0.669957468, -0.742109925, 0.444824219, -0.66027832, -0.604980469, -0.895351643, -0.33893157, -0.288379901, 0, 2, 5, 1, 
439.490955, 59, 0.1, 0.1, 0.0153462115, 0.350480067, -0.0199699891, 0.992576488, -0.121622016, -1.89036353e-005, 0.121622015, 0.992576488, -2.47472899e-005, 2.17731192e-005, 2.22644799e-005, 1, 0.992576492, -0.121621983, -1.88995998e-005, 0.121621983, 0.992576492, -2.85070219e-005, 2.2226379e-005, 2.5996793e-005, 0.999999999, 0, 0, 0, 0, 0, 0, 0, 0.214709546, -0.0911060791, -0.237006519, -0.103612237, 0.837882898, -0.535864579, -0.898071289, 0.152587891, 0.412353516, 0.427353748, 0.523936333, 0.736820065, 0, 0, -0, 0, 0, 0, 0, 0.275253809, -0.073095166, -0.186438672, -0.0146447912, 0.669957468, -0.742109925, 0.444824219, -0.66027832, -0.604980469, -0.895351643, -0.33893157, -0.288379901, 0, 2, 5, 1, 
439.491885, 59, 0.1, 0.1, 0.0153462074, 0.350480059, -0.0199637633, 0.992576476, -0.121622115, 1.07536768e-005, 0.121622115, 0.992576476, 2.25499399e-005, -1.3416418e-005, -2.1074655e-005, 1, 0.992576478, -0.1216221, 2.41520879e-005, 0.121622099, 0.992576477, 4.05111179e-005, -2.88998415e-005, -3.72729551e-005, 0.999999999, 0, 0, 0, 0, 0, 0, 0, 0.214709546, -0.0911060791, -0.237006519, -0.103612237, 0.837882898, -0.535864579, -0.898071289, 0.152587891, 0.412353516, 0.427353748, 0.523936333, 0.736820065, 0, 0, -0, 0, 0, 0, 0, 0.275253809, -0.073095166, -0.186438672, -0.0146447912, 0.669957468, -0.742109925, 0.444824219, -0.66027832, -0.604980469, -0.895351643, -0.33893157, -0.288379901, 0, 2, 5, 1, 
439.492685, 59, 0.1, 0.1, 0.0153462097, 0.350480061, -0.0199586248, 0.992576465, -0.121622204, 1.87369782e-005, 0.121622203, 0.992576465, 2.06366337e-005, -2.11077564e-005, -1.82046044e-005, 1, 0.992576468, -0.121622181, -8.39556358e-006, 0.121622181, 0.992576468, -1.12404969e-005, 9.7003326e-006, 1.0135966e-005, 1, 0, 0, 0, 0, 0, 0, 0, 0.214782031, -0.093021167, -0.237437769, -0.107073126, 0.835168257, -0.539498072, -0.893554687, 0.157104492, 0.420532227, 0.435935374, 0.527085313, 0.72948567, 0, 0, -0, 0, 0, 0, 0, 0.275253809, -0.073095166, -0.186438672, -0.0146447912, 0.669957468, -0.742109925, 0.444824219, -0.66027832, -0.604980469, -0.895351643, -0.33893157, -0.288379901, 0, 2, 5, 1, 
439.493466, 59, 0.1, 0.1, 0.0153462082, 0.35048006, -0.0199562532, 0.992576454, -0.121622294, -2.86485151e-005, 0.121622293, 0.992576454, -4.03052463e-005, 3.3337858e-005, 3.65217404e-005, 0.999999999, 0.992576456, -0.121622278, -1.43705514e-005, 0.121622277, 0.992576456, -2.34344507e-005, 1.71140222e-005, 2.15127048e-005, 1, 0, 0, 0, 0, 0, 0, 0, 0.214782031, -0.093021167, -0.237437769, -0.107073126, 0.835168257, -0.539498072, -0.893554687, 0.157104492, 0.420532227, 0.435935374, 0.527085313, 0.72948567, 0, 0, -0, 0, 0, 0, 0, 0.275253809, -0.073095166, -0.186438672, -0.0146447912, 0.669957468, -0.742109925, 0.444824219, -0.66027832, -0.604980469, -0.895351643, -0.33893157, -0.288379901, 0, 2, 5, 1, 
439.494252, 59, 0.1, 0.1, 0.0153462081, 0.350480058, -0.0199571399, 0.992576448, -0.121622344, 1.8283804e-005, 0.121622343, 0.992576448, 3.14200579e-005, -2.19694544e-005, -2.89630904e-005, 0.999999999, 0.992576449, -0.121622334, 1.98508971e-005, 0.121622334, 0.992576449, 3.24084353e-005, -2.36451225e-005, -2.97535372e-005, 0.999999999, 0, 0, 0, 0, 0, 0, 0, 0.214782031, -0.093021167, -0.237437769, -0.107073126, 0.835168257, -0.539498072, -0.893554687, 0.157104492, 0.420532227, 0.435935374, 0.527085313, 0.72948567, 0, 0, -0, 0, 0, 0, 0, 0.275253809, -0.073095166, -0.186438672, -0.0146447912, 0.669957468, -0.742109925, 0.444824219, -0.66027832, -0.604980469, -0.895351643, -0.33893157, -0.288379901, 0, 2, 5, 1, 
439.495066, 59, 0.1, 0.1, 0.0153462135, 0.350480064, -0.0199605515, 0.992576441, -0.1216224, -2.17108407e-005, 0.1216224, 0.992576441, -2.73279118e-005, 2.48733553e-005, 2.44845169e-005, 0.999999999, 0.992576442, -0.121622386, -3.61232168e-005, 0.121622385, 0.992576442, -4.22139538e-005, 4.09892158e-005, 3.75071843e-005, 0.999999998, 0, 0, 0, 0, 0, 0, 0, 0.215054932, -0.09450271, -0.237426685, -0.110858647, 0.832168297, -0.543258124, -0.889892578, 0.16027832, 0.427001953, 0.442467355, 0.53077385, 0.722912871, 0, 0, -0, 0, 0, 0, 0, 0.276351074, -0.075419873, -0.186187842, -0.0183378785, 0.669362854, -0.742499282, 0.445068359, -0.659545898, -0.60559082, -0.895248831, -0.341448921, -0.285843227, 0, 2, 5, 1, 
439.495851, 59, 0.1, 0.1, 0.0153462115, 0.350480061, -0.0199651966, 0.992576437, -0.121622437, -1.19846332e-005, 0.121622437, 0.992576437, -2.19600249e-006, 1.21627477e-005, 7.22100029e-007, 1, 0.992576435, -0.121622454, 1.0801882e-005, 0.121622454, 0.992576435, 1.18364203e-006, -1.0865651e-005, 1.38896212e-007, 1, 0, 0, 0, 0, 0, 0, 0, 0.215054932, -0.09450271, -0.237426685, -0.110858647, 0.832168297, -0.543258124, -0.889892578, 0.16027832, 0.427001953, 0.442467355, 0.53077385, 0.722912871, 0, 0, -0, 0, 0, 0, 0, 0.276351074, -0.075419873, -0.186187842, -0.0183378785, 0.669362854, -0.742499282, 0.445068359, -0.659545898, -0.60559082, -0.895248831, -0.341448921, -0.285843227, 0, 2, 5, 1, 
439.496635, 59, 0.1, 0.1, 0.0153462116, 0.35048006, -0.0199696784, 0.992576452, -0.121622311, 2.78773307e-005, 0.121622311, 0.992576452, 1.07839573e-005, -2.89819518e-005, -7.31339668e-006, 1, 0.992576453, -0.121622301, 1.71379454e-005, 0.121622301, 0.992576453, -4.5013485e-007, -1.69559746e-005, 2.5311496e-006, 1, 0, 0, 0, 0, 0, 0, 0, 0.215054932, -0.09450271, -0.237426685, -0.110858647, 0.832168297, -0.543258124, -0.889892578, 0.16027832, 0.427001953, 0.442467355, 0.53077385, 0.722912871, 0, 0, -0, 0, 0, 0, 0, 0.276351074, -0.075419873, -0.186187842, -0.0183378785, 0.669362854, -0.742499282, 0.445068359, -0.659545898, -0.60559082, -0.895248831, -0.341448921, -0.285843227, 0, 2, 5, 1, 
439.497417, 59, 0.1, 0.1, 0.0153462126, 0.350480059, -0.0199725661, 0.992576457, -0.121622267, -4.5396645e-005, 0.121622267, 0.992576458, 1.0158668e-007, 4.50472859e-005, -5.62207542e-006, 0.999999999, 0.992576455, -0.121622281, -2.85461248e-005, 0.121622281, 0.992576456, 2.0980646e-006, 2.807904e-005, -5.55433434e-006, 1, 0, 0, 0, 0, 0, 0, 0, 0.215054932, -0.09450271, -0.237426685, -0.110858647, 0.832168297, -0.543258124, -0.889892578, 0.16027832, 0.427001953, 0.442467355, 0.53077385, 0.722912871, 0, 0, -0, 0, 0, 0, 0, 0.276351074, -0.075419873, -0.186187842, -0.0183378785, 0.669362854, -0.742499282, 0.445068359, -0.659545898, -0.60559082, -0.895248831, -0.341448921, -0.285843227, 0, 2, 5, 1, 
439.498203, 59, 0.1, 0.1, 0.0153462175, 0.350480059, -0.0199730687, 0.992576461, -0.121622239, 2.43608501e-005, 0.121622239, 0.992576461, -4.37687491e-007, -2.41267738e-005, 3.39725942e-006, 1, 0.992576456, -0.121622276, -8.73811947e-006, 0.121622276, 0.992576456, 5.21206553e-006, 8.03934838e-006, -6.23612352e-006, 1, 0, 0, 0, 0, 0, 0, 0, 0.215054932, -0.09450271, -0.237426685, -0.110858647, 0.832168297, -0.543258124, -0.889892578, 0.16027832, 0.427001953, 0.442467355, 0.53077385, 0.722912871, 0, 0, -0, 0, 0, 0, 0, 0.276351074, -0.075419873, -0.186187842, -0.0183378785, 0.669362854, -0.742499282, 0.445068359, -0.659545898, -0.60559082, -0.895248831, -0.341448921, -0.285843227, 0, 2, 5, 1, 
439.498989, 59, 0.1, 0.1, 0.0153462078, 0.350480058, -0.0199711672, 0.992576461, -0.121622235, 1.91591426e-005, 0.121622235, 0.992576462, -3.38461459e-006, -1.86052696e-005, 5.68966652e-006, 1, 0.992576459, -0.12162225, 4.15029125e-005, 0.12162225, 0.99257646, -7.17880907e-007, -4.11075037e-005, 5.76022928e-006, 0.999999999, 0, 0, 0, 0, 0, 0, 0, 0.215054932, -0.09450271, -0.237426685, -0.110858647, 0.832168297, -0.543258124, -0.889892578, 0.16027832, 0.427001953, 0.442467355, 0.53077385, 0.722912871, 0, 0, -0, 0, 0, 0, 0, 0.276351074, -0.075419873, -0.186187842, -0.0183378785, 0.669362854, -0.742499282, 0.445068359, -0.659545898, -0.60559082, -0.895248831, -0.341448921, -0.285843227, 0, 2, 5, 1, 
439.499813, 59, 0.1, 0.1, 0.0153462148, 0.350480058, -0.0199672146, 0.992576464, -0.121622215, -2.15044862e-005, 0.121622215, 0.992576464, 3.10771555e-006, 2.09668796e-005, -5.70006856e-006, 1, 0.992576465, -0.121622199, -3.65755795e-005, 0.121622199, 0.992576466, -1.0726216e-005, 3.76086054e-005, 6.19818718e-006, 0.999999999, 0, 0, 0, 0, 0, 0, 0, 0.216291479, -0.0968629395, -0.237625415, -0.113166281, 0.829472753, -0.546827215, -0.887084961, 0.163452148, 0.431518555, 0.44740575, 0.534043397, 0.717545747, 0, 0, -0, 0, 0, 0, 0, 0.277716992, -0.0770157715, -0.185694971, -0.0218198788, 0.670160892, -0.741745353, 0.448120117, -0.656616211, -0.606445312, -0.893650921, -0.345538296, -0.286009471, 0, 2, 5, 1, 
439.500597, 59, 0.1, 0.1, 0.0153462126, 0.350480057, -0.0199630209, 0.992576482, -0.121622066, -1.47355577e-005, 0.121622066, 0.992576482, 4.05010918e-006, 1.41335853e-005, -5.8122121e-006, 1, 0.992576481, -0.121622078, 9.82241789e-006, 0.121622078, 0.992576481, 7.66427487e-006, -1.0681646e-005, -6.4127561e-006, 1, 0, 0, 0, 0, 0, 0, 0, 0.216291479, -0.0968629395, -0.237625415, -0.113166281, 0.829472753, -0.546827215, -0.887084961, 0.163452148, 0.431518555, 0.44740575, 0.534043397, 0.717545747, 0, 0, -0, 0, 0, 0, 0, 0.277716992, -0.0770157715, -0.185694971, -0.0218198788, 0.670160892, -0.741745353, 0.448120117, -0.656616211, -0.606445312, -0.893650921, -0.345538296, -0.286009471, 0, 2, 5, 1, 
439.501377, 59, 0.1, 0.1, 0.0153462113, 0.350480057, -0.019960058, 0.992576481, -0.121622071, 4.41116351e-005, 0.121622071, 0.992576482, -3.34265344e-006, -4.33776312e-005, 8.68278762e-006, 0.999999999, 0.992576476, -0.121622112, 2.77056101e-005, 0.121622112, 0.992576477, 8.82013317e-006, -2.85726601e-005, -5.38504188e-006, 1, 0, 0, 0, 0, 0, 0, 0, 0.216291479, -0.0968629395, -0.237625415, -0.113166281, 0.829472753, -0.546827215, -0.887084961, 0.163452148, 0.431518555, 0.44740575, 0.534043397, 0.717545747, 0, 0, -0, 0, 0, 0, 0, 0.277716992, -0.0770157715, -0.185694971, -0.0218198788, 0.670160892, -0.741745353, 0.448120117, -0.656616211, -0.606445312, -0.893650921, -0.345538296, -0.286009471, 0, 2, 5, 1, 
439.502161, 59, 0.1, 0.1, 0.0153462094, 0.350480057, -0.0199592097, 0.992576488, -0.121622017, -1.33130256e-005, 0.121622017, 0.992576488, -1.20229525e-005, 1.4676452e-005, 1.0314543e-005, 1, 0.992576491, -0.121621996, -1.44224167e-005, 0.121621995, 0.992576491, -1.19787336e-005, 1.57722292e-005, 1.01357263e-005, 1, 0, 0, 0, 0, 0, 0, 0, 0.216291479, -0.0968629395, -0.237625415, -0.113166281, 0.829472753, -0.546827215, -0.887084961, 0.163452148, 0.431518555, 0.44740575, 0.534043397, 0.717545747, 0, 0, -0, 0, 0, 0, 0, 0.277716992, -0.0770157715, -0.185694971, -0.0218198788, 0.670160892, -0.741745353, 0.448120117, -0.656616211, -0.606445312, -0.893650921, -0.345538296, -0.286009471, 0, 2, 5, 1, 
439.502949, 59, 0.1, 0.1, 0.0153462098, 0.350480058, -0.0199605586, 0.992576475, -0.121622123, 4.72121822e-006, 0.121622123, 0.992576475, 2.74702219e-006, -5.02026881e-006, -2.15242503e-006, 1, 0.992576478, -0.121622102, -8.28820302e-006, 0.121622102, 0.992576478, -1.28459618e-005, 9.78902823e-006, 1.17425708e-005, 1, 0, 0, 0, 0, 0, 0, 0, 0.216291479, -0.0968629395, -0.237625415, -0.113166281, 0.829472753, -0.546827215, -0.887084961, 0.163452148, 0.431518555, 0.44740575, 0.534043397, 0.717545747, 0, 0, -0, 0, 0, 0, 0, 0.277716992, -0.0770157715, -0.185694971, -0.0218198788, 0.670160892, -0.741745353, 0.448120117, -0.656616211, -0.606445312, -0.893650921, -0.345538296, -0.286009471, 0, 2, 5, 1, 
439.503734, 59, 0.1, 0.1, 0.0153462093, 0.350480058, -0.0199634903, 0.992576464, -0.121622216, 7.10539156e-006, 0.121622216, 0.992576464, 4.47498548e-006, -7.59690208e-006, -3.5775918e-006, 1, 0.992576466, -0.121622198, 6.88013259e-006, 0.121622198, 0.992576466, 3.87060646e-006, -7.29980936e-006, -3.00509603e-006, 1, 0, 0, 0, 0, 0, 0, 0, 0.216291479, -0.0968629395, -0.237625415, -0.113166281, 0.829472753, -0.546827215, -0.887084961, 0.163452148, 0.431518555, 0.44740575, 0.534043397, 0.717545747, 0, 0, -0, 0, 0, 0, 0, 0.277716992, -0.0770157715, -0.185694971, -0.0218198788, 0.670160892, -0.741745353, 0.448120117, -0.656616211, -0.606445312, -0.893650921, -0.345538296, -0.286009471, 0, 2, 5, 1, 
439.504551, 59, 0.1, 0.1, 0.015346209, 0.350480057, -0.0199667986, 0.992576453, -0.121622307, -2.95386041e-006, 0.121622307, 0.992576453, -3.24817425e-006, 3.32698273e-006, 2.86480595e-006, 1, 0.992576455, -0.121622289, 7.54633334e-006, 0.121622289, 0.992576455, 8.75674774e-006, -8.5553285e-006, -7.7739393e-006, 1, 0, 0, 0, 0, 0, 0, 0, 0.217918604, -0.099289209, -0.236364478, -0.116370305, 0.82533152, -0.55240177, -0.885864258, 0.165161133, 0.433349609, 0.449025545, 0.539890165, 0.712001889, 0, 0, -0, 0, 0, 0, 0, 0.278601514, -0.0781385742, -0.184938818, -0.0257747257, 0.671310376, -0.740556857, 0.450683594, -0.653442383, -0.608032227, -0.892225452, -0.34946799, -0.28563907, 0, 2, 5, 1, 
439.505336, 59, 0.1, 0.1, 0.0153462086, 0.350480057, -0.0199691429, 0.99257644, -0.121622409, -4.19880173e-007, 0.121622408, 0.99257644, -2.07468087e-005, 2.94004001e-006, 2.05417267e-005, 1, 0.992576445, -0.121622371, -3.29003121e-006, 0.121622371, 0.992576445, -2.39266498e-007, 3.29470764e-006, -1.62651105e-007, 1, 0, 0, 0, 0, 0, 0, 0, 0.217918604, -0.099289209, -0.236364478, -0.116370305, 0.82533152, -0.55240177, -0.885864258, 0.165161133, 0.433349609, 0.449025545, 0.539890165, 0.712001889, 0, 0, -0, 0, 0, 0, 0, 0.278601514, -0.0781385742, -0.184938818, -0.0257747257, 0.671310376, -0.740556857, 0.450683594, -0.653442383, -0.608032227, -0.892225452, -0.34946799, -0.28563907, 0, 2, 5, 1, 
439.506121, 59, 0.1, 0.1, 0.0153462075, 0.350480058, -0.0199702024, 0.992576413, -0.121622634, 5.58946659e-006, 0.121622634, 0.992576412, 2.27499155e-005, -8.31487733e-006, -2.19012238e-005, 1, 0.992576414, -0.121622624, -3.33566631e-006, 0.121622624, 0.992576414, 9.76966239e-006, 2.12269173e-006, -1.0102829e-005, 1, 0, 0, 0, 0, 0, 0, 0, 0.217918604, -0.099289209, -0.236364478, -0.116370305, 0.82533152, -0.55240177, -0.885864258, 0.165161133, 0.433349609, 0.449025545, 0.539890165, 0.712001889, 0, 0, -0, 0, 0, 0, 0, 0.278601514, -0.0781385742, -0.184938818, -0.0257747257, 0.671310376, -0.740556857, 0.450683594, -0.653442383, -0.608032227, -0.892225452, -0.34946799, -0.28563907, 0, 2, 5, 1, 
439.507121, 59, 0.1, 0.1, 0.0153462039, 0.350480059, -0.0199676911, 0.992576376, -0.121622932, 2.23259173e-005, 0.121622932, 0.992576376, -1.70914942e-005, -2.00814604e-005, 1.96799569e-005, 1, 0.992576387, -0.121622838, 2.39538038e-005, 0.121622839, 0.992576387, -2.20239257e-005, -2.10973677e-005, 2.47737583e-005, 0.999999999, 0, 0, 0, 0, 0, 0, 0, 0.218306836, -0.100668213, -0.2354875, -0.12196059, 0.824431382, -0.552561651, -0.884399414, 0.162353516, 0.4375, 0.450405327, 0.542010203, 0.709431781, 0, 0, -0, 0, 0, 0, 0, 0.278601514, -0.0781385742, -0.184938818, -0.0304452223, 0.672798545, -0.739042435, 0.452758789, -0.649780273, -0.610351562, -0.890997943, -0.353116601, -0.284866184, 0, 2, 5, 1, 
439.507961, 59, 0.1, 0.1, 0.0153462095, 0.350480053, -0.0199625825, 0.992576327, -0.121623334, -2.15066299e-005, 0.121623334, 0.992576327, 2.28411966e-005, 1.85689492e-005, -2.5287339e-005, 1, 0.992576335, -0.121623263, -3.78495363e-005, 0.121623264, 0.992576335, 3.64910966e-005, 3.31303878e-005, -4.0823583e-005, 0.999999999, 0, 0, 0, 0, 0, 0, 0, 0.218306836, -0.100668213, -0.2354875, -0.12196059, 0.824431382, -0.552561651, -0.884399414, 0.162353516, 0.4375, 0.450405327, 0.542010203, 0.709431781, 0, 0, -0, 0, 0, 0, 0, 0.279657764, -0.0792330566, -0.184152637, -0.0304452223, 0.672798545, -0.739042435, 0.452758789, -0.649780273, -0.610351562, -0.890997943, -0.353116601, -0.284866184, 0, 2, 5, 1, 
439.508742, 59, 0.1, 0.1, 0.0153462082, 0.350480053, -0.0199591768, 0.992576288, -0.121623648, -2.98347201e-005, 0.121623649, 0.992576288, 1.96790357e-005, 2.72197996e-005, -2.31615517e-005, 0.999999999, 0.992576295, -0.121623594, 3.46265077e-006, 0.121623594, 0.992576295, -4.16863957e-006, -2.92994014e-006, 4.55883285e-006, 1, 0, 0, 0, 0, 0, 0, 0, 0.218306836, -0.100668213, -0.2354875, -0.12196059, 0.824431382, -0.552561651, -0.884399414, 0.162353516, 0.4375, 0.450405327, 0.542010203, 0.709431781, 0, 0, -0, 0, 0, 0, 0, 0.279657764, -0.0792330566, -0.184152637, -0.0304452223, 0.672798545, -0.739042435, 0.452758789, -0.649780273, -0.610351562, -0.890997943, -0.353116601, -0.284866184, 0, 2, 5, 1, 
439.509525, 59, 0.1, 0.1, 0.0153462114, 0.350480051, -0.0199581942, 0.992576257, -0.121623904, 2.90283356e-005, 0.121623905, 0.992576257, -2.47981083e-005, -2.5796794e-005, 2.8144553e-005, 0.999999999, 0.992576263, -0.121623856, 1.12380095e-005, 0.121623856, 0.992576263, -1.23290829e-005, -9.6550709e-006, 1.36043651e-005, 1, 0, 0, 0, 0, 0, 0, 0, 0.218306836, -0.100668213, -0.2354875, -0.12196059, 0.824431382, -0.552561651, -0.884399414, 0.162353516, 0.4375, 0.450405327, 0.542010203, 0.709431781, 0, 0, -0, 0, 0, 0, 0, 0.279657764, -0.0792330566, -0.184152637, -0.0304452223, 0.672798545, -0.739042435, 0.452758789, -0.649780273, -0.610351562, -0.890997943, -0.353116601, -0.284866184, 0, 2, 5, 1, 
439.510309, 59, 0.1, 0.1, 0.0153462127, 0.350480049, -0.0199597376, 0.992576226, -0.121624151, -2.9471433e-005, 0.121624152, 0.992576226, 2.52944595e-005, 2.61762266e-005, -2.86911172e-005, 0.999999999, 0.992576232, -0.121624104, -3.11362281e-005, 0.121624105, 0.992576232, 2.69350536e-005, 2.76291283e-005, -3.05220099e-005, 0.999999999, 0, 0, 0, 0, 0, 0, 0, 0.218306836, -0.100668213, -0.2354875, -0.12196059, 0.824431382, -0.552561651, -0.884399414, 0.162353516, 0.4375, 0.450405327, 0.542010203, 0.709431781, 0, 0, -0, 0, 0, 0, 0, 0.279657764, -0.0792330566, -0.184152637, -0.0304452223, 0.672798545, -0.739042435, 0.452758789, -0.649780273, -0.610351562, -0.890997943, -0.353116601, -0.284866184, 0, 2, 5, 1, 
439.511093, 59, 0.1, 0.1, 0.0153462083, 0.350480052, -0.0199631373, 0.992576198, -0.121624382, 2.06659599e-005, 0.121624382, 0.992576198, -1.61222364e-005, -1.85516828e-005, 1.85160327e-005, 1, 0.992576203, -0.121624337, 3.47239716e-005, 0.121624338, 0.992576203, -2.79314579e-005, -3.10690429e-005, 3.19473805e-005, 0.999999999, 0, 0, 0, 0, 0, 0, 0, 0.218306836, -0.100668213, -0.2354875, -0.12196059, 0.824431382, -0.552561651, -0.884399414, 0.162353516, 0.4375, 0.450405327, 0.542010203, 0.709431781, 0, 0, -0, 0, 0, 0, 0, 0.279657764, -0.0792330566, -0.184152637, -0.0304452223, 0.672798545, -0.739042435, 0.452758789, -0.649780273, -0.610351562, -0.890997943, -0.353116601, -0.284866184, 0, 2, 5, 1, 
439.511903, 59, 0.1, 0.1, 0.0153462098, 0.350480051, -0.0199670735, 0.992576171, -0.121624605, 2.05005213e-005, 0.121624605, 0.992576171, -1.73236119e-005, -1.82413515e-005, 1.96883721e-005, 1, 0.992576176, -0.121624562, -5.15469921e-006, 0.121624562, 0.992576176, 3.33140205e-006, 4.71125131e-006, -3.93360834e-006, 1, 0, 0, 0, 0, 0, 0, 0, 0.219379199, -0.102695215, -0.235016479, -0.12717719, 0.823975322, -0.55201011, -0.883666992, 0.158447266, 0.440185547, 0.450242819, 0.543812723, 0.708232098, 0, 0, -0, 0, 0, 0, 0, 0.280002295, -0.0808150391, -0.183373779, -0.0353523256, 0.673309304, -0.738390218, 0.452392578, -0.647949219, -0.612548828, -0.891022729, -0.355640515, -0.281729066, 0, 2, 5, 1, 
439.512687, 59, 0.1, 0.1, 0.0153462069, 0.350480052, -0.0199699713, 0.992576146, -0.121624813, -1.58951181e-005, 0.121624813, 0.992576146, 1.46441325e-005, 1.39960251e-005, -1.64686574e-005, 1, 0.992576151, -0.121624772, -4.18653991e-006, 0.121624772, 0.992576151, 4.80109536e-006, 3.57152754e-006, -5.27463971e-006, 1, 0, 0, 0, 0, 0, 0, 0, 0.219379199, -0.102695215, -0.235016479, -0.12717719, 0.823975322, -0.55201011, -0.883666992, 0.158447266, 0.440185547, 0.450242819, 0.543812723, 0.708232098, 0, 0, -0, 0, 0, 0, 0, 0.280002295, -0.0808150391, -0.183373779, -0.0353523256, 0.673309304, -0.738390218, 0.452392578, -0.647949219, -0.612548828, -0.891022729, -0.355640515, -0.281729066, 0, 2, 5, 1, 
