time, trialNum, realDorsalTactorPos, realVentralTactorPos, boxPosX, boxPosY, boxPosZ, boxLocalRot_11, boxLocalRot_12, boxLocalRot_13, boxLocalRot_21, boxLocalRot_22, boxLocalRot_23, boxLocalRot_31, boxLocalRot_32, boxLocalRot_33, boxGlobalRot_11, boxGlobalRot_12, boxGlobalRot_13, boxGlobalRot_21, boxGlobalRot_22, boxGlobalRot_23, boxGlobalRot_31, boxGlobalRot_32, boxGlobalRot_33, indexForceX, indexForceY, indexForceZ, indexForceGlobalX, indexForceGlobalY, indexForceGlobalZ, indexContact, indexPosX, indexPosY, indexPosZ, indexRot_11, indexRot_12, indexRot_13, indexRot_21, indexRot_22, indexRot_23, indexRot_31, indexRot_32, indexRot_33, thumbForceX, thumbForceY, thumbForceZ, thumbForceGlobalX, thumbForceGlobalY, thumbForceGlobalZ, thumbContact, thumbPosX, thumbPosY, thumbPosZ, thumbRot_11, thumbRot_12, thumbRot_13, thumbRot_21, thumbRot_22, thumbRot_23, thumbRot_31, thumbRot_32, thumbRot_33, manipForceTooHigh, cceExpType, mapping, trialSuccess, 
412.824698, 57, 0.1, 0.1, 0.0210593865, 0.362999713, -0.0199616445, 0.777384286, 3.27699105e-005, -0.62902597, 0.629025971, -2.32058167e-005, 0.777384285, 1.08777521e-005, -0.999999999, -3.8652962e-005, 0.777384237, 4.33642571e-005, -0.629026029, 0.62902603, -1.48827892e-005, 0.777384238, 2.43490281e-005, -0.999999999, -3.88468922e-005, 0, 0, 0, 0, 0, 0, 0, 0.204625537, 0.0589442139, -0.166629883, -0.0192470861, 0.881186947, -0.472262166, -0.651000977, 0.347412109, 0.674804688, 0.758689525, 0.32056647, 0.567189245, 0, 0, -0, 0, 0, 0, 0, 0.25678584, 0.0724308594, -0.143638574, -0.0711553071, 0.68170808, -0.727999409, 0.115966797, -0.719238281, -0.684936523, -0.99064783, -0.133084434, -0.027909708, 0, 2, 5, 1, 
412.839065, 57, 0.1, 0.1, 0.021060134, 0.362999381, -0.0199761952, 0.777360006, -3.23248374e-006, -0.629055976, 0.629055975, -1.46353551e-005, 0.777360006, -1.17192612e-005, -1, -9.34352652e-006, 0.77736044, -8.88116138e-006, -0.629055439, 0.629055439, -4.04484754e-006, 0.777360441, -9.44829687e-006, -1, 2.4424384e-006, 0, 0, 0, 0, 0, 0, 0, 0.216705542, 0.0407172607, -0.165822119, -0.0352724319, 0.867584525, -0.495831224, -0.668823242, 0.348144531, 0.656738281, 0.742565309, 0.354854785, 0.568203195, 0, 0, -0, 0, 0, 0, 0, 0.268443848, 0.0555089844, -0.142417236, -0.0753587872, 0.654599408, -0.752109121, 0.150146484, -0.73815918, -0.657592773, -0.985688955, -0.162446095, -0.0425952691, 0, 2, 5, 1, 
412.839862, 57, 0.1, 0.1, 0.0210601699, 0.362999369, -0.0199715597, 0.777357851, -9.56222424e-006, -0.629058639, 0.629058639, 4.39918495e-006, 0.777357851, -4.66592479e-006, -1, 9.43494073e-006, 0.777358269, -1.58684341e-006, -0.629058123, 0.629058123, 1.79084228e-005, 0.777358269, 1.0031893e-005, -1, 1.49194773e-005, 0, 0, 0, 0, 0, 0, 0, 0.216705542, 0.0407172607, -0.165822119, -0.0352724319, 0.867584525, -0.495831224, -0.668823242, 0.348144531, 0.656738281, 0.742565309, 0.354854785, 0.568203195, 0, 0, -0, 0, 0, 0, 0, 0.268443848, 0.0555089844, -0.142417236, -0.0753587872, 0.654599408, -0.752109121, 0.150146484, -0.73815918, -0.657592773, -0.985688955, -0.162446095, -0.0425952691, 0, 2, 5, 1, 
412.840652, 57, 0.1, 0.1, 0.0210602057, 0.362999357, -0.0199652922, 0.777355748, -1.79745262e-006, -0.629061238, 0.629061237, 2.54187053e-005, 0.777355748, 1.45926621e-005, -1, 2.08900845e-005, 0.777356169, 7.70310592e-006, -0.629060717, 0.629060717, 2.57832687e-005, 0.777356169, 2.22072984e-005, -1, 1.51970616e-005, 0, 0, 0, 0, 0, 0, 0, 0.216705542, 0.0407172607, -0.165822119, -0.0352724319, 0.867584525, -0.495831224, -0.668823242, 0.348144531, 0.656738281, 0.742565309, 0.354854785, 0.568203195, 0, 0, -0, 0, 0, 0, 0, 0.268443848, 0.0555089844, -0.142417236, -0.0753587872, 0.654599408, -0.752109121, 0.150146484, -0.73815918, -0.657592773, -0.985688955, -0.162446095, -0.0425952691, 0, 2, 5, 1, 
412.841471, 57, 0.1, 0.1, 0.0210602419, 0.362999344, -0.0199589858, 0.777353542, 8.86750306e-006, -0.629063964, 0.629063964, 2.51063235e-005, 0.777353542, 2.26866683e-005, -1, 1.39382629e-005, 0.777353973, 1.81099783e-005, -0.629063431, 0.629063431, 4.11139621e-006, 0.777353973, 1.66641926e-005, -1, -8.19631493e-006, 0, 0, 0, 0, 0, 0, 0, 0.218799902, 0.0370906982, -0.165711426, -0.0378436616, 0.866266519, -0.498039629, -0.671020508, 0.347167969, 0.655029297, 0.740377121, 0.359018478, 0.568305788, 0, 0, -0, 0, 0, 0, 0, 0.270314111, 0.0526509766, -0.142438379, -0.0778057757, 0.650451697, -0.755419047, 0.155883789, -0.740478516, -0.653686523, -0.984595974, -0.168528202, -0.0438023553, 0, 2, 5, 1, 
412.842262, 57, 0.1, 0.1, 0.0210602759, 0.362999331, -0.0199554367, 0.77735135, 1.82822806e-005, -0.629066673, 0.629066673, -5.08757306e-007, 0.77735135, 1.38917132e-005, -1, -1.18962566e-005, 0.777351786, 5.44149536e-006, -0.629066134, 0.629066134, -2.19644224e-005, 0.777351786, -9.58711817e-006, -1, -2.04971435e-005, 0, 0, 0, 0, 0, 0, 0, 0.218799902, 0.0370906982, -0.165711426, -0.0378436616, 0.866266519, -0.498039629, -0.671020508, 0.347167969, 0.655029297, 0.740377121, 0.359018478, 0.568305788, 0, 0, -0, 0, 0, 0, 0, 0.270314111, 0.0526509766, -0.142438379, -0.0778057757, 0.650451697, -0.755419047, 0.155883789, -0.740478516, -0.653686523, -0.984595974, -0.168528202, -0.0438023553, 0, 2, 5, 1, 
412.843049, 57, 0.1, 0.1, 0.0210603085, 0.362999318, -0.0199555075, 0.777349092, 3.64721656e-006, -0.629069463, 0.629069463, -2.6032657e-005, 0.777349092, -1.35411891e-005, -1, -2.25308148e-005, 0.777349544, -7.78016101e-006, -0.629068904, 0.629068904, -2.52084052e-005, 0.777349544, -2.19057285e-005, -1, -1.47014849e-005, 0, 0, 0, 0, 0, 0, 0, 0.218799902, 0.0370906982, -0.165711426, -0.0378436616, 0.866266519, -0.498039629, -0.671020508, 0.347167969, 0.655029297, 0.740377121, 0.359018478, 0.568305788, 0, 0, -0, 0, 0, 0, 0, 0.270314111, 0.0526509766, -0.142438379, -0.0778057757, 0.650451697, -0.755419047, 0.155883789, -0.740478516, -0.653686523, -0.984595974, -0.168528202, -0.0438023553, 0, 2, 5, 1, 
412.843839, 57, 0.1, 0.1, 0.0210603416, 0.362999306, -0.0199588764, 0.77734677, -7.84239293e-006, -0.629072332, 0.629072332, -2.27713293e-005, 0.77734677, -2.04210721e-005, -1, -1.27677869e-005, 0.777347235, -1.61278943e-005, -0.629071757, 0.629071757, -1.85880894e-006, 0.777347235, -1.37062982e-005, -1, 8.70066281e-006, 0, 0, 0, 0, 0, 0, 0, 0.218799902, 0.0370906982, -0.165711426, -0.0378436616, 0.866266519, -0.498039629, -0.671020508, 0.347167969, 0.655029297, 0.740377121, 0.359018478, 0.568305788, 0, 0, -0, 0, 0, 0, 0, 0.270314111, 0.0526509766, -0.142438379, -0.0778057757, 0.650451697, -0.755419047, 0.155883789, -0.740478516, -0.653686523, -0.984595974, -0.168528202, -0.0438023553, 0, 2, 5, 1, 
412.844628, 57, 0.1, 0.1, 0.0210603746, 0.362999294, -0.0199641756, 0.777344432, -1.35105749e-005, -0.629075221, 0.629075221, 6.19921418e-007, 0.777344432, -1.0112393e-005, -1, 8.98106038e-006, 0.777344896, -2.96290765e-006, -0.629074648, 0.629074648, 1.71218691e-005, 0.777344896, 8.46773266e-006, -1, 1.51734877e-005, 0, 0, 0, 0, 0, 0, 0, 0.218799902, 0.0370906982, -0.165711426, -0.0378436616, 0.866266519, -0.498039629, -0.671020508, 0.347167969, 0.655029297, 0.740377121, 0.359018478, 0.568305788, 0, 0, -0, 0, 0, 0, 0, 0.270314111, 0.0526509766, -0.142438379, -0.0778057757, 0.650451697, -0.755419047, 0.155883789, -0.740478516, -0.653686523, -0.984595974, -0.168528202, -0.0438023553, 0, 2, 5, 1, 
412.845414, 57, 0.1, 0.1, 0.0210604073, 0.362999281, -0.0199695302, 0.777342121, -2.26387403e-006, -0.629078077, 0.629078077, 1.65608202e-005, 0.777342121, 8.65824428e-006, -1, 1.42975766e-005, 0.777342579, 5.53794741e-006, -0.629077511, 0.629077511, 1.55256563e-005, 0.777342579, 1.40717236e-005, -1, 8.58495556e-006, 0, 0, 0, 0, 0, 0, 0, 0.218799902, 0.0370906982, -0.165711426, -0.0378436616, 0.866266519, -0.498039629, -0.671020508, 0.347167969, 0.655029297, 0.740377121, 0.359018478, 0.568305788, 0, 0, -0, 0, 0, 0, 0, 0.270314111, 0.0526509766, -0.142438379, -0.0778057757, 0.650451697, -0.755419047, 0.155883789, -0.740478516, -0.653686523, -0.984595974, -0.168528202, -0.0438023553, 0, 2, 5, 1, 
412.846235, 57, 0.1, 0.1, 0.0210604408, 0.362999268, -0.0199730058, 0.777339769, 5.26855923e-006, -0.629080983, 0.629080983, 1.37545996e-005, 0.777339769, 1.27482176e-005, -1, 7.37764683e-006, 0.777340217, 1.09815267e-005, -0.629080429, 0.629080429, -2.3727608e-007, 0.777340217, 8.38711659e-006, -1, -7.09270775e-006, 0, 0, 0, 0, 0, 0, 0, 0.221366626, 0.0332075684, -0.165430469, -0.0398442549, 0.864238212, -0.501339133, -0.674560547, 0.346923828, 0.651611328, 0.737109818, 0.364159816, 0.569322746, 0, 0, -0, 0, 0, 0, 0, 0.27243252, 0.049321582, -0.142262891, -0.0798885593, 0.645939782, -0.759080418, 0.161865234, -0.742919922, -0.649291992, -0.983464713, -0.174648588, -0.0451691226, 0, 2, 5, 1, 
412.847025, 57, 0.1, 0.1, 0.0210604723, 0.362999256, -0.0199734967, 0.777337583, 1.03254572e-005, -0.629083684, 0.629083684, -4.8986624e-008, 0.777337583, 7.99554923e-006, -1, -6.53365578e-006, 0.777338007, 2.78248594e-006, -0.62908316, 0.62908316, -1.29844148e-005, 0.777338007, -6.0053446e-006, -1, -1.18436941e-005, 0, 0, 0, 0, 0, 0, 0, 0.221366626, 0.0332075684, -0.165430469, -0.0398442549, 0.864238212, -0.501339133, -0.674560547, 0.346923828, 0.651611328, 0.737109818, 0.364159816, 0.569322746, 0, 0, -0, 0, 0, 0, 0, 0.27243252, 0.049321582, -0.142262891, -0.0798885593, 0.645939782, -0.759080418, 0.161865234, -0.742919922, -0.649291992, -0.983464713, -0.174648588, -0.0451691226, 0, 2, 5, 1, 
412.847819, 57, 0.1, 0.1, 0.0210605033, 0.362999244, -0.019971286, 0.777335446, 2.84174301e-006, -0.629086325, 0.629086324, -1.51869064e-005, 0.777335446, -7.34488757e-006, -1, -1.35930223e-005, 0.777335871, -4.84151078e-006, -0.6290858, 0.6290858, -1.54080731e-005, 0.777335871, -1.345648e-005, -1, -8.93152226e-006, 0, 0, 0, 0, 0, 0, 0, 0.221366626, 0.0332075684, -0.165430469, -0.0398442549, 0.864238212, -0.501339133, -0.674560547, 0.346923828, 0.651611328, 0.737109818, 0.364159816, 0.569322746, 0, 0, -0, 0, 0, 0, 0, 0.27243252, 0.049321582, -0.142262891, -0.0798885593, 0.645939782, -0.759080418, 0.161865234, -0.742919922, -0.649291992, -0.983464713, -0.174648588, -0.0451691226, 0, 2, 5, 1, 
412.848606, 57, 0.1, 0.1, 0.0210605339, 0.362999233, -0.0199673352, 0.777333366, -5.71504809e-006, -0.629088896, 0.629088896, -1.80777069e-005, 0.777333365, -1.58149823e-005, -1, -1.04571315e-005, 0.777333782, -1.29892526e-005, -0.629088381, 0.629088381, -1.15337863e-006, 0.777333782, -1.0822562e-005, -1, 7.27482773e-006, 0, 0, 0, 0, 0, 0, 0, 0.221366626, 0.0332075684, -0.165430469, -0.0398442549, 0.864238212, -0.501339133, -0.674560547, 0.346923828, 0.651611328, 0.737109818, 0.364159816, 0.569322746, 0, 0, -0, 0, 0, 0, 0, 0.27243252, 0.049321582, -0.142262891, -0.0798885593, 0.645939782, -0.759080418, 0.161865234, -0.742919922, -0.649291992, -0.983464713, -0.174648588, -0.0451691226, 0, 2, 5, 1, 
412.84943, 57, 0.1, 0.1, 0.0210605663, 0.362999222, -0.0199625325, 0.77733119, -1.40821188e-005, -0.629091584, 0.629091584, 1.69331164e-006, 0.77733119, -9.88122209e-006, -1, 1.01752064e-005, 0.777331609, -2.88085438e-006, -0.629091066, 0.629091066, 2.11494116e-005, 0.777331609, 1.10655267e-005, -1, 1.82524259e-005, 0, 0, 0, 0, 0, 0, 0, 0.221366626, 0.0332075684, -0.165430469, -0.0398442549, 0.864238212, -0.501339133, -0.674560547, 0.346923828, 0.651611328, 0.737109818, 0.364159816, 0.569322746, 0, 0, -0, 0, 0, 0, 0, 0.27243252, 0.049321582, -0.142262891, -0.0798885593, 0.645939782, -0.759080418, 0.161865234, -0.742919922, -0.649291992, -0.983464713, -0.174648588, -0.0451691226, 0, 2, 5, 1, 
412.850297, 57, 0.1, 0.1, 0.0210606004, 0.362999211, -0.019958375, 0.777328856, -4.86594059e-006, -0.629094468, 0.629094468, 2.42057602e-005, 0.777328856, 1.14452738e-005, -1, 2.18769722e-005, 0.777329366, 8.65568801e-006, -0.629093837, 0.629093837, 2.56184301e-005, 0.777329366, 2.28447169e-005, -1, 1.4468718e-005, 0, 0, 0, 0, 0, 0, 0, 0.221366626, 0.0332075684, -0.165430469, -0.0398442549, 0.864238212, -0.501339133, -0.674560547, 0.346923828, 0.651611328, 0.737109818, 0.364159816, 0.569322746, 0, 0, -0, 0, 0, 0, 0, 0.27243252, 0.049321582, -0.142262891, -0.0798885593, 0.645939782, -0.759080418, 0.161865234, -0.742919922, -0.649291992, -0.983464713, -0.174648588, -0.0451691226, 0, 2, 5, 1, 
412.851131, 57, 0.1, 0.1, 0.0210606317, 0.362999197, -0.0199558137, 0.777326493, 5.97608609e-006, -0.629097388, 0.629097388, 1.71796601e-005, 0.777326493, 1.54530494e-005, -1, 9.5946648e-006, 0.777326947, 1.55580261e-005, -0.629096826, 0.629096826, -5.98012432e-006, 0.777326947, 8.33159572e-006, -1, -1.44360166e-005, 0, 0, 0, 0, 0, 0, 0, 0.223609155, 0.030002832, -0.16468606, -0.0437870315, 0.862299394, -0.504296031, -0.678466797, 0.344848633, 0.64855957, 0.733284982, 0.370646491, 0.570161848, 0, 0, -0, 0, 0, 0, 0, 0.274584131, 0.0460270996, -0.142071045, -0.0814857365, 0.641900713, -0.762313785, 0.16796875, -0.744995117, -0.645385742, -0.982282414, -0.180596533, -0.0471046184, 0, 2, 5, 1, 
412.851923, 57, 0.1, 0.1, 0.0210606606, 0.362999184, -0.0199567026, 0.777324201, 1.50129946e-005, -0.62910022, 0.62910022, -4.82003995e-006, 0.777324201, 8.63767585e-006, -1, -1.31914119e-005, 0.777324657, 2.18777541e-006, -0.629099656, 0.629099656, -2.64671611e-005, 0.777324657, -1.49498702e-005, -1, -2.19499057e-005, 0, 0, 0, 0, 0, 0, 0, 0.223609155, 0.030002832, -0.16468606, -0.0437870315, 0.862299394, -0.504296031, -0.678466797, 0.344848633, 0.64855957, 0.733284982, 0.370646491, 0.570161848, 0, 0, -0, 0, 0, 0, 0, 0.274584131, 0.0460270996, -0.142071045, -0.0814857365, 0.641900713, -0.762313785, 0.16796875, -0.744995117, -0.645385742, -0.982282414, -0.180596533, -0.0471046184, 0, 2, 5, 1, 
412.852716, 57, 0.1, 0.1, 0.0210606889, 0.362999173, -0.0199603887, 0.777321849, 2.35183823e-006, -0.629103127, 0.629103126, -1.86593416e-005, 0.777321848, -9.91051488e-006, -1, -1.59838627e-005, 0.77732232, -8.22315719e-006, -0.629102544, 0.629102543, -1.89107551e-005, 0.77732232, -1.82888478e-005, -1, -9.52654292e-006, 0, 0, 0, 0, 0, 0, 0, 0.223609155, 0.030002832, -0.16468606, -0.0437870315, 0.862299394, -0.504296031, -0.678466797, 0.344848633, 0.64855957, 0.733284982, 0.370646491, 0.570161848, 0, 0, -0, 0, 0, 0, 0, 0.274584131, 0.0460270996, -0.142071045, -0.0814857365, 0.641900713, -0.762313785, 0.16796875, -0.744995117, -0.645385742, -0.982282414, -0.180596533, -0.0471046184, 0, 2, 5, 1, 
412.853538, 57, 0.1, 0.1, 0.0210607192, 0.362999164, -0.0199652028, 0.777319398, -5.37590614e-006, -0.629106155, 0.629106155, -9.07850108e-006, 0.777319398, -9.89013702e-006, -1, -3.67487935e-006, 0.777319868, -1.25988538e-005, -0.629105573, 0.629105573, 9.01814943e-006, 0.777319868, -4.11997133e-006, -1, 1.49359959e-005, 0, 0, 0, 0, 0, 0, 0, 0.225576074, 0.0265973145, -0.165020386, -0.0488459937, 0.860848837, -0.50641607, -0.680541992, 0.342407227, 0.647705078, 0.730996445, 0.376314282, 0.56926171, 0, 0, -0, 0, 0, 0, 0, 0.276548877, 0.0428244141, -0.141831104, -0.0824376263, 0.638826661, -0.764805982, 0.173095703, -0.746459961, -0.642333984, -0.98140052, -0.185215624, -0.0490849569, 0, 2, 5, 1, 
412.854347, 57, 0.1, 0.1, 0.0210607492, 0.362999155, -0.0199693765, 0.777317017, -9.3627462e-006, -0.629109097, 0.629109097, 6.20274436e-006, 0.777317017, -3.37561904e-006, -1, 1.07116875e-005, 0.777317472, -3.88876199e-007, -0.629108534, 0.629108534, 2.16175834e-005, 0.777317472, 1.32975259e-005, -1, 1.70483706e-005, 0, 0, 0, 0, 0, 0, 0, 0.225576074, 0.0265973145, -0.165020386, -0.0488459937, 0.860848837, -0.50641607, -0.680541992, 0.342407227, 0.647705078, 0.730996445, 0.376314282, 0.56926171, 0, 0, -0, 0, 0, 0, 0, 0.276548877, 0.0428244141, -0.141831104, -0.0824376263, 0.638826661, -0.764805982, 0.173095703, -0.746459961, -0.642333984, -0.98140052, -0.185215624, -0.0490849569, 0, 2, 5, 1, 
412.855142, 57, 0.1, 0.1, 0.0210607784, 0.362999145, -0.0199718172, 0.777314729, -9.03754717e-007, -0.629111923, 0.629111923, 1.40692277e-005, 0.777314729, 8.14861703e-006, -1, 1.15047808e-005, 0.777315179, 6.6680024e-006, -0.629111368, 0.629111368, 1.49235785e-005, 0.777315179, 1.45717323e-005, -1, 7.40540795e-006, 0, 0, 0, 0, 0, 0, 0, 0.225576074, 0.0265973145, -0.165020386, -0.0488459937, 0.860848837, -0.50641607, -0.680541992, 0.342407227, 0.647705078, 0.730996445, 0.376314282, 0.56926171, 0, 0, -0, 0, 0, 0, 0, 0.276548877, 0.0428244141, -0.141831104, -0.0824376263, 0.638826661, -0.764805982, 0.173095703, -0.746459961, -0.642333984, -0.98140052, -0.185215624, -0.0490849569, 0, 2, 5, 1, 
412.855934, 57, 0.1, 0.1, 0.0210608066, 0.362999133, -0.019971932, 0.77731252, 4.95816029e-006, -0.629114653, 0.629114653, 1.01943815e-005, 0.77731252, 1.02674748e-005, -1, 4.80496905e-006, 0.777312956, 1.12406718e-005, -0.629114113, 0.629114114, -3.91956343e-006, 0.777312956, 6.27166713e-006, -1, -1.01183927e-005, 0, 0, 0, 0, 0, 0, 0, 0.225576074, 0.0265973145, -0.165020386, -0.0488459937, 0.860848837, -0.50641607, -0.680541992, 0.342407227, 0.647705078, 0.730996445, 0.376314282, 0.56926171, 0, 0, -0, 0, 0, 0, 0, 0.276548877, 0.0428244141, -0.141831104, -0.0824376263, 0.638826661, -0.764805982, 0.173095703, -0.746459961, -0.642333984, -0.98140052, -0.185215624, -0.0490849569, 0, 2, 5, 1, 
412.85673, 57, 0.1, 0.1, 0.0210608341, 0.362999121, -0.0199698556, 0.777310357, 1.1424479e-005, -0.629117326, 0.629117326, -4.41613209e-006, 0.777310357, 6.10210062e-006, -1, -1.06200429e-005, 0.777310784, 2.67074217e-006, -0.629116797, 0.629116797, -1.98989318e-005, 0.777310784, -1.04427556e-005, -1, -1.71478631e-005, 0, 0, 0, 0, 0, 0, 0, 0.225576074, 0.0265973145, -0.165020386, -0.0488459937, 0.860848837, -0.50641607, -0.680541992, 0.342407227, 0.647705078, 0.730996445, 0.376314282, 0.56926171, 0, 0, -0, 0, 0, 0, 0, 0.276548877, 0.0428244141, -0.141831104, -0.0824376263, 0.638826661, -0.764805982, 0.173095703, -0.746459961, -0.642333984, -0.98140052, -0.185215624, -0.0490849569, 0, 2, 5, 1, 
412.857524, 57, 0.1, 0.1, 0.0210608608, 0.36299911, -0.019966416, 0.777308219, 2.71895994e-006, -0.629119967, 0.629119967, -1.92664247e-005, 0.777308219, -1.00074226e-005, -1, -1.66865023e-005, 0.777308644, -6.32796209e-006, -0.629119442, 0.629119442, -2.01090063e-005, 0.777308644, -1.75697465e-005, -1, -1.16498605e-005, 0, 0, 0, 0, 0, 0, 0, 0.225576074, 0.0265973145, -0.165020386, -0.0488459937, 0.860848837, -0.50641607, -0.680541992, 0.342407227, 0.647705078, 0.730996445, 0.376314282, 0.56926171, 0, 0, -0, 0, 0, 0, 0, 0.276548877, 0.0428244141, -0.141831104, -0.0824376263, 0.638826661, -0.764805982, 0.173095703, -0.746459961, -0.642333984, -0.98140052, -0.185215624, -0.0490849569, 0, 2, 5, 1, 
412.858355, 57, 0.1, 0.1, 0.0210608884, 0.3629991, -0.0199623432, 0.777305976, -8.81243438e-006, -0.629122738, 0.629122738, -1.8960902e-005, 0.777305976, -1.87786925e-005, -1, -9.19431956e-006, 0.777306404, -1.72878833e-005, -0.629122209, 0.629122209, 1.5634955e-007, 0.777306404, -1.33396194e-005, -1, 1.09977228e-005, 0, 0, 0, 0, 0, 0, 0, 0.227777954, 0.0231625, -0.164732593, -0.0535694628, 0.858745268, -0.509550823, -0.684570312, 0.33996582, 0.644775391, 0.726924483, 0.383321419, 0.569758206, 0, 0, -0, 0, 0, 0, 0, 0.278515332, 0.0391586426, -0.141371094, -0.0834022759, 0.635509805, -0.767457861, 0.177978516, -0.748168945, -0.639038086, -0.980397224, -0.189860234, -0.0507138504, 0, 2, 5, 1, 
412.859149, 57, 0.1, 0.1, 0.0210609151, 0.362999092, -0.0199595583, 0.777303802, -1.71009499e-005, -0.629125424, 0.629125424, 2.24928203e-006, 0.777303802, -1.18775529e-005, -1, 1.25070178e-005, 0.777304237, -5.43224231e-006, -0.629124887, 0.629124887, 2.25134733e-005, 0.777304237, 9.94128136e-006, -1, 2.0917377e-005, 0, 0, 0, 0, 0, 0, 0, 0.227777954, 0.0231625, -0.164732593, -0.0535694628, 0.858745268, -0.509550823, -0.684570312, 0.33996582, 0.644775391, 0.726924483, 0.383321419, 0.569758206, 0, 0, -0, 0, 0, 0, 0, 0.278515332, 0.0391586426, -0.141371094, -0.0834022759, 0.635509805, -0.767457861, 0.177978516, -0.748168945, -0.639038086, -0.980397224, -0.189860234, -0.0507138504, 0, 2, 5, 1, 
412.859941, 57, 0.1, 0.1, 0.021060942, 0.362999082, -0.0199589246, 0.77730158, -3.82227e-006, -0.629128169, 0.629128169, 2.12823441e-005, 0.77730158, 1.04182657e-005, -1, 1.89474974e-005, 0.777302028, 6.85723038e-006, -0.629127616, 0.629127616, 2.14785534e-005, 0.777302028, 1.88428902e-005, -1, 1.23812501e-005, 0, 0, 0, 0, 0, 0, 0, 0.227777954, 0.0231625, -0.164732593, -0.0535694628, 0.858745268, -0.509550823, -0.684570312, 0.33996582, 0.644775391, 0.726924483, 0.383321419, 0.569758206, 0, 0, -0, 0, 0, 0, 0, 0.278515332, 0.0391586426, -0.141371094, -0.0834022759, 0.635509805, -0.767457861, 0.177978516, -0.748168945, -0.639038086, -0.980397224, -0.189860234, -0.0507138504, 0, 2, 5, 1, 
412.860732, 57, 0.1, 0.1, 0.0210609682, 0.362999071, -0.019960464, 0.777299323, 7.39634462e-006, -0.629130959, 0.629130958, 1.85681969e-005, 0.777299323, 1.74310012e-005, -1, 9.7797775e-006, 0.777299777, 1.54363263e-005, -0.629130397, 0.629130397, -2.07511018e-006, 0.777299777, 1.06931381e-005, -1, -1.13244447e-005, 0, 0, 0, 0, 0, 0, 0, 0.227777954, 0.0231625, -0.164732593, -0.0535694628, 0.858745268, -0.509550823, -0.684570312, 0.33996582, 0.644775391, 0.726924483, 0.383321419, 0.569758206, 0, 0, -0, 0, 0, 0, 0, 0.278515332, 0.0391586426, -0.141371094, -0.0834022759, 0.635509805, -0.767457861, 0.177978516, -0.748168945, -0.639038086, -0.980397224, -0.189860234, -0.0507138504, 0, 2, 5, 1, 
412.86152, 57, 0.1, 0.1, 0.0210609938, 0.362999061, -0.019963557, 0.777297058, 1.48334012e-005, -0.629133757, 0.629133757, -1.19982986e-006, 0.777297058, 1.07751056e-005, -1, -1.02648176e-005, 0.777297503, 4.10085354e-006, -0.629133207, 0.629133207, -1.89169283e-005, 0.777297503, -8.71368456e-006, -1, -1.72840643e-005, 0, 0, 0, 0, 0, 0, 0, 0.227777954, 0.0231625, -0.164732593, -0.0535694628, 0.858745268, -0.509550823, -0.684570312, 0.33996582, 0.644775391, 0.726924483, 0.383321419, 0.569758206, 0, 0, -0, 0, 0, 0, 0, 0.278515332, 0.0391586426, -0.141371094, -0.0834022759, 0.635509805, -0.767457861, 0.177978516, -0.748168945, -0.639038086, -0.980397224, -0.189860234, -0.0507138504, 0, 2, 5, 1, 
412.862312, 57, 0.1, 0.1, 0.021061019, 0.362999051, -0.0199670571, 0.777294779, 3.87376474e-006, -0.629136573, 0.629136573, -1.59504734e-005, 0.777294778, -7.02396907e-006, -1, -1.48353468e-005, 0.77729523, -4.67214226e-006, -0.629136015, 0.629136015, -1.53634239e-005, 0.77729523, -1.32973172e-005, -1, -9.00250315e-006, 0, 0, 0, 0, 0, 0, 0, 0.227777954, 0.0231625, -0.164732593, -0.0535694628, 0.858745268, -0.509550823, -0.684570312, 0.33996582, 0.644775391, 0.726924483, 0.383321419, 0.569758206, 0, 0, -0, 0, 0, 0, 0, 0.278515332, 0.0391586426, -0.141371094, -0.0834022759, 0.635509805, -0.767457861, 0.177978516, -0.748168945, -0.639038086, -0.980397224, -0.189860234, -0.0507138504, 0, 2, 5, 1, 
412.863135, 57, 0.1, 0.1, 0.0210610453, 0.362999043, -0.0199695336, 0.777292442, -5.13169752e-006, -0.62913946, 0.62913946, -1.4420348e-005, 0.777292442, -1.30612397e-005, -1, -7.98027412e-006, 0.777292893, -1.1573784e-005, -0.629138902, 0.629138903, 2.04319234e-006, 0.777292893, -7.71076825e-006, -1, 8.86967663e-006, 0, 0, 0, 0, 0, 0, 0, 0.230133374, 0.0202005371, -0.164159302, -0.0595880949, 0.857117978, -0.511530076, -0.689575195, 0.335205078, 0.641967773, 0.721698144, 0.390994673, 0.571307608, 0, 0, -0, 0, 0, 0, 0, 0.280615674, 0.0365963867, -0.140876416, -0.0859003036, 0.63283787, -0.769451693, 0.185180664, -0.748657227, -0.636474609, -0.978818637, -0.197137401, -0.0527645511, 0, 2, 5, 1, 
412.863926, 57, 0.1, 0.1, 0.0210610705, 0.362999034, -0.0199702365, 0.777290241, -1.13383111e-005, -0.629142179, 0.629142179, -1.95557114e-006, 0.777290241, -1.00434908e-005, -1, 5.61336338e-006, 0.777290673, -2.60057817e-006, -0.629141645, 0.629141645, 1.32980215e-005, 0.777290673, 6.34493397e-006, -1, 1.19725601e-005, 0, 0, 0, 0, 0, 0, 0, 0.230133374, 0.0202005371, -0.164159302, -0.0595880949, 0.857117978, -0.511530076, -0.689575195, 0.335205078, 0.641967773, 0.721698144, 0.390994673, 0.571307608, 0, 0, -0, 0, 0, 0, 0, 0.280615674, 0.0365963867, -0.140876416, -0.0859003036, 0.63283787, -0.769451693, 0.185180664, -0.748657227, -0.636474609, -0.978818637, -0.197137401, -0.0527645511, 0, 2, 5, 1, 
412.864722, 57, 0.1, 0.1, 0.0210610958, 0.362999024, -0.0199692676, 0.777288066, -2.933489e-006, -0.629144867, 0.629144867, 1.20557394e-005, 0.777288065, 5.30464057e-006, -1, 1.12163719e-005, 0.7772885, 5.29860451e-006, -0.62914433, 0.62914433, 1.20806259e-005, 0.7772885, 1.17190016e-005, -1, 6.05654457e-006, 0, 0, 0, 0, 0, 0, 0, 0.230133374, 0.0202005371, -0.164159302, -0.0595880949, 0.857117978, -0.511530076, -0.689575195, 0.335205078, 0.641967773, 0.721698144, 0.390994673, 0.571307608, 0, 0, -0, 0, 0, 0, 0, 0.280615674, 0.0365963867, -0.140876416, -0.0859003036, 0.63283787, -0.769451693, 0.185180664, -0.748657227, -0.636474609, -0.978818637, -0.197137401, -0.0527645511, 0, 2, 5, 1, 
412.865566, 57, 0.1, 0.1, 0.0210611218, 0.362999013, -0.0199667338, 0.777285804, 4.73774985e-006, -0.629147661, 0.62914766, 1.94805305e-005, 0.777285804, 1.59387159e-005, -1, 1.21611956e-005, 0.777286317, 1.36654095e-005, -0.629147026, 0.629147026, -1.1461344e-006, 0.777286317, 9.90084875e-006, -1, -9.48842631e-006, 0, 0, 0, 0, 0, 0, 0, 0.230133374, 0.0202005371, -0.164159302, -0.0595880949, 0.857117978, -0.511530076, -0.689575195, 0.335205078, 0.641967773, 0.721698144, 0.390994673, 0.571307608, 0, 0, -0, 0, 0, 0, 0, 0.282090332, 0.0340207031, -0.141187305, -0.0910946861, 0.630082813, -0.770997831, 0.190795898, -0.748779297, -0.634521484, -0.977277962, -0.204791531, -0.0520678578, 0, 2, 5, 1, 
412.86637, 57, 0.1, 0.1, 0.0210611459, 0.362999003, -0.0199632993, 0.777283603, 1.28641836e-005, -0.62915038, 0.62915038, 1.73471849e-006, 0.777283603, 1.10905178e-005, -1, -6.74513777e-006, 0.777284035, 1.87323328e-006, -0.629149847, 0.629149847, -1.70131501e-005, 0.777284034, -9.24778646e-006, -1, -1.44025944e-005, 0, 0, 0, 0, 0, 0, 0, 0.230133374, 0.0202005371, -0.164159302, -0.0595880949, 0.857117978, -0.511530076, -0.689575195, 0.335205078, 0.641967773, 0.721698144, 0.390994673, 0.571307608, 0, 0, -0, 0, 0, 0, 0, 0.282090332, 0.0340207031, -0.141187305, -0.0910946861, 0.630082813, -0.770997831, 0.190795898, -0.748779297, -0.634521484, -0.977277962, -0.204791531, -0.0520678578, 0, 2, 5, 1, 
412.867161, 57, 0.1, 0.1, 0.0210611686, 0.362998995, -0.0199608876, 0.777281432, 2.56624818e-006, -0.629153062, 0.629153062, -1.87603924e-005, 0.777281432, -9.80846126e-006, -1, -1.61966676e-005, 0.777281864, -7.91736994e-006, -0.629152529, 0.629152528, -1.87291483e-005, 0.777281864, -1.7937519e-005, -1, -9.57659395e-006, 0, 0, 0, 0, 0, 0, 0, 0.230133374, 0.0202005371, -0.164159302, -0.0595880949, 0.857117978, -0.511530076, -0.689575195, 0.335205078, 0.641967773, 0.721698144, 0.390994673, 0.571307608, 0, 0, -0, 0, 0, 0, 0, 0.282090332, 0.0340207031, -0.141187305, -0.0910946861, 0.630082813, -0.770997831, 0.190795898, -0.748779297, -0.634521484, -0.977277962, -0.204791531, -0.0520678578, 0, 2, 5, 1, 
412.867967, 57, 0.1, 0.1, 0.0210611923, 0.362998987, -0.019960022, 0.777279183, -7.53640822e-006, -0.62915584, 0.62915584, -1.96394315e-005, 0.777279183, -1.82141562e-005, -1, -1.0523746e-005, 0.777279632, -1.64051381e-005, -0.629155286, 0.629155286, 1.36623415e-006, 0.777279632, -1.18918062e-005, -1, 1.13833253e-005, 0, 0, 0, 0, 0, 0, 0, 0.231827612, 0.017281543, -0.164174194, -0.0655865091, 0.856473201, -0.511809403, -0.691894531, 0.330566406, 0.641845703, 0.718940442, 0.396287657, 0.571104665, 0, 0, -0, 0, 0, 0, 0, 0.282090332, 0.0340207031, -0.141187305, -0.0910946861, 0.630082813, -0.770997831, 0.190795898, -0.748779297, -0.634521484, -0.977277962, -0.204791531, -0.0520678578, 0, 2, 5, 1, 
412.868761, 57, 0.1, 0.1, 0.021061216, 0.362998979, -0.0199609142, 0.777276935, -1.42180252e-005, -0.629158618, 0.629158618, 7.27457013e-007, 0.777276935, -1.05936572e-005, -1, 9.51082863e-006, 0.777277383, -2.83182598e-006, -0.629158064, 0.629158064, 2.02881489e-005, 0.777277383, 1.05633382e-005, -1, 1.75511855e-005, 0, 0, 0, 0, 0, 0, 0, 0.231827612, 0.017281543, -0.164174194, -0.0655865091, 0.856473201, -0.511809403, -0.691894531, 0.330566406, 0.641845703, 0.718940442, 0.396287657, 0.571104665, 0, 0, -0, 0, 0, 0, 0, 0.282090332, 0.0340207031, -0.141187305, -0.0910946861, 0.630082813, -0.770997831, 0.190795898, -0.748779297, -0.634521484, -0.977277962, -0.204791531, -0.0520678578, 0, 2, 5, 1, 
412.869551, 57, 0.1, 0.1, 0.0210612399, 0.36299897, -0.0199632281, 0.777274669, -1.53783974e-006, -0.629161417, 0.629161417, 1.8358102e-005, 0.777274669, 1.03548856e-005, -1, 1.52368371e-005, 0.777275122, 7.94859319e-006, -0.629160858, 0.629160857, 1.77551207e-005, 0.777275122, 1.73490707e-005, -1, 8.79966986e-006, 0, 0, 0, 0, 0, 0, 0, 0.231827612, 0.017281543, -0.164174194, -0.0655865091, 0.856473201, -0.511809403, -0.691894531, 0.330566406, 0.641845703, 0.718940442, 0.396287657, 0.571104665, 0, 0, -0, 0, 0, 0, 0, 0.282090332, 0.0340207031, -0.141187305, -0.0910946861, 0.630082813, -0.770997831, 0.190795898, -0.748779297, -0.634521484, -0.977277962, -0.204791531, -0.0520678578, 0, 2, 5, 1, 
412.870385, 57, 0.1, 0.1, 0.0210612643, 0.36299896, -0.019965798, 0.777272281, 8.50223694e-006, -0.629164367, 0.629164367, 1.74741565e-005, 0.777272281, 1.76026697e-005, -1, 8.23287292e-006, 0.777272731, 1.56275365e-005, -0.629163812, 0.629163812, -2.45086127e-007, 0.777272731, 1.19926586e-005, -1, -1.00227792e-005, 0, 0, 0, 0, 0, 0, 0, 0.23379856, 0.013875415, -0.164046411, -0.0705881833, 0.855047731, -0.513605932, -0.693359375, 0.328125, 0.641479492, 0.717013607, 0.401333514, 0.569906104, 0, 0, -0, 0, 0, 0, 0, 0.283882959, 0.0313881348, -0.140700684, -0.0949791707, 0.626835586, -0.773298264, 0.198852539, -0.749145508, -0.631713867, -0.975354127, -0.213602076, -0.0535370702, 0, 2, 5, 1, 
412.871175, 57, 0.1, 0.1, 0.0210612869, 0.362998951, -0.0199677328, 0.777270037, 1.36863718e-005, -0.629167139, 0.629167139, -2.30226131e-007, 0.777270037, 1.0493156e-005, -1, -8.7899633e-006, 0.777270476, 4.46144002e-006, -0.629166597, 0.629166597, -1.5790112e-005, 0.777270476, -6.46686541e-006, -1, -1.50801769e-005, 0, 0, 0, 0, 0, 0, 0, 0.23379856, 0.013875415, -0.164046411, -0.0705881833, 0.855047731, -0.513605932, -0.693359375, 0.328125, 0.641479492, 0.717013607, 0.401333514, 0.569906104, 0, 0, -0, 0, 0, 0, 0, 0.283882959, 0.0313881348, -0.140700684, -0.0949791707, 0.626835586, -0.773298264, 0.198852539, -0.749145508, -0.631713867, -0.975354127, -0.213602076, -0.0535370702, 0, 2, 5, 1, 
412.871964, 57, 0.1, 0.1, 0.0210613087, 0.362998943, -0.0199688045, 0.777267822, 3.06644648e-006, -0.629169877, 0.629169877, -1.59285517e-005, 0.777267821, -7.63831476e-006, -1, -1.43100665e-005, 0.777268259, -4.91194682e-006, -0.629169336, 0.629169336, -1.5693481e-005, 0.777268259, -1.36917574e-005, -1, -9.10759833e-006, 0, 0, 0, 0, 0, 0, 0, 0.23379856, 0.013875415, -0.164046411, -0.0705881833, 0.855047731, -0.513605932, -0.693359375, 0.328125, 0.641479492, 0.717013607, 0.401333514, 0.569906104, 0, 0, -0, 0, 0, 0, 0, 0.283882959, 0.0313881348, -0.140700684, -0.0949791707, 0.626835586, -0.773298264, 0.198852539, -0.749145508, -0.631713867, -0.975354127, -0.213602076, -0.0535370702, 0, 2, 5, 1, 
412.872755, 57, 0.1, 0.1, 0.0210613305, 0.362998935, -0.0199687091, 0.777265641, -5.76227308e-006, -0.629172571, 0.629172571, -1.68626261e-005, 0.777265641, -1.50883187e-005, -1, -9.48127574e-006, 0.777266076, -1.23957984e-005, -0.629172033, 0.629172033, -5.84743239e-007, 0.777266076, -1.00027377e-005, -1, 7.34458863e-006, 0, 0, 0, 0, 0, 0, 0, 0.23379856, 0.013875415, -0.164046411, -0.0705881833, 0.855047731, -0.513605932, -0.693359375, 0.328125, 0.641479492, 0.717013607, 0.401333514, 0.569906104, 0, 0, -0, 0, 0, 0, 0, 0.283882959, 0.0313881348, -0.140700684, -0.0949791707, 0.626835586, -0.773298264, 0.198852539, -0.749145508, -0.631713867, -0.975354127, -0.213602076, -0.0535370702, 0, 2, 5, 1, 
412.873547, 57, 0.1, 0.1, 0.0210613523, 0.362998927, -0.0199675366, 0.777263487, -1.35838463e-005, -0.629175231, 0.629175231, -5.31540634e-007, 0.777263487, -1.089266e-005, -1, 8.13347251e-006, 0.777263918, -3.94305992e-006, -0.629174699, 0.629174699, 1.57007872e-005, 0.777263918, 6.81373985e-006, -1, 1.46845289e-005, 0, 0, 0, 0, 0, 0, 0, 0.23379856, 0.013875415, -0.164046411, -0.0705881833, 0.855047731, -0.513605932, -0.693359375, 0.328125, 0.641479492, 0.717013607, 0.401333514, 0.569906104, 0, 0, -0, 0, 0, 0, 0, 0.283882959, 0.0313881348, -0.140700684, -0.0949791707, 0.626835586, -0.773298264, 0.198852539, -0.749145508, -0.631713867, -0.975354127, -0.213602076, -0.0535370702, 0, 2, 5, 1, 
412.87434, 57, 0.1, 0.1, 0.0210613742, 0.362998919, -0.0199657315, 0.77726134, -4.17439369e-006, -0.629177883, 0.629177883, 1.79332991e-005, 0.77726134, 8.03864032e-006, -1, 1.65652963e-005, 0.777261769, 4.93611058e-006, -0.629177354, 0.629177354, 1.78362786e-005, 0.777261769, 1.50588326e-005, -1, 1.07577684e-005, 0, 0, 0, 0, 0, 0, 0, 0.23379856, 0.013875415, -0.164046411, -0.0705881833, 0.855047731, -0.513605932, -0.693359375, 0.328125, 0.641479492, 0.717013607, 0.401333514, 0.569906104, 0, 0, -0, 0, 0, 0, 0, 0.283882959, 0.0313881348, -0.140700684, -0.0949791707, 0.626835586, -0.773298264, 0.198852539, -0.749145508, -0.631713867, -0.975354127, -0.213602076, -0.0535370702, 0, 2, 5, 1, 
412.875162, 57, 0.1, 0.1, 0.0210613965, 0.362998911, -0.0199636396, 0.777259111, 6.99850422e-006, -0.629180638, 0.629180637, 2.15860626e-005, 0.777259111, 1.90211838e-005, -1, 1.23746404e-005, 0.777259544, 1.50168105e-005, -0.629180102, 0.629180102, 2.52220738e-006, 0.777259544, 1.3258882e-005, -1, -7.48786862e-006, 0, 0, 0, 0, 0, 0, 0, 0.235486694, 0.0111653809, -0.1638604, -0.0767071649, 0.85409854, -0.514304249, -0.695556641, 0.323730469, 0.641357422, 0.714275, 0.407045488, 0.569398747, 0, 0, -0, 0, 0, 0, 0, 0.285703906, 0.0287836426, -0.140406055, -0.0985249701, 0.624112246, -0.774915131, 0.207397461, -0.748779297, -0.629394531, -0.973149208, -0.222725785, -0.0556708932, 0, 2, 5, 1, 
412.87596, 57, 0.1, 0.1, 0.0210614175, 0.362998902, -0.0199621024, 0.777256928, 1.51692047e-005, -0.629183333, 0.629183334, 1.54666494e-006, 0.777256928, 1.27635052e-005, -1, -8.34205473e-006, 0.77725736, 4.11828682e-006, -0.6291828, 0.6291828, -1.70504184e-005, 0.77725736, -7.52686127e-006, -1, -1.58437185e-005, 0, 0, 0, 0, 0, 0, 0, 0.235486694, 0.0111653809, -0.1638604, -0.0767071649, 0.85409854, -0.514304249, -0.695556641, 0.323730469, 0.641357422, 0.714275, 0.407045488, 0.569398747, 0, 0, -0, 0, 0, 0, 0, 0.285703906, 0.0287836426, -0.140406055, -0.0985249701, 0.624112246, -0.774915131, 0.207397461, -0.748779297, -0.629394531, -0.973149208, -0.222725785, -0.0556708932, 0, 2, 5, 1, 
412.876753, 57, 0.1, 0.1, 0.0210614376, 0.362998895, -0.0199617364, 0.777254726, 3.2430224e-006, -0.629186054, 0.629186054, -1.91728611e-005, 0.777254726, -9.54264235e-006, -1, -1.69426614e-005, 0.77725517, -6.85976161e-006, -0.629185505, 0.629185505, -1.8644798e-005, 0.77725517, -1.70628219e-005, -1, -1.01757031e-005, 0, 0, 0, 0, 0, 0, 0, 0.235486694, 0.0111653809, -0.1638604, -0.0767071649, 0.85409854, -0.514304249, -0.695556641, 0.323730469, 0.641357422, 0.714275, 0.407045488, 0.569398747, 0, 0, -0, 0, 0, 0, 0, 0.285703906, 0.0287836426, -0.140406055, -0.0985249701, 0.624112246, -0.774915131, 0.207397461, -0.748779297, -0.629394531, -0.973149208, -0.222725785, -0.0556708932, 0, 2, 5, 1, 
412.877544, 57, 0.1, 0.1, 0.021061458, 0.362998888, -0.0199626157, 0.77725251, -7.06053073e-006, -0.629188791, 0.629188791, -2.01352502e-005, 0.77725251, -1.81566889e-005, -1, -1.12077669e-005, 0.777252953, -1.48558794e-005, -0.629188244, 0.629188244, -6.18147624e-007, 0.777252953, -1.19357073e-005, -1, 8.86668759e-006, 0, 0, 0, 0, 0, 0, 0, 0.235486694, 0.0111653809, -0.1638604, -0.0767071649, 0.85409854, -0.514304249, -0.695556641, 0.323730469, 0.641357422, 0.714275, 0.407045488, 0.569398747, 0, 0, -0, 0, 0, 0, 0, 0.285703906, 0.0287836426, -0.140406055, -0.0985249701, 0.624112246, -0.774915131, 0.207397461, -0.748779297, -0.629394531, -0.973149208, -0.222725785, -0.0556708932, 0, 2, 5, 1, 
412.878336, 57, 0.1, 0.1, 0.0210614785, 0.36299888, -0.0199643352, 0.77725028, -1.38903801e-005, -0.629191546, 0.629191546, -6.92721234e-007, 0.77725028, -1.12321562e-005, -1, 8.20129196e-006, 0.777250721, -3.43886506e-006, -0.629191001, 0.629191001, 1.66015527e-005, 0.777250721, 7.77268725e-006, -1, 1.50672718e-005, 0, 0, 0, 0, 0, 0, 0, 0.235486694, 0.0111653809, -0.1638604, -0.0767071649, 0.85409854, -0.514304249, -0.695556641, 0.323730469, 0.641357422, 0.714275, 0.407045488, 0.569398747, 0, 0, -0, 0, 0, 0, 0, 0.285703906, 0.0287836426, -0.140406055, -0.0985249701, 0.624112246, -0.774915131, 0.207397461, -0.748779297, -0.629394531, -0.973149208, -0.222725785, -0.0556708932, 0, 2, 5, 1, 
412.879127, 57, 0.1, 0.1, 0.0210614991, 0.362998873, -0.0199662959, 0.777248055, -2.91954388e-006, -0.629194295, 0.629194295, 1.70050632e-005, 0.777248055, 8.43027895e-006, -1, 1.50541127e-005, 0.777248497, 5.7996606e-006, -0.629193749, 0.629193749, 1.62051486e-005, 0.777248497, 1.47039557e-005, -1, 8.94631716e-006, 0, 0, 0, 0, 0, 0, 0, 0.235486694, 0.0111653809, -0.1638604, -0.0767071649, 0.85409854, -0.514304249, -0.695556641, 0.323730469, 0.641357422, 0.714275, 0.407045488, 0.569398747, 0, 0, -0, 0, 0, 0, 0, 0.285703906, 0.0287836426, -0.140406055, -0.0985249701, 0.624112246, -0.774915131, 0.207397461, -0.748779297, -0.629394531, -0.973149208, -0.222725785, -0.0556708932, 0, 2, 5, 1, 
412.87995, 57, 0.1, 0.1, 0.02106152, 0.362998864, -0.0199676444, 0.777245757, 7.13366222e-006, -0.629197133, 0.629197133, 2.02043266e-005, 0.777245757, 1.8257113e-005, -1, 1.12152473e-005, 0.7772462, 1.40745408e-005, -0.629196586, 0.629196586, 3.12013266e-006, 0.7772462, 1.29025602e-005, -1, -6.43054176e-006, 0, 0, 0, 0, 0, 0, 0, 0.237197046, 0.00825603027, -0.164071313, -0.0824764271, 0.853725977, -0.513993843, -0.696289062, 0.319580078, 0.642578125, 0.712964107, 0.410935847, 0.568237256, 0, 0, -0, 0, 0, 0, 0, 0.28735459, 0.0262775391, -0.139863525, -0.101182679, 0.622488082, -0.775982592, 0.215332031, -0.747802734, -0.627929687, -0.971219176, -0.230629282, -0.0583606848, 0, 2, 5, 1, 
412.880746, 57, 0.1, 0.1, 0.0210615398, 0.362998857, -0.0199678963, 0.777243564, 1.36710906e-005, -0.629199843, 0.629199843, 4.25529288e-006, 0.777243564, 1.33031968e-005, -1, -5.29444906e-006, 0.777244014, 3.98336721e-006, -0.629199286, 0.629199286, -1.20770394e-005, 0.777244014, -4.50281629e-006, -1, -1.18931384e-005, 0, 0, 0, 0, 0, 0, 0, 0.237197046, 0.00825603027, -0.164071313, -0.0824764271, 0.853725977, -0.513993843, -0.696289062, 0.319580078, 0.642578125, 0.712964107, 0.410935847, 0.568237256, 0, 0, -0, 0, 0, 0, 0, 0.28735459, 0.0262775391, -0.139863525, -0.101182679, 0.622488082, -0.775982592, 0.215332031, -0.747802734, -0.627929687, -0.971219176, -0.230629282, -0.0583606848, 0, 2, 5, 1, 
412.88154, 57, 0.1, 0.1, 0.0210615588, 0.362998851, -0.0199672248, 0.777241386, 3.35468311e-006, -0.629202533, 0.629202533, -1.47492261e-005, 0.777241386, -6.6728519e-006, -1, -1.35744841e-005, 0.77724182, -5.14764928e-006, -0.629201998, 0.629201997, -1.39462359e-005, 0.77724182, -1.27759678e-005, -1, -7.60068656e-006, 0, 0, 0, 0, 0, 0, 0, 0.237197046, 0.00825603027, -0.164071313, -0.0824764271, 0.853725977, -0.513993843, -0.696289062, 0.319580078, 0.642578125, 0.712964107, 0.410935847, 0.568237256, 0, 0, -0, 0, 0, 0, 0, 0.28735459, 0.0262775391, -0.139863525, -0.101182679, 0.622488082, -0.775982592, 0.215332031, -0.747802734, -0.627929687, -0.971219176, -0.230629282, -0.0583606848, 0, 2, 5, 1, 
