time, trialNum, realDorsalTactorPos, realVentralTactorPos, boxPosX, boxPosY, boxPosZ, boxLocalRot_11, boxLocalRot_12, boxLocalRot_13, boxLocalRot_21, boxLocalRot_22, boxLocalRot_23, boxLocalRot_31, boxLocalRot_32, boxLocalRot_33, boxGlobalRot_11, boxGlobalRot_12, boxGlobalRot_13, boxGlobalRot_21, boxGlobalRot_22, boxGlobalRot_23, boxGlobalRot_31, boxGlobalRot_32, boxGlobalRot_33, indexForceX, indexForceY, indexForceZ, indexForceGlobalX, indexForceGlobalY, indexForceGlobalZ, indexContact, indexPosX, indexPosY, indexPosZ, indexRot_11, indexRot_12, indexRot_13, indexRot_21, indexRot_22, indexRot_23, indexRot_31, indexRot_32, indexRot_33, thumbForceX, thumbForceY, thumbForceZ, thumbForceGlobalX, thumbForceGlobalY, thumbForceGlobalZ, thumbContact, thumbPosX, thumbPosY, thumbPosZ, thumbRot_11, thumbRot_12, thumbRot_13, thumbRot_21, thumbRot_22, thumbRot_23, thumbRot_31, thumbRot_32, thumbRot_33, manipForceTooHigh, cceExpType, mapping, trialSuccess, 
428.651818, 60, 0.1, 0.1, -0.0143469403, 0.376068987, -0.0199638246, 0.998606568, 0.0527723623, 1.83079445e-005, -0.0527723626, 0.998606568, 1.5190137e-005, -1.74808142e-005, -1.6135124e-005, 1, 0.998606597, 0.0527718197, 1.07002323e-005, -0.05277182, 0.998606596, 2.28641587e-005, -9.4787393e-006, -2.33969704e-005, 1, 0, 0, 0, 0, 0, 0, 0, 0.2660573, -0.00615412598, -0.22179541, -0.160356662, 0.433848533, -0.88649724, -0.96496582, 0.119628906, 0.233032227, 0.207201736, 0.892953984, 0.399703247, 0, 0, 0, 0, 0, 0, 0, 0.295188965, 0.0490632324, -0.191130957, -0.255470181, 0.344931071, -0.903070969, 0.356079102, -0.834838867, -0.419677734, -0.898815209, -0.428818411, 0.0904249084, 0, 2, 5, 1, 
428.662251, 60, 0.1, 0.1, -0.014347032, 0.376067561, -0.0199517307, 0.998605816, 0.0527865866, -4.84540045e-006, -0.0527865867, 0.998605816, -2.46100854e-005, 3.53956267e-006, 2.48315466e-005, 1, 0.998605821, 0.0527864931, 1.03988091e-005, -0.0527864929, 0.998605821, -2.51466736e-005, -1.17117161e-005, 2.4562698e-005, 1, 0, 0, 0, 0, 0, 0, 0, 0.27969939, -0.0255858398, -0.215147339, -0.154708707, 0.43357632, -0.887669592, -0.96875, 0.109619141, 0.222412109, 0.19370081, 0.894356609, 0.403225912, 0, 0, 0, 0, 0, 0, 0, 0.306223193, 0.0332547363, -0.187426221, -0.250697239, 0.321628894, -0.912999281, 0.359741211, -0.844604492, -0.396362305, -0.898681781, -0.427830773, 0.0961322498, 0, 2, 5, 1, 
428.663028, 60, 0.1, 0.1, -0.0143470389, 0.376067469, -0.0199590559, 0.99860579, 0.0527870838, -2.17209826e-005, -0.0527870833, 0.99860579, 2.03883933e-005, 2.27669428e-005, -1.92133803e-005, 1, 0.998605794, 0.0527870063, 5.22461638e-006, -0.0527870065, 0.998605793, 3.54094477e-005, -3.34817344e-006, -3.56358715e-005, 0.999999999, 0, 0, 0, 0, 0, 0, 0, 0.27969939, -0.0255858398, -0.215147339, -0.154708707, 0.43357632, -0.887669592, -0.96875, 0.109619141, 0.222412109, 0.19370081, 0.894356609, 0.403225912, 0, 0, 0, 0, 0, 0, 0, 0.306223193, 0.0332547363, -0.187426221, -0.250697239, 0.321628894, -0.912999281, 0.359741211, -0.844604492, -0.396362305, -0.898681781, -0.427830773, 0.0961322498, 0, 2, 5, 1, 
428.663807, 60, 0.1, 0.1, -0.0143470429, 0.376067388, -0.0199679192, 0.998605793, 0.0527870119, 2.52297931e-005, -0.052787012, 0.998605794, 2.30477816e-006, -2.50729553e-005, -3.63337022e-006, 1, 0.99860579, 0.0527870792, 1.00274743e-005, -0.052787079, 0.99860579, -1.7765868e-005, -1.09513022e-005, 1.72117775e-005, 1, 0, 0, 0, 0, 0, 0, 0, 0.27969939, -0.0255858398, -0.215147339, -0.154708707, 0.43357632, -0.887669592, -0.96875, 0.109619141, 0.222412109, 0.19370081, 0.894356609, 0.403225912, 0, 0, 0, 0, 0, 0, 0, 0.306223193, 0.0332547363, -0.187426221, -0.250697239, 0.321628894, -0.912999281, 0.359741211, -0.844604492, -0.396362305, -0.898681781, -0.427830773, 0.0961322498, 0, 2, 5, 1, 
428.664619, 60, 0.1, 0.1, -0.0143470481, 0.376067305, -0.0199752922, 0.998605815, 0.0527865853, -4.28389648e-005, -0.0527865864, 0.998605816, -2.39034814e-005, 4.15174563e-005, 2.61314783e-005, 0.999999999, 0.998605812, 0.0527866677, -2.7207295e-005, -0.0527866681, 0.998605812, -1.55770696e-005, 2.63471014e-005, 1.69915346e-005, 1, 0, 0, 0, 0, 0, 0, 0, 0.282402832, -0.029356543, -0.214021729, -0.154157167, 0.43405859, -0.88753592, -0.968994141, 0.108520508, 0.221435547, 0.192501127, 0.894280225, 0.404069884, 0, 0, 0, 0, 0, 0, 0, 0.308925537, 0.0297326172, -0.186637012, -0.250505475, 0.315788858, -0.915158623, 0.361083984, -0.846435547, -0.390991211, -0.898170655, -0.428321843, 0.0979919198, 0, 2, 5, 1, 
428.665399, 60, 0.1, 0.1, -0.0143470486, 0.376067226, -0.0199785673, 0.998605832, 0.0527862795, 1.65202216e-005, -0.0527862799, 0.998605832, 2.57908079e-005, -1.51357888e-005, -2.66268922e-005, 1, 0.998605831, 0.0527863034, -1.01741061e-005, -0.0527863033, 0.998605831, 1.52549663e-005, 1.0965175e-005, -1.46966448e-005, 1, 0, 0, 0, 0, 0, 0, 0, 0.282402832, -0.029356543, -0.214021729, -0.154157167, 0.43405859, -0.88753592, -0.968994141, 0.108520508, 0.221435547, 0.192501127, 0.894280225, 0.404069884, 0, 0, 0, 0, 0, 0, 0, 0.308925537, 0.0297326172, -0.186637012, -0.250505475, 0.315788858, -0.915158623, 0.361083984, -0.846435547, -0.390991211, -0.898170655, -0.428321843, 0.0979919198, 0, 2, 5, 1, 
428.66618, 60, 0.1, 0.1, -0.0143470621, 0.376067145, -0.0199775075, 0.998605826, 0.0527863936, 1.70304646e-005, -0.0527863934, 0.998605826, -1.15412865e-005, -1.76159441e-005, 1.06262191e-005, 1, 0.998605829, 0.0527863344, 3.39078228e-005, -0.0527863343, 0.99860583, -3.25049499e-006, -3.40321312e-005, 1.45609357e-006, 0.999999999, 0, 0, 0, 0, 0, 0, 0, 0.282402832, -0.029356543, -0.214021729, -0.154157167, 0.43405859, -0.88753592, -0.968994141, 0.108520508, 0.221435547, 0.192501127, 0.894280225, 0.404069884, 0, 0, 0, 0, 0, 0, 0, 0.308925537, 0.0297326172, -0.186637012, -0.250505475, 0.315788858, -0.915158623, 0.361083984, -0.846435547, -0.390991211, -0.898170655, -0.428321843, 0.0979919198, 0, 2, 5, 1, 
428.666962, 60, 0.1, 0.1, -0.014347064, 0.376067065, -0.0199727577, 0.998605795, 0.0527869978, -6.76645711e-006, -0.0527869977, 0.998605794, 1.53488446e-005, 7.5672427e-006, -1.49702642e-005, 1, 0.998605802, 0.0527868555, -2.09949444e-005, -0.0527868551, 0.998605802, 1.96282524e-005, 2.2001787e-005, -1.84926296e-005, 1, 0, 0, 0, 0, 0, 0, 0, 0.282402832, -0.029356543, -0.214021729, -0.154157167, 0.43405859, -0.88753592, -0.968994141, 0.108520508, 0.221435547, 0.192501127, 0.894280225, 0.404069884, 0, 0, 0, 0, 0, 0, 0, 0.308925537, 0.0297326172, -0.186637012, -0.250505475, 0.315788858, -0.915158623, 0.361083984, -0.846435547, -0.390991211, -0.898170655, -0.428321843, 0.0979919198, 0, 2, 5, 1, 
428.667739, 60, 0.1, 0.1, -0.0143470731, 0.376066994, -0.0199661933, 0.998605745, 0.0527879272, -5.69485051e-006, -0.0527879273, 0.998605745, -1.83158993e-005, 4.72005208e-006, 1.85909816e-005, 1, 0.998605756, 0.0527877263, 1.53852354e-005, -0.0527877258, 0.998605756, -3.2910361e-005, -1.71010477e-005, 3.20523243e-005, 0.999999999, 0, 0, 0, 0, 0, 0, 0, 0.282402832, -0.029356543, -0.214021729, -0.154157167, 0.43405859, -0.88753592, -0.968994141, 0.108520508, 0.221435547, 0.192501127, 0.894280225, 0.404069884, 0, 0, 0, 0, 0, 0, 0, 0.308925537, 0.0297326172, -0.186637012, -0.250505475, 0.315788858, -0.915158623, 0.361083984, -0.846435547, -0.390991211, -0.898170655, -0.428321843, 0.0979919198, 0, 2, 5, 1, 
428.668516, 60, 0.1, 0.1, -0.0143470782, 0.376066917, -0.0199601039, 0.998605677, 0.0527892137, -3.21645662e-006, -0.0527892138, 0.998605677, -2.70974188e-005, 1.78152041e-006, 2.72294305e-005, 1, 0.998605692, 0.0527889349, 9.63574872e-006, -0.0527889349, 0.998605692, 6.49135968e-007, -9.58804633e-006, -1.15689178e-006, 1, 0, 0, 0, 0, 0, 0, 0, 0.282402832, -0.029356543, -0.214021729, -0.154157167, 0.43405859, -0.88753592, -0.968994141, 0.108520508, 0.221435547, 0.192501127, 0.894280225, 0.404069884, 0, 0, 0, 0, 0, 0, 0, 0.308925537, 0.0297326172, -0.186637012, -0.250505475, 0.315788858, -0.915158623, 0.361083984, -0.846435547, -0.390991211, -0.898170655, -0.428321843, 0.0979919198, 0, 2, 5, 1, 
428.669325, 60, 0.1, 0.1, -0.0143470844, 0.376066841, -0.0199560066, 0.998605604, 0.0527905899, 1.82376269e-005, -0.0527905905, 0.998605604, 3.28140055e-005, -1.64799257e-005, -3.37310249e-005, 0.999999999, 0.998605618, 0.0527903343, 1.46897561e-005, -0.0527903345, 0.998605618, 1.72626718e-005, -1.37579708e-005, -1.80140781e-005, 1, 0, 0, 0, 0, 0, 0, 0, 0.284657104, -0.0329040039, -0.212672876, -0.153643818, 0.434540859, -0.887402248, -0.969360352, 0.107421875, 0.220458984, 0.19106031, 0.894203841, 0.404913856, 0, 0, 0, 0, 0, 0, 0, 0.311191406, 0.0264435059, -0.185611377, -0.250205069, 0.310242664, -0.917049643, 0.362792969, -0.848144531, -0.385864258, -0.897525367, -0.429272999, 0.0996343063, 0, 2, 5, 1, 
428.670104, 60, 0.1, 0.1, -0.0143470861, 0.376066768, -0.0199554255, 0.998605557, 0.0527914813, -6.09056045e-006, -0.0527914815, 0.998605557, -2.79215359e-005, 4.60804827e-006, 2.82041306e-005, 1, 0.998605563, 0.0527913651, -2.76808575e-005, -0.0527913659, 0.998605563, -2.87746939e-005, 2.61232029e-005, 3.01958797e-005, 0.999999999, 0, 0, 0, 0, 0, 0, 0, 0.284657104, -0.0329040039, -0.212672876, -0.153643818, 0.434540859, -0.887402248, -0.969360352, 0.107421875, 0.220458984, 0.19106031, 0.894203841, 0.404913856, 0, 0, 0, 0, 0, 0, 0, 0.311191406, 0.0264435059, -0.185611377, -0.250205069, 0.310242664, -0.917049643, 0.362792969, -0.848144531, -0.385864258, -0.897525367, -0.429272999, 0.0996343063, 0, 2, 5, 1, 
428.670881, 60, 0.1, 0.1, -0.0143470995, 0.37606669, -0.0199583217, 0.99860555, 0.0527916276, 1.05711501e-005, -0.0527916278, 0.99860555, 2.24771336e-005, -9.36980469e-006, -2.30038586e-005, 1, 0.998605549, 0.0527916362, 3.91212897e-005, -0.0527916376, 0.998605549, 3.57927898e-005, -3.7177177e-005, -3.78081555e-005, 0.999999999, 0, 0, 0, 0, 0, 0, 0, 0.284657104, -0.0329040039, -0.212672876, -0.153643818, 0.434540859, -0.887402248, -0.969360352, 0.107421875, 0.220458984, 0.19106031, 0.894203841, 0.404913856, 0, 0, 0, 0, 0, 0, 0, 0.311191406, 0.0264435059, -0.185611377, -0.250205069, 0.310242664, -0.917049643, 0.362792969, -0.848144531, -0.385864258, -0.897525367, -0.429272999, 0.0996343063, 0, 2, 5, 1, 
428.671672, 60, 0.1, 0.1, -0.0143470935, 0.376066618, -0.0199636302, 0.99860555, 0.052791605, -3.78421214e-005, -0.0527916044, 0.998605551, 1.76683124e-005, 3.87220911e-005, -1.56459285e-005, 0.999999999, 0.99860555, 0.0527915969, -6.01954768e-005, -0.0527915974, 0.998605551, -6.72463888e-006, 5.97565329e-005, 9.89307708e-006, 0.999999998, 0, 0, 0, 0, 0, 0, 0, 0.284657104, -0.0329040039, -0.212672876, -0.153643818, 0.434540859, -0.887402248, -0.969360352, 0.107421875, 0.220458984, 0.19106031, 0.894203841, 0.404913856, 0, 0, 0, 0, 0, 0, 0, 0.311191406, 0.0264435059, -0.185611377, -0.249598061, 0.305444202, -0.918915143, 0.363525391, -0.849853516, -0.381225586, -0.897461568, -0.429163625, 0.10103389, 0, 2, 5, 1, 
428.672452, 60, 0.1, 0.1, -0.0143471093, 0.376066546, -0.0199691229, 0.998605515, 0.0527922387, 7.39473561e-005, -0.0527922366, 0.998605517, -2.99790321e-005, -7.5426898e-005, 2.60333804e-005, 0.999999997, 0.998605524, 0.0527920567, 7.37163739e-005, -0.0527920555, 0.998605527, -1.76823967e-005, -7.45470685e-005, 1.37661002e-005, 0.999999997, 0, 0, 0, 0, 0, 0, 0, 0.284657104, -0.0329040039, -0.212672876, -0.153643818, 0.434540859, -0.887402248, -0.969360352, 0.107421875, 0.220458984, 0.19106031, 0.894203841, 0.404913856, 0, 0, 0, 0, 0, 0, 0, 0.31324209, 0.0230029297, -0.18458916, -0.249598061, 0.305444202, -0.918915143, 0.363525391, -0.849853516, -0.381225586, -0.897461568, -0.429163625, 0.10103389, 0, 2, 5, 1, 
428.673231, 60, 0.1, 0.1, -0.0143471159, 0.376066474, -0.0199732158, 0.998605461, 0.0527932794, -5.48554146e-005, -0.0527932771, 0.998605462, 4.21795652e-005, 5.70057142e-005, -3.9224747e-005, 0.999999998, 0.998605473, 0.0527930746, -2.74097762e-005, -0.0527930739, 0.998605473, 2.46654618e-005, 2.8673718e-005, -2.31840188e-005, 0.999999999, 0, 0, 0, 0, 0, 0, 0, 0.284657104, -0.0329040039, -0.212672876, -0.153643818, 0.434540859, -0.887402248, -0.969360352, 0.107421875, 0.220458984, 0.19106031, 0.894203841, 0.404913856, 0, 0, 0, 0, 0, 0, 0, 0.31324209, 0.0230029297, -0.18458916, -0.249598061, 0.305444202, -0.918915143, 0.363525391, -0.849853516, -0.381225586, -0.897461568, -0.429163625, 0.10103389, 0, 2, 5, 1, 
428.674027, 60, 0.1, 0.1, -0.0143471071, 0.376066396, -0.0199746214, 0.998605417, 0.0527941206, -3.22423571e-005, -0.052794121, 0.998605418, -1.14952388e-005, 3.15905115e-005, 1.31814146e-005, 0.999999999, 0.998605424, 0.0527939735, -5.59257301e-005, -0.0527939726, 0.998605426, 1.59540907e-005, 5.66900173e-005, -1.29793e-005, 0.999999998, 0, 0, 0, 0, 0, 0, 0, 0.286591089, -0.0364175293, -0.211735962, -0.155084636, 0.435708341, -0.886608451, -0.969238281, 0.105957031, 0.221679688, 0.190546961, 0.893771746, 0.40602405, 0, 0, 0, 0, 0, 0, 0, 0.31324209, 0.0230029297, -0.18458916, -0.249598061, 0.305444202, -0.918915143, 0.363525391, -0.849853516, -0.381225586, -0.897461568, -0.429163625, 0.10103389, 0, 2, 5, 1, 
428.674805, 60, 0.1, 0.1, -0.0143471181, 0.376066333, -0.019973008, 0.998605404, 0.0527943718, 3.37862256e-005, -0.0527943719, 0.998605405, -5.4744426e-007, -3.37680095e-005, -1.23704176e-006, 0.999999999, 0.998605405, 0.0527943563, 4.04439973e-005, -0.0527943554, 0.998605405, -2.17696993e-005, -4.15369116e-005, 1.96041246e-005, 0.999999999, 0, 0, 0, 0, 0, 0, 0, 0.286591089, -0.0364175293, -0.211735962, -0.155084636, 0.435708341, -0.886608451, -0.969238281, 0.105957031, 0.221679688, 0.190546961, 0.893771746, 0.40602405, 0, 0, 0, 0, 0, 0, 0, 0.31324209, 0.0230029297, -0.18458916, -0.249598061, 0.305444202, -0.918915143, 0.363525391, -0.849853516, -0.381225586, -0.897461568, -0.429163625, 0.10103389, 0, 2, 5, 1, 
428.675599, 60, 0.1, 0.1, -0.0143471198, 0.376066263, -0.0199691383, 0.998605423, 0.0527940223, -2.37041911e-005, -0.0527940228, 0.998605423, -2.36735151e-005, 2.24213137e-005, 2.48919401e-005, 0.999999999, 0.998605416, 0.0527941443, -3.12690094e-005, -0.0527941448, 0.998605417, -1.46795378e-005, 3.04504085e-005, 1.63098865e-005, 0.999999999, 0, 0, 0, 0, 0, 0, 0, 0.286591089, -0.0364175293, -0.211735962, -0.155084636, 0.435708341, -0.886608451, -0.969238281, 0.105957031, 0.221679688, 0.190546961, 0.893771746, 0.40602405, 0, 0, 0, 0, 0, 0, 0, 0.31324209, 0.0230029297, -0.18458916, -0.249598061, 0.305444202, -0.918915143, 0.363525391, -0.849853516, -0.381225586, -0.897461568, -0.429163625, 0.10103389, 0, 2, 5, 1, 
428.676537, 60, 0.1, 0.1, -0.0143471361, 0.376066182, -0.0199618024, 0.998605462, 0.0527932771, 4.09918027e-005, -0.0527932772, 0.998605463, 1.498589e-006, -4.08555227e-005, -3.66059076e-006, 0.999999999, 0.998605455, 0.0527933836, 5.68267264e-005, -0.0527933835, 0.998605457, -4.29599826e-006, -5.69742794e-005, 1.28993214e-006, 0.999999998, 0, 0, 0, 0, 0, 0, 0, 0.288876611, -0.0400219971, -0.210199023, -0.153924267, 0.435042225, -0.887109816, -0.969848633, 0.104736328, 0.219726563, 0.188509298, 0.894248025, 0.405979867, 0, 0, 0, 0, 0, 0, 0, 0.31324209, 0.0230029297, -0.18458916, -0.247725998, 0.299962174, -0.92121521, 0.364135742, -0.852172852, -0.375488281, -0.897755777, -0.428389639, 0.101896827, 0, 2, 5, 1, 
428.677316, 60, 0.1, 0.1, -0.0143471329, 0.376066113, -0.0199568343, 0.998605475, 0.0527930081, -5.16340432e-005, -0.0527930074, 0.998605477, 1.42461622e-005, 5.23141361e-005, -1.15003792e-005, 0.999999999, 0.998605473, 0.0527930376, -5.99963687e-005, -0.0527930362, 0.998605475, 2.55054935e-005, 6.12592148e-005, -2.2302535e-005, 0.999999998, 0, 0, 0, 0, 0, 0, 0, 0.288876611, -0.0400219971, -0.210199023, -0.153924267, 0.435042225, -0.887109816, -0.969848633, 0.104736328, 0.219726563, 0.188509298, 0.894248025, 0.405979867, 0, 0, 0, 0, 0, 0, 0, 0.315368945, 0.0193078613, -0.183160498, -0.247725998, 0.299962174, -0.92121521, 0.364135742, -0.852172852, -0.375488281, -0.897755777, -0.428389639, 0.101896827, 0, 2, 5, 1, 
428.678094, 60, 0.1, 0.1, -0.0143471415, 0.376066049, -0.0199552498, 0.998605503, 0.0527924955, 2.95123652e-005, -0.0527924958, 0.998605504, 1.05977436e-005, -2.8911729e-005, -1.21409965e-005, 1, 0.998605495, 0.0527926467, 4.0256501e-005, -0.0527926469, 0.998605496, 4.11106828e-006, -3.9983329e-005, -6.23058262e-006, 0.999999999, 0, 0, 0, 0, 0, 0, 0, 0.288876611, -0.0400219971, -0.210199023, -0.153924267, 0.435042225, -0.887109816, -0.969848633, 0.104736328, 0.219726563, 0.188509298, 0.894248025, 0.405979867, 0, 0, 0, 0, 0, 0, 0, 0.315368945, 0.0193078613, -0.183160498, -0.247725998, 0.299962174, -0.92121521, 0.364135742, -0.852172852, -0.375488281, -0.897755777, -0.428389639, 0.101896827, 0, 2, 5, 1, 
428.678873, 60, 0.1, 0.1, -0.0143471362, 0.376065986, -0.0199573188, 0.998605544, 0.052791713, -5.68360605e-005, -0.0527917132, 0.998605545, -1.92522762e-006, 5.66551691e-005, 4.92301598e-006, 0.999999998, 0.998605536, 0.0527918425, -6.86184608e-005, -0.0527918441, 0.998605538, -2.13457749e-005, 6.73958922e-005, 2.49385041e-005, 0.999999997, 0, 0, 0, 0, 0, 0, 0, 0.288876611, -0.0400219971, -0.210199023, -0.153924267, 0.435042225, -0.887109816, -0.969848633, 0.104736328, 0.219726563, 0.188509298, 0.894248025, 0.405979867, 0, 0, 0, 0, 0, 0, 0, 0.315368945, 0.0193078613, -0.183160498, -0.247725998, 0.299962174, -0.92121521, 0.364135742, -0.852172852, -0.375488281, -0.897755777, -0.428389639, 0.101896827, 0, 2, 5, 1, 
428.679652, 60, 0.1, 0.1, -0.0143471455, 0.376065914, -0.0199620894, 0.998605555, 0.052791523, 3.91046573e-005, -0.0527915235, 0.998605555, 9.99845947e-006, -3.85222941e-005, -1.20489116e-005, 0.999999999, 0.998605555, 0.052791503, 4.50688866e-005, -0.0527915045, 0.998605556, 3.41763308e-005, -4.32018206e-005, -3.65079281e-005, 0.999999998, 0, 0, 0, 0, 0, 0, 0, 0.288876611, -0.0400219971, -0.210199023, -0.153924267, 0.435042225, -0.887109816, -0.969848633, 0.104736328, 0.219726563, 0.188509298, 0.894248025, 0.405979867, 0, 0, 0, 0, 0, 0, 0, 0.315368945, 0.0193078613, -0.183160498, -0.247725998, 0.299962174, -0.92121521, 0.364135742, -0.852172852, -0.375488281, -0.897755777, -0.428389639, 0.101896827, 0, 2, 5, 1, 
428.680428, 60, 0.1, 0.1, -0.0143471467, 0.376065859, -0.0199678019, 0.998605531, 0.0527919798, -2.4872989e-005, -0.0527919805, 0.998605531, -2.9814743e-005, 2.32643251e-005, 3.10862616e-005, 0.999999999, 0.998605537, 0.0527918641, -3.22737128e-005, -0.0527918656, 0.998605536, -4.63977066e-005, 2.97792868e-005, 4.80367962e-005, 0.999999998, 0, 0, 0, 0, 0, 0, 0, 0.288876611, -0.0400219971, -0.210199023, -0.153924267, 0.435042225, -0.887109816, -0.969848633, 0.104736328, 0.219726563, 0.188509298, 0.894248025, 0.405979867, 0, 0, 0, 0, 0, 0, 0, 0.315368945, 0.0193078613, -0.183160498, -0.247725998, 0.299962174, -0.92121521, 0.364135742, -0.852172852, -0.375488281, -0.897755777, -0.428389639, 0.101896827, 0, 2, 5, 1, 
428.681237, 60, 0.1, 0.1, -0.0143471584, 0.376065783, -0.0199725524, 0.998605498, 0.0527925894, 4.33868255e-005, -0.0527925924, 0.998605496, 7.12086767e-005, -3.9567032e-005, -7.33998791e-005, 0.999999997, 0.998605504, 0.0527924774, 4.70898323e-005, -0.0527924806, 0.998605502, 7.01089101e-005, -4.33229425e-005, -7.24971326e-005, 0.999999996, 0, 0, 0, 0, 0, 0, 0, 0.291554053, -0.0426724609, -0.208623633, -0.153641192, 0.435581783, -0.88696304, -0.970947266, 0.0999755859, 0.217163086, 0.183273602, 0.894533343, 0.407686907, 0, 0, 0, 0, 0, 0, 0, 0.315368945, 0.0193078613, -0.183160498, -0.245406608, 0.295943161, -0.923106596, 0.365844727, -0.853515625, -0.370849609, -0.897634742, -0.428689312, 0.101207064, 0, 2, 5, 1, 
428.682016, 60, 0.1, 0.1, -0.0143471598, 0.376065718, -0.0199744216, 0.99860548, 0.0527929267, -4.91432753e-005, -0.0527929289, 0.99860548, -4.65033186e-005, 4.66196978e-005, 4.90328862e-005, 0.999999998, 0.998605481, 0.0527929164, -4.0537168e-005, -0.0527929173, 0.998605481, -2.07953685e-005, 3.938279e-005, 2.29064443e-005, 0.999999999, 0, 0, 0, 0, 0, 0, 0, 0.291554053, -0.0426724609, -0.208623633, -0.153641192, 0.435581783, -0.88696304, -0.970947266, 0.0999755859, 0.217163086, 0.183273602, 0.894533343, 0.407686907, 0, 0, 0, 0, 0, 0, 0, 0.317980615, 0.0159102539, -0.181737451, -0.245406608, 0.295943161, -0.923106596, 0.365844727, -0.853515625, -0.370849609, -0.897634742, -0.428689312, 0.101207064, 0, 2, 5, 1, 
428.682792, 60, 0.1, 0.1, -0.0143471609, 0.376065667, -0.0199734998, 0.998605492, 0.0527927224, 2.41642043e-005, -0.0527927219, 0.998605492, -2.01542672e-005, -2.51945057e-005, 1.88504678e-005, 1, 0.998605487, 0.0527928126, 6.90312046e-006, -0.0527928123, 0.998605486, -4.52209935e-005, -9.2808374e-006, 4.47934971e-005, 0.999999999, 0, 0, 0, 0, 0, 0, 0, 0.291554053, -0.0426724609, -0.208623633, -0.153641192, 0.435581783, -0.88696304, -0.970947266, 0.0999755859, 0.217163086, 0.183273602, 0.894533343, 0.407686907, 0, 0, 0, 0, 0, 0, 0, 0.317980615, 0.0159102539, -0.181737451, -0.245406608, 0.295943161, -0.923106596, 0.365844727, -0.853515625, -0.370849609, -0.897634742, -0.428689312, 0.101207064, 0, 2, 5, 1, 
428.683572, 60, 0.1, 0.1, -0.0143471672, 0.376065598, -0.0199702295, 0.998605539, 0.0527918262, -2.24653544e-005, -0.0527918253, 0.998605539, 3.95372627e-005, 2.45212716e-005, -3.82961424e-005, 0.999999999, 0.998605528, 0.0527920482, -9.63539567e-006, -0.0527920477, 0.998605526, 5.04080296e-005, 1.22831025e-005, -4.98290647e-005, 0.999999999, 0, 0, 0, 0, 0, 0, 0, 0.291554053, -0.0426724609, -0.208623633, -0.153641192, 0.435581783, -0.88696304, -0.970947266, 0.0999755859, 0.217163086, 0.183273602, 0.894533343, 0.407686907, 0, 0, 0, 0, 0, 0, 0, 0.317980615, 0.0159102539, -0.181737451, -0.245406608, 0.295943161, -0.923106596, 0.365844727, -0.853515625, -0.370849609, -0.897634742, -0.428689312, 0.101207064, 0, 2, 5, 1, 
428.684348, 60, 0.1, 0.1, -0.0143471709, 0.376065542, -0.0199658932, 0.998605612, 0.0527904405, 9.51063315e-006, -0.0527904401, 0.998605612, -3.53370946e-005, -1.13628324e-005, 3.47857504e-005, 0.999999999, 0.998605597, 0.0527907296, 1.21721364e-005, -0.052790729, 0.998605596, -4.22320844e-005, -1.43846261e-005, 4.15306199e-005, 0.999999999, 0, 0, 0, 0, 0, 0, 0, 0.291554053, -0.0426724609, -0.208623633, -0.153641192, 0.435581783, -0.88696304, -0.970947266, 0.0999755859, 0.217163086, 0.183273602, 0.894533343, 0.407686907, 0, 0, 0, 0, 0, 0, 0, 0.317980615, 0.0159102539, -0.181737451, -0.245406608, 0.295943161, -0.923106596, 0.365844727, -0.853515625, -0.370849609, -0.897634742, -0.428689312, 0.101207064, 0, 2, 5, 1, 
428.685125, 60, 0.1, 0.1, -0.0143471749, 0.376065478, -0.0199619576, 0.998605673, 0.0527892903, -1.0983876e-005, -0.05278929, 0.998605673, 2.39532391e-005, 1.22330353e-005, -2.33400095e-005, 1, 0.998605663, 0.052789493, 4.65151208e-006, -0.0527894931, 0.998605662, 3.4596091e-005, -2.81871619e-006, -3.47934033e-005, 0.999999999, 0, 0, 0, 0, 0, 0, 0, 0.291554053, -0.0426724609, -0.208623633, -0.153641192, 0.435581783, -0.88696304, -0.970947266, 0.0999755859, 0.217163086, 0.183273602, 0.894533343, 0.407686907, 0, 0, 0, 0, 0, 0, 0, 0.317980615, 0.0159102539, -0.181737451, -0.245406608, 0.295943161, -0.923106596, 0.365844727, -0.853515625, -0.370849609, -0.897634742, -0.428689312, 0.101207064, 0, 2, 5, 1, 
428.685918, 60, 0.1, 0.1, -0.0143471826, 0.376065418, -0.0199595881, 0.998605744, 0.0527879424, 2.96372183e-005, -0.0527879427, 0.998605745, 1.1564411e-005, -2.8985435e-005, -1.3112775e-005, 0.999999999, 0.998605727, 0.0527882575, 3.49635546e-005, -0.0527882578, 0.998605728, 7.95955401e-006, -3.44946349e-005, -9.79412136e-006, 0.999999999, 0, 0, 0, 0, 0, 0, 0, 0.291554053, -0.0426724609, -0.208623633, -0.154365718, 0.438037315, -0.885641668, -0.971191406, 0.0969238281, 0.217285156, 0.181040109, 0.893650057, 0.41056742, 0, 0, 0, 0, 0, 0, 0, 0.317980615, 0.0159102539, -0.181737451, -0.245406608, 0.295943161, -0.923106596, 0.365844727, -0.853515625, -0.370849609, -0.897634742, -0.428689312, 0.101207064, 0, 2, 5, 1, 
428.686708, 60, 0.1, 0.1, -0.014347181, 0.376065363, -0.0199591583, 0.998605818, 0.0527865419, -2.90605094e-005, -0.0527865422, 0.998605819, -8.71829e-006, 2.85597854e-005, 1.02401389e-005, 1, 0.998605804, 0.0527867932, -4.41194785e-005, -0.0527867944, 0.998605805, -2.61884097e-005, 4.26755652e-005, 2.84808238e-005, 0.999999999, 0, 0, 0, 0, 0, 0, 0, 0.293965894, -0.0456750488, -0.207877612, -0.154365718, 0.438037315, -0.885641668, -0.971191406, 0.0969238281, 0.217285156, 0.181040109, 0.893650057, 0.41056742, 0, 0, 0, 0, 0, 0, 0, 0.319992969, 0.0126425293, -0.18109043, -0.245246927, 0.293521693, -0.923853963, 0.365234375, -0.854736328, -0.368530273, -0.897986187, -0.427839134, 0.102478682, 0, 2, 5, 1, 
428.687485, 60, 0.1, 0.1, -0.0143471867, 0.3760653, -0.019961051, 0.998605882, 0.0527853395, -7.70816571e-007, -0.0527853395, 0.998605882, -2.19936422e-006, 6.53647775e-007, 2.23698587e-006, 1, 0.998605869, 0.0527855958, 6.08861117e-007, -0.0527855958, 0.998605868, 2.46771384e-005, 6.94585169e-007, -2.46748743e-005, 1, 0, 0, 0, 0, 0, 0, 0, 0.293965894, -0.0456750488, -0.207877612, -0.154365718, 0.438037315, -0.885641668, -0.971191406, 0.0969238281, 0.217285156, 0.181040109, 0.893650057, 0.41056742, 0, 0, 0, 0, 0, 0, 0, 0.319992969, 0.0126425293, -0.18109043, -0.245246927, 0.293521693, -0.923853963, 0.365234375, -0.854736328, -0.368530273, -0.897986187, -0.427839134, 0.102478682, 0, 2, 5, 1, 
428.688261, 60, 0.1, 0.1, -0.0143471923, 0.376065245, -0.0199644259, 0.998605953, 0.0527839998, 1.05641654e-005, -0.0527839997, 0.998605953, -9.34016494e-006, -1.10424497e-005, 8.76952541e-006, 1, 0.998605939, 0.0527842587, -8.04641125e-007, -0.0527842587, 0.998605939, 2.08994995e-006, 9.13835865e-007, -2.04456405e-006, 1, 0, 0, 0, 0, 0, 0, 0, 0.293965894, -0.0456750488, -0.207877612, -0.154365718, 0.438037315, -0.885641668, -0.971191406, 0.0969238281, 0.217285156, 0.181040109, 0.893650057, 0.41056742, 0, 0, 0, 0, 0, 0, 0, 0.319992969, 0.0126425293, -0.18109043, -0.245246927, 0.293521693, -0.923853963, 0.365234375, -0.854736328, -0.368530273, -0.897986187, -0.427839134, 0.102478682, 0, 2, 5, 1, 
428.68907, 60, 0.1, 0.1, -0.0143471972, 0.376065186, -0.0199678184, 0.99860602, 0.0527827393, 5.3623972e-006, -0.0527827393, 0.99860602, -1.93897434e-006, -5.4572665e-006, 1.65322943e-006, 1, 0.998606007, 0.0527829696, 6.31732686e-006, -0.0527829696, 0.998606007, -2.84833318e-006, -6.45886404e-006, 2.51091536e-006, 1, 0, 0, 0, 0, 0, 0, 0, 0.296461719, -0.049205542, -0.206740527, -0.153490668, 0.438862191, -0.885311044, -0.971679687, 0.095703125, 0.215820313, 0.179542003, 0.893395818, 0.411874566, 0, 0, 0, 0, 0, 0, 0, 0.322856201, 0.00952089844, -0.179901123, -0.242588851, 0.290575971, -0.925483589, 0.367919922, -0.855102539, -0.364990234, -0.89758407, -0.429007941, 0.100466261, 0, 2, 5, 1, 
428.689852, 60, 0.1, 0.1, -0.0143472003, 0.376065131, -0.0199701822, 0.998606075, 0.0527816879, -1.19427893e-005, -0.0527816882, 0.998606075, -2.81680514e-005, 1.04393846e-005, 2.87591478e-005, 1, 0.998606066, 0.0527818581, -3.19135141e-007, -0.0527818581, 0.998606066, -2.00682605e-005, -7.40549792e-007, 2.00571312e-005, 1, 0, 0, 0, 0, 0, 0, 0, 0.296461719, -0.049205542, -0.206740527, -0.153490668, 0.438862191, -0.885311044, -0.971679687, 0.095703125, 0.215820313, 0.179542003, 0.893395818, 0.411874566, 0, 0, 0, 0, 0, 0, 0, 0.322856201, 0.00952089844, -0.179901123, -0.242588851, 0.290575971, -0.925483589, 0.367919922, -0.855102539, -0.364990234, -0.89758407, -0.429007941, 0.100466261, 0, 2, 5, 1, 
428.690633, 60, 0.1, 0.1, -0.0143472065, 0.376065075, -0.0199710142, 0.998606115, 0.0527809285, 2.25461133e-005, -0.052780929, 0.998606115, 2.12546152e-005, -2.13928483e-005, -2.24149935e-005, 1, 0.998606107, 0.0527810804, 2.55828776e-005, -0.0527810809, 0.998606107, 1.95301716e-005, -2.45163942e-005, -2.08532405e-005, 0.999999999, 0, 0, 0, 0, 0, 0, 0, 0.296461719, -0.049205542, -0.206740527, -0.153490668, 0.438862191, -0.885311044, -0.971679687, 0.095703125, 0.215820313, 0.179542003, 0.893395818, 0.411874566, 0, 0, 0, 0, 0, 0, 0, 0.322856201, 0.00952089844, -0.179901123, -0.242588851, 0.290575971, -0.925483589, 0.367919922, -0.855102539, -0.364990234, -0.89758407, -0.429007941, 0.100466261, 0, 2, 5, 1, 
428.691411, 60, 0.1, 0.1, -0.0143472074, 0.376065021, -0.0199701226, 0.998606152, 0.0527802304, -1.37869008e-005, -0.0527802304, 0.998606152, 2.95974168e-007, 1.37833056e-005, 4.32114176e-007, 1, 0.998606145, 0.0527803604, -2.54126965e-005, -0.0527803607, 0.998606145, -1.11422507e-005, 2.47891829e-005, 1.24680113e-005, 1, 0, 0, 0, 0, 0, 0, 0, 0.296461719, -0.049205542, -0.206740527, -0.153490668, 0.438862191, -0.885311044, -0.971679687, 0.095703125, 0.215820313, 0.179542003, 0.893395818, 0.411874566, 0, 0, 0, 0, 0, 0, 0, 0.322856201, 0.00952089844, -0.179901123, -0.242588851, 0.290575971, -0.925483589, 0.367919922, -0.855102539, -0.364990234, -0.89758407, -0.429007941, 0.100466261, 0, 2, 5, 1, 
428.692328, 60, 0.1, 0.1, -0.0143472138, 0.376064953, -0.0199663715, 0.998606188, 0.0527795471, -2.36965302e-005, -0.0527795475, 0.998606188, -1.33459368e-005, 2.29591092e-005, 1.45780272e-005, 1, 0.998606182, 0.0527796681, 4.79481285e-006, -0.0527796682, 0.998606182, 1.44868195e-005, -4.02352022e-006, -1.47196962e-005, 1, 0, 0, 0, 0, 0, 0, 0, 0.296461719, -0.049205542, -0.206740527, -0.153490668, 0.438862191, -0.885311044, -0.971679687, 0.095703125, 0.215820313, 0.179542003, 0.893395818, 0.411874566, 0, 0, 0, 0, 0, 0, 0, 0.322856201, 0.00952089844, -0.179901123, -0.242588851, 0.290575971, -0.925483589, 0.367919922, -0.855102539, -0.364990234, -0.89758407, -0.429007941, 0.100466261, 0, 2, 5, 1, 
428.693111, 60, 0.1, 0.1, -0.014347216, 0.376064901, -0.0199622692, 0.998606217, 0.0527790059, 2.97555484e-005, -0.0527790065, 0.998606217, 1.96021421e-005, -2.86794941e-005, -2.11452893e-005, 0.999999999, 0.998606211, 0.0527791095, 1.49983072e-005, -0.0527791096, 0.998606211, 8.92726665e-006, -1.45062296e-005, -9.70642123e-006, 1, 0, 0, 0, 0, 0, 0, 0, 0.296461719, -0.049205542, -0.206740527, -0.153490668, 0.438862191, -0.885311044, -0.971679687, 0.095703125, 0.215820313, 0.179542003, 0.893395818, 0.411874566, 0, 0, 0, 0, 0, 0, 0, 0.322856201, 0.00952089844, -0.179901123, -0.242588851, 0.290575971, -0.925483589, 0.367919922, -0.855102539, -0.364990234, -0.89758407, -0.429007941, 0.100466261, 0, 2, 5, 1, 
428.693921, 60, 0.1, 0.1, -0.0143472186, 0.37606485, -0.0199592206, 0.998606242, 0.0527785304, -2.93961473e-005, -0.0527785314, 0.998606241, -3.5684202e-005, 2.74718165e-005, 3.71859523e-005, 0.999999999, 0.998606237, 0.0527786144, -3.08958479e-005, -0.0527786156, 0.998606237, -3.82289103e-005, 2.88351175e-005, 3.98062683e-005, 0.999999999, 0, 0, 0, 0, 0, 0, 0, 0.299136963, -0.0515940674, -0.205586597, -0.153340143, 0.440188432, -0.884707085, -0.972290039, 0.0921630859, 0.214355469, 0.175810404, 0.893185762, 0.414127155, 0, 0, 0, 0, 0, 0, 0, 0.325519385, 0.00619433594, -0.178490283, -0.239553812, 0.287860293, -0.927100456, 0.370483398, -0.85559082, -0.361328125, -0.897265074, -0.430029826, 0.0983324379, 0, 2, 5, 1, 
428.6947, 60, 0.1, 0.1, -0.0143472259, 0.376064795, -0.0199586859, 0.998606263, 0.0527781404, 1.23973338e-005, -0.0527781406, 0.998606263, 1.52216336e-005, -1.15766856e-005, -1.58547269e-005, 1, 0.998606258, 0.0527782189, 2.95777704e-005, -0.0527782198, 0.998606258, 2.81692925e-005, -2.80498216e-005, -2.96910938e-005, 0.999999999, 0, 0, 0, 0, 0, 0, 0, 0.299136963, -0.0515940674, -0.205586597, -0.153340143, 0.440188432, -0.884707085, -0.972290039, 0.0921630859, 0.214355469, 0.175810404, 0.893185762, 0.414127155, 0, 0, 0, 0, 0, 0, 0, 0.325519385, 0.00619433594, -0.178490283, -0.239553812, 0.287860293, -0.927100456, 0.370483398, -0.85559082, -0.361328125, -0.897265074, -0.430029826, 0.0983324379, 0, 2, 5, 1, 
428.69548, 60, 0.1, 0.1, -0.0143472256, 0.376064745, -0.0199605402, 0.998606282, 0.0527777693, 1.35262601e-005, -0.0527777696, 0.998606282, 1.88577779e-005, -1.25121369e-005, -1.95453813e-005, 1, 0.998606278, 0.0527778413, -1.68872421e-005, -0.0527778414, 0.998606278, -7.70457379e-006, 1.64570753e-005, 8.58510795e-006, 1, 0, 0, 0, 0, 0, 0, 0, 0.299136963, -0.0515940674, -0.205586597, -0.153340143, 0.440188432, -0.884707085, -0.972290039, 0.0921630859, 0.214355469, 0.175810404, 0.893185762, 0.414127155, 0, 0, 0, 0, 0, 0, 0, 0.325519385, 0.00619433594, -0.178490283, -0.239553812, 0.287860293, -0.927100456, 0.370483398, -0.85559082, -0.361328125, -0.897265074, -0.430029826, 0.0983324379, 0, 2, 5, 1, 
428.696279, 60, 0.1, 0.1, -0.0143472318, 0.376064691, -0.0199638774, 0.998606298, 0.0527774641, -1.992833e-005, -0.0527774646, 0.998606298, -2.33003006e-005, 1.8670825e-005, 2.43195937e-005, 1, 0.998606296, 0.052777519, -8.39717034e-006, -0.052777519, 0.998606295, -1.03050041e-005, 7.84159462e-006, 1.07338238e-005, 1, 0, 0, 0, 0, 0, 0, 0, 0.299136963, -0.0515940674, -0.205586597, -0.153340143, 0.440188432, -0.884707085, -0.972290039, 0.0921630859, 0.214355469, 0.175810404, 0.893185762, 0.414127155, 0, 0, 0, 0, 0, 0, 0, 0.325519385, 0.00619433594, -0.178490283, -0.239553812, 0.287860293, -0.927100456, 0.370483398, -0.85559082, -0.361328125, -0.897265074, -0.430029826, 0.0983324379, 0, 2, 5, 1, 
428.697064, 60, 0.1, 0.1, -0.0143472384, 0.376064639, -0.019967477, 0.998606313, 0.0527771846, 3.27319459e-005, -0.0527771853, 0.998606313, 2.07392729e-005, -3.15917674e-005, -2.24378688e-005, 0.999999999, 0.99860631, 0.052777238, 3.35776363e-005, -0.0527772387, 0.99860631, 2.08261528e-005, -3.24316926e-005, -2.25692625e-005, 0.999999999, 0, 0, 0, 0, 0, 0, 0, 0.299136963, -0.0515940674, -0.205586597, -0.153340143, 0.440188432, -0.884707085, -0.972290039, 0.0921630859, 0.214355469, 0.175810404, 0.893185762, 0.414127155, 0, 0, 0, 0, 0, 0, 0, 0.325519385, 0.00619433594, -0.178490283, -0.239553812, 0.287860293, -0.927100456, 0.370483398, -0.85559082, -0.361328125, -0.897265074, -0.430029826, 0.0983324379, 0, 2, 5, 1, 
428.697848, 60, 0.1, 0.1, -0.0143472407, 0.376064591, -0.0199702481, 0.998606326, 0.0527769332, -8.44846773e-006, -0.0527769332, 0.998606326, -5.66879338e-006, 8.1375118e-006, 6.10677715e-006, 1, 0.998606324, 0.0527769764, -1.83090655e-005, -0.0527769767, 0.998606324, -1.73156949e-005, 1.73696786e-005, 1.82578595e-005, 1, 0, 0, 0, 0, 0, 0, 0, 0.299136963, -0.0515940674, -0.205586597, -0.153340143, 0.440188432, -0.884707085, -0.972290039, 0.0921630859, 0.214355469, 0.175810404, 0.893185762, 0.414127155, 0, 0, 0, 0, 0, 0, 0, 0.325519385, 0.00619433594, -0.178490283, -0.239553812, 0.287860293, -0.927100456, 0.370483398, -0.85559082, -0.361328125, -0.897265074, -0.430029826, 0.0983324379, 0, 2, 5, 1, 
428.698656, 60, 0.1, 0.1, -0.0143472468, 0.376064536, -0.0199711185, 0.998606337, 0.0527767287, -1.36552853e-005, -0.0527767287, 0.998606337, -4.45010465e-006, 1.34013925e-005, 5.16458399e-006, 1, 0.998606335, 0.0527767657, 8.31947714e-006, -0.0527767659, 0.998606335, 1.54211464e-005, -7.49400435e-006, -1.58387296e-005, 1, 0, 0, 0, 0, 0, 0, 0, 0.301286255, -0.0541501709, -0.204828369, -0.154826266, 0.442643964, -0.883144578, -0.97253418, 0.0886230469, 0.21496582, 0.173450352, 0.892302476, 0.416969476, 0, 0, 0, 0, 0, 0, 0, 0.327831641, 0.0031059082, -0.177677148, -0.238499477, 0.285400179, -0.928154791, 0.372314453, -0.855834961, -0.358886719, -0.896786031, -0.431147594, 0.0978533947, 0, 2, 5, 1, 
428.699439, 60, 0.1, 0.1, -0.0143472492, 0.376064487, -0.0199700698, 0.998606347, 0.0527765323, 2.26766989e-005, -0.0527765328, 0.998606347, 2.14211932e-005, -2.15145591e-005, -2.25881371e-005, 1, 0.998606346, 0.0527765702, 1.16824881e-005, -0.0527765703, 0.998606346, 1.35520034e-005, -1.09509785e-005, -1.41496782e-005, 1, 0, 0, 0, 0, 0, 0, 0, 0.301286255, -0.0541501709, -0.204828369, -0.154826266, 0.442643964, -0.883144578, -0.97253418, 0.0886230469, 0.21496582, 0.173450352, 0.892302476, 0.416969476, 0, 0, 0, 0, 0, 0, 0, 0.327831641, 0.0031059082, -0.177677148, -0.238499477, 0.285400179, -0.928154791, 0.372314453, -0.855834961, -0.358886719, -0.896786031, -0.431147594, 0.0978533947, 0, 2, 5, 1, 
428.700219, 60, 0.1, 0.1, -0.0143472516, 0.376064441, -0.01996772, 0.998606355, 0.0527763868, -2.2645147e-005, -0.0527763874, 0.998606355, -2.6308682e-005, 2.12251105e-005, 2.74671461e-005, 0.999999999, 0.998606354, 0.0527764142, -2.38553533e-005, -0.0527764148, 0.998606354, -2.72386635e-005, 2.23845484e-005, 2.84597025e-005, 0.999999999, 0, 0, 0, 0, 0, 0, 0, 0.301286255, -0.0541501709, -0.204828369, -0.154826266, 0.442643964, -0.883144578, -0.97253418, 0.0886230469, 0.21496582, 0.173450352, 0.892302476, 0.416969476, 0, 0, 0, 0, 0, 0, 0, 0.327831641, 0.0031059082, -0.177677148, -0.238499477, 0.285400179, -0.928154791, 0.372314453, -0.855834961, -0.358886719, -0.896786031, -0.431147594, 0.0978533947, 0, 2, 5, 1, 
428.70103, 60, 0.1, 0.1, -0.0143472581, 0.376064389, -0.0199647166, 0.998606363, 0.0527762462, 6.59937117e-006, -0.0527762462, 0.998606363, 7.17531028e-006, -6.2114881e-006, -7.51360054e-006, 1, 0.998606361, 0.0527762773, 2.37919426e-005, -0.0527762778, 0.998606361, 2.01389402e-005, -2.26959269e-005, -2.1366524e-005, 1, 0, 0, 0, 0, 0, 0, 0, 0.303678687, -0.0562645508, -0.203855078, -0.155793049, 0.444998025, -0.881765918, -0.973144531, 0.0834960937, 0.214111328, 0.168906982, 0.891558854, 0.420211692, 0, 0, 0, 0, 0, 0, 0, 0.327831641, 0.0031059082, -0.177677148, -0.236199043, 0.282843815, -0.929599217, 0.377319336, -0.854858398, -0.355957031, -0.895316818, -0.434853074, 0.0952467252, 0, 2, 5, 1, 
428.701813, 60, 0.1, 0.1, -0.0143472571, 0.376064345, -0.0199621084, 0.99860637, 0.0527761037, 1.12839958e-005, -0.0527761039, 0.99860637, 1.38060606e-005, -1.053964e-005, -1.43823454e-005, 1, 0.998606369, 0.0527761321, -1.78618357e-005, -0.0527761323, 0.998606369, -1.15413177e-005, 1.72278368e-005, 1.24679119e-005, 1, 0, 0, 0, 0, 0, 0, 0, 0.303678687, -0.0562645508, -0.203855078, -0.155793049, 0.444998025, -0.881765918, -0.973144531, 0.0834960937, 0.214111328, 0.168906982, 0.891558854, 0.420211692, 0, 0, 0, 0, 0, 0, 0, 0.330693652, 0.00017993164, -0.176488086, -0.236199043, 0.282843815, -0.929599217, 0.377319336, -0.854858398, -0.355957031, -0.895316818, -0.434853074, 0.0952467252, 0, 2, 5, 1, 
428.702595, 60, 0.1, 0.1, -0.0143472613, 0.376064298, -0.0199609102, 0.998606375, 0.0527760034, -2.94747154e-005, -0.0527760043, 0.998606375, -3.16418985e-005, 2.77637057e-005, 3.31533593e-005, 0.999999999, 0.998606375, 0.0527760208, -1.65215352e-005, -0.0527760211, 0.998606375, -1.86191886e-005, 1.55158637e-005, 1.94651813e-005, 1, 0, 0, 0, 0, 0, 0, 0, 0.303678687, -0.0562645508, -0.203855078, -0.155793049, 0.444998025, -0.881765918, -0.973144531, 0.0834960937, 0.214111328, 0.168906982, 0.891558854, 0.420211692, 0, 0, 0, 0, 0, 0, 0, 0.330693652, 0.00017993164, -0.176488086, -0.236199043, 0.282843815, -0.929599217, 0.377319336, -0.854858398, -0.355957031, -0.895316818, -0.434853074, 0.0952467252, 0, 2, 5, 1, 
428.703373, 60, 0.1, 0.1, -0.0143472663, 0.376064251, -0.0199614254, 0.99860638, 0.052775918, 2.95045244e-005, -0.0527759188, 0.99860638, 2.5273035e-005, -2.81295987e-005, -2.67949424e-005, 0.999999999, 0.998606379, 0.0527759357, 3.09990871e-005, -0.0527759364, 0.998606379, 2.47430004e-005, -2.96500511e-005, -2.63445239e-005, 0.999999999, 0, 0, 0, 0, 0, 0, 0, 0.303678687, -0.0562645508, -0.203855078, -0.155793049, 0.444998025, -0.881765918, -0.973144531, 0.0834960937, 0.214111328, 0.168906982, 0.891558854, 0.420211692, 0, 0, 0, 0, 0, 0, 0, 0.330693652, 0.00017993164, -0.176488086, -0.236199043, 0.282843815, -0.929599217, 0.377319336, -0.854858398, -0.355957031, -0.895316818, -0.434853074, 0.0952467252, 0, 2, 5, 1, 
