time, trialNum, realDorsalTactorPos, realVentralTactorPos, box1PosX, box1PosY, box1PosZ, box1LocalRot_11, box1LocalRot_12, box1LocalRot_13, box1LocalRot_21, box1LocalRot_22, box1LocalRot_23, box1LocalRot_31, box1LocalRot_32, box1LocalRot_33, box1GlobalRot_11, box1GlobalRot_12, box1GlobalRot_13, box1GlobalRot_21, box1GlobalRot_22, box1GlobalRot_23, box1GlobalRot_31, box1GlobalRot_32, box1GlobalRot_33, indexForceX, indexForceY, indexForceZ, indexForceGlobalX, indexForceGlobalY, indexForceGlobalZ, indexContact, indexPosX, indexPosY, indexPosZ, indexRot_11, indexRot_12, indexRot_13, indexRot_21, indexRot_22, indexRot_23, indexRot_31, indexRot_32, indexRot_33, thumbForceX, thumbForceY, thumbForceZ, thumbForceGlobalX, thumbForceGlobalY, thumbForceGlobalZ, thumbContact, thumbPosX, thumbPosY, thumbPosZ, thumbRot_11, thumbRot_12, thumbRot_13, thumbRot_21, thumbRot_22, thumbRot_23, thumbRot_31, thumbRot_32, thumbRot_33, manipForceTooHigh, cceExpType, mapping, trialSuccess, 
810.784788, 57, 0.1, 0.1, 0.00359747464, 0.36105495, -0.0199615659, 0.992476167, 1.04928702e-005, -0.122437976, 0.122437976, -4.57232842e-005, 0.992476166, 4.81565719e-006, -0.999999999, -4.66639956e-005, 0.992476144, 2.22395412e-005, -0.122438163, 0.122438163, -2.5072186e-005, 0.992476144, 1.90024217e-005, -0.999999999, -2.7606515e-005, 0, -0, 0, 0, 0, 0, 0, 0.302710937, -0.116313013, -0.195682251, 0.0870123038, 0.382166283, -0.919885034, -0.989013672, -0.0767822266, -0.125488281, -0.118587355, 0.920914357, 0.37149794, -0, 0, 0, 0, 0, 0, 0, 0.315310156, -0.0691439453, -0.195735791, -0.0471381078, -0.308444634, -0.950005175, 0.48449707, -0.838745117, 0.248291016, -0.87348183, -0.448516624, 0.188964029, 0, 2, 5, 1, 
810.831456, 57, 0.1, 0.1, 0.0035974267, 0.361054945, -0.0199678841, 0.992472413, 3.02768405e-005, -0.122468401, 0.122468401, -1.64131953e-005, 0.992472413, 2.80388312e-005, -0.999999999, -1.99975998e-005, 0.992472415, 2.70271072e-005, -0.122468383, 0.122468383, 1.27629421e-005, 0.992472415, 2.83867152e-005, -1, 9.35690189e-006, 0, -0, 0, 0, 0, 0, 0, 0.304184033, -0.112672534, -0.195325659, 0.0855692425, 0.405971989, -0.909916895, -0.988525391, -0.0788574219, -0.128173828, -0.123796842, 0.91046994, 0.394637529, -0, 0, 0, 0, 0, 0, 0, 0.316222705, -0.0661703613, -0.19493916, -0.0412656219, -0.300925764, -0.952753669, 0.491455078, -0.836303711, 0.242919922, -0.869796039, -0.458159489, 0.182415272, 0, 2, 5, 1, 
810.832243, 57, 0.1, 0.1, 0.00359742636, 0.361054939, -0.0199681347, 0.99247245, -5.06052224e-006, -0.122468101, 0.122468101, 1.34123349e-005, 0.99247245, -3.37984572e-006, -1, 1.39311254e-005, 0.992472438, -1.35499273e-005, -0.122468199, 0.122468198, -1.74102226e-005, 0.992472438, -1.5580128e-005, -1, -1.56197309e-005, 0, -0, 0, 0, 0, 0, 0, 0.304184033, -0.112672534, -0.195325659, 0.0855692425, 0.405971989, -0.909916895, -0.988525391, -0.0788574219, -0.128173828, -0.123796842, 0.91046994, 0.394637529, -0, 0, 0, 0, 0, 0, 0, 0.316222705, -0.0661703613, -0.19493916, -0.0412656219, -0.300925764, -0.952753669, 0.491455078, -0.836303711, 0.242919922, -0.869796039, -0.458159489, 0.182415272, 0, 2, 5, 1, 
810.833026, 57, 0.1, 0.1, 0.00359742979, 0.361054943, -0.0199675871, 0.992472539, -5.81154212e-006, -0.122467379, 0.122467379, -2.12916339e-005, 0.992472539, -8.37532656e-006, -1, -2.04196377e-005, 0.992472521, 1.43662665e-005, -0.122467527, 0.122467526, 1.0220016e-005, 0.992472521, 1.55097448e-005, -1, 8.38368395e-006, 0, -0, 0, 0, 0, 0, 0, 0.304184033, -0.112672534, -0.195325659, 0.0855692425, 0.405971989, -0.909916895, -0.988525391, -0.0788574219, -0.128173828, -0.123796842, 0.91046994, 0.394637529, -0, 0, 0, 0, 0, 0, 0, 0.316222705, -0.0661703613, -0.19493916, -0.0412656219, -0.300925764, -0.952753669, 0.491455078, -0.836303711, 0.242919922, -0.869796039, -0.458159489, 0.182415272, 0, 2, 5, 1, 
810.833808, 57, 0.1, 0.1, 0.00359742955, 0.361054938, -0.0199665053, 0.992472614, 1.76390781e-005, -0.122466775, 0.122466774, 2.37492468e-005, 0.992472614, 2.04147956e-005, -1, 2.14102761e-005, 0.992472604, 1.27670632e-005, -0.122466851, 0.122466851, -8.44527346e-006, 0.992472604, 1.16366944e-005, -1, -9.94524457e-006, 0, -0, 0, 0, 0, 0, 0, 0.304184033, -0.112672534, -0.195325659, 0.0855692425, 0.405971989, -0.909916895, -0.988525391, -0.0788574219, -0.128173828, -0.123796842, 0.91046994, 0.394637529, -0, 0, 0, 0, 0, 0, 0, 0.316222705, -0.0661703613, -0.19493916, -0.0412656219, -0.300925764, -0.952753669, 0.491455078, -0.836303711, 0.242919922, -0.869796039, -0.458159489, 0.182415272, 0, 2, 5, 1, 
810.834586, 57, 0.1, 0.1, 0.0035974261, 0.361054943, -0.0199653621, 0.992472615, -3.01512679e-005, -0.122466763, 0.122466763, -2.05800987e-005, 0.992472615, -3.24446857e-005, -0.999999999, -1.67326562e-005, 0.992472622, -3.52789858e-005, -0.122466706, 0.122466706, 1.05187062e-005, 0.992472622, -3.37252363e-005, -0.999999999, 1.47600291e-005, 0, -0, 0, 0, 0, 0, 0, 0.304184033, -0.112672534, -0.195325659, 0.0855692425, 0.405971989, -0.909916895, -0.988525391, -0.0788574219, -0.128173828, -0.123796842, 0.91046994, 0.394637529, -0, 0, 0, 0, 0, 0, 0, 0.316222705, -0.0661703613, -0.19493916, -0.0412656219, -0.300925764, -0.952753669, 0.491455078, -0.836303711, 0.242919922, -0.869796039, -0.458159489, 0.182415272, 0, 2, 5, 1, 
810.8354, 57, 0.1, 0.1, 0.00359742825, 0.361054939, -0.0199642245, 0.992472525, 1.58235071e-006, -0.122467493, 0.122467493, 2.60212353e-005, 0.992472525, 4.75719505e-006, -1, 2.56315746e-005, 0.992472547, 1.93876106e-005, -0.122467312, 0.122467312, -4.79954432e-006, 0.992472547, 1.8653884e-005, -1, -7.13776453e-006, 0, -0, 0, 0, 0, 0, 0, 0.304415088, -0.111662134, -0.19481228, 0.0859167184, 0.408351137, -0.908729195, -0.988037109, -0.0812988281, -0.130004883, -0.127065267, 0.909104384, 0.396674071, -0, 0, 0, 0, 0, 0, 0, 0.316319141, -0.0657128906, -0.194756201, -0.0399684838, -0.30027428, -0.953003036, 0.492553711, -0.835693359, 0.242797852, -0.869291476, -0.459686671, 0.181284379, 0, 2, 5, 1, 
810.836496, 57, 0.1, 0.1, 0.00359742533, 0.361054943, -0.0199605362, 0.992472312, 3.82440732e-005, -0.122469213, 0.122469213, -1.51757155e-005, 0.992472313, 3.60976258e-005, -0.999999999, -1.9745199e-005, 0.992472373, -6.71384115e-006, -0.12246873, 0.12246873, -7.25895712e-006, 0.992472373, -7.55229711e-006, -1, -6.3820788e-006, 0, -0, 0, 0, 0, 0, 0, 0.304415088, -0.111662134, -0.19481228, 0.0859167184, 0.408351137, -0.908729195, -0.988037109, -0.0812988281, -0.130004883, -0.127065267, 0.909104384, 0.396674071, -0, 0, 0, 0, 0, 0, 0, 0.316319141, -0.0657128906, -0.194756201, -0.0399684838, -0.30027428, -0.953003036, 0.492553711, -0.835693359, 0.242797852, -0.869291476, -0.459686671, 0.181284379, 0, 2, 5, 1, 
810.837287, 57, 0.1, 0.1, 0.00359742935, 0.361054942, -0.0199570153, 0.992472094, -2.5375426e-005, -0.122470984, 0.122470983, -2.75942831e-005, 0.992472094, -2.85639011e-005, -0.999999999, -2.42788026e-005, 0.992472143, -1.08516019e-005, -0.122470593, 0.122470593, -1.00229776e-006, 0.992472143, -1.08926646e-005, -1, 3.34249511e-007, 0, -0, 0, 0, 0, 0, 0, 0.304415088, -0.111662134, -0.19481228, 0.0859167184, 0.408351137, -0.908729195, -0.988037109, -0.0812988281, -0.130004883, -0.127065267, 0.909104384, 0.396674071, -0, 0, 0, 0, 0, 0, 0, 0.316319141, -0.0657128906, -0.194756201, -0.0399684838, -0.30027428, -0.953003036, 0.492553711, -0.835693359, 0.242797852, -0.869291476, -0.459686671, 0.181284379, 0, 2, 5, 1, 
810.83807, 57, 0.1, 0.1, 0.0035974296, 0.361054943, -0.0199567616, 0.992471845, 1.25023138e-005, -0.122473006, 0.122473005, 5.50049845e-005, 0.992471843, 1.91448203e-005, -0.999999998, 5.30597025e-005, 0.992471898, 1.8568786e-005, -0.122472572, 0.122472571, 3.65075784e-005, 0.992471898, 2.29001753e-005, -0.999999999, 3.39585786e-005, 0, -0, 0, 0, 0, 0, 0, 0.304415088, -0.111662134, -0.19481228, 0.0859167184, 0.408351137, -0.908729195, -0.988037109, -0.0812988281, -0.130004883, -0.127065267, 0.909104384, 0.396674071, -0, 0, 0, 0, 0, 0, 0, 0.316319141, -0.0657128906, -0.194756201, -0.0399684838, -0.30027428, -0.953003036, 0.492553711, -0.835693359, 0.242797852, -0.869291476, -0.459686671, 0.181284379, 0, 2, 5, 1, 
810.838855, 57, 0.1, 0.1, 0.00359742287, 0.361054944, -0.01995949, 0.992471538, -2.36729067e-005, -0.122475489, 0.122475487, -5.54906188e-005, 0.992471537, -3.02909267e-005, -0.999999998, -5.2173509e-005, 0.992471607, -4.21769014e-005, -0.12247493, 0.122474928, -3.20932291e-005, 0.992471607, -4.57899931e-005, -0.999999999, -2.66860057e-005, 0, -0, 0, 0, 0, 0, 0, 0.304415088, -0.111662134, -0.19481228, 0.0859167184, 0.408351137, -0.908729195, -0.988037109, -0.0812988281, -0.130004883, -0.127065267, 0.909104384, 0.396674071, -0, 0, 0, 0, 0, 0, 0, 0.316319141, -0.0657128906, -0.194756201, -0.0399684838, -0.30027428, -0.953003036, 0.492553711, -0.835693359, 0.242797852, -0.869291476, -0.459686671, 0.181284379, 0, 2, 5, 1, 
810.839636, 57, 0.1, 0.1, 0.00359743397, 0.36105494, -0.0199641145, 0.992471147, 6.13730569e-005, -0.122478646, 0.122478643, 4.55417018e-005, 0.992471148, 6.64888743e-005, -0.999999997, 3.76819362e-005, 0.99247123, 7.15411885e-005, -0.122477965, 0.122477965, 4.83521338e-006, 0.992471233, 7.15947787e-005, -0.999999997, -3.96340902e-006, 0, -0, 0, 0, 0, 0, 0, 0.304415088, -0.111662134, -0.19481228, 0.0859167184, 0.408351137, -0.908729195, -0.988037109, -0.0812988281, -0.130004883, -0.127065267, 0.909104384, 0.396674071, -0, 0, 0, 0, 0, 0, 0, 0.316319141, -0.0657128906, -0.194756201, -0.0399684838, -0.30027428, -0.953003036, 0.492553711, -0.835693359, 0.242797852, -0.869291476, -0.459686671, 0.181284379, 0, 2, 5, 1, 
810.840448, 57, 0.1, 0.1, 0.00359742887, 0.361054955, -0.0199688885, 0.992470654, -6.86810773e-005, -0.12248264, 0.122482642, 3.47642509e-005, 0.992470655, -6.39059366e-005, -0.999999997, 4.29147387e-005, 0.992470754, -5.81741748e-005, -0.122481833, 0.122481836, 6.06825649e-005, 0.992470753, -5.03036553e-005, -0.999999996, 6.73509507e-005, 0, -0, 0, 0, 0, 0, 0, 0.304451099, -0.111609888, -0.194336743, 0.0866652104, 0.409398051, -0.908214725, -0.987915039, -0.0815429688, -0.131103516, -0.127801776, 0.908691385, 0.397581322, -0, 0, 0, 0, 0, 0, 0, 0.316410693, -0.0652654297, -0.194561523, -0.0388182669, -0.299731438, -0.95315652, 0.493896484, -0.834960937, 0.242553711, -0.86855687, -0.461348014, 0.180409048, 0, 2, 5, 1, 
810.841234, 57, 0.1, 0.1, 0.0035974252, 0.361054942, -0.0199720375, 0.99247011, 4.48702782e-005, -0.122487056, 0.122487059, -8.18514985e-005, 0.992470107, 3.45066608e-005, -0.999999996, -8.67311942e-005, 0.992470224, 7.46621132e-006, -0.122486138, 0.122486138, -8.14838768e-005, 0.992470221, -2.57065299e-006, -0.999999997, -8.17848288e-005, 0, -0, 0, 0, 0, 0, 0, 0.304451099, -0.111609888, -0.194336743, 0.0866652104, 0.409398051, -0.908214725, -0.987915039, -0.0815429688, -0.131103516, -0.127801776, 0.908691385, 0.397581322, -0, 0, 0, 0, 0, 0, 0, 0.316410693, -0.0652654297, -0.194561523, -0.0388182669, -0.299731438, -0.95315652, 0.493896484, -0.834960937, 0.242553711, -0.86855687, -0.461348014, 0.180409048, 0, 2, 5, 1, 
810.842016, 57, 0.1, 0.1, 0.00359744137, 0.361054938, -0.0199729999, 0.992469518, 5.0133382e-005, -0.122491847, 0.122491845, 4.40880198e-005, 0.992469519, 5.51562765e-005, -0.999999998, 3.76150853e-005, 0.992469636, 7.35790776e-005, -0.12249088, 0.12249088, 5.49146983e-006, 0.992469639, 7.36976555e-005, -0.999999997, -3.56264886e-006, 0, -0, 0, 0, 0, 0, 0, 0.304451099, -0.111609888, -0.194336743, 0.0866652104, 0.409398051, -0.908214725, -0.987915039, -0.0815429688, -0.131103516, -0.127801776, 0.908691385, 0.397581322, -0, 0, 0, 0, 0, 0, 0, 0.316410693, -0.0652654297, -0.194561523, -0.0388182669, -0.299731438, -0.95315652, 0.493896484, -0.834960937, 0.242553711, -0.86855687, -0.461348014, 0.180409048, 0, 2, 5, 1, 
810.842802, 57, 0.1, 0.1, 0.00359743385, 0.361054954, -0.0199715756, 0.992468884, -6.13886856e-005, -0.122496982, 0.122496986, 5.89376024e-005, 0.992468884, -5.37066818e-005, -0.999999996, 6.60136655e-005, 0.992469011, -5.91633405e-005, -0.122495954, 0.122495959, 7.74871612e-005, 0.992469009, -4.92259182e-005, -0.999999995, 8.41508763e-005, 0, -0, 0, 0, 0, 0, 0, 0.304451099, -0.111609888, -0.194336743, 0.0866652104, 0.409398051, -0.908214725, -0.987915039, -0.0815429688, -0.131103516, -0.127801776, 0.908691385, 0.397581322, -0, 0, 0, 0, 0, 0, 0, 0.316410693, -0.0652654297, -0.194561523, -0.0388182669, -0.299731438, -0.95315652, 0.493896484, -0.834960937, 0.242553711, -0.86855687, -0.461348014, 0.180409048, 0, 2, 5, 1, 
810.843585, 57, 0.1, 0.1, 0.00359743472, 0.361054951, -0.0199684065, 0.992468237, 6.12706922e-005, -0.122502225, 0.122502228, -3.35079856e-005, 0.992468238, 5.67044131e-005, -0.999999998, -4.07614077e-005, 0.99246837, 3.75455568e-005, -0.122501159, 0.12250116, -3.56619453e-005, 0.992468369, 3.28941479e-005, -0.999999999, -3.9992727e-005, 0, -0, 0, 0, 0, 0, 0, 0.304451099, -0.111609888, -0.194336743, 0.0866652104, 0.409398051, -0.908214725, -0.987915039, -0.0815429688, -0.131103516, -0.127801776, 0.908691385, 0.397581322, -0, 0, 0, 0, 0, 0, 0, 0.316410693, -0.0652654297, -0.194561523, -0.0388182669, -0.299731438, -0.95315652, 0.493896484, -0.834960937, 0.242553711, -0.86855687, -0.461348014, 0.180409048, 0, 2, 5, 1, 
810.84437, 57, 0.1, 0.1, 0.00359744213, 0.361054955, -0.0199646336, 0.992467579, -2.54298009e-005, -0.122507564, 0.122507565, 4.0705877e-005, 0.992467579, -2.02514751e-005, -0.999999999, 4.35146062e-005, 0.992467713, 1.38893892e-005, -0.122506483, 0.122506483, 4.17936693e-005, 0.992467712, 1.89047657e-005, -0.999999999, 3.97773272e-005, 0, -0, 0, 0, 0, 0, 0, 0.304451099, -0.111609888, -0.194336743, 0.0866652104, 0.409398051, -0.908214725, -0.987915039, -0.0815429688, -0.131103516, -0.127801776, 0.908691385, 0.397581322, -0, 0, 0, 0, 0, 0, 0, 0.316410693, -0.0652654297, -0.194561523, -0.0388182669, -0.299731438, -0.95315652, 0.493896484, -0.834960937, 0.242553711, -0.86855687, -0.461348014, 0.180409048, 0, 2, 5, 1, 
810.84519, 57, 0.1, 0.1, 0.00359743375, 0.36105495, -0.0199610553, 0.99246686, 4.692045e-006, -0.122513398, 0.122513398, -4.89803009e-005, 0.992466858, -1.34404392e-006, -0.999999999, -4.91861638e-005, 0.992466997, -2.64845637e-005, -0.122512279, 0.122512278, -4.99048229e-005, 0.992466997, -3.2399009e-005, -0.999999998, -4.62842056e-005, 0, -0, 0, 0, 0, 0, 0, 0.304495166, -0.111981055, -0.194290112, 0.0875282783, 0.41090814, -0.907382735, -0.987792969, -0.0810546875, -0.132080078, -0.127814881, 0.908081435, 0.398932651, -0, 0, 0, 0, 0, 0, 0, 0.316265576, -0.0647862305, -0.194610107, -0.0377511721, -0.29887543, -0.953527288, 0.494750977, -0.834594727, 0.24206543, -0.868199229, -0.462485471, 0.179265394, 0, 2, 5, 1, 
810.845978, 57, 0.1, 0.1, 0.00359744707, 0.361054955, -0.0199592757, 0.992466132, 4.27790403e-005, -0.122519282, 0.12251928, 6.0459409e-005, 0.992466132, 4.9864192e-005, -0.999999997, 5.47626586e-005, 0.992466277, 6.54452154e-005, -0.1225181, 0.122518096, 5.62299802e-005, 0.992466278, 7.18413597e-005, -0.999999996, 4.77881359e-005, 0, -0, 0, 0, 0, 0, 0, 0.304495166, -0.111981055, -0.194290112, 0.0875282783, 0.41090814, -0.907382735, -0.987792969, -0.0810546875, -0.132080078, -0.127814881, 0.908081435, 0.398932651, -0, 0, 0, 0, 0, 0, 0, 0.316265576, -0.0647862305, -0.194610107, -0.0377511721, -0.29887543, -0.953527288, 0.494750977, -0.834594727, 0.24206543, -0.868199229, -0.462485471, 0.179265394, 0, 2, 5, 1, 
810.846764, 57, 0.1, 0.1, 0.00359743693, 0.361054952, -0.0199597528, 0.992465395, -6.84158377e-005, -0.12252524, 0.122525236, -5.23793174e-005, 0.992465397, -7.43181399e-005, -0.999999996, -4.36019933e-005, 0.99246554, -7.18315587e-005, -0.122524064, 0.122524061, -4.57515835e-005, 0.992465542, -7.68960168e-005, -0.999999996, -3.66057758e-005, 0, -0, 0, 0, 0, 0, 0, 0.304495166, -0.111981055, -0.194290112, 0.0875282783, 0.41090814, -0.907382735, -0.987792969, -0.0810546875, -0.132080078, -0.127814881, 0.908081435, 0.398932651, -0, 0, 0, 0, 0, 0, 0, 0.316265576, -0.0647862305, -0.194610107, -0.0377511721, -0.29887543, -0.953527288, 0.494750977, -0.834594727, 0.24206543, -0.868199229, -0.462485471, 0.179265394, 0, 2, 5, 1, 
810.847571, 57, 0.1, 0.1, 0.00359743975, 0.361054955, -0.0199619911, 0.992464691, 6.31461396e-005, -0.122530945, 0.122530942, 5.21119498e-005, 0.992464692, 6.90556405e-005, -0.999999997, 4.39819142e-005, 0.99246482, 5.06503096e-005, -0.122529912, 0.12252991, 4.57295138e-005, 0.99246482, 5.58718837e-005, -0.999999998, 3.91787558e-005, 0, -0, 0, 0, 0, 0, 0, 0.304763818, -0.112358325, -0.194249585, 0.0884104423, 0.412297661, -0.906671314, -0.987792969, -0.0804443359, -0.13293457, -0.127707418, 0.907490581, 0.400303076, -0, 0, 0, 0, 0, 0, 0, 0.316535449, -0.0642921387, -0.194653564, -0.0371824436, -0.297763859, -0.953936336, 0.495483398, -0.834350586, 0.241210938, -0.867771225, -0.46371881, 0.178485945, 0, 2, 5, 1, 
810.848357, 57, 0.1, 0.1, 0.00359744345, 0.361054953, -0.019965137, 0.992464122, -4.00592286e-005, -0.12253557, 0.122535568, -4.33224926e-005, 0.992464122, -4.50658935e-005, -0.999999998, -3.80873392e-005, 0.992464222, -1.41318524e-005, -0.122534763, 0.122534763, -3.57405675e-005, 0.992464221, -1.84048199e-005, -0.999999999, -3.37395914e-005, 0, -0, 0, 0, 0, 0, 0, 0.304763818, -0.112358325, -0.194249585, 0.0884104423, 0.412297661, -0.906671314, -0.987792969, -0.0804443359, -0.13293457, -0.127707418, 0.907490581, 0.400303076, -0, 0, 0, 0, 0, 0, 0, 0.316535449, -0.0642921387, -0.194653564, -0.0371824436, -0.297763859, -0.953936336, 0.495483398, -0.834350586, 0.241210938, -0.867771225, -0.46371881, 0.178485945, 0, 2, 5, 1, 
810.849144, 57, 0.1, 0.1, 0.00359743592, 0.361054954, -0.0199682738, 0.992463701, 1.14469205e-005, -0.122538983, 0.122538982, 3.81764634e-005, 0.9924637, 1.60387581e-005, -0.999999999, 3.64860602e-005, 0.992463771, -2.21536245e-005, -0.122538415, 0.122538416, 3.05198163e-005, 0.992463771, -1.82468197e-005, -0.999999999, 3.3004482e-005, 0, -0, 0, 0, 0, 0, 0, 0.304763818, -0.112358325, -0.194249585, 0.0884104423, 0.412297661, -0.906671314, -0.987792969, -0.0804443359, -0.13293457, -0.127707418, 0.907490581, 0.400303076, -0, 0, 0, 0, 0, 0, 0, 0.316535449, -0.0642921387, -0.194653564, -0.0371824436, -0.297763859, -0.953936336, 0.495483398, -0.834350586, 0.241210938, -0.867771225, -0.46371881, 0.178485945, 0, 2, 5, 1, 
810.84993, 57, 0.1, 0.1, 0.00359744391, 0.361054953, -0.0199703608, 0.99246343, 1.37446468e-005, -0.122541173, 0.122541174, -3.55969816e-005, 0.99246343, 9.27896339e-006, -0.999999999, -3.70129876e-005, 0.992463473, 3.60097458e-005, -0.122540821, 0.122540822, -2.88568207e-005, 0.992463473, 3.22022189e-005, -0.999999999, -3.30520044e-005, 0, -0, 0, 0, 0, 0, 0, 0.304763818, -0.112358325, -0.194249585, 0.0884104423, 0.412297661, -0.906671314, -0.987792969, -0.0804443359, -0.13293457, -0.127707418, 0.907490581, 0.400303076, -0, 0, 0, 0, 0, 0, 0, 0.316535449, -0.0642921387, -0.194653564, -0.0371824436, -0.297763859, -0.953936336, 0.495483398, -0.834350586, 0.241210938, -0.867771225, -0.46371881, 0.178485945, 0, 2, 5, 1, 
810.850718, 57, 0.1, 0.1, 0.00359743465, 0.361054953, -0.0199707668, 0.992463285, -3.82312687e-005, -0.122542347, 0.122542348, 3.09646683e-005, 0.992463285, -3.41486474e-005, -0.999999999, 3.54162458e-005, 0.992463305, -5.19673673e-005, -0.122542177, 0.122542179, 2.43127405e-005, 0.992463306, -4.8596369e-005, -0.999999998, 3.04976972e-005, 0, -0, 0, 0, 0, 0, 0, 0.304763818, -0.112358325, -0.194249585, 0.0884104423, 0.412297661, -0.906671314, -0.987792969, -0.0804443359, -0.13293457, -0.127707418, 0.907490581, 0.400303076, -0, 0, 0, 0, 0, 0, 0, 0.316535449, -0.0642921387, -0.194653564, -0.0371824436, -0.297763859, -0.953936336, 0.495483398, -0.834350586, 0.241210938, -0.867771225, -0.46371881, 0.178485945, 0, 2, 5, 1, 
810.851503, 57, 0.1, 0.1, 0.00359744171, 0.361054952, -0.0199694814, 0.992463229, 5.13579529e-005, -0.122542791, 0.122542792, -2.84908613e-005, 0.99246323, 4.74795302e-005, -0.999999998, -3.45696792e-005, 0.992463235, 5.47300679e-005, -0.122542743, 0.122542744, -2.38543664e-005, 0.992463236, 5.13944008e-005, -0.999999998, -3.03813543e-005, 0, -0, 0, 0, 0, 0, 0, 0.304763818, -0.112358325, -0.194249585, 0.0884104423, 0.412297661, -0.906671314, -0.987792969, -0.0804443359, -0.13293457, -0.127707418, 0.907490581, 0.400303076, -0, 0, 0, 0, 0, 0, 0, 0.316535449, -0.0642921387, -0.194653564, -0.0371824436, -0.297763859, -0.953936336, 0.495483398, -0.834350586, 0.241210938, -0.867771225, -0.46371881, 0.178485945, 0, 2, 5, 1, 
810.852331, 57, 0.1, 0.1, 0.00359743484, 0.361054954, -0.0199665473, 0.992463212, -7.5726265e-005, -0.122542918, 0.122542921, 3.35507489e-005, 0.992463214, -7.10441256e-005, -0.999999997, 4.25776018e-005, 0.992463216, -6.66532982e-005, -0.122542893, 0.122542895, 3.09298855e-005, 0.992463217, -6.23607091e-005, -0.999999997, 3.88646618e-005, 0, -0, 0, 0, 0, 0, 0, 0.304794214, -0.112540186, -0.194004736, 0.0889440086, 0.413122537, -0.906296507, -0.987792969, -0.0791015625, -0.133056641, -0.126679599, 0.907236341, 0.401108856, -0, 0, 0, 0, 0, 0, 0, 0.316253857, -0.064726416, -0.194408594, -0.0378470541, -0.298038379, -0.953731812, 0.494262695, -0.835083008, 0.241333008, -0.868454792, -0.46227475, 0.17887567, 0, 2, 5, 1, 
810.853119, 57, 0.1, 0.1, 0.00359743291, 0.361054952, -0.0199634555, 0.992463177, 5.80916154e-005, -0.122543209, 0.12254321, -2.80129301e-005, 0.992463179, 5.4220995e-005, -0.999999998, -3.49205347e-005, 0.992463193, 3.04353847e-005, -0.122543094, 0.122543095, -2.91058585e-005, 0.992463193, 2.66392771e-005, -0.999999999, -3.26161394e-005, 0, -0, 0, 0, 0, 0, 0, 0.304794214, -0.112540186, -0.194004736, 0.0889440086, 0.413122537, -0.906296507, -0.987792969, -0.0791015625, -0.133056641, -0.126679599, 0.907236341, 0.401108856, -0, 0, 0, 0, 0, 0, 0, 0.316253857, -0.064726416, -0.194408594, -0.0378470541, -0.298038379, -0.953731812, 0.494262695, -0.835083008, 0.241333008, -0.868454792, -0.46227475, 0.17887567, 0, 2, 5, 1, 
810.853906, 57, 0.1, 0.1, 0.00359743962, 0.361054958, -0.0199613419, 0.992463061, -3.36758369e-005, -0.122544159, 0.12254416, 5.16630386e-005, 0.99246306, -2.70910205e-005, -0.999999998, 5.54004346e-005, 0.992463094, 8.86553325e-006, -0.122543896, 0.122543895, 5.32061752e-005, 0.992463093, 1.53188065e-005, -0.999999999, 5.17187483e-005, 0, -0, 0, 0, 0, 0, 0, 0.304794214, -0.112540186, -0.194004736, 0.0889440086, 0.413122537, -0.906296507, -0.987792969, -0.0791015625, -0.133056641, -0.126679599, 0.907236341, 0.401108856, -0, 0, 0, 0, 0, 0, 0, 0.316253857, -0.064726416, -0.194408594, -0.0378470541, -0.298038379, -0.953731812, 0.494262695, -0.835083008, 0.241333008, -0.868454792, -0.46227475, 0.17887567, 0, 2, 5, 1, 
810.854689, 57, 0.1, 0.1, 0.00359742937, 0.361054955, -0.0199608536, 0.992462839, -4.61196556e-006, -0.122545961, 0.122545961, -4.31176282e-005, 0.992462838, -9.8610956e-006, -0.999999999, -4.22274659e-005, 0.99246289, -3.7440125e-005, -0.122545545, 0.122545543, -4.09202607e-005, 0.99246289, -4.21725303e-005, -0.999999998, -3.60237198e-005, 0, -0, 0, 0, 0, 0, 0, 0.304794214, -0.112540186, -0.194004736, 0.0889440086, 0.413122537, -0.906296507, -0.987792969, -0.0791015625, -0.133056641, -0.126679599, 0.907236341, 0.401108856, -0, 0, 0, 0, 0, 0, 0, 0.316253857, -0.064726416, -0.194408594, -0.0378470541, -0.298038379, -0.953731812, 0.494262695, -0.835083008, 0.241333008, -0.868454792, -0.46227475, 0.17887567, 0, 2, 5, 1, 
810.855479, 57, 0.1, 0.1, 0.00359744254, 0.361054959, -0.0199620159, 0.992462518, 4.86986108e-005, -0.122548554, 0.122548552, 5.17933322e-005, 0.992462518, 5.46787438e-005, -0.999999997, 4.54349966e-005, 0.992462585, 6.71951529e-005, -0.122548002, 0.122547999, 4.89607562e-005, 0.992462587, 7.26887181e-005, -0.999999997, 4.03570872e-005, 0, -0, 0, 0, 0, 0, 0, 0.304794214, -0.112540186, -0.194004736, 0.0889440086, 0.413122537, -0.906296507, -0.987792969, -0.0791015625, -0.133056641, -0.126679599, 0.907236341, 0.401108856, -0, 0, 0, 0, 0, 0, 0, 0.316253857, -0.064726416, -0.194408594, -0.0378470541, -0.298038379, -0.953731812, 0.494262695, -0.835083008, 0.241333008, -0.868454792, -0.46227475, 0.17887567, 0, 2, 5, 1, 
810.856266, 57, 0.1, 0.1, 0.00359743536, 0.361054956, -0.0199642932, 0.992462147, -5.41442964e-005, -0.122551555, 0.122551552, -5.11236569e-005, 0.992462148, -6.00014483e-005, -0.999999997, -4.41028267e-005, 0.992462222, -5.6278978e-005, -0.122550947, 0.122550945, -4.47657452e-005, 0.992462223, -6.13408441e-005, -0.999999997, -3.75312691e-005, 0, -0, 0, 0, 0, 0, 0, 0.304794214, -0.112540186, -0.194004736, 0.0889440086, 0.413122537, -0.906296507, -0.987792969, -0.0791015625, -0.133056641, -0.126679599, 0.907236341, 0.401108856, -0, 0, 0, 0, 0, 0, 0, 0.316253857, -0.064726416, -0.194408594, -0.0378470541, -0.298038379, -0.953731812, 0.494262695, -0.835083008, 0.241333008, -0.868454792, -0.46227475, 0.17887567, 0, 2, 5, 1, 
810.85708, 57, 0.1, 0.1, 0.00359743865, 0.361054957, -0.0199667239, 0.992461775, 5.62117049e-005, -0.122554568, 0.122554566, 4.11325243e-005, 0.992461776, 6.08289472e-005, -0.999999998, 3.3933457e-005, 0.992461842, 4.64376659e-005, -0.122554028, 0.122554027, 3.52480987e-005, 0.992461843, 5.0407408e-005, -0.999999998, 2.92912701e-005, 0, -0, 0, 0, 0, 0, 0, 0.304465747, -0.112466211, -0.194417529, 0.0868059956, 0.414613529, -0.905749836, -0.98815918, -0.0786132813, -0.130737305, -0.125352236, 0.906505823, 0.402999743, -0, 0, 0, 0, 0, 0, 0, 0.316248486, -0.0653805176, -0.194192187, -0.0376235739, -0.298338418, -0.953680773, 0.492553711, -0.83581543, 0.24206543, -0.869413245, -0.460587888, 0.178390063, 0, 2, 5, 1, 
810.857864, 57, 0.1, 0.1, 0.0035974413, 0.361054955, -0.0199684066, 0.992461485, -3.92166886e-005, -0.122556922, 0.12255692, -3.97175538e-005, 0.992461485, -4.37887141e-005, -0.999999998, -3.46118659e-005, 0.992461534, -1.57745037e-005, -0.12255653, 0.12255653, -3.42607613e-005, 0.992461534, -1.98544682e-005, -0.999999999, -3.20692193e-005, 0, -0, 0, 0, 0, 0, 0, 0.304465747, -0.112466211, -0.194417529, 0.0868059956, 0.414613529, -0.905749836, -0.98815918, -0.0786132813, -0.130737305, -0.125352236, 0.906505823, 0.402999743, -0, 0, 0, 0, 0, 0, 0, 0.316248486, -0.0653805176, -0.194192187, -0.0376235739, -0.298338418, -0.953680773, 0.492553711, -0.83581543, 0.24206543, -0.869413245, -0.460587888, 0.178390063, 0, 2, 5, 1, 
810.858646, 57, 0.1, 0.1, 0.00359743449, 0.361054957, -0.0199691526, 0.992461305, 1.33471844e-005, -0.122558388, 0.122558387, 4.09686546e-005, 0.992461304, 1.82676163e-005, -0.999999999, 3.90239951e-005, 0.99246133, -1.95567427e-005, -0.122558179, 0.12255818, 3.33133596e-005, 0.99246133, -1.53264862e-005, -0.999999999, 3.545906e-005, 0, -0, 0, 0, 0, 0, 0, 0.304465747, -0.112466211, -0.194417529, 0.0868059956, 0.414613529, -0.905749836, -0.98815918, -0.0786132813, -0.130737305, -0.125352236, 0.906505823, 0.402999743, -0, 0, 0, 0, 0, 0, 0, 0.316248486, -0.0653805176, -0.194192187, -0.0376235739, -0.298338418, -0.953680773, 0.492553711, -0.83581543, 0.24206543, -0.869413245, -0.460587888, 0.178390063, 0, 2, 5, 1, 
810.859445, 57, 0.1, 0.1, 0.00359744226, 0.361054956, -0.0199687092, 0.992461241, 7.60588912e-006, -0.122558903, 0.122558903, -3.39362999e-005, 0.992461241, 3.38935445e-006, -0.999999999, -3.46126318e-005, 0.992461245, 3.4707361e-005, -0.122558869, 0.12255887, -2.6105107e-005, 0.992461245, 3.12462983e-005, -0.999999999, -3.01620019e-005, 0, -0, 0, 0, 0, 0, 0, 0.304465747, -0.112466211, -0.194417529, 0.0868059956, 0.414613529, -0.905749836, -0.98815918, -0.0786132813, -0.130737305, -0.125352236, 0.906505823, 0.402999743, -0, 0, 0, 0, 0, 0, 0, 0.316248486, -0.0653805176, -0.194192187, -0.0380198616, -0.298395654, -0.953668013, 0.490966797, -0.836791992, 0.24230957, -0.870314095, -0.458875506, 0.178268662, 0, 2, 5, 1, 
810.860232, 57, 0.1, 0.1, 0.00359743077, 0.361054957, -0.0199671708, 0.992461284, -4.59882605e-005, -0.122558547, 0.122558548, 3.46840864e-005, 0.992461284, -4.13907369e-005, -0.999999998, 4.00588673e-005, 0.992461268, -6.23655827e-005, -0.12255867, 0.122558672, 2.87279719e-005, 0.992461269, -5.83745633e-005, -0.999999998, 3.61548424e-005, 0, -0, 0, 0, 0, 0, 0, 0.304465747, -0.112466211, -0.194417529, 0.0868059956, 0.414613529, -0.905749836, -0.98815918, -0.0786132813, -0.130737305, -0.125352236, 0.906505823, 0.402999743, -0, 0, 0, 0, 0, 0, 0, 0.31620332, -0.0660180176, -0.193970654, -0.0380198616, -0.298395654, -0.953668013, 0.490966797, -0.836791992, 0.24230957, -0.870314095, -0.458875506, 0.178268662, 0, 2, 5, 1, 
810.861014, 57, 0.1, 0.1, 0.00359743936, 0.361054955, -0.0199653344, 0.992461402, 6.41526284e-005, -0.122557582, 0.122557585, -3.33265163e-005, 0.992461403, 5.95845903e-005, -0.999999997, -4.09376723e-005, 0.992461375, 6.64874516e-005, -0.122557803, 0.122557805, -2.79434176e-005, 0.992461376, 6.25615438e-005, -0.999999997, -3.58813188e-005, 0, -0, 0, 0, 0, 0, 0, 0.304465747, -0.112466211, -0.194417529, 0.0868059956, 0.414613529, -0.905749836, -0.98815918, -0.0786132813, -0.130737305, -0.125352236, 0.906505823, 0.402999743, -0, 0, 0, 0, 0, 0, 0, 0.31620332, -0.0660180176, -0.193970654, -0.0380198616, -0.298395654, -0.953668013, 0.490966797, -0.836791992, 0.24230957, -0.870314095, -0.458875506, 0.178268662, 0, 2, 5, 1, 
810.861811, 57, 0.1, 0.1, 0.00359743504, 0.361054957, -0.0199637168, 0.992461543, -6.86742447e-005, -0.122556439, 0.122556441, 3.18073288e-005, 0.992461545, -6.42583541e-005, -0.999999997, 3.99840217e-005, 0.992461518, -5.76180439e-005, -0.122556647, 0.122556649, 2.85483061e-005, 0.992461519, -5.36849067e-005, -0.999999998, 3.53945696e-005, 0, -0, 0, 0, 0, 0, 0, 0.303898413, -0.112373926, -0.195048193, 0.0843444723, 0.416466224, -0.905126781, -0.988647461, -0.0777587891, -0.128051758, -0.123726449, 0.905718018, 0.405372899, -0, 0, 0, 0, 0, 0, 0, 0.31620332, -0.0660180176, -0.193970654, -0.0380198616, -0.298395654, -0.953668013, 0.490966797, -0.836791992, 0.24230957, -0.870314095, -0.458875506, 0.178268662, 0, 2, 5, 1, 
810.862591, 57, 0.1, 0.1, 0.0035974341, 0.361054954, -0.0199628277, 0.992461639, 6.21617333e-005, -0.122555663, 0.122555665, -3.21671516e-005, 0.992461641, 5.77508692e-005, -0.999999998, -3.95429366e-005, 0.99246163, 3.48557151e-005, -0.122555748, 0.122555749, -3.28212018e-005, 0.99246163, 3.05705329e-005, -0.999999999, -3.68455517e-005, 0, -0, 0, 0, 0, 0, 0, 0.303898413, -0.112373926, -0.195048193, 0.0843444723, 0.416466224, -0.905126781, -0.988647461, -0.0777587891, -0.128051758, -0.123726449, 0.905718018, 0.405372899, -0, 0, 0, 0, 0, 0, 0, 0.31620332, -0.0660180176, -0.193970654, -0.0380198616, -0.298395654, -0.953668013, 0.490966797, -0.836791992, 0.24230957, -0.870314095, -0.458875506, 0.178268662, 0, 2, 5, 1, 
810.863376, 57, 0.1, 0.1, 0.00359744195, 0.361054958, -0.0199630303, 0.99246164, -2.71188148e-005, -0.122555669, 0.12255567, 4.60977515e-005, 0.992461639, -2.12648426e-005, -0.999999999, 4.90738146e-005, 0.992461651, 1.43252045e-005, -0.122555585, 0.122555584, 4.69780529e-005, 0.99246165, 1.99746389e-005, -0.999999999, 4.48682821e-005, 0, -0, 0, 0, 0, 0, 0, 0.303898413, -0.112373926, -0.195048193, 0.0843444723, 0.416466224, -0.905126781, -0.988647461, -0.0777587891, -0.128051758, -0.123726449, 0.905718018, 0.405372899, -0, 0, 0, 0, 0, 0, 0, 0.31620332, -0.0660180176, -0.193970654, -0.0380198616, -0.298395654, -0.953668013, 0.490966797, -0.836791992, 0.24230957, -0.870314095, -0.458875506, 0.178268662, 0, 2, 5, 1, 
810.864175, 57, 0.1, 0.1, 0.00359743224, 0.361054955, -0.0199640824, 0.992461521, -6.41964705e-006, -0.122556636, 0.122556636, -4.22357094e-005, 0.99246152, -1.15475192e-005, -0.999999999, -4.11305461e-005, 0.992461551, -3.52504482e-005, -0.122556386, 0.122556384, -4.02609054e-005, 0.992461551, -3.99189455e-005, -0.999999999, -3.56372332e-005, 0, -0, 0, 0, 0, 0, 0, 0.304000439, -0.111309937, -0.195642358, 0.082046578, 0.419911383, -0.903849592, -0.988647461, -0.0793457031, -0.126586914, -0.124969194, 0.904060031, 0.408754779, -0, 0, 0, 0, 0, 0, 0, 0.31620332, -0.0660180176, -0.193970654, -0.0380198616, -0.298395654, -0.953668013, 0.490966797, -0.836791992, 0.24230957, -0.870314095, -0.458875506, 0.178268662, 0, 2, 5, 1, 
810.864973, 57, 0.1, 0.1, 0.00359744372, 0.361054959, -0.0199653258, 0.992461302, 4.01186619e-005, -0.122558408, 0.122558406, 4.56113319e-005, 0.992461302, 4.54062716e-005, -0.999999998, 4.03506026e-005, 0.992461349, 5.7715507e-005, -0.122558017, 0.122558015, 4.29094254e-005, 0.99246135, 6.25393041e-005, -0.999999997, 3.55124482e-005, 0, -0, 0, 0, 0, 0, 0, 0.304000439, -0.111309937, -0.195642358, 0.082046578, 0.419911383, -0.903849592, -0.988647461, -0.0793457031, -0.126586914, -0.124969194, 0.904060031, 0.408754779, -0, 0, 0, 0, 0, 0, 0, 0.316464648, -0.0659616211, -0.193562744, -0.0373873339, -0.297533083, -0.953930139, 0.490600586, -0.837036133, 0.241943359, -0.870493099, -0.458907588, 0.177259169, 0, 2, 5, 1, 
810.865759, 57, 0.1, 0.1, 0.00359743598, 0.361054955, -0.0199666124, 0.992461028, -5.45890815e-005, -0.122560619, 0.122560617, -4.72316673e-005, 0.992461028, -5.99662784e-005, -0.999999997, -4.01851176e-005, 0.992461084, -5.68662481e-005, -0.122560161, 0.122560159, -4.18570952e-005, 0.992461085, -6.15675506e-005, -0.999999998, -3.45720017e-005, 0, -0, 0, 0, 0, 0, 0, 0.304000439, -0.111309937, -0.195642358, 0.082046578, 0.419911383, -0.903849592, -0.988647461, -0.0793457031, -0.126586914, -0.124969194, 0.904060031, 0.408754779, -0, 0, 0, 0, 0, 0, 0, 0.316464648, -0.0659616211, -0.193562744, -0.0373873339, -0.297533083, -0.953930139, 0.490600586, -0.837036133, 0.241943359, -0.870493099, -0.458907588, 0.177259169, 0, 2, 5, 1, 
810.866541, 57, 0.1, 0.1, 0.00359743791, 0.361054956, -0.0199675603, 0.992460757, 4.83181476e-005, -0.122562815, 0.122562813, 3.64889384e-005, 0.992460758, 5.24260523e-005, -0.999999998, 3.02918313e-005, 0.992460808, 3.81976955e-005, -0.122562405, 0.122562404, 3.12147564e-005, 0.992460808, 4.17354714e-005, -0.999999999, 2.6297821e-005, 0, -0, 0, 0, 0, 0, 0, 0.304000439, -0.111309937, -0.195642358, 0.082046578, 0.419911383, -0.903849592, -0.988647461, -0.0793457031, -0.126586914, -0.124969194, 0.904060031, 0.408754779, -0, 0, 0, 0, 0, 0, 0, 0.316464648, -0.0659616211, -0.193562744, -0.0373873339, -0.297533083, -0.953930139, 0.490600586, -0.837036133, 0.241943359, -0.870493099, -0.458907588, 0.177259169, 0, 2, 5, 1, 
810.867324, 57, 0.1, 0.1, 0.00359743933, 0.361054953, -0.0199678813, 0.992460544, -4.27609974e-005, -0.122564537, 0.122564535, -4.53073358e-005, 0.992460545, -4.79916754e-005, -0.999999998, -3.97247614e-005, 0.992460579, -2.03130808e-005, -0.122564264, 0.122564263, -4.0087886e-005, 0.992460578, -2.50732741e-005, -0.999999999, -3.72959887e-005, 0, -0, 0, 0, 0, 0, 0, 0.304000439, -0.111309937, -0.195642358, 0.082046578, 0.419911383, -0.903849592, -0.988647461, -0.0793457031, -0.126586914, -0.124969194, 0.904060031, 0.408754779, -0, 0, 0, 0, 0, 0, 0, 0.316464648, -0.0659616211, -0.193562744, -0.0373873339, -0.297533083, -0.953930139, 0.490600586, -0.837036133, 0.241943359, -0.870493099, -0.458907588, 0.177259169, 0, 2, 5, 1, 
810.868364, 57, 0.1, 0.1, 0.00359743447, 0.36105496, -0.0199652867, 0.992460413, 2.54083635e-005, -0.122565607, 0.122565605, 5.90408285e-005, 0.992460412, 3.24531699e-005, -0.999999998, 5.54814936e-005, 0.992460431, 3.92972821e-006, -0.122565461, 0.12256546, 5.32658951e-005, 0.99246043, 1.04286587e-005, -0.999999999, 5.23826443e-005, 0, -0, 0, 0, 0, 0, 0, 0.304000439, -0.111309937, -0.195642358, 0.082046578, 0.419911383, -0.903849592, -0.988647461, -0.0793457031, -0.126586914, -0.124969194, 0.904060031, 0.408754779, -0, 0, 0, 0, 0, 0, 0, 0.316464648, -0.0659616211, -0.193562744, -0.0373873339, -0.297533083, -0.953930139, 0.490600586, -0.837036133, 0.241943359, -0.870493099, -0.458907588, 0.177259169, 0, 2, 5, 1, 
810.869245, 57, 0.1, 0.1, 0.00359743595, 0.361054956, -0.0199598383, 0.992460376, -9.59252818e-006, -0.122565906, 0.122565906, -5.89119648e-005, 0.992460375, -1.67408025e-005, -0.999999998, -5.72920738e-005, 0.992460383, -1.30336847e-005, -0.122565851, 0.12256585, -5.3761658e-005, 0.992460382, -1.95247591e-005, -0.999999998, -5.17588311e-005, 0, -0, 0, 0, 0, 0, 0, 0.304187793, -0.110692432, -0.195776489, 0.0813673569, 0.423356542, -0.902312173, -0.988647461, -0.0794677734, -0.126586914, -0.125355983, 0.902402044, 0.412219033, -0, 0, 0, 0, 0, 0, 0, 0.31611543, -0.0656373047, -0.194020459, -0.0393807988, -0.295903823, -0.954396422, 0.491088867, -0.837524414, 0.239501953, -0.87021165, -0.459227317, 0.178192103, 0, 2, 5, 1, 
810.870032, 57, 0.1, 0.1, 0.00359743516, 0.361054957, -0.0199571196, 0.992460326, 1.0163835e-006, -0.122566316, 0.122566316, 4.53499005e-005, 0.992460325, 6.56709052e-006, -0.999999999, 4.48834026e-005, 0.992460333, -1.43977926e-005, -0.122566256, 0.122566257, 3.80769352e-005, 0.992460332, -9.62229066e-006, -0.999999999, 3.95545313e-005, 0, -0, 0, 0, 0, 0, 0, 0.304187793, -0.110692432, -0.195776489, 0.0813673569, 0.423356542, -0.902312173, -0.988647461, -0.0794677734, -0.126586914, -0.125355983, 0.902402044, 0.412219033, -0, 0, 0, 0, 0, 0, 0, 0.31611543, -0.0656373047, -0.194020459, -0.0393807988, -0.295903823, -0.954396422, 0.491088867, -0.837524414, 0.239501953, -0.87021165, -0.459227317, 0.178192103, 0, 2, 5, 1, 
810.870815, 57, 0.1, 0.1, 0.00359743656, 0.361054953, -0.0199574488, 0.992460282, 1.93838209e-005, -0.122566672, 0.122566673, -5.69021268e-005, 0.99246028, 1.2263368e-005, -0.999999998, -5.88489112e-005, 0.992460294, 1.76732391e-005, -0.12256657, 0.122566571, -5.15590122e-005, 0.992460293, 1.12205767e-005, -0.999999999, -5.33364207e-005, 0, -0, 0, 0, 0, 0, 0, 0.304187793, -0.110692432, -0.195776489, 0.0813673569, 0.423356542, -0.902312173, -0.988647461, -0.0794677734, -0.126586914, -0.125355983, 0.902402044, 0.412219033, -0, 0, 0, 0, 0, 0, 0, 0.31611543, -0.0656373047, -0.194020459, -0.0393807988, -0.295903823, -0.954396422, 0.491088867, -0.837524414, 0.239501953, -0.87021165, -0.459227317, 0.178192103, 0, 2, 5, 1, 
810.871597, 57, 0.1, 0.1, 0.00359743547, 0.361054953, -0.0199605462, 0.992460236, -1.94255917e-006, -0.122567042, 0.122567042, 4.5503498e-005, 0.992460235, 3.64931641e-006, -0.999999999, 4.53985061e-005, 0.992460241, -1.54275091e-005, -0.122567001, 0.122567002, 3.65993332e-005, 0.99246024, -1.08253189e-005, -0.999999999, 3.82142865e-005, 0, -0, 0, 0, 0, 0, 0, 0.304187793, -0.110692432, -0.195776489, 0.0813673569, 0.423356542, -0.902312173, -0.988647461, -0.0794677734, -0.126586914, -0.125355983, 0.902402044, 0.412219033, -0, 0, 0, 0, 0, 0, 0, 0.31611543, -0.0656373047, -0.194020459, -0.0393807988, -0.295903823, -0.954396422, 0.491088867, -0.837524414, 0.239501953, -0.87021165, -0.459227317, 0.178192103, 0, 2, 5, 1, 
810.872381, 57, 0.1, 0.1, 0.00359743598, 0.361054952, -0.0199651847, 0.992460203, 1.34840182e-005, -0.122567312, 0.122567312, -3.72408125e-005, 0.992460202, 8.81784512e-006, -0.999999999, -3.86127242e-005, 0.992460213, 1.17779365e-005, -0.122567232, 0.122567232, -3.23917528e-005, 0.992460212, 7.7189659e-006, -0.999999999, -3.3591115e-005, 0, -0, 0, 0, 0, 0, 0, 0.304187793, -0.110692432, -0.195776489, 0.0813673569, 0.423356542, -0.902312173, -0.988647461, -0.0794677734, -0.126586914, -0.125355983, 0.902402044, 0.412219033, -0, 0, 0, 0, 0, 0, 0, 0.31611543, -0.0656373047, -0.194020459, -0.0393807988, -0.295903823, -0.954396422, 0.491088867, -0.837524414, 0.239501953, -0.87021165, -0.459227317, 0.178192103, 0, 2, 5, 1, 
