time, trialNum, realDorsalTactorPos, realVentralTactorPos, box1PosX, box1PosY, box1PosZ, box1LocalRot_11, box1LocalRot_12, box1LocalRot_13, box1LocalRot_21, box1LocalRot_22, box1LocalRot_23, box1LocalRot_31, box1LocalRot_32, box1LocalRot_33, box1GlobalRot_11, box1GlobalRot_12, box1GlobalRot_13, box1GlobalRot_21, box1GlobalRot_22, box1GlobalRot_23, box1GlobalRot_31, box1GlobalRot_32, box1GlobalRot_33, indexForceX, indexForceY, indexForceZ, indexForceGlobalX, indexForceGlobalY, indexForceGlobalZ, indexContact, indexPosX, indexPosY, indexPosZ, indexRot_11, indexRot_12, indexRot_13, indexRot_21, indexRot_22, indexRot_23, indexRot_31, indexRot_32, indexRot_33, thumbForceX, thumbForceY, thumbForceZ, thumbForceGlobalX, thumbForceGlobalY, thumbForceGlobalZ, thumbContact, thumbPosX, thumbPosY, thumbPosZ, thumbRot_11, thumbRot_12, thumbRot_13, thumbRot_21, thumbRot_22, thumbRot_23, thumbRot_31, thumbRot_32, thumbRot_33, manipForceTooHigh, cceExpType, mapping, trialSuccess, 
414.638671, 54, 0.1, 0.1, 0.011958985, 0.364249141, -0.0199627939, 0.955430848, -0.295214994, -4.41446291e-005, 0.295214996, 0.955430847, 4.83489732e-005, 2.79037986e-005, -5.9226257e-005, 0.999999998, 0.955430949, -0.295214671, -8.43285951e-006, 0.295214671, 0.955430948, 3.17380336e-005, -1.3125182e-006, -3.28130034e-005, 0.999999999, 0, 0, 0, 0, 0, 0, 0, 0.267591431, -0.153937915, -0.195425757, 0.100670282, 0.475964782, -0.873649377, -0.971191406, 0.237426758, 0.0174560547, 0.215790271, 0.846734006, 0.486283763, 0, 0, -0, 0, 0, 0, 0, 0.306212988, -0.105333936, -0.155228271, 0.171184278, 0.107573019, -0.979343135, 0.538085937, -0.842773438, 0.00146484376, -0.825250224, -0.527165888, -0.202231964, 0, 2, 5, 1, 
414.684141, 54, 0.1, 0.1, 0.0119589851, 0.364249105, -0.0199592989, 0.955417506, -0.295258175, -1.77986328e-005, 0.295258175, 0.955417506, 1.47889833e-005, 1.26385572e-005, -1.93848454e-005, 1, 0.955417498, -0.295258196, -3.33465877e-005, 0.295258197, 0.955417499, 2.78902342e-006, 3.10364314e-005, -1.25105351e-005, 0.999999999, 0, 0, 0, 0, 0, 0, 0, 0.269803516, -0.155540137, -0.183329712, -0.0628419387, 0.568749663, -0.820043351, -0.983764648, 0.102539062, 0.146484375, 0.16740931, 0.816094965, 0.553184482, 0, 0, -0, 0, 0, 0, 0, 0.305892285, -0.108140771, -0.142364648, 0.0984727853, 0.161910559, -0.981863017, 0.615966797, -0.784790039, -0.0676269531, -0.781586058, -0.598046234, -0.177089073, 0, 2, 5, 1, 
414.684958, 54, 0.1, 0.1, 0.01195898, 0.364249106, -0.0199606263, 0.955417639, -0.295257742, -1.39002097e-005, 0.295257742, 0.955417639, 1.0112471e-006, 1.2981927e-005, -5.07030784e-006, 1, 0.955417607, -0.295257846, 1.9845752e-005, 0.295257846, 0.955417607, -9.61842401e-006, -1.61210658e-005, 1.50492256e-005, 1, 0, 0, 0, 0, 0, 0, 0, 0.270251538, -0.15504541, -0.181963257, -0.0712970066, 0.574231363, -0.815471528, -0.983886719, 0.0932617187, 0.151733398, 0.163186824, 0.813249278, 0.558639973, 0, 0, -0, 0, 0, 0, 0, 0.306213525, -0.107841113, -0.140785352, 0.0946400731, 0.165557704, -0.981620214, 0.624145508, -0.777954102, -0.0710449219, -0.775483528, -0.605886665, -0.177063553, 0, 2, 5, 1, 
414.685738, 54, 0.1, 0.1, 0.0119589802, 0.364249107, -0.0199634069, 0.955417734, -0.295257436, 2.82197025e-005, 0.295257436, 0.955417734, -5.68568531e-006, -2.52828633e-005, 1.37642816e-005, 1, 0.955417729, -0.295257453, 1.8640986e-005, 0.295257453, 0.955417729, -1.66019753e-005, -1.29080716e-005, 2.13657116e-005, 1, 0, 0, 0, 0, 0, 0, 0, 0.270251538, -0.15504541, -0.181963257, -0.0712970066, 0.574231363, -0.815471528, -0.983886719, 0.0932617187, 0.151733398, 0.163186824, 0.813249278, 0.558639973, 0, 0, -0, 0, 0, 0, 0, 0.306213525, -0.107841113, -0.140785352, 0.0946400731, 0.165557704, -0.981620214, 0.624145508, -0.777954102, -0.0710449219, -0.775483528, -0.605886665, -0.177063553, 0, 2, 5, 1, 
414.686517, 54, 0.1, 0.1, 0.011958981, 0.364249108, -0.0199667991, 0.955417666, -0.295257654, -1.96586066e-005, 0.295257654, 0.955417667, -2.27732989e-005, 2.55061709e-005, 1.5953658e-005, 1, 0.95541769, -0.295257578, -2.18381423e-005, 0.295257577, 0.95541769, -1.80079844e-005, 2.61815413e-005, 1.07572698e-005, 1, 0, 0, 0, 0, 0, 0, 0, 0.270251538, -0.15504541, -0.181963257, -0.0712970066, 0.574231363, -0.815471528, -0.983886719, 0.0932617187, 0.151733398, 0.163186824, 0.813249278, 0.558639973, 0, 0, -0, 0, 0, 0, 0, 0.306213525, -0.107841113, -0.140785352, 0.0946400731, 0.165557704, -0.981620214, 0.624145508, -0.777954102, -0.0710449219, -0.775483528, -0.605886665, -0.177063553, 0, 2, 5, 1, 
414.68732, 54, 0.1, 0.1, 0.0119589783, 0.364249106, -0.019969564, 0.955417546, -0.295258045, 1.20360086e-005, 0.295258045, 0.955417546, -4.58149306e-006, -1.01466911e-005, 7.93096722e-006, 1, 0.955417566, -0.295257981, 1.83636641e-005, 0.29525798, 0.955417566, 1.33095635e-005, -2.14747221e-005, -7.29417235e-006, 1, 0, 0, 0, 0, 0, 0, 0, 0.270251538, -0.15504541, -0.181963257, -0.0712970066, 0.574231363, -0.815471528, -0.983886719, 0.0932617187, 0.151733398, 0.163186824, 0.813249278, 0.558639973, 0, 0, -0, 0, 0, 0, 0, 0.306053955, -0.107588428, -0.140956592, 0.0872291122, 0.171556322, -0.981274965, 0.631469727, -0.771362305, -0.0786132812, -0.770370801, -0.61274349, -0.175677096, 0, 2, 5, 1, 
414.688104, 54, 0.1, 0.1, 0.0119589802, 0.364249106, -0.0199706921, 0.955417545, -0.295258046, 7.90904247e-006, 0.295258046, 0.955417545, 1.31149949e-005, -1.14287457e-005, -1.01950878e-005, 1, 0.955417535, -0.29525808, -1.37481449e-005, 0.29525808, 0.955417535, 1.21456501e-005, 9.5491174e-006, -1.56634179e-005, 1, 0, 0, 0, 0, 0, 0, 0, 0.270251538, -0.15504541, -0.181963257, -0.0712970066, 0.574231363, -0.815471528, -0.983886719, 0.0932617187, 0.151733398, 0.163186824, 0.813249278, 0.558639973, 0, 0, -0, 0, 0, 0, 0, 0.306053955, -0.107588428, -0.140956592, 0.0872291122, 0.171556322, -0.981274965, 0.631469727, -0.771362305, -0.0786132812, -0.770370801, -0.61274349, -0.175677096, 0, 2, 5, 1, 
414.688881, 54, 0.1, 0.1, 0.0119589793, 0.364249105, -0.0199702071, 0.955417646, -0.295257719, -2.76269204e-005, 0.295257719, 0.955417646, 8.97271682e-006, 2.37459834e-005, -1.67297535e-005, 1, 0.955417626, -0.295257784, -1.64656159e-005, 0.295257784, 0.955417626, 7.28882111e-006, 1.35794585e-005, -1.18254694e-005, 1, 0, 0, 0, 0, 0, 0, 0, 0.270251538, -0.15504541, -0.181963257, -0.0712970066, 0.574231363, -0.815471528, -0.983886719, 0.0932617187, 0.151733398, 0.163186824, 0.813249278, 0.558639973, 0, 0, -0, 0, 0, 0, 0, 0.306053955, -0.107588428, -0.140956592, 0.0872291122, 0.171556322, -0.981274965, 0.631469727, -0.771362305, -0.0786132812, -0.770370801, -0.61274349, -0.175677096, 0, 2, 5, 1, 
414.689682, 54, 0.1, 0.1, 0.0119589776, 0.364249105, -0.0199681854, 0.955417686, -0.295257592, 1.68623986e-005, 0.295257592, 0.955417686, 2.08085155e-005, -2.2254506e-005, -1.49020725e-005, 1, 0.95541769, -0.295257579, 2.38256785e-005, 0.295257579, 0.95541769, 4.5424469e-006, -2.41046666e-005, 2.69477803e-006, 1, 0, 0, 0, 0, 0, 0, 0, 0.270552612, -0.15488645, -0.181401147, -0.0784307025, 0.581996731, -0.809267927, -0.983642578, 0.0866699219, 0.157714844, 0.161844851, 0.808435199, 0.565814487, 0, 0, -0, 0, 0, 0, 0, 0.306053955, -0.107588428, -0.140956592, 0.0872291122, 0.171556322, -0.981274965, 0.631469727, -0.771362305, -0.0786132812, -0.770370801, -0.61274349, -0.175677096, 0, 2, 5, 1, 
414.690462, 54, 0.1, 0.1, 0.0119589801, 0.364249105, -0.0199654837, 0.955417582, -0.295257926, -8.37489976e-006, 0.295257926, 0.955417583, -7.18997892e-006, 1.01244247e-005, 4.39667675e-006, 1, 0.95541761, -0.295257836, -1.99771802e-005, 0.295257836, 0.95541761, -1.73387673e-005, 2.42059567e-005, 1.06673446e-005, 1, 0, 0, 0, 0, 0, 0, 0, 0.270552612, -0.15488645, -0.181401147, -0.0784307025, 0.581996731, -0.809267927, -0.983642578, 0.0866699219, 0.157714844, 0.161844851, 0.808435199, 0.565814487, 0, 0, -0, 0, 0, 0, 0, 0.306053955, -0.107588428, -0.140956592, 0.0872291122, 0.171556322, -0.981274965, 0.631469727, -0.771362305, -0.0786132812, -0.770370801, -0.61274349, -0.175677096, 0, 2, 5, 1, 
414.691247, 54, 0.1, 0.1, 0.0119589769, 0.364249103, -0.0199630904, 0.955417468, -0.295258298, -1.02849226e-005, 0.295258298, 0.955417468, -1.72906699e-005, 1.49316084e-005, 1.34830993e-005, 1, 0.955417478, -0.295258263, 1.34770958e-005, 0.295258263, 0.955417478, -4.02885498e-006, -1.16867001e-005, 7.82846235e-006, 1, 0, 0, 0, 0, 0, 0, 0, 0.270552612, -0.15488645, -0.181401147, -0.0784307025, 0.581996731, -0.809267927, -0.983642578, 0.0866699219, 0.157714844, 0.161844851, 0.808435199, 0.565814487, 0, 0, -0, 0, 0, 0, 0, 0.306053955, -0.107588428, -0.140956592, 0.0872291122, 0.171556322, -0.981274965, 0.631469727, -0.771362305, -0.0786132812, -0.770370801, -0.61274349, -0.175677096, 0, 2, 5, 1, 
414.692059, 54, 0.1, 0.1, 0.0119589771, 0.364249102, -0.0199615555, 0.955417519, -0.295258129, 3.40853459e-005, 0.295258129, 0.95541752, -1.85281576e-006, -3.20186777e-005, 1.18341881e-005, 0.999999999, 0.95541749, -0.295258224, 1.42687851e-005, 0.295258224, 0.95541749, 1.60474894e-005, -1.83708001e-005, -1.11190759e-005, 1, 0, 0, 0, 0, 0, 0, 0, 0.270908374, -0.155235742, -0.180891772, -0.0846178331, 0.588512242, -0.804016883, -0.983032227, 0.0822753906, 0.163696289, 0.162577613, 0.804313445, 0.571656768, 0, 0, -0, 0, 0, 0, 0, 0.306053955, -0.107588428, -0.140956592, 0.0791728637, 0.178187467, -0.980795556, 0.639038086, -0.764038086, -0.0872802734, -0.764957669, -0.619779319, -0.174399281, 0, 2, 5, 1, 
414.69284, 54, 0.1, 0.1, 0.0119589778, 0.364249102, -0.0199613471, 0.955417669, -0.295257644, -2.91387952e-005, 0.295257644, 0.95541767, -2.51732274e-006, 2.85829786e-005, -6.19835741e-006, 1, 0.955417643, -0.29525773, -3.17495292e-005, 0.295257731, 0.955417643, 4.46154567e-006, 2.90167545e-005, -1.36369334e-005, 0.999999999, 0, 0, 0, 0, 0, 0, 0, 0.270908374, -0.155235742, -0.180891772, -0.0846178331, 0.588512242, -0.804016883, -0.983032227, 0.0822753906, 0.163696289, 0.162577613, 0.804313445, 0.571656768, 0, 0, -0, 0, 0, 0, 0, 0.30608125, -0.107074414, -0.14112124, 0.0791728637, 0.178187467, -0.980795556, 0.639038086, -0.764038086, -0.0872802734, -0.764957669, -0.619779319, -0.174399281, 0, 2, 5, 1, 
414.693622, 54, 0.1, 0.1, 0.0119589746, 0.364249102, -0.0199626294, 0.955417705, -0.295257529, 3.57245262e-006, 0.295257529, 0.955417705, 1.6708929e-005, -8.34662157e-006, -1.4909213e-005, 1, 0.955417713, -0.295257505, 1.99896066e-005, 0.295257505, 0.955417713, 1.45808273e-005, -2.34035229e-005, -8.02869925e-006, 1, 0, 0, 0, 0, 0, 0, 0, 0.270908374, -0.155235742, -0.180891772, -0.0846178331, 0.588512242, -0.804016883, -0.983032227, 0.0822753906, 0.163696289, 0.162577613, 0.804313445, 0.571656768, 0, 0, -0, 0, 0, 0, 0, 0.30608125, -0.107074414, -0.14112124, 0.0791728637, 0.178187467, -0.980795556, 0.639038086, -0.764038086, -0.0872802734, -0.764957669, -0.619779319, -0.174399281, 0, 2, 5, 1, 
414.694402, 54, 0.1, 0.1, 0.0119589776, 0.364249104, -0.0199648732, 0.955417587, -0.295257911, 6.02572714e-006, 0.295257911, 0.955417587, 1.13233942e-005, -9.1004074e-006, -9.03942631e-006, 1, 0.955417615, -0.295257819, -1.31036382e-005, 0.295257819, 0.955417616, -1.3911023e-005, 1.6626785e-005, 9.42188484e-006, 1, 0, 0, 0, 0, 0, 0, 0, 0.270908374, -0.155235742, -0.180891772, -0.0846178331, 0.588512242, -0.804016883, -0.983032227, 0.0822753906, 0.163696289, 0.162577613, 0.804313445, 0.571656768, 0, 0, -0, 0, 0, 0, 0, 0.30608125, -0.107074414, -0.14112124, 0.0791728637, 0.178187467, -0.980795556, 0.639038086, -0.764038086, -0.0872802734, -0.764957669, -0.619779319, -0.174399281, 0, 2, 5, 1, 
414.695186, 54, 0.1, 0.1, 0.0119589764, 0.364249104, -0.0199672788, 0.9554175, -0.295258193, -2.12277112e-005, 0.295258193, 0.9554175, -1.30360792e-005, 2.4130336e-005, 6.18724258e-006, 1, 0.955417505, -0.295258176, -9.25270031e-006, 0.295258176, 0.955417505, -1.60739428e-005, 1.35861549e-005, 1.26253909e-005, 1, 0, 0, 0, 0, 0, 0, 0, 0.270908374, -0.155235742, -0.180891772, -0.0846178331, 0.588512242, -0.804016883, -0.983032227, 0.0822753906, 0.163696289, 0.162577613, 0.804313445, 0.571656768, 0, 0, -0, 0, 0, 0, 0, 0.30608125, -0.107074414, -0.14112124, 0.0791728637, 0.178187467, -0.980795556, 0.639038086, -0.764038086, -0.0872802734, -0.764957669, -0.619779319, -0.174399281, 0, 2, 5, 1, 
414.695967, 54, 0.1, 0.1, 0.0119589749, 0.364249102, -0.0199690399, 0.955417557, -0.295258007, 2.57272428e-005, 0.295258007, 0.955417558, -3.80732817e-006, -2.34561153e-005, 1.12337626e-005, 1, 0.955417536, -0.295258075, 2.48069033e-005, 0.295258075, 0.955417536, 1.43785742e-006, -2.41254894e-005, 5.95068432e-006, 1, 0, 0, 0, 0, 0, 0, 0, 0.270908374, -0.155235742, -0.180891772, -0.0846178331, 0.588512242, -0.804016883, -0.983032227, 0.0822753906, 0.163696289, 0.162577613, 0.804313445, 0.571656768, 0, 0, -0, 0, 0, 0, 0, 0.30608125, -0.107074414, -0.14112124, 0.0791728637, 0.178187467, -0.980795556, 0.639038086, -0.764038086, -0.0872802734, -0.764957669, -0.619779319, -0.174399281, 0, 2, 5, 1, 
414.696779, 54, 0.1, 0.1, 0.0119589767, 0.364249102, -0.0199695076, 0.955417667, -0.295257653, -3.62650169e-006, 0.295257653, 0.955417667, -1.05479854e-005, 6.57919719e-006, 9.00697921e-006, 1, 0.955417648, -0.295257715, -2.13165418e-005, 0.295257715, 0.955417648, 2.25593369e-006, 1.97001184e-005, -8.44923227e-006, 1, 0, 0, 0, 0, 0, 0, 0, 0.270609668, -0.156080347, -0.180187476, -0.0906892659, 0.594063213, -0.799236126, -0.981811523, 0.0808105469, 0.171386719, 0.166381848, 0.800344459, 0.576090432, 0, 0, -0, 0, 0, 0, 0, 0.30608125, -0.107074414, -0.14112124, 0.0716084183, 0.184422692, -0.980181984, 0.645019531, -0.758056641, -0.0954589844, -0.760720273, -0.625383849, -0.173230108, 0, 2, 5, 1, 
414.69756, 54, 0.1, 0.1, 0.0119589736, 0.364249101, -0.0199684693, 0.955417656, -0.295257688, -1.38430298e-005, 0.295257689, 0.955417656, 3.89019484e-006, 1.20772652e-005, -7.80402183e-006, 1, 0.955417669, -0.295257647, 6.21323506e-006, 0.295257647, 0.955417669, 1.68348453e-005, -1.09068514e-005, -1.42498035e-005, 1, 0, 0, 0, 0, 0, 0, 0, 0.270609668, -0.156080347, -0.180187476, -0.0906892659, 0.594063213, -0.799236126, -0.981811523, 0.0808105469, 0.171386719, 0.166381848, 0.800344459, 0.576090432, 0, 0, -0, 0, 0, 0, 0, 0.305669873, -0.107226221, -0.141056055, 0.0716084183, 0.184422692, -0.980181984, 0.645019531, -0.758056641, -0.0954589844, -0.760720273, -0.625383849, -0.173230108, 0, 2, 5, 1, 
414.69848, 54, 0.1, 0.1, 0.0119589726, 0.364249101, -0.0199651736, 0.955417507, -0.295258171, 2.78913535e-005, 0.29525817, 0.955417507, 2.83818893e-005, -3.50278721e-005, -1.88814039e-005, 0.999999999, 0.955417539, -0.295258068, 1.7095575e-005, 0.295258068, 0.955417539, 1.77734661e-005, -2.15811714e-005, -1.19334748e-005, 1, 0, 0, 0, 0, 0, 0, 0, 0.270609668, -0.156080347, -0.180187476, -0.0906892659, 0.594063213, -0.799236126, -0.981811523, 0.0808105469, 0.171386719, 0.166381848, 0.800344459, 0.576090432, 0, 0, -0, 0, 0, 0, 0, 0.305669873, -0.107226221, -0.141056055, 0.0716084183, 0.184422692, -0.980181984, 0.645019531, -0.758056641, -0.0954589844, -0.760720273, -0.625383849, -0.173230108, 0, 2, 5, 1, 
414.699271, 54, 0.1, 0.1, 0.0119589728, 0.364249101, -0.0199617162, 0.955417452, -0.295258348, -2.96075471e-005, 0.295258348, 0.955417452, 6.95994435e-006, 2.62325855e-005, -1.53915277e-005, 1, 0.955417448, -0.295258361, -2.42317197e-005, 0.295258361, 0.955417448, -1.26882241e-005, 2.68977121e-005, 4.96793289e-006, 1, 0, 0, 0, 0, 0, 0, 0, 0.270609668, -0.156080347, -0.180187476, -0.0906892659, 0.594063213, -0.799236126, -0.981811523, 0.0808105469, 0.171386719, 0.166381848, 0.800344459, 0.576090432, 0, 0, -0, 0, 0, 0, 0, 0.305669873, -0.107226221, -0.141056055, 0.0716084183, 0.184422692, -0.980181984, 0.645019531, -0.758056641, -0.0954589844, -0.760720273, -0.625383849, -0.173230108, 0, 2, 5, 1, 
414.700059, 54, 0.1, 0.1, 0.0119589696, 0.3642491, -0.0199598192, 0.955417569, -0.295257969, 9.75169525e-006, 0.295257969, 0.955417569, -5.11368794e-006, -7.80708386e-006, 7.76497304e-006, 1, 0.955417537, -0.295258074, 2.85008559e-005, 0.295258074, 0.955417537, -6.96566924e-006, -2.51735474e-005, 1.50702304e-005, 1, 0, 0, 0, 0, 0, 0, 0, 0.270609668, -0.156080347, -0.180187476, -0.0906892659, 0.594063213, -0.799236126, -0.981811523, 0.0808105469, 0.171386719, 0.166381848, 0.800344459, 0.576090432, 0, 0, -0, 0, 0, 0, 0, 0.305669873, -0.107226221, -0.141056055, 0.0716084183, 0.184422692, -0.980181984, 0.645019531, -0.758056641, -0.0954589844, -0.760720273, -0.625383849, -0.173230108, 0, 2, 5, 1, 
414.700846, 54, 0.1, 0.1, 0.0119589744, 0.3642491, -0.0199599804, 0.955417702, -0.295257538, 1.09228748e-005, 0.295257538, 0.955417702, -1.23515166e-005, -6.78902957e-006, 1.50259187e-005, 1, 0.955417689, -0.295257581, -1.86644422e-005, 0.295257581, 0.955417689, -1.49548523e-005, 2.22478717e-005, 8.7773124e-006, 1, 0, 0, 0, 0, 0, 0, 0, 0.270609668, -0.156080347, -0.180187476, -0.0906892659, 0.594063213, -0.799236126, -0.981811523, 0.0808105469, 0.171386719, 0.166381848, 0.800344459, 0.576090432, 0, 0, -0, 0, 0, 0, 0, 0.305669873, -0.107226221, -0.141056055, 0.0716084183, 0.184422692, -0.980181984, 0.645019531, -0.758056641, -0.0954589844, -0.760720273, -0.625383849, -0.173230108, 0, 2, 5, 1, 
414.701661, 54, 0.1, 0.1, 0.011958975, 0.364249099, -0.0199618987, 0.955417653, -0.295257695, -3.19609757e-005, 0.295257694, 0.955417654, -1.87944099e-005, 3.60852746e-005, 8.51978702e-006, 0.999999999, 0.955417682, -0.295257603, -2.58827987e-005, 0.295257603, 0.955417682, 6.02417857e-006, 2.2950199e-005, -1.33976998e-005, 1, 0, 0, 0, 0, 0, 0, 0, 0.270248096, -0.156764209, -0.179528467, -0.0978911108, 0.598320143, -0.795268262, -0.980712891, 0.0772705078, 0.178955078, 0.168511243, 0.797569165, 0.579293334, 0, 0, -0, 0, 0, 0, 0, 0.305669873, -0.107226221, -0.141056055, 0.0689448795, 0.187795317, -0.979702941, 0.651733398, -0.751953125, -0.0982666016, -0.755231315, -0.631780221, -0.174284443, 0, 2, 5, 1, 
414.702446, 54, 0.1, 0.1, 0.0119589744, 0.364249098, -0.0199646268, 0.955417508, -0.295258167, 2.12381262e-005, 0.295258167, 0.955417508, 1.60285228e-005, -2.50238298e-005, -9.04320108e-006, 1, 0.955417533, -0.295258085, 1.82881924e-005, 0.295258084, 0.955417533, 2.21613352e-005, -2.40161731e-005, -1.57735916e-005, 1, 0, 0, 0, 0, 0, 0, 0, 0.270248096, -0.156764209, -0.179528467, -0.0978911108, 0.598320143, -0.795268262, -0.980712891, 0.0772705078, 0.178955078, 0.168511243, 0.797569165, 0.579293334, 0, 0, -0, 0, 0, 0, 0, 0.306055566, -0.107807324, -0.139037354, 0.0689448795, 0.187795317, -0.979702941, 0.651733398, -0.751953125, -0.0982666016, -0.755231315, -0.631780221, -0.174284443, 0, 2, 5, 1, 
414.703232, 54, 0.1, 0.1, 0.0119589755, 0.364249099, -0.0199675039, 0.955417469, -0.295258295, -9.22184939e-006, 0.295258295, 0.955417468, 1.15627068e-005, 5.39673091e-006, -1.37700396e-005, 1, 0.955417464, -0.29525831, -2.03393249e-005, 0.29525831, 0.955417464, 2.42588364e-006, 1.87162839e-005, -8.32308629e-006, 1, 0, 0, 0, 0, 0, 0, 0, 0.270248096, -0.156764209, -0.179528467, -0.0978911108, 0.598320143, -0.795268262, -0.980712891, 0.0772705078, 0.178955078, 0.168511243, 0.797569165, 0.579293334, 0, 0, -0, 0, 0, 0, 0, 0.306055566, -0.107807324, -0.139037354, 0.0689448795, 0.187795317, -0.979702941, 0.651733398, -0.751953125, -0.0982666016, -0.755231315, -0.631780221, -0.174284443, 0, 2, 5, 1, 
414.704045, 54, 0.1, 0.1, 0.0119589711, 0.364249099, -0.0199695111, 0.955417569, -0.29525797, -9.96041137e-006, 0.29525797, 0.955417569, 5.81007398e-006, 7.80088137e-006, -8.4919376e-006, 1, 0.955417543, -0.295258054, 1.80596903e-005, 0.295258054, 0.955417543, -3.36304885e-006, -1.62615777e-005, 8.54538489e-006, 1, 0, 0, 0, 0, 0, 0, 0, 0.270369385, -0.157125854, -0.177851392, -0.104136651, 0.600033174, -0.793135119, -0.98046875, 0.0716552734, 0.182861328, 0.166534233, 0.796679887, 0.58105654, 0, 0, -0, 0, 0, 0, 0, 0.306055566, -0.107807324, -0.139037354, 0.0663961791, 0.190286415, -0.979421859, 0.656982422, -0.747070313, -0.100585937, -0.750834971, -0.636796333, -0.174623128, 0, 2, 5, 1, 
414.704845, 54, 0.1, 0.1, 0.0119589705, 0.364249099, -0.0199697155, 0.955417636, -0.295257752, 2.64880854e-005, 0.295257752, 0.955417636, -2.39176684e-007, -2.52365652e-005, 8.04932616e-006, 1, 0.955417634, -0.295257758, 1.9204099e-005, 0.295257759, 0.955417634, -8.74621932e-006, -1.57655457e-005, 1.40264514e-005, 1, 0, 0, 0, 0, 0, 0, 0, 0.270369385, -0.157125854, -0.177851392, -0.104136651, 0.600033174, -0.793135119, -0.98046875, 0.0716552734, 0.182861328, 0.166534233, 0.796679887, 0.58105654, 0, 0, -0, 0, 0, 0, 0, 0.306202637, -0.108640967, -0.137239941, 0.0663961791, 0.190286415, -0.979421859, 0.656982422, -0.747070313, -0.100585937, -0.750834971, -0.636796333, -0.174623128, 0, 2, 5, 1, 
414.705631, 54, 0.1, 0.1, 0.0119589713, 0.364249099, -0.0199684828, 0.955417566, -0.29525798, -1.75468937e-005, 0.295257979, 0.955417566, -2.22970751e-005, 2.33479998e-005, 1.61221568e-005, 1, 0.95541759, -0.295257902, -1.9994997e-005, 0.295257902, 0.95541759, -1.73671816e-005, 2.42313695e-005, 1.06892299e-005, 1, 0, 0, 0, 0, 0, 0, 0, 0.270369385, -0.157125854, -0.177851392, -0.104136651, 0.600033174, -0.793135119, -0.98046875, 0.0716552734, 0.182861328, 0.166534233, 0.796679887, 0.58105654, 0, 0, -0, 0, 0, 0, 0, 0.306202637, -0.108640967, -0.137239941, 0.0663961791, 0.190286415, -0.979421859, 0.656982422, -0.747070313, -0.100585937, -0.750834971, -0.636796333, -0.174623128, 0, 2, 5, 1, 
414.706415, 54, 0.1, 0.1, 0.0119589685, 0.364249099, -0.0199664231, 0.955417447, -0.295258363, 1.13383664e-005, 0.295258364, 0.955417447, -9.71126734e-006, -7.96554017e-006, 1.26260618e-005, 1, 0.955417467, -0.295258299, 1.92272167e-005, 0.295258298, 0.955417467, 1.13095083e-005, -2.17092448e-005, -5.12830645e-006, 1, 0, 0, 0, 0, 0, 0, 0, 0.270369385, -0.157125854, -0.177851392, -0.104136651, 0.600033174, -0.793135119, -0.98046875, 0.0716552734, 0.182861328, 0.166534233, 0.796679887, 0.58105654, 0, 0, -0, 0, 0, 0, 0, 0.306202637, -0.108640967, -0.137239941, 0.0663961791, 0.190286415, -0.979421859, 0.656982422, -0.747070313, -0.100585937, -0.750834971, -0.636796333, -0.174623128, 0, 2, 5, 1, 
414.707204, 54, 0.1, 0.1, 0.0119589714, 0.364249099, -0.0199642437, 0.955417462, -0.295258316, 9.25403168e-006, 0.295258316, 0.955417462, 1.20194226e-005, -1.23902979e-005, -8.75123641e-006, 1, 0.955417447, -0.295258365, -1.7354965e-005, 0.295258366, 0.955417447, 1.10114299e-005, 1.33300196e-005, -1.56447108e-005, 1, 0, 0, 0, 0, 0, 0, 0, 0.270369385, -0.157125854, -0.177851392, -0.104136651, 0.600033174, -0.793135119, -0.98046875, 0.0716552734, 0.182861328, 0.166534233, 0.796679887, 0.58105654, 0, 0, -0, 0, 0, 0, 0, 0.306202637, -0.108640967, -0.137239941, 0.0663961791, 0.190286415, -0.979421859, 0.656982422, -0.747070313, -0.100585937, -0.750834971, -0.636796333, -0.174623128, 0, 2, 5, 1, 
414.70799, 54, 0.1, 0.1, 0.0119589706, 0.364249099, -0.0199626986, 0.955417602, -0.295257862, -3.54790185e-005, 0.295257863, 0.955417602, 7.62064104e-006, 3.16472246e-005, -1.77563538e-005, 0.999999999, 0.955417574, -0.295257952, -2.14997523e-005, 0.295257952, 0.955417575, 5.04751241e-006, 1.9050923e-005, -1.11704549e-005, 1, 0, 0, 0, 0, 0, 0, 0, 0.270369385, -0.157125854, -0.177851392, -0.104136651, 0.600033174, -0.793135119, -0.98046875, 0.0716552734, 0.182861328, 0.166534233, 0.796679887, 0.58105654, 0, 0, -0, 0, 0, 0, 0, 0.306202637, -0.108640967, -0.137239941, 0.0663961791, 0.190286415, -0.979421859, 0.656982422, -0.747070313, -0.100585937, -0.750834971, -0.636796333, -0.174623128, 0, 2, 5, 1, 
414.708792, 54, 0.1, 0.1, 0.0119589691, 0.364249099, -0.0199621507, 0.955417666, -0.295257657, 2.07049595e-005, 0.295257656, 0.955417666, 2.31472981e-005, -2.66163011e-005, -1.60020397e-005, 1, 0.955417668, -0.295257649, 2.78535553e-005, 0.295257649, 0.955417668, 4.0619421e-006, -2.78110983e-005, 4.34312401e-006, 1, 0, 0, 0, 0, 0, 0, 0, 0.271617505, -0.156999634, -0.175915308, -0.109927253, 0.602571082, -0.790392025, -0.980834961, 0.0626220703, 0.184082031, 0.160406634, 0.795536371, 0.584329834, 0, 0, -0, 0, 0, 0, 0, 0.306202637, -0.108640967, -0.137239941, 0.0663961791, 0.190286415, -0.979421859, 0.656982422, -0.747070313, -0.100585937, -0.750834971, -0.636796333, -0.174623128, 0, 2, 5, 1, 
414.709594, 54, 0.1, 0.1, 0.011958972, 0.364249099, -0.0199624834, 0.955417554, -0.295258018, -9.78898493e-006, 0.295258018, 0.955417554, -7.33060071e-006, 1.15169867e-005, 4.1135083e-006, 1, 0.955417584, -0.29525792, -2.25246105e-005, 0.295257919, 0.955417584, -1.83851392e-005, 2.69487669e-005, 1.09149156e-005, 1, 0, 0, 0, 0, 0, 0, 0, 0.271617505, -0.156999634, -0.175915308, -0.109927253, 0.602571082, -0.790392025, -0.980834961, 0.0626220703, 0.184082031, 0.160406634, 0.795536371, 0.584329834, 0, 0, -0, 0, 0, 0, 0, 0.306353613, -0.108793896, -0.135441064, 0.0634515576, 0.193428997, -0.978968335, 0.66394043, -0.740600586, -0.103271484, -0.745007328, -0.643339626, -0.17543466, 0, 2, 5, 1, 
414.710381, 54, 0.1, 0.1, 0.0119589686, 0.364249096, -0.019963834, 0.955417429, -0.295258423, -7.20032746e-006, 0.295258423, 0.955417429, -1.30672898e-005, 1.07375457e-005, 1.03587591e-005, 1, 0.955417442, -0.295258381, 1.61959609e-005, 0.295258381, 0.955417442, 2.149348e-007, -1.55373648e-005, 4.57664074e-006, 1, 0, 0, 0, 0, 0, 0, 0, 0.271617505, -0.156999634, -0.175915308, -0.109927253, 0.602571082, -0.790392025, -0.980834961, 0.0626220703, 0.184082031, 0.160406634, 0.795536371, 0.584329834, 0, 0, -0, 0, 0, 0, 0, 0.306353613, -0.108793896, -0.135441064, 0.0634515576, 0.193428997, -0.978968335, 0.66394043, -0.740600586, -0.103271484, -0.745007328, -0.643339626, -0.17543466, 0, 2, 5, 1, 
414.711171, 54, 0.1, 0.1, 0.0119589691, 0.364249095, -0.0199656432, 0.955417461, -0.295258317, 2.81582295e-005, 0.295258317, 0.955417462, 2.92047971e-006, -2.77651601e-005, 5.52367413e-006, 1, 0.95541744, -0.295258386, 1.16016862e-005, 0.295258386, 0.95541744, 1.74892417e-005, -1.62482986e-005, -1.32840314e-005, 1, 0, 0, 0, 0, 0, 0, 0, 0.271617505, -0.156999634, -0.175915308, -0.109927253, 0.602571082, -0.790392025, -0.980834961, 0.0626220703, 0.184082031, 0.160406634, 0.795536371, 0.584329834, 0, 0, -0, 0, 0, 0, 0, 0.306353613, -0.108793896, -0.135441064, 0.0634515576, 0.193428997, -0.978968335, 0.66394043, -0.740600586, -0.103271484, -0.745007328, -0.643339626, -0.17543466, 0, 2, 5, 1, 
414.711959, 54, 0.1, 0.1, 0.0119589698, 0.364249094, -0.0199673203, 0.955417584, -0.295257921, -2.51340149e-005, 0.295257922, 0.955417584, 1.61945154e-006, 2.35353239e-005, -8.96826948e-006, 1, 0.955417562, -0.295257992, -2.75002868e-005, 0.295257992, 0.955417562, 7.77838688e-006, 2.39776261e-005, -1.55512869e-005, 1, 0, 0, 0, 0, 0, 0, 0, 0.271617505, -0.156999634, -0.175915308, -0.109927253, 0.602571082, -0.790392025, -0.980834961, 0.0626220703, 0.184082031, 0.160406634, 0.795536371, 0.584329834, 0, 0, -0, 0, 0, 0, 0, 0.306353613, -0.108793896, -0.135441064, 0.0634515576, 0.193428997, -0.978968335, 0.66394043, -0.740600586, -0.103271484, -0.745007328, -0.643339626, -0.17543466, 0, 2, 5, 1, 
414.712743, 54, 0.1, 0.1, 0.011958967, 0.364249094, -0.0199683262, 0.955417608, -0.295257843, 4.37377031e-006, 0.295257843, 0.955417608, 1.59405294e-005, -8.8853435e-006, -1.39384725e-005, 1, 0.955417615, -0.29525782, 1.77741095e-005, 0.295257819, 0.955417615, 1.47725714e-005, -2.13434146e-005, -8.86603012e-006, 1, 0, 0, 0, 0, 0, 0, 0, 0.271617505, -0.156999634, -0.175915308, -0.109927253, 0.602571082, -0.790392025, -0.980834961, 0.0626220703, 0.184082031, 0.160406634, 0.795536371, 0.584329834, 0, 0, -0, 0, 0, 0, 0, 0.306353613, -0.108793896, -0.135441064, 0.0634515576, 0.193428997, -0.978968335, 0.66394043, -0.740600586, -0.103271484, -0.745007328, -0.643339626, -0.17543466, 0, 2, 5, 1, 
414.713543, 54, 0.1, 0.1, 0.0119589687, 0.364249095, -0.0199683511, 0.955417499, -0.295258196, 1.20929951e-005, 0.295258195, 0.955417499, 1.27843371e-005, -1.53285395e-005, -8.64382346e-006, 1, 0.955417528, -0.295258103, -7.12344948e-006, 0.295258103, 0.955417528, -1.19826374e-005, 1.03438393e-005, 9.34516562e-006, 1, 0, 0, 0, 0, 0, 0, 0, 0.271617505, -0.156999634, -0.175915308, -0.118554185, 0.605654538, -0.786728575, -0.980712891, 0.0523681641, 0.187988281, 0.155099042, 0.793935672, 0.587951727, 0, 0, -0, 0, 0, 0, 0, 0.306353613, -0.108793896, -0.135441064, 0.0634515576, 0.193428997, -0.978968335, 0.66394043, -0.740600586, -0.103271484, -0.745007328, -0.643339626, -0.17543466, 0, 2, 5, 1, 
414.714492, 54, 0.1, 0.1, 0.0119589658, 0.364249095, -0.0199650876, 0.95541741, -0.295258483, -2.25019967e-005, 0.295258483, 0.95541741, -2.00375614e-005, 2.74150594e-005, 1.25003296e-005, 1, 0.955417411, -0.295258481, -8.8373723e-006, 0.295258481, 0.955417411, -2.44159327e-005, 1.56523906e-005, 2.07180981e-005, 1, 0, 0, 0, 0, 0, 0, 0, 0.272723169, -0.156623682, -0.175270581, -0.118554185, 0.605654538, -0.786728575, -0.980712891, 0.0523681641, 0.187988281, 0.155099042, 0.793935672, 0.587951727, 0, 0, -0, 0, 0, 0, 0, 0.306283643, -0.108628857, -0.134721289, 0.057388774, 0.197881477, -0.978425126, 0.670166016, -0.734008789, -0.109130859, -0.739875645, -0.649499757, -0.174763853, 0, 2, 5, 1, 
414.715276, 54, 0.1, 0.1, 0.0119589641, 0.364249095, -0.0199622313, 0.955417505, -0.295258176, 2.9517809e-005, 0.295258177, 0.955417505, -8.20883557e-006, -2.57781057e-005, 1.65582397e-005, 1, 0.955417475, -0.295258273, 2.97133232e-005, 0.295258273, 0.955417475, -2.35520899e-006, -2.76932333e-005, 1.10233123e-005, 1, 0, 0, 0, 0, 0, 0, 0, 0.272723169, -0.156623682, -0.175270581, -0.118554185, 0.605654538, -0.786728575, -0.980712891, 0.0523681641, 0.187988281, 0.155099042, 0.793935672, 0.587951727, 0, 0, -0, 0, 0, 0, 0, 0.306283643, -0.108628857, -0.134721289, 0.057388774, 0.197881477, -0.978425126, 0.670166016, -0.734008789, -0.109130859, -0.739875645, -0.649499757, -0.174763853, 0, 2, 5, 1, 
414.716064, 54, 0.1, 0.1, 0.0119589678, 0.364249095, -0.0199607404, 0.955417655, -0.29525769, -1.24319194e-005, 0.29525769, 0.955417655, -1.17823332e-005, 1.53564998e-005, 7.58642937e-006, 1, 0.955417629, -0.295257774, -3.34255815e-005, 0.295257774, 0.95541763, 2.78951898e-006, 3.11117627e-005, -1.25343184e-005, 0.999999999, 0, 0, 0, 0, 0, 0, 0, 0.272723169, -0.156623682, -0.175270581, -0.118554185, 0.605654538, -0.786728575, -0.980712891, 0.0523681641, 0.187988281, 0.155099042, 0.793935672, 0.587951727, 0, 0, -0, 0, 0, 0, 0, 0.306283643, -0.108628857, -0.134721289, 0.057388774, 0.197881477, -0.978425126, 0.670166016, -0.734008789, -0.109130859, -0.739875645, -0.649499757, -0.174763853, 0, 2, 5, 1, 
414.716866, 54, 0.1, 0.1, 0.0119589651, 0.364249092, -0.0199608037, 0.955417651, -0.295257704, -2.07628366e-005, 0.295257704, 0.955417651, 1.03179501e-005, 1.67907263e-005, -1.59883391e-005, 1, 0.955417666, -0.295257656, 3.9229508e-006, 0.295257656, 0.955417666, 2.61278265e-005, -1.14624973e-005, -2.38047057e-005, 1, 0, 0, 0, 0, 0, 0, 0, 0.272723169, -0.156623682, -0.175270581, -0.118554185, 0.605654538, -0.786728575, -0.980712891, 0.0523681641, 0.187988281, 0.155099042, 0.793935672, 0.587951727, 0, 0, -0, 0, 0, 0, 0, 0.30614873, -0.108661914, -0.134219629, 0.0505272185, 0.202512961, -0.977920197, 0.67578125, -0.727783203, -0.115844727, -0.735318887, -0.655027362, -0.173728841, 0, 2, 5, 1, 
414.717645, 54, 0.1, 0.1, 0.0119589661, 0.364249092, -0.019962452, 0.955417509, -0.295258164, 2.10749402e-005, 0.295258164, 0.955417509, 2.73658234e-005, -2.82153497e-005, -1.99232386e-005, 0.999999999, 0.955417537, -0.295258074, 9.4000947e-006, 0.295258073, 0.955417537, 1.78821026e-005, -1.42608505e-005, -1.43094205e-005, 1, 0, 0, 0, 0, 0, 0, 0, 0.272723169, -0.156623682, -0.175270581, -0.118554185, 0.605654538, -0.786728575, -0.980712891, 0.0523681641, 0.187988281, 0.155099042, 0.793935672, 0.587951727, 0, 0, -0, 0, 0, 0, 0, 0.30614873, -0.108661914, -0.134219629, 0.0505272185, 0.202512961, -0.977920197, 0.67578125, -0.727783203, -0.115844727, -0.735318887, -0.655027362, -0.173728841, 0, 2, 5, 1, 
414.718437, 54, 0.1, 0.1, 0.0119589662, 0.364249092, -0.0199651547, 0.955417445, -0.295258369, -2.41748314e-005, 0.295258369, 0.955417446, 6.62134942e-006, 2.11420468e-005, -1.3463974e-005, 1, 0.955417445, -0.295258372, -1.94410817e-005, 0.295258372, 0.955417445, -1.23646819e-005, 2.22251244e-005, 6.07329065e-006, 1, 0, 0, 0, 0, 0, 0, 0, 0.272723169, -0.156623682, -0.175270581, -0.126684621, 0.608699802, -0.783160605, -0.979980469, 0.0447998047, 0.193359375, 0.152926202, 0.792093838, 0.590970782, 0, 0, -0, 0, 0, 0, 0, 0.30614873, -0.108661914, -0.134219629, 0.0505272185, 0.202512961, -0.977920197, 0.67578125, -0.727783203, -0.115844727, -0.735318887, -0.655027362, -0.173728841, 0, 2, 5, 1, 
414.719221, 54, 0.1, 0.1, 0.0119589627, 0.364249091, -0.0199677061, 0.955417535, -0.295258078, 1.49826946e-005, 0.295258079, 0.955417535, -2.50247167e-006, -1.35758542e-005, 6.81466694e-006, 1, 0.95541751, -0.29525816, 2.87256718e-005, 0.29525816, 0.95541751, -3.7185932e-006, -2.63470648e-005, 1.2034298e-005, 1, 0, 0, 0, 0, 0, 0, 0, 0.272747534, -0.156920142, -0.174855811, -0.126684621, 0.608699802, -0.783160605, -0.979980469, 0.0447998047, 0.193359375, 0.152926202, 0.792093838, 0.590970782, 0, 0, -0, 0, 0, 0, 0, 0.30614873, -0.108661914, -0.134219629, 0.0505272185, 0.202512961, -0.977920197, 0.67578125, -0.727783203, -0.115844727, -0.735318887, -0.655027362, -0.173728841, 0, 2, 5, 1, 
414.720011, 54, 0.1, 0.1, 0.0119589648, 0.364249091, -0.0199694019, 0.955417639, -0.295257742, 1.45459977e-005, 0.295257742, 0.955417639, -9.71757567e-006, -1.10283134e-005, 1.35791617e-005, 1, 0.955417629, -0.295257775, -7.48393974e-006, 0.295257775, 0.955417629, -1.12679633e-005, 1.04772417e-005, 8.5559194e-006, 1, 0, 0, 0, 0, 0, 0, 0, 0.272747534, -0.156920142, -0.174855811, -0.126684621, 0.608699802, -0.783160605, -0.979980469, 0.0447998047, 0.193359375, 0.152926202, 0.792093838, 0.590970782, 0, 0, -0, 0, 0, 0, 0, 0.30614873, -0.108661914, -0.134219629, 0.0505272185, 0.202512961, -0.977920197, 0.67578125, -0.727783203, -0.115844727, -0.735318887, -0.655027362, -0.173728841, 0, 2, 5, 1, 
414.720788, 54, 0.1, 0.1, 0.011958964, 0.364249091, -0.0199698065, 0.955417609, -0.29525784, -1.95906347e-005, 0.29525784, 0.955417609, -1.59806681e-005, 2.34356549e-005, 9.48392323e-006, 1, 0.955417628, -0.29525778, -1.48128851e-005, 0.29525778, 0.955417628, 2.30238843e-006, 1.34726934e-005, -6.57336205e-006, 1, 0, 0, 0, 0, 0, 0, 0, 0.272747534, -0.156920142, -0.174855811, -0.126684621, 0.608699802, -0.783160605, -0.979980469, 0.0447998047, 0.193359375, 0.152926202, 0.792093838, 0.590970782, 0, 0, -0, 0, 0, 0, 0, 0.30614873, -0.108661914, -0.134219629, 0.0505272185, 0.202512961, -0.977920197, 0.67578125, -0.727783203, -0.115844727, -0.735318887, -0.655027362, -0.173728841, 0, 2, 5, 1, 
414.721597, 54, 0.1, 0.1, 0.0119589625, 0.36424909, -0.01996856, 0.955417498, -0.2952582, 1.96887988e-005, 0.2952582, 0.955417498, 1.28188938e-005, -2.25959064e-005, -6.43411616e-006, 1, 0.955417517, -0.295258137, 1.93069606e-005, 0.295258137, 0.955417517, 1.884761e-005, -2.40111186e-005, -1.23067995e-005, 1, 0, 0, 0, 0, 0, 0, 0, 0.272726489, -0.156324976, -0.174426147, -0.135697221, 0.611725971, -0.779313309, -0.979125977, 0.0367431641, 0.19934082, 0.1506459, 0.790131437, 0.59419278, 0, 0, -0, 0, 0, 0, 0, 0.305977197, -0.10916123, -0.133701123, 0.0432055763, 0.206741961, -0.977357665, 0.680908203, -0.721923828, -0.122558594, -0.731055971, -0.660229041, -0.172074061, 0, 2, 5, 1, 
414.722377, 54, 0.1, 0.1, 0.0119589646, 0.364249091, -0.0199665525, 0.955417482, -0.29525825, -1.41689958e-005, 0.29525825, 0.955417482, 1.37415327e-005, 9.48000542e-006, -1.73124134e-005, 1, 0.955417473, -0.295258281, -2.51917936e-005, 0.295258281, 0.955417473, 4.06586817e-006, 2.28681985e-005, -1.13226872e-005, 1, 0, 0, 0, 0, 0, 0, 0, 0.272726489, -0.156324976, -0.174426147, -0.135697221, 0.611725971, -0.779313309, -0.979125977, 0.0367431641, 0.19934082, 0.1506459, 0.790131437, 0.59419278, 0, 0, -0, 0, 0, 0, 0, 0.305977197, -0.10916123, -0.133701123, 0.0432055763, 0.206741961, -0.977357665, 0.680908203, -0.721923828, -0.122558594, -0.731055971, -0.660229041, -0.172074061, 0, 2, 5, 1, 
414.723158, 54, 0.1, 0.1, 0.0119589618, 0.36424909, -0.0199644672, 0.955417605, -0.295257852, -1.99852098e-005, 0.295257853, 0.955417605, 8.17119392e-006, 1.66816121e-005, -1.37076927e-005, 1, 0.955417576, -0.295257948, 1.08699387e-005, 0.295257948, 0.955417576, -2.23197568e-006, -9.72632193e-006, 5.34190459e-006, 1, 0, 0, 0, 0, 0, 0, 0, 0.272726489, -0.156324976, -0.174426147, -0.135697221, 0.611725971, -0.779313309, -0.979125977, 0.0367431641, 0.19934082, 0.1506459, 0.790131437, 0.59419278, 0, 0, -0, 0, 0, 0, 0, 0.305977197, -0.10916123, -0.133701123, 0.0432055763, 0.206741961, -0.977357665, 0.680908203, -0.721923828, -0.122558594, -0.731055971, -0.660229041, -0.172074061, 0, 2, 5, 1, 
414.723943, 54, 0.1, 0.1, 0.011958963, 0.36424909, -0.0199629632, 0.955417693, -0.295257567, 2.51437026e-005, 0.295257567, 0.955417694, 4.56272011e-006, -2.5369916e-005, 3.06456492e-006, 1, 0.955417689, -0.29525758, 1.54525442e-005, 0.29525758, 0.955417689, -6.39529929e-006, -1.28753735e-005, 1.06726629e-005, 1, 0, 0, 0, 0, 0, 0, 0, 0.272726489, -0.156324976, -0.174426147, -0.135697221, 0.611725971, -0.779313309, -0.979125977, 0.0367431641, 0.19934082, 0.1506459, 0.790131437, 0.59419278, 0, 0, -0, 0, 0, 0, 0, 0.305977197, -0.10916123, -0.133701123, 0.0432055763, 0.206741961, -0.977357665, 0.680908203, -0.721923828, -0.122558594, -0.731055971, -0.660229041, -0.172074061, 0, 2, 5, 1, 
414.724727, 54, 0.1, 0.1, 0.011958965, 0.364249089, -0.0199625016, 0.955417616, -0.295257817, -2.37760414e-005, 0.295257817, 0.955417616, -1.89141066e-005, 2.83005867e-005, 1.10508086e-005, 1, 0.955417643, -0.295257729, -2.737392e-005, 0.295257729, 0.955417643, -1.3116927e-005, 3.00264002e-005, 4.44978207e-006, 1, 0, 0, 0, 0, 0, 0, 0, 0.272726489, -0.156324976, -0.174426147, -0.135697221, 0.611725971, -0.779313309, -0.979125977, 0.0367431641, 0.19934082, 0.1506459, 0.790131437, 0.59419278, 0, 0, -0, 0, 0, 0, 0, 0.305977197, -0.10916123, -0.133701123, 0.0432055763, 0.206741961, -0.977357665, 0.680908203, -0.721923828, -0.122558594, -0.731055971, -0.660229041, -0.172074061, 0, 2, 5, 1, 
414.72551, 54, 0.1, 0.1, 0.0119589621, 0.364249087, -0.0199631433, 0.95541748, -0.295258259, 1.47795868e-005, 0.295258259, 0.95541748, -1.53806226e-006, -1.36665499e-005, 5.83328662e-006, 1, 0.955417502, -0.295258186, 2.24564374e-005, 0.295258186, 0.955417502, 2.10752313e-005, -2.76779079e-005, -1.35051979e-005, 1, 0, 0, 0, 0, 0, 0, 0, 0.272726489, -0.156324976, -0.174426147, -0.135697221, 0.611725971, -0.779313309, -0.979125977, 0.0367431641, 0.19934082, 0.1506459, 0.790131437, 0.59419278, 0, 0, -0, 0, 0, 0, 0, 0.305977197, -0.10916123, -0.133701123, 0.0432055763, 0.206741961, -0.977357665, 0.680908203, -0.721923828, -0.122558594, -0.731055971, -0.660229041, -0.172074061, 0, 2, 5, 1, 
414.726323, 54, 0.1, 0.1, 0.0119589653, 0.364249087, -0.0199642616, 0.95541749, -0.295258227, 8.99983232e-006, 0.295258227, 0.95541749, 1.44723535e-005, -1.28716786e-005, -1.11698651e-005, 1, 0.955417475, -0.295258273, -1.80722303e-005, 0.295258273, 0.955417475, 1.41049266e-005, 1.31019284e-005, -1.88120689e-005, 1, 0, 0, 0, 0, 0, 0, 0, 0.27272168, -0.15616543, -0.174204834, -0.144411398, 0.614974178, -0.775186685, -0.978149414, 0.0289306641, 0.205200195, 0.148689108, 0.788010276, 0.597617721, 0, 0, -0, 0, 0, 0, 0, 0.306186621, -0.10946709, -0.13253999, 0.0381905644, 0.210459835, -0.976776176, 0.686035156, -0.716186523, -0.127441406, -0.726550619, -0.665238956, -0.171767459, 0, 2, 5, 1, 
