time, trialNum, realDorsalTactorPos, realVentralTactorPos, boxPosX, boxPosY, boxPosZ, boxLocalRot_11, boxLocalRot_12, boxLocalRot_13, boxLocalRot_21, boxLocalRot_22, boxLocalRot_23, boxLocalRot_31, boxLocalRot_32, boxLocalRot_33, boxGlobalRot_11, boxGlobalRot_12, boxGlobalRot_13, boxGlobalRot_21, boxGlobalRot_22, boxGlobalRot_23, boxGlobalRot_31, boxGlobalRot_32, boxGlobalRot_33, indexForceX, indexForceY, indexForceZ, indexForceGlobalX, indexForceGlobalY, indexForceGlobalZ, indexContact, indexPosX, indexPosY, indexPosZ, indexRot_11, indexRot_12, indexRot_13, indexRot_21, indexRot_22, indexRot_23, indexRot_31, indexRot_32, indexRot_33, thumbForceX, thumbForceY, thumbForceZ, thumbForceGlobalX, thumbForceGlobalY, thumbForceGlobalZ, thumbContact, thumbPosX, thumbPosY, thumbPosZ, thumbRot_11, thumbRot_12, thumbRot_13, thumbRot_21, thumbRot_22, thumbRot_23, thumbRot_31, thumbRot_32, thumbRot_33, manipForceTooHigh, cceExpType, mapping, trialSuccess, 
367.56616, 28, 0.1, 0.1, 0.00698132168, 0.386022513, -0.0199700726, 0.985733368, -1.30331334e-005, 0.168314368, 0.168314368, -5.59905208e-006, -0.985733368, 1.37895954e-005, 1, -3.32550886e-006, 0.985733371, -1.04864698e-005, 0.168314355, 0.168314355, 3.74706896e-006, -0.985733371, 9.70617772e-006, 1, 5.45863431e-006, 0, 0, 0, 0, 0, 0, 0, 0.308032495, -0.0876791504, -0.211592261, -0.209787726, 0.683273036, -0.699353956, -0.973876953, -0.0834960938, 0.210571289, 0.0855064998, 0.725284188, 0.683121033, 0, 0, 0, 0, 0, 0, 0, 0.334461084, -0.0358958008, -0.172829248, -0.153367876, 0.452305769, -0.878447932, 0.0375976563, -0.885620117, -0.462524414, -0.987382677, -0.103925252, 0.118911606, 0, 2, 1, 1, 
367.60364, 28, 0.1, 0.1, 0.00698136107, 0.386022484, -0.0199724127, 0.985729628, 6.40135978e-006, 0.168336272, 0.168336272, -7.30576537e-006, -0.985729628, -5.08018469e-006, 1, -8.27909042e-006, 0.985729641, -2.09101129e-005, 0.168336194, 0.168336194, -1.20532301e-005, -0.985729641, 2.2640713e-005, 1, -8.36129732e-006, 0, 0, 0, 0, 0, 0, 0, 0.322449121, -0.119320435, -0.206396875, -0.275766917, 0.643451699, -0.713957198, -0.959106445, -0.136230469, 0.247680664, 0.062215979, 0.753219856, 0.654906751, 0, 0, 0, 0, 0, 0, 0, 0.346267773, -0.0662329102, -0.169463818, -0.20886443, 0.393473699, -0.895227937, 0.0949707031, -0.902954102, -0.418945312, -0.973208538, -0.172462048, 0.151270429, 0, 2, 1, 1, 
367.604333, 28, 0.1, 0.1, 0.00698135764, 0.386022484, -0.0199709883, 0.985729558, 3.64544049e-007, 0.168336685, 0.168336685, 1.82201646e-006, -0.985729558, -6.66054056e-007, 1, 1.73464935e-006, 0.985729568, 2.11646669e-005, 0.168336625, 0.168336625, -4.08302712e-006, -0.985729568, -2.0175315e-005, 1, -7.58754915e-006, 0, 0, 0, 0, 0, 0, 0, 0.322449121, -0.119320435, -0.206396875, -0.275766917, 0.643451699, -0.713957198, -0.959106445, -0.136230469, 0.247680664, 0.062215979, 0.753219856, 0.654906751, 0, 0, 0, 0, 0, 0, 0, 0.346267773, -0.0662329102, -0.169463818, -0.20886443, 0.393473699, -0.895227937, 0.0949707031, -0.902954102, -0.418945312, -0.973208538, -0.172462048, 0.151270429, 0, 2, 1, 1, 
367.605023, 28, 0.1, 0.1, 0.00698136608, 0.386022485, -0.0199693632, 0.985729479, -3.13430859e-005, 0.168337143, 0.168337143, -3.65070152e-006, -0.985729479, 3.15103524e-005, 1, 1.67760143e-006, 0.985729491, -4.54664936e-005, 0.168337068, 0.168337068, -5.76047388e-006, -0.985729492, 4.57873649e-005, 0.999999999, 1.97542723e-006, 0, 0, 0, 0, 0, 0, 0, 0.322449121, -0.119320435, -0.206396875, -0.275766917, 0.643451699, -0.713957198, -0.959106445, -0.136230469, 0.247680664, 0.062215979, 0.753219856, 0.654906751, 0, 0, 0, 0, 0, 0, 0, 0.346267773, -0.0662329102, -0.169463818, -0.20886443, 0.393473699, -0.895227937, 0.0949707031, -0.902954102, -0.418945312, -0.973208538, -0.172462048, 0.151270429, 0, 2, 1, 1, 
367.605713, 28, 0.1, 0.1, 0.0069813601, 0.386022484, -0.0199680226, 0.985729399, 5.36931655e-005, 0.168337605, 0.168337605, 2.47238503e-006, -0.9857294, -5.33431272e-005, 0.999999999, -6.60147628e-006, 0.985729415, 5.39386899e-005, 0.168337511, 0.168337511, 1.17611838e-005, -0.985729416, -5.51488017e-005, 0.999999998, 2.51344005e-006, 0, 0, 0, 0, 0, 0, 0, 0.322449121, -0.119320435, -0.206396875, -0.275766917, 0.643451699, -0.713957198, -0.959106445, -0.136230469, 0.247680664, 0.062215979, 0.753219856, 0.654906751, 0, 0, 0, 0, 0, 0, 0, 0.346267773, -0.0662329102, -0.169463818, -0.20886443, 0.393473699, -0.895227937, 0.0949707031, -0.902954102, -0.418945312, -0.973208538, -0.172462048, 0.151270429, 0, 2, 1, 1, 
367.606425, 28, 0.1, 0.1, 0.00698136239, 0.386022484, -0.0199673142, 0.985729315, -4.2623819e-005, 0.168338098, 0.168338098, -1.21192069e-005, -0.985729316, 4.40556722e-005, 0.999999999, -4.77104495e-006, 0.985729337, -3.25074491e-005, 0.168337973, 0.168337972, -1.09296438e-005, -0.985729338, 3.38834203e-005, 0.999999999, -5.30143244e-006, 0, 0, 0, 0, 0, 0, 0, 0.322449121, -0.119320435, -0.206396875, -0.280591858, 0.639074201, -0.716141638, -0.958007812, -0.141113281, 0.249267578, 0.058283681, 0.756014247, 0.652039342, 0, 0, 0, 0, 0, 0, 0, 0.346267773, -0.0662329102, -0.169463818, -0.20886443, 0.393473699, -0.895227937, 0.0949707031, -0.902954102, -0.418945312, -0.973208538, -0.172462048, 0.151270429, 0, 2, 1, 1, 
367.607128, 28, 0.1, 0.1, 0.00698136353, 0.386022483, -0.0199670426, 0.985729233, 4.50489855e-005, 0.168338577, 0.168338576, 1.46454449e-005, -0.985729234, -4.68714954e-005, 0.999999999, 6.8529611e-006, 0.985729255, 2.6884217e-005, 0.168338455, 0.168338455, 1.30731725e-006, -0.985729255, -2.6720631e-005, 1, -3.23698669e-006, 0, 0, 0, 0, 0, 0, 0, 0.323976514, -0.121768066, -0.205177783, -0.280591858, 0.639074201, -0.716141638, -0.958007812, -0.141113281, 0.249267578, 0.058283681, 0.756014247, 0.652039342, 0, 0, 0, 0, 0, 0, 0, 0.347372119, -0.0690063477, -0.168865869, -0.212793758, 0.386693799, -0.897259314, 0.0991210938, -0.904907227, -0.413574219, -0.972025872, -0.176856926, 0.154248234, 0, 2, 1, 1, 
367.607818, 28, 0.1, 0.1, 0.00698135871, 0.386022481, -0.0199676646, 0.985729153, -1.78130479e-005, 0.168339054, 0.168339054, 4.84138784e-006, -0.985729153, 1.67438459e-005, 1, 7.77092876e-006, 0.98572917, 1.42028661e-005, 0.168338954, 0.168338954, 1.04353655e-005, -0.98572917, -1.57568579e-005, 1, 7.89554854e-006, 0, 0, 0, 0, 0, 0, 0, 0.323976514, -0.121768066, -0.205177783, -0.280591858, 0.639074201, -0.716141638, -0.958007812, -0.141113281, 0.249267578, 0.058283681, 0.756014247, 0.652039342, 0, 0, 0, 0, 0, 0, 0, 0.347372119, -0.0690063477, -0.168865869, -0.212793758, 0.386693799, -0.897259314, 0.0991210938, -0.904907227, -0.413574219, -0.972025872, -0.176856926, 0.154248234, 0, 2, 1, 1, 
367.608512, 28, 0.1, 0.1, 0.00698136673, 0.386022482, -0.0199689337, 0.985729063, -1.40118243e-005, 0.168339579, 0.168339579, -5.02452497e-006, -0.985729063, 1.46576889e-005, 1, -2.59407569e-006, 0.985729076, -3.63964663e-005, 0.1683395, 0.1683395, 9.61892417e-007, -0.985729077, 3.57151306e-005, 0.999999999, 7.07512828e-006, 0, 0, 0, 0, 0, 0, 0, 0.323976514, -0.121768066, -0.205177783, -0.280591858, 0.639074201, -0.716141638, -0.958007812, -0.141113281, 0.249267578, 0.058283681, 0.756014247, 0.652039342, 0, 0, 0, 0, 0, 0, 0, 0.347372119, -0.0690063477, -0.168865869, -0.212793758, 0.386693799, -0.897259314, 0.0991210938, -0.904907227, -0.413574219, -0.972025872, -0.176856926, 0.154248234, 0, 2, 1, 1, 
367.609202, 28, 0.1, 0.1, 0.00698136121, 0.38602248, -0.019970382, 0.985728967, 2.92587388e-005, 0.168340138, 0.168340138, 3.1784251e-006, -0.985728968, -2.93762429e-005, 1, -1.79235443e-006, 0.985728983, 4.06799195e-005, 0.168340044, 0.168340044, 4.87768607e-006, -0.985728984, -4.09204856e-005, 0.999999999, -2.03998289e-006, 0, 0, 0, 0, 0, 0, 0, 0.323976514, -0.121768066, -0.205177783, -0.280591858, 0.639074201, -0.716141638, -0.958007812, -0.141113281, 0.249267578, 0.058283681, 0.756014247, 0.652039342, 0, 0, 0, 0, 0, 0, 0, 0.347372119, -0.0690063477, -0.168865869, -0.212793758, 0.386693799, -0.897259314, 0.0991210938, -0.904907227, -0.413574219, -0.972025872, -0.176856926, 0.154248234, 0, 2, 1, 1, 
367.609905, 28, 0.1, 0.1, 0.00698136795, 0.38602248, -0.0199714789, 0.985728873, -4.67315421e-005, 0.168340685, 0.168340686, -1.01931959e-006, -0.985728874, 4.62362233e-005, 0.999999999, 6.86204708e-006, 0.985728892, -4.73680469e-005, 0.168340577, 0.168340577, -9.30364138e-006, -0.985728893, 4.82582327e-005, 0.999999999, -1.19690377e-006, 0, 0, 0, 0, 0, 0, 0, 0.323976514, -0.121768066, -0.205177783, -0.280591858, 0.639074201, -0.716141638, -0.958007812, -0.141113281, 0.249267578, 0.058283681, 0.756014247, 0.652039342, 0, 0, 0, 0, 0, 0, 0, 0.348420312, -0.0709327148, -0.168243018, -0.217770857, 0.380073214, -0.898926487, 0.10559082, -0.90637207, -0.408813477, -0.970216874, -0.183935398, 0.157264317, 0, 2, 1, 1, 
367.610595, 28, 0.1, 0.1, 0.00698136736, 0.386022479, -0.0199720755, 0.985728782, 3.86689883e-005, 0.16834122, 0.16834122, 1.14448877e-005, -0.985728783, -4.00437812e-005, 0.999999999, 4.77197058e-006, 0.985728803, 3.05316949e-005, 0.168341103, 0.168341103, 1.04483845e-005, -0.985728803, -3.18548636e-005, 0.999999999, 5.15953439e-006, 0, 0, 0, 0, 0, 0, 0, 0.323976514, -0.121768066, -0.205177783, -0.280591858, 0.639074201, -0.716141638, -0.958007812, -0.141113281, 0.249267578, 0.058283681, 0.756014247, 0.652039342, 0, 0, 0, 0, 0, 0, 0, 0.348420312, -0.0709327148, -0.168243018, -0.217770857, 0.380073214, -0.898926487, 0.10559082, -0.90637207, -0.408813477, -0.970216874, -0.183935398, 0.157264317, 0, 2, 1, 1, 
367.611283, 28, 0.1, 0.1, 0.00698136705, 0.386022478, -0.0199720475, 0.985728694, -3.25836092e-005, 0.16834174, 0.16834174, -1.04176514e-005, -0.985728694, 3.38723241e-005, 0.999999999, -4.78379647e-006, 0.985728716, -1.73787103e-005, 0.168341612, 0.168341612, 1.06130116e-006, -0.985728716, 1.69520327e-005, 1, 3.97171514e-006, 0, 0, 0, 0, 0, 0, 0, 0.323976514, -0.121768066, -0.205177783, -0.280591858, 0.639074201, -0.716141638, -0.958007812, -0.141113281, 0.249267578, 0.058283681, 0.756014247, 0.652039342, 0, 0, 0, 0, 0, 0, 0, 0.348420312, -0.0709327148, -0.168243018, -0.217770857, 0.380073214, -0.898926487, 0.10559082, -0.90637207, -0.408813477, -0.970216874, -0.183935398, 0.157264317, 0, 2, 1, 1, 
367.611991, 28, 0.1, 0.1, 0.00698137125, 0.386022479, -0.0199712679, 0.985728605, 2.38460806e-005, 0.168342261, 0.168342261, -2.18850429e-006, -0.985728605, -2.3137346e-005, 1, -6.17157441e-006, 0.985728623, -3.82409413e-006, 0.168342157, 0.168342157, -7.15261198e-006, -0.985728623, 4.97360516e-006, 1, -6.40677811e-006, 0, 0, 0, 0, 0, 0, 0, 0.325290186, -0.12399856, -0.203506104, -0.285213855, 0.634576136, -0.718205511, -0.95690918, -0.146240234, 0.250732422, 0.0540720561, 0.758827733, 0.649152837, 0, 0, 0, 0, 0, 0, 0, 0.348420312, -0.0709327148, -0.168243018, -0.217770857, 0.380073214, -0.898926487, 0.10559082, -0.90637207, -0.408813477, -0.970216874, -0.183935398, 0.157264317, 0, 2, 1, 1, 
367.612679, 28, 0.1, 0.1, 0.00698136495, 0.386022478, -0.0199701403, 0.985728514, 1.11450693e-005, 0.168342794, 0.168342794, 5.43985109e-006, -0.985728514, -1.19017724e-005, 1, 3.48602422e-006, 0.985728527, 3.40194861e-005, 0.168342714, 0.168342714, -1.59839903e-007, -0.985728528, -3.35070701e-005, 0.999999999, -5.88449137e-006, 0, 0, 0, 0, 0, 0, 0, 0.325290186, -0.12399856, -0.203506104, -0.285213855, 0.634576136, -0.718205511, -0.95690918, -0.146240234, 0.250732422, 0.0540720561, 0.758827733, 0.649152837, 0, 0, 0, 0, 0, 0, 0, 0.348420312, -0.0709327148, -0.168243018, -0.217770857, 0.380073214, -0.898926487, 0.10559082, -0.90637207, -0.408813477, -0.970216874, -0.183935398, 0.157264317, 0, 2, 1, 1, 
367.61337, 28, 0.1, 0.1, 0.00698137259, 0.386022479, -0.0199690554, 0.985728416, -3.17551302e-005, 0.168343366, 0.168343366, -2.42690209e-006, -0.985728417, 3.17104871e-005, 0.999999999, 2.95349914e-006, 0.985728432, -4.40732962e-005, 0.168343268, 0.168343268, -4.17010046e-006, -0.985728433, 4.41463096e-005, 0.999999999, 3.30885612e-006, 0, 0, 0, 0, 0, 0, 0, 0.325290186, -0.12399856, -0.203506104, -0.285213855, 0.634576136, -0.718205511, -0.95690918, -0.146240234, 0.250732422, 0.0540720561, 0.758827733, 0.649152837, 0, 0, 0, 0, 0, 0, 0, 0.348420312, -0.0709327148, -0.168243018, -0.217770857, 0.380073214, -0.898926487, 0.10559082, -0.90637207, -0.408813477, -0.970216874, -0.183935398, 0.157264317, 0, 2, 1, 1, 
367.614058, 28, 0.1, 0.1, 0.0069813676, 0.386022478, -0.019968323, 0.98572832, 4.60784162e-005, 0.168343926, 0.168343926, 1.40767045e-006, -0.985728321, -4.56577726e-005, 0.999999999, -6.36944088e-006, 0.985728339, 4.71730541e-005, 0.168343814, 0.168343813, 1.10389226e-005, -0.98572834, -4.83581507e-005, 0.999999999, 2.94008703e-006, 0, 0, 0, 0, 0, 0, 0, 0.325290186, -0.12399856, -0.203506104, -0.285213855, 0.634576136, -0.718205511, -0.95690918, -0.146240234, 0.250732422, 0.0540720561, 0.758827733, 0.649152837, 0, 0, 0, 0, 0, 0, 0, 0.348420312, -0.0709327148, -0.168243018, -0.217770857, 0.380073214, -0.898926487, 0.10559082, -0.90637207, -0.408813477, -0.970216874, -0.183935398, 0.157264317, 0, 2, 1, 1, 
367.614769, 28, 0.1, 0.1, 0.00698137156, 0.386022478, -0.0199678914, 0.985728222, -5.27345751e-005, 0.168344499, 0.168344499, -1.42545521e-005, -0.985728223, 5.43816345e-005, 0.999999999, -5.17353871e-006, 0.985728243, -4.4317711e-005, 0.168344375, 0.168344374, -1.30139437e-005, -0.985728244, 4.58760437e-005, 0.999999999, -5.36757449e-006, 0, 0, 0, 0, 0, 0, 0, 0.326579199, -0.126154346, -0.202868726, -0.290456665, 0.631613247, -0.718733086, -0.955322266, -0.150512695, 0.25378418, 0.052183413, 0.760409336, 0.647382518, 0, 0, 0, 0, 0, 0, 0, 0.349468506, -0.0729807617, -0.167791895, -0.222747956, 0.374711487, -0.89987801, 0.110961914, -0.907348633, -0.405273437, -0.968407877, -0.190145103, 0.160478361, 0, 2, 1, 1, 
367.615468, 28, 0.1, 0.1, 0.00698137413, 0.386022478, -0.0199680681, 0.985728125, 3.7562461e-005, 0.168345069, 0.168345068, 1.11156006e-005, -0.985728126, -3.88976308e-005, 0.999999999, 4.63350504e-006, 0.98572815, 1.86333402e-005, 0.168344924, 0.168344925, -2.1746874e-006, -0.98572815, -1.80013103e-005, 1, -5.28047884e-006, 0, 0, 0, 0, 0, 0, 0, 0.326579199, -0.126154346, -0.202868726, -0.290456665, 0.631613247, -0.718733086, -0.955322266, -0.150512695, 0.25378418, 0.052183413, 0.760409336, 0.647382518, 0, 0, 0, 0, 0, 0, 0, 0.349468506, -0.0729807617, -0.167791895, -0.222747956, 0.374711487, -0.89987801, 0.110961914, -0.907348633, -0.405273437, -0.968407877, -0.190145103, 0.160478361, 0, 2, 1, 1, 
367.616157, 28, 0.1, 0.1, 0.00698136995, 0.386022477, -0.0199687237, 0.98572803, -1.77129898e-005, 0.168345629, 0.168345629, 2.52464696e-006, -0.98572803, 1.70351772e-005, 1, 5.47051967e-006, 0.98572805, 1.21608318e-005, 0.168345513, 0.168345513, 7.79171011e-006, -0.98572805, -1.32989725e-005, 1, 5.63328574e-006, 0, 0, 0, 0, 0, 0, 0, 0.326579199, -0.126154346, -0.202868726, -0.290456665, 0.631613247, -0.718733086, -0.955322266, -0.150512695, 0.25378418, 0.052183413, 0.760409336, 0.647382518, 0, 0, 0, 0, 0, 0, 0, 0.349468506, -0.0729807617, -0.167791895, -0.222747956, 0.374711487, -0.89987801, 0.110961914, -0.907348633, -0.405273437, -0.968407877, -0.190145103, 0.160478361, 0, 2, 1, 1, 
367.616847, 28, 0.1, 0.1, 0.00698137712, 0.386022478, -0.0199697282, 0.985727929, -9.43393001e-006, 0.168346221, 0.168346221, -6.2215263e-006, -0.985727929, 1.03466587e-005, 1, -4.54456577e-006, 0.985727944, -3.20335813e-005, 0.168346129, 0.168346129, -5.18853838e-007, -0.985727945, 3.16637433e-005, 0.999999999, 4.88128068e-006, 0, 0, 0, 0, 0, 0, 0, 0.326579199, -0.126154346, -0.202868726, -0.290456665, 0.631613247, -0.718733086, -0.955322266, -0.150512695, 0.25378418, 0.052183413, 0.760409336, 0.647382518, 0, 0, 0, 0, 0, 0, 0, 0.349468506, -0.0729807617, -0.167791895, -0.222747956, 0.374711487, -0.89987801, 0.110961914, -0.907348633, -0.405273437, -0.968407877, -0.190145103, 0.160478361, 0, 2, 1, 1, 
367.617537, 28, 0.1, 0.1, 0.00698137061, 0.386022476, -0.019970756, 0.985727823, 3.40203246e-005, 0.168346838, 0.168346838, 2.10352148e-006, -0.985727824, -3.38889017e-005, 0.999999999, -3.65371442e-006, 0.985727841, 4.53529434e-005, 0.168346731, 0.168346731, 3.682932e-006, -0.985727842, -4.53256686e-005, 0.999999999, -4.00465117e-006, 0, 0, 0, 0, 0, 0, 0, 0.326579199, -0.126154346, -0.202868726, -0.290456665, 0.631613247, -0.718733086, -0.955322266, -0.150512695, 0.25378418, 0.052183413, 0.760409336, 0.647382518, 0, 0, 0, 0, 0, 0, 0, 0.349468506, -0.0729807617, -0.167791895, -0.222747956, 0.374711487, -0.89987801, 0.110961914, -0.907348633, -0.405273437, -0.968407877, -0.190145103, 0.160478361, 0, 2, 1, 1, 
367.618223, 28, 0.1, 0.1, 0.00698137585, 0.386022476, -0.0199715072, 0.985727722, -4.03176663e-005, 0.16834743, 0.168347431, -1.53481249e-006, -0.985727722, 4.00006232e-005, 0.999999999, 5.27446831e-006, 0.985727741, -4.04658388e-005, 0.168347314, 0.168347313, -1.00349925e-005, -0.985727742, 4.1577664e-005, 0.999999999, -3.0794553e-006, 0, 0, 0, 0, 0, 0, 0, 0.326579199, -0.126154346, -0.202868726, -0.290456665, 0.631613247, -0.718733086, -0.955322266, -0.150512695, 0.25378418, 0.052183413, 0.760409336, 0.647382518, 0, 0, 0, 0, 0, 0, 0, 0.349468506, -0.0729807617, -0.167791895, -0.222747956, 0.374711487, -0.89987801, 0.110961914, -0.907348633, -0.405273437, -0.968407877, -0.190145103, 0.160478361, 0, 2, 1, 1, 
367.618915, 28, 0.1, 0.1, 0.0069813743, 0.386022475, -0.0199717721, 0.985727623, 4.17156861e-005, 0.168348009, 0.168348009, 1.16978362e-005, -0.985727624, -4.30896116e-005, 0.999999999, 4.50812754e-006, 0.985727644, 3.44518227e-005, 0.168347883, 0.168347883, 1.05843244e-005, -0.985727645, -3.57419627e-005, 0.999999999, 4.63336971e-006, 0, 0, 0, 0, 0, 0, 0, 0.326579199, -0.126154346, -0.202868726, -0.290456665, 0.631613247, -0.718733086, -0.955322266, -0.150512695, 0.25378418, 0.052183413, 0.760409336, 0.647382518, 0, 0, 0, 0, 0, 0, 0, 0.349468506, -0.0729807617, -0.167791895, -0.222747956, 0.374711487, -0.89987801, 0.110961914, -0.907348633, -0.405273437, -0.968407877, -0.190145103, 0.160478361, 0, 2, 1, 1, 
367.619633, 28, 0.1, 0.1, 0.00698137461, 0.386022475, -0.0199713162, 0.985727523, -4.0416423e-005, 0.168348595, 0.168348595, -1.01658217e-005, -0.985727523, 4.15509824e-005, 0.999999999, -3.21668223e-006, 0.985727547, -2.444739e-005, 0.168348457, 0.168348457, 1.47996108e-006, -0.985727547, 2.38493166e-005, 1, 5.57451878e-006, 0, 0, 0, 0, 0, 0, 0, 0.328391235, -0.128815088, -0.202098071, -0.29423956, 0.627413605, -0.720911534, -0.954345703, -0.152709961, 0.256591797, 0.0509286857, 0.763546333, 0.643772608, 0, 0, 0, 0, 0, 0, 0, 0.350589453, -0.0754774902, -0.167388867, -0.22643448, 0.368449277, -0.901570703, 0.114379883, -0.909179688, -0.400268555, -0.967199691, -0.19362637, 0.163737248, 0, 2, 1, 1, 
367.620322, 28, 0.1, 0.1, 0.00698138011, 0.386022475, -0.019970376, 0.985727428, 1.72962378e-005, 0.168349153, 0.168349153, -1.2881079e-006, -0.985727428, -1.68325241e-005, 1, -4.18153026e-006, 0.985727448, -1.20379545e-005, 0.168349037, 0.168349037, -6.49067634e-006, -0.985727448, 1.29588412e-005, 1, -4.37145979e-006, 0, 0, 0, 0, 0, 0, 0, 0.328391235, -0.128815088, -0.202098071, -0.29423956, 0.627413605, -0.720911534, -0.954345703, -0.152709961, 0.256591797, 0.0509286857, 0.763546333, 0.643772608, 0, 0, 0, 0, 0, 0, 0, 0.350589453, -0.0754774902, -0.167388867, -0.22643448, 0.368449277, -0.901570703, 0.114379883, -0.909179688, -0.400268555, -0.967199691, -0.19362637, 0.163737248, 0, 2, 1, 1, 
367.621007, 28, 0.1, 0.1, 0.00698137451, 0.386022474, -0.0199694362, 0.985727329, 8.36367109e-006, 0.168349734, 0.168349734, 7.10270198e-006, -0.985727329, -9.44003715e-006, 1, 5.59330565e-006, 0.985727344, 3.09564412e-005, 0.168349643, 0.168349644, 1.30906373e-006, -0.985727344, -3.0734991e-005, 1, -3.92112592e-006, 0, 0, 0, 0, 0, 0, 0, 0.328391235, -0.128815088, -0.202098071, -0.29423956, 0.627413605, -0.720911534, -0.954345703, -0.152709961, 0.256591797, 0.0509286857, 0.763546333, 0.643772608, 0, 0, 0, 0, 0, 0, 0, 0.350589453, -0.0754774902, -0.167388867, -0.22643448, 0.368449277, -0.901570703, 0.114379883, -0.909179688, -0.400268555, -0.967199691, -0.19362637, 0.163737248, 0, 2, 1, 1, 
367.621708, 28, 0.1, 0.1, 0.00698138254, 0.386022474, -0.0199686541, 0.985727222, -3.22665438e-005, 0.168350359, 0.168350359, -9.7179645e-007, -0.985727222, 3.19696128e-005, 0.999999999, 4.47415801e-006, 0.985727239, -4.54245716e-005, 0.168350253, 0.168350253, -2.73192167e-006, -0.98572724, 4.52361574e-005, 0.999999999, 4.95430851e-006, 0, 0, 0, 0, 0, 0, 0, 0.328391235, -0.128815088, -0.202098071, -0.29423956, 0.627413605, -0.720911534, -0.954345703, -0.152709961, 0.256591797, 0.0509286857, 0.763546333, 0.643772608, 0, 0, 0, 0, 0, 0, 0, 0.350589453, -0.0754774902, -0.167388867, -0.22643448, 0.368449277, -0.901570703, 0.114379883, -0.909179688, -0.400268555, -0.967199691, -0.19362637, 0.163737248, 0, 2, 1, 1, 
367.622437, 28, 0.1, 0.1, 0.00698137594, 0.386022473, -0.0199678194, 0.985727112, 5.39630465e-005, 0.168350995, 0.168350995, 3.71136745e-006, -0.985727114, -5.38176505e-005, 0.999999999, -5.42633704e-006, 0.985727133, 5.52749153e-005, 0.168350873, 0.168350872, 1.34293169e-005, -0.985727134, -5.67468211e-005, 0.999999998, 3.93206186e-006, 0, 0, 0, 0, 0, 0, 0, 0.329747266, -0.131488037, -0.201104175, -0.298225398, 0.622972828, -0.723089983, -0.953125, -0.154785156, 0.259765625, 0.0499532853, 0.766721521, 0.640162699, 0, 0, 0, 0, 0, 0, 0, 0.35192876, -0.0775414063, -0.166980957, -0.230267925, 0.362289145, -0.903116474, 0.118530273, -0.910644531, -0.395629883, -0.965761462, -0.19807885, 0.166766091, 0, 2, 1, 1, 
367.623125, 28, 0.1, 0.1, 0.00698137824, 0.386022473, -0.0199676575, 0.98572701, -4.57170909e-005, 0.168351593, 0.168351592, -1.23241069e-005, -0.985727012, 4.71393544e-005, 0.999999999, -4.45165996e-006, 0.985727033, -3.61453391e-005, 0.168351461, 0.16835146, -1.0889762e-005, -0.985727034, 3.74627452e-005, 0.999999999, -4.64921216e-006, 0, 0, 0, 0, 0, 0, 0, 0.329747266, -0.131488037, -0.201104175, -0.298225398, 0.622972828, -0.723089983, -0.953125, -0.154785156, 0.259765625, 0.0499532853, 0.766721521, 0.640162699, 0, 0, 0, 0, 0, 0, 0, 0.35192876, -0.0775414063, -0.166980957, -0.230267925, 0.362289145, -0.903116474, 0.118530273, -0.910644531, -0.395629883, -0.965761462, -0.19807885, 0.166766091, 0, 2, 1, 1, 
367.623815, 28, 0.1, 0.1, 0.00698138031, 0.386022473, -0.0199682042, 0.98572691, 3.64661935e-005, 0.168352182, 0.168352181, 1.14874935e-005, -0.985726911, -3.78796529e-005, 0.999999999, 5.18436824e-006, 0.985726935, 1.89645305e-005, 0.168352037, 0.168352037, -1.30966113e-006, -0.985726936, -1.84733645e-005, 1, -4.4836856e-006, 0, 0, 0, 0, 0, 0, 0, 0.329747266, -0.131488037, -0.201104175, -0.298225398, 0.622972828, -0.723089983, -0.953125, -0.154785156, 0.259765625, 0.0499532853, 0.766721521, 0.640162699, 0, 0, 0, 0, 0, 0, 0, 0.35192876, -0.0775414063, -0.166980957, -0.230267925, 0.362289145, -0.903116474, 0.118530273, -0.910644531, -0.395629883, -0.965761462, -0.19807885, 0.166766091, 0, 2, 1, 1, 
367.624508, 28, 0.1, 0.1, 0.00698137674, 0.386022472, -0.0199692341, 0.985726811, -2.2456746e-005, 0.168352765, 0.168352765, 2.09734832e-006, -0.985726811, 2.17831222e-005, 1, 5.84806774e-006, 0.985726832, 8.22091891e-006, 0.168352642, 0.168352642, 7.53727493e-006, -0.985726832, -9.37250051e-006, 1, 6.04568072e-006, 0, 0, 0, 0, 0, 0, 0, 0.329747266, -0.131488037, -0.201104175, -0.298225398, 0.622972828, -0.723089983, -0.953125, -0.154785156, 0.259765625, 0.0499532853, 0.766721521, 0.640162699, 0, 0, 0, 0, 0, 0, 0, 0.35192876, -0.0775414063, -0.166980957, -0.230267925, 0.362289145, -0.903116474, 0.118530273, -0.910644531, -0.395629883, -0.965761462, -0.19807885, 0.166766091, 0, 2, 1, 1, 
367.625202, 28, 0.1, 0.1, 0.00698138503, 0.386022473, -0.0199703756, 0.985726706, -1.60707697e-005, 0.168353378, 0.168353378, -6.96114269e-006, -0.985726707, 1.70133188e-005, 1, -4.15621589e-006, 0.985726722, -3.79694995e-005, 0.168353283, 0.168353283, -1.41006575e-006, -0.985726723, 3.76649395e-005, 0.999999999, 5.00235041e-006, 0, 0, 0, 0, 0, 0, 0, 0.329747266, -0.131488037, -0.201104175, -0.298225398, 0.622972828, -0.723089983, -0.953125, -0.154785156, 0.259765625, 0.0499532853, 0.766721521, 0.640162699, 0, 0, 0, 0, 0, 0, 0, 0.35192876, -0.0775414063, -0.166980957, -0.230267925, 0.362289145, -0.903116474, 0.118530273, -0.910644531, -0.395629883, -0.965761462, -0.19807885, 0.166766091, 0, 2, 1, 1, 
367.625888, 28, 0.1, 0.1, 0.00698137978, 0.386022471, -0.0199713253, 0.985726599, 2.82531855e-005, 0.168354008, 0.168354008, 1.37385431e-006, -0.985726599, -2.80812104e-005, 1, -3.4022923e-006, 0.985726617, 3.87557352e-005, 0.1683539, 0.1683539, 2.86913122e-006, -0.985726617, -3.86855892e-005, 0.999999999, -3.69650015e-006, 0, 0, 0, 0, 0, 0, 0, 0.329747266, -0.131488037, -0.201104175, -0.298225398, 0.622972828, -0.723089983, -0.953125, -0.154785156, 0.259765625, 0.0499532853, 0.766721521, 0.640162699, 0, 0, 0, 0, 0, 0, 0, 0.35192876, -0.0775414063, -0.166980957, -0.230267925, 0.362289145, -0.903116474, 0.118530273, -0.910644531, -0.395629883, -0.965761462, -0.19807885, 0.166766091, 0, 2, 1, 1, 
367.626577, 28, 0.1, 0.1, 0.00698138554, 0.386022472, -0.0199718702, 0.985726494, -4.15845004e-005, 0.168354619, 0.168354619, -1.79934329e-006, -0.985726495, 4.12938715e-005, 0.999999999, 5.22728239e-006, 0.985726514, -4.25112285e-005, 0.168354498, 0.168354497, -1.03883635e-005, -0.985726515, 4.36533729e-005, 0.999999999, -3.0831288e-006, 0, 0, 0, 0, 0, 0, 0, 0.329747266, -0.131488037, -0.201104175, -0.298225398, 0.622972828, -0.723089983, -0.953125, -0.154785156, 0.259765625, 0.0499532853, 0.766721521, 0.640162699, 0, 0, 0, 0, 0, 0, 0, 0.35192876, -0.0775414063, -0.166980957, -0.230267925, 0.362289145, -0.903116474, 0.118530273, -0.910644531, -0.395629883, -0.965761462, -0.19807885, 0.166766091, 0, 2, 1, 1, 
367.627299, 28, 0.1, 0.1, 0.0069813832, 0.386022471, -0.0199716779, 0.985726386, 4.62627062e-005, 0.168355249, 0.168355248, 1.27629964e-005, -0.985726387, -4.77510876e-005, 0.999999999, 4.79225295e-006, 0.985726411, 3.7784758e-005, 0.168355102, 0.168355102, 1.15089924e-005, -0.985726412, -3.91830315e-005, 0.999999999, 4.98346099e-006, 0, 0, 0, 0, 0, 0, 0, 0.331416504, -0.134522632, -0.200293604, -0.300560363, 0.620245083, -0.724531922, -0.952270508, -0.154785156, 0.262573242, 0.0508174751, 0.769007433, 0.637301281, 0, 0, 0, 0, 0, 0, 0, 0.35192876, -0.0775414063, -0.166980957, -0.232325189, 0.357336833, -0.90463053, 0.121948242, -0.911865234, -0.391601562, -0.964873005, -0.201176956, 0.168325355, 0, 2, 1, 1, 
367.627989, 28, 0.1, 0.1, 0.00698138202, 0.38602247, -0.0199707699, 0.985726287, -3.23200308e-005, 0.168355834, 0.168355834, -9.52895594e-006, -0.985726287, 3.34629593e-005, 0.999999999, -3.95167663e-006, 0.985726311, -1.57825278e-005, 0.168355693, 0.168355693, 2.36601128e-006, -0.985726311, 1.51589214e-005, 1, 4.98931797e-006, 0, 0, 0, 0, 0, 0, 0, 0.331416504, -0.134522632, -0.200293604, -0.300560363, 0.620245083, -0.724531922, -0.952270508, -0.154785156, 0.262573242, 0.0508174751, 0.769007433, 0.637301281, 0, 0, 0, 0, 0, 0, 0, 0.353150781, -0.0799434082, -0.166155371, -0.232325189, 0.357336833, -0.90463053, 0.121948242, -0.911865234, -0.391601562, -0.964873005, -0.201176956, 0.168325355, 0, 2, 1, 1, 
367.628685, 28, 0.1, 0.1, 0.0069813862, 0.38602247, -0.0199696538, 0.985726189, 2.36161092e-005, 0.168356406, 0.168356406, -7.4179881e-007, -0.985726189, -2.31541307e-005, 1, -4.70713377e-006, 0.985726209, -5.30761022e-006, 0.168356289, 0.168356289, -5.92464908e-006, -0.985726209, 6.22930243e-006, 1, -4.94651232e-006, 0, 0, 0, 0, 0, 0, 0, 0.331416504, -0.134522632, -0.200293604, -0.300560363, 0.620245083, -0.724531922, -0.952270508, -0.154785156, 0.262573242, 0.0508174751, 0.769007433, 0.637301281, 0, 0, 0, 0, 0, 0, 0, 0.353150781, -0.0799434082, -0.166155371, -0.232325189, 0.357336833, -0.90463053, 0.121948242, -0.911865234, -0.391601562, -0.964873005, -0.201176956, 0.168325355, 0, 2, 1, 1, 
367.629375, 28, 0.1, 0.1, 0.0069813798, 0.386022469, -0.01996871, 0.985726088, 9.00356457e-006, 0.168356998, 0.168356998, 7.14172171e-006, -0.985726088, -1.00774073e-005, 1, 5.5239683e-006, 0.985726103, 3.35264375e-005, 0.168356906, 0.168356906, 1.2677853e-006, -0.985726104, -3.3261325e-005, 0.999999999, -4.39471824e-006, 0, 0, 0, 0, 0, 0, 0, 0.331416504, -0.134522632, -0.200293604, -0.300560363, 0.620245083, -0.724531922, -0.952270508, -0.154785156, 0.262573242, 0.0508174751, 0.769007433, 0.637301281, 0, 0, 0, 0, 0, 0, 0, 0.353150781, -0.0799434082, -0.166155371, -0.232325189, 0.357336833, -0.90463053, 0.121948242, -0.911865234, -0.391601562, -0.964873005, -0.201176956, 0.168325355, 0, 2, 1, 1, 
367.630078, 28, 0.1, 0.1, 0.00698138833, 0.38602247, -0.0199681597, 0.985725979, -3.595086e-005, 0.168357633, 0.168357633, -1.61423644e-006, -0.98572598, 3.57094657e-005, 0.999999999, 4.46140688e-006, 0.985725998, -4.94474487e-005, 0.168357517, 0.168357517, -3.41440647e-006, -0.985726, 4.93164768e-005, 0.999999999, 4.95918045e-006, 0, 0, 0, 0, 0, 0, 0, 0.331416504, -0.134522632, -0.200293604, -0.300560363, 0.620245083, -0.724531922, -0.952270508, -0.154785156, 0.262573242, 0.0508174751, 0.769007433, 0.637301281, 0, 0, 0, 0, 0, 0, 0, 0.353150781, -0.0799434082, -0.166155371, -0.233884087, 0.351911674, -0.906214947, 0.125732422, -0.913330078, -0.387084961, -0.96405491, -0.204447503, 0.169386254, 0, 2, 1, 1, 
367.630772, 28, 0.1, 0.1, 0.00698138346, 0.386022469, -0.0199680131, 0.985725874, 4.56510086e-005, 0.168358246, 0.168358246, 2.07337667e-006, -0.985725875, -4.53484505e-005, 0.999999999, -5.6419427e-006, 0.985725895, 4.64077312e-005, 0.168358125, 0.168358124, 1.18001321e-005, -0.985725896, -4.77319505e-005, 0.999999999, 3.81857721e-006, 0, 0, 0, 0, 0, 0, 0, 0.331416504, -0.134522632, -0.200293604, -0.300560363, 0.620245083, -0.724531922, -0.952270508, -0.154785156, 0.262573242, 0.0508174751, 0.769007433, 0.637301281, 0, 0, 0, 0, 0, 0, 0, 0.354627539, -0.0823803223, -0.16512168, -0.233884087, 0.351911674, -0.906214947, 0.125732422, -0.913330078, -0.387084961, -0.96405491, -0.204447503, 0.169386254, 0, 2, 1, 1, 
367.631471, 28, 0.1, 0.1, 0.00698138694, 0.386022469, -0.0199684351, 0.98572577, -4.99647988e-005, 0.168358854, 0.168358853, -1.41386934e-005, -0.985725771, 5.1631964e-005, 0.999999999, -5.52485818e-006, 0.985725794, -4.11317877e-005, 0.168358718, 0.168358718, -1.27327591e-005, -0.985725795, 4.26883351e-005, 0.999999999, -5.62611405e-006, 0, 0, 0, 0, 0, 0, 0, 0.331416504, -0.134522632, -0.200293604, -0.300560363, 0.620245083, -0.724531922, -0.952270508, -0.154785156, 0.262573242, 0.0508174751, 0.769007433, 0.637301281, 0, 0, 0, 0, 0, 0, 0, 0.354627539, -0.0823803223, -0.16512168, -0.233884087, 0.351911674, -0.906214947, 0.125732422, -0.913330078, -0.387084961, -0.96405491, -0.204447503, 0.169386254, 0, 2, 1, 1, 
367.632161, 28, 0.1, 0.1, 0.00698138951, 0.386022469, -0.019969192, 0.98572567, 3.4112054e-005, 0.168359446, 0.168359446, 9.45007694e-006, -0.98572567, -3.5216137e-005, 0.999999999, 3.57209689e-006, 0.985725695, 1.63834895e-005, 0.168359303, 0.168359303, -2.96374989e-006, -0.985725695, -1.56506517e-005, 1, -5.67975729e-006, 0, 0, 0, 0, 0, 0, 0, 0.331416504, -0.134522632, -0.200293604, -0.300560363, 0.620245083, -0.724531922, -0.952270508, -0.154785156, 0.262573242, 0.0508174751, 0.769007433, 0.637301281, 0, 0, 0, 0, 0, 0, 0, 0.354627539, -0.0823803223, -0.16512168, -0.233884087, 0.351911674, -0.906214947, 0.125732422, -0.913330078, -0.387084961, -0.96405491, -0.204447503, 0.169386254, 0, 2, 1, 1, 
367.632862, 28, 0.1, 0.1, 0.00698138534, 0.386022468, -0.0199699938, 0.98572557, -1.73545409e-005, 0.168360032, 0.168360032, 1.23271389e-006, -0.98572557, 1.6899275e-005, 1, 4.13692867e-006, 0.98572559, 1.09332978e-005, 0.168359915, 0.168359915, 6.22951135e-006, -0.98572559, -1.18260315e-005, 1, 4.29985965e-006, 0, 0, 0, 0, 0, 0, 0, 0.332581641, -0.13730542, -0.199420776, -0.304018626, 0.618126166, -0.724818362, -0.951171875, -0.155639648, 0.266113281, 0.0516123941, 0.770455364, 0.63549277, 0, 0, 0, 0, 0, 0, 0, 0.354627539, -0.0823803223, -0.16512168, -0.233884087, 0.351911674, -0.906214947, 0.125732422, -0.913330078, -0.387084961, -0.96405491, -0.204447503, 0.169386254, 0, 2, 1, 1, 
367.63355, 28, 0.1, 0.1, 0.00698139206, 0.386022469, -0.0199707821, 0.985725468, -8.79730649e-006, 0.168360627, 0.168360627, -6.96611664e-006, -0.985725468, 9.84454883e-006, 1, -5.38555855e-006, 0.985725484, -3.04149673e-005, 0.168360535, 0.168360535, -1.55379969e-006, -0.985725484, 3.02424069e-005, 1, 3.58906022e-006, 0, 0, 0, 0, 0, 0, 0, 0.332581641, -0.13730542, -0.199420776, -0.304018626, 0.618126166, -0.724818362, -0.951171875, -0.155639648, 0.266113281, 0.0516123941, 0.770455364, 0.63549277, 0, 0, 0, 0, 0, 0, 0, 0.354627539, -0.0823803223, -0.16512168, -0.233884087, 0.351911674, -0.906214947, 0.125732422, -0.913330078, -0.387084961, -0.96405491, -0.204447503, 0.169386254, 0, 2, 1, 1, 
367.634235, 28, 0.1, 0.1, 0.00698138566, 0.386022468, -0.0199713399, 0.985725363, 3.27525625e-005, 0.168361244, 0.168361244, 1.16162162e-006, -0.985725363, -3.24806036e-005, 0.999999999, -4.36922228e-006, 0.98572538, 4.38753662e-005, 0.168361137, 0.168361137, 2.65652338e-006, -0.985725381, -4.36963174e-005, 0.999999999, -4.76830404e-006, 0, 0, 0, 0, 0, 0, 0, 0.332581641, -0.13730542, -0.199420776, -0.304018626, 0.618126166, -0.724818362, -0.951171875, -0.155639648, 0.266113281, 0.0516123941, 0.770455364, 0.63549277, 0, 0, 0, 0, 0, 0, 0, 0.354627539, -0.0823803223, -0.16512168, -0.233884087, 0.351911674, -0.906214947, 0.125732422, -0.913330078, -0.387084961, -0.96405491, -0.204447503, 0.169386254, 0, 2, 1, 1, 
367.634938, 28, 0.1, 0.1, 0.00698139108, 0.386022469, -0.0199714328, 0.985725258, -4.091261e-005, 0.168361856, 0.168361856, -2.2569988e-006, -0.985725259, 4.07085856e-005, 0.999999999, 4.66334223e-006, 0.985725278, -4.13927973e-005, 0.168361738, 0.168361738, -1.09493397e-005, -0.985725279, 4.26453766e-005, 0.999999999, -3.82407759e-006, 0, 0, 0, 0, 0, 0, 0, 0.334160181, -0.139633545, -0.198752271, -0.308048648, 0.616191096, -0.724768188, -0.949951172, -0.158325195, 0.269042969, 0.0511383594, 0.7715034, 0.634248904, 0, 0, 0, 0, 0, 0, 0, 0.354627539, -0.0823803223, -0.16512168, -0.233884087, 0.351911674, -0.906214947, 0.125732422, -0.913330078, -0.387084961, -0.96405491, -0.204447503, 0.169386254, 0, 2, 1, 1, 
367.63564, 28, 0.1, 0.1, 0.00698138916, 0.386022468, -0.0199708534, 0.985725158, 4.38907113e-005, 0.168362441, 0.16836244, 1.19365061e-005, -0.985725159, -4.52738376e-005, 0.999999999, 4.37656708e-006, 0.985725179, 3.66384218e-005, 0.168362315, 0.168362315, 1.08006454e-005, -0.98572518, -3.79338366e-005, 0.999999999, 4.47793859e-006, 0, 0, 0, 0, 0, 0, 0, 0.334160181, -0.139633545, -0.198752271, -0.308048648, 0.616191096, -0.724768188, -0.949951172, -0.158325195, 0.269042969, 0.0511383594, 0.7715034, 0.634248904, 0, 0, 0, 0, 0, 0, 0, 0.356134082, -0.0852317383, -0.16410459, -0.234931858, 0.346614479, -0.908042168, 0.128540039, -0.914916992, -0.382446289, -0.963428579, -0.206599916, 0.170421632, 0, 2, 1, 1, 
367.636333, 28, 0.1, 0.1, 0.00698138882, 0.386022467, -0.0199700917, 0.98572506, -3.8202369e-005, 0.168363012, 0.168363012, -1.1303549e-005, -0.985725061, 3.95601321e-005, 0.999999999, -4.71032564e-006, 0.985725086, -2.04606569e-005, 0.168362866, 0.168362867, 1.28092987e-006, -0.985725086, 1.99529218e-005, 1, 4.70745956e-006, 0, 0, 0, 0, 0, 0, 0, 0.334160181, -0.139633545, -0.198752271, -0.308048648, 0.616191096, -0.724768188, -0.949951172, -0.158325195, 0.269042969, 0.0511383594, 0.7715034, 0.634248904, 0, 0, 0, 0, 0, 0, 0, 0.356134082, -0.0852317383, -0.16410459, -0.234931858, 0.346614479, -0.908042168, 0.128540039, -0.914916992, -0.382446289, -0.963428579, -0.206599916, 0.170421632, 0, 2, 1, 1, 
367.637023, 28, 0.1, 0.1, 0.00698139404, 0.386022468, -0.0199692998, 0.985724965, 1.85703885e-005, 0.168363572, 0.168363572, -1.99428259e-006, -0.985724966, -1.7969531e-005, 1, -5.09239107e-006, 0.985724985, -1.07934383e-005, 0.168363458, 0.168363458, -7.31773512e-006, -0.985724985, 1.1871401e-005, 1, -5.39605375e-006, 0, 0, 0, 0, 0, 0, 0, 0.334160181, -0.139633545, -0.198752271, -0.308048648, 0.616191096, -0.724768188, -0.949951172, -0.158325195, 0.269042969, 0.0511383594, 0.7715034, 0.634248904, 0, 0, 0, 0, 0, 0, 0, 0.356134082, -0.0852317383, -0.16410459, -0.234931858, 0.346614479, -0.908042168, 0.128540039, -0.914916992, -0.382446289, -0.963428579, -0.206599916, 0.170421632, 0, 2, 1, 1, 
367.637713, 28, 0.1, 0.1, 0.00698138804, 0.386022467, -0.0199687787, 0.985724865, 8.3490446e-006, 0.168364159, 0.168364159, 6.89545863e-006, -0.985724865, -9.39080895e-006, 1, 5.39134515e-006, 0.98572488, 3.16825821e-005, 0.168364069, 0.168364069, 9.47368976e-007, -0.985724881, -3.13898123e-005, 0.999999999, -4.40036327e-006, 0, 0, 0, 0, 0, 0, 0, 0.334160181, -0.139633545, -0.198752271, -0.308048648, 0.616191096, -0.724768188, -0.949951172, -0.158325195, 0.269042969, 0.0511383594, 0.7715034, 0.634248904, 0, 0, 0, 0, 0, 0, 0, 0.356134082, -0.0852317383, -0.16410459, -0.234931858, 0.346614479, -0.908042168, 0.128540039, -0.914916992, -0.382446289, -0.963428579, -0.206599916, 0.170421632, 0, 2, 1, 1, 
367.638401, 28, 0.1, 0.1, 0.00698139605, 0.386022467, -0.0199686917, 0.985724759, -3.46737606e-005, 0.168364775, 0.168364775, -1.03762941e-006, -0.98572476, 3.43534846e-005, 0.999999999, 4.81502289e-006, 0.985724777, -4.72591766e-005, 0.168364669, 0.168364669, -2.81491312e-006, -0.985724778, 4.70584733e-005, 0.999999999, 5.182046e-006, 0, 0, 0, 0, 0, 0, 0, 0.334160181, -0.139633545, -0.198752271, -0.308048648, 0.616191096, -0.724768188, -0.949951172, -0.158325195, 0.269042969, 0.0511383594, 0.7715034, 0.634248904, 0, 0, 0, 0, 0, 0, 0, 0.356134082, -0.0852317383, -0.16410459, -0.234931858, 0.346614479, -0.908042168, 0.128540039, -0.914916992, -0.382446289, -0.963428579, -0.206599916, 0.170421632, 0, 2, 1, 1, 
367.639085, 28, 0.1, 0.1, 0.00698139118, 0.386022466, -0.0199690385, 0.985724657, 4.56385027e-005, 0.16836537, 0.16836537, 2.85880359e-006, -0.985724658, -4.5468321e-005, 0.999999999, -4.86595022e-006, 0.985724678, 4.58701461e-005, 0.168365251, 0.168365251, 1.22015025e-005, -0.985724679, -4.72696441e-005, 0.999999999, 4.30438352e-006, 0, 0, 0, 0, 0, 0, 0, 0.334160181, -0.139633545, -0.198752271, -0.308048648, 0.616191096, -0.724768188, -0.949951172, -0.158325195, 0.269042969, 0.0511383594, 0.7715034, 0.634248904, 0, 0, 0, 0, 0, 0, 0, 0.356134082, -0.0852317383, -0.16410459, -0.234931858, 0.346614479, -0.908042168, 0.128540039, -0.914916992, -0.382446289, -0.963428579, -0.206599916, 0.170421632, 0, 2, 1, 1, 
367.639786, 28, 0.1, 0.1, 0.00698139393, 0.386022467, -0.0199696481, 0.985724556, -4.46266342e-005, 0.168365963, 0.168365963, -1.16013431e-005, -0.985724557, 4.59428406e-005, 0.999999999, -3.92212254e-006, 0.98572458, -3.56616972e-005, 0.168365824, 0.168365824, -1.0169245e-005, -0.985724581, 3.68647649e-005, 0.999999999, -4.01986373e-006, 0, 0, 0, 0, 0, 0, 0, 0.334160181, -0.139633545, -0.198752271, -0.313740404, 0.615550067, -0.722800917, -0.947998047, -0.160888672, 0.274414063, 0.0526578047, 0.771357745, 0.634184502, 0, 0, 0, 0, 0, 0, 0, 0.356134082, -0.0852317383, -0.16410459, -0.234931858, 0.346614479, -0.908042168, 0.128540039, -0.914916992, -0.382446289, -0.963428579, -0.206599916, 0.170421632, 0, 2, 1, 1, 
