time, trialNum, realDorsalTactorPos, realVentralTactorPos, box1PosX, box1PosY, box1PosZ, box1LocalRot_11, box1LocalRot_12, box1LocalRot_13, box1LocalRot_21, box1LocalRot_22, box1LocalRot_23, box1LocalRot_31, box1LocalRot_32, box1LocalRot_33, box1GlobalRot_11, box1GlobalRot_12, box1GlobalRot_13, box1GlobalRot_21, box1GlobalRot_22, box1GlobalRot_23, box1GlobalRot_31, box1GlobalRot_32, box1GlobalRot_33, indexForceX, indexForceY, indexForceZ, indexForceGlobalX, indexForceGlobalY, indexForceGlobalZ, indexContact, indexPosX, indexPosY, indexPosZ, indexRot_11, indexRot_12, indexRot_13, indexRot_21, indexRot_22, indexRot_23, indexRot_31, indexRot_32, indexRot_33, thumbForceX, thumbForceY, thumbForceZ, thumbForceGlobalX, thumbForceGlobalY, thumbForceGlobalZ, thumbContact, thumbPosX, thumbPosY, thumbPosZ, thumbRot_11, thumbRot_12, thumbRot_13, thumbRot_21, thumbRot_22, thumbRot_23, thumbRot_31, thumbRot_32, thumbRot_33, manipForceTooHigh, cceExpType, mapping, trialSuccess, 
223.846763, 25, 0.1, 0.1, -0.010701343, 0.364574891, -0.0199623297, 0.880411301, -0.474210861, -7.39379091e-006, 0.474210861, 0.880411301, -1.64041363e-005, 1.42885967e-005, 1.0936171e-005, 1, 0.880411606, -0.474210295, -1.14094612e-005, 0.474210295, 0.880411606, 1.35507753e-005, 3.61910488e-006, -1.73407438e-005, 1, 0, 0, 0, 0, 0, 0, 0, 0.214438696, -0.0893234863, -0.188212329, -0.123303633, 0.733749637, -0.668164421, -0.918457031, 0.170410156, 0.356811523, 0.37559774, 0.657718167, 0.652968341, 0, 0, -0, 0, 0, 0, 0, 0.259453418, -0.053564502, -0.154317187, -0.191421839, 0.336115656, -0.922055666, 0.547607422, -0.743041992, -0.384521484, -0.814510065, -0.578509113, -0.0419232216, 0, 2, 1, 1, 
223.898482, 25, 0.1, 0.1, -0.010701331, 0.364574883, -0.0199647477, 0.880395698, -0.474239827, -1.65288646e-005, 0.474239828, 0.880395698, 5.26088925e-006, 1.20570181e-005, -1.24703101e-005, 1, 0.880395694, -0.474239835, 2.27230441e-005, 0.474239835, 0.880395694, -5.21183879e-006, -1.75336086e-005, 1.53646531e-005, 1, 0, 0, 0, 0, 0, 0, 0, 0.231203174, -0.109117651, -0.18440603, -0.152585404, 0.720927168, -0.675975833, -0.919921875, 0.146118164, 0.363525391, 0.360831583, 0.677422693, 0.641104802, 0, 0, -0, 0, 0, 0, 0, 0.27385166, -0.0721302246, -0.149221484, -0.202167477, 0.321882815, -0.924850102, 0.611572266, -0.696044922, -0.375854492, -0.764823995, -0.641621885, -0.0562095976, 0, 2, 1, 1, 
223.899307, 25, 0.1, 0.1, -0.0107013283, 0.364574883, -0.019962029, 0.880395708, -0.474239809, 3.59393077e-005, 0.474239809, 0.880395708, -1.22889563e-005, -2.58129e-005, 2.78629948e-005, 0.999999999, 0.880395707, -0.474239812, 1.85763203e-005, 0.474239812, 0.880395707, -7.59094708e-006, -1.27545833e-005, 1.54926679e-005, 1, 0, 0, 0, 0, 0, 0, 0, 0.231203174, -0.109117651, -0.18440603, -0.152585404, 0.720927168, -0.675975833, -0.919921875, 0.146118164, 0.363525391, 0.360831583, 0.677422693, 0.641104802, 0, 0, -0, 0, 0, 0, 0, 0.27385166, -0.0721302246, -0.149221484, -0.202167477, 0.321882815, -0.924850102, 0.611572266, -0.696044922, -0.375854492, -0.764823995, -0.641621885, -0.0562095976, 0, 2, 1, 1, 
223.90009, 25, 0.1, 0.1, -0.0107013254, 0.364574881, -0.0199608498, 0.880395705, -0.474239813, -4.00341449e-005, 0.474239814, 0.880395706, 1.50220354e-005, 2.8121842e-005, -3.22111209e-005, 0.999999999, 0.880395706, -0.474239812, -4.15487239e-005, 0.474239813, 0.880395706, 1.54408155e-005, 2.92566687e-005, -3.32980867e-005, 0.999999999, 0, 0, 0, 0, 0, 0, 0, 0.231203174, -0.109117651, -0.18440603, -0.152585404, 0.720927168, -0.675975833, -0.919921875, 0.146118164, 0.363525391, 0.360831583, 0.677422693, 0.641104802, 0, 0, -0, 0, 0, 0, 0, 0.27385166, -0.0721302246, -0.149221484, -0.202167477, 0.321882815, -0.924850102, 0.611572266, -0.696044922, -0.375854492, -0.764823995, -0.641621885, -0.0562095976, 0, 2, 1, 1, 
223.900906, 25, 0.1, 0.1, -0.0107013297, 0.364574882, -0.0199609745, 0.880395703, -0.474239819, 1.8909046e-005, 0.474239819, 0.880395703, -8.28581744e-006, -1.27179782e-005, 1.62622206e-005, 1, 0.880395701, -0.474239821, 3.94997859e-005, 0.474239821, 0.880395702, -1.3415668e-005, -2.84131977e-005, 3.05434679e-005, 0.999999999, 0, 0, 0, 0, 0, 0, 0, 0.232016675, -0.110555615, -0.18405415, -0.154222052, 0.718884635, -0.677658908, -0.919189453, 0.147094727, 0.365112305, 0.36220313, 0.679352894, 0.638281577, 0, 0, -0, 0, 0, 0, 0, 0.274562646, -0.0730861816, -0.148577393, -0.202658914, 0.322169728, -0.924658705, 0.615722656, -0.692260742, -0.376098633, -0.761316108, -0.645519496, -0.0580306216, 0, 2, 1, 1, 
223.901688, 25, 0.1, 0.1, -0.010701325, 0.364574881, -0.0199626164, 0.880395712, -0.474239802, 1.81459561e-005, 0.474239802, 0.880395712, -6.69549685e-006, -1.28003509e-005, 1.45002214e-005, 1, 0.880395709, -0.474239807, -1.8317802e-005, 0.474239807, 0.880395709, 3.09392286e-006, 1.46596529e-005, -1.14109073e-005, 1, 0, 0, 0, 0, 0, 0, 0, 0.232016675, -0.110555615, -0.18405415, -0.154222052, 0.718884635, -0.677658908, -0.919189453, 0.147094727, 0.365112305, 0.36220313, 0.679352894, 0.638281577, 0, 0, -0, 0, 0, 0, 0, 0.274562646, -0.0730861816, -0.148577393, -0.202658914, 0.322169728, -0.924658705, 0.615722656, -0.692260742, -0.376098633, -0.761316108, -0.645519496, -0.0580306216, 0, 2, 1, 1, 
223.902469, 25, 0.1, 0.1, -0.0107013263, 0.364574882, -0.0199651846, 0.880395718, -0.474239791, -3.3646543e-005, 0.474239791, 0.880395718, 1.07937673e-005, 2.45034384e-005, -2.5459316e-005, 0.999999999, 0.880395717, -0.474239792, -1.7038922e-005, 0.474239793, 0.880395717, 6.14615484e-006, 1.20862427e-005, -1.34915832e-005, 1, 0, 0, 0, 0, 0, 0, 0, 0.232016675, -0.110555615, -0.18405415, -0.154222052, 0.718884635, -0.677658908, -0.919189453, 0.147094727, 0.365112305, 0.36220313, 0.679352894, 0.638281577, 0, 0, -0, 0, 0, 0, 0, 0.274562646, -0.0730861816, -0.148577393, -0.202658914, 0.322169728, -0.924658705, 0.615722656, -0.692260742, -0.376098633, -0.761316108, -0.645519496, -0.0580306216, 0, 2, 1, 1, 
223.903251, 25, 0.1, 0.1, -0.0107013269, 0.364574882, -0.0199677741, 0.880395717, -0.474239792, 2.96262596e-005, 0.474239793, 0.880395717, -8.5213298e-006, -2.20416784e-005, 2.15520934e-005, 1, 0.880395718, -0.474239791, 3.03454895e-005, 0.474239791, 0.880395718, -9.36984931e-006, -2.22724836e-005, 2.26402138e-005, 0.999999999, 0, 0, 0, 0, 0, 0, 0, 0.232016675, -0.110555615, -0.18405415, -0.154222052, 0.718884635, -0.677658908, -0.919189453, 0.147094727, 0.365112305, 0.36220313, 0.679352894, 0.638281577, 0, 0, -0, 0, 0, 0, 0, 0.274562646, -0.0730861816, -0.148577393, -0.202658914, 0.322169728, -0.924658705, 0.615722656, -0.692260742, -0.376098633, -0.761316108, -0.645519496, -0.0580306216, 0, 2, 1, 1, 
223.90403, 25, 0.1, 0.1, -0.010701323, 0.36457488, -0.0199695481, 0.880395712, -0.474239802, -1.53867525e-005, 0.474239802, 0.880395712, 3.85551014e-006, 1.17179946e-005, -1.06913851e-005, 1, 0.880395713, -0.474239799, -3.05963454e-005, 0.4742398, 0.880395714, 8.66785813e-006, 2.28262481e-005, -2.21411499e-005, 0.999999999, 0, 0, 0, 0, 0, 0, 0, 0.232016675, -0.110555615, -0.18405415, -0.154222052, 0.718884635, -0.677658908, -0.919189453, 0.147094727, 0.365112305, 0.36220313, 0.679352894, 0.638281577, 0, 0, -0, 0, 0, 0, 0, 0.274562646, -0.0730861816, -0.148577393, -0.202658914, 0.322169728, -0.924658705, 0.615722656, -0.692260742, -0.376098633, -0.761316108, -0.645519496, -0.0580306216, 0, 2, 1, 1, 
223.904819, 25, 0.1, 0.1, -0.0107013253, 0.364574881, -0.0199699808, 0.880395702, -0.47423982, -1.82356641e-005, 0.47423982, 0.880395702, 5.79207464e-006, 1.33077678e-005, -1.37473957e-005, 1, 0.880395705, -0.474239816, 1.09866657e-005, 0.474239816, 0.880395705, -3.00080992e-006, -8.24950977e-006, 7.85221449e-006, 1, 0, 0, 0, 0, 0, 0, 0, 0.232016675, -0.110555615, -0.18405415, -0.154222052, 0.718884635, -0.677658908, -0.919189453, 0.147094727, 0.365112305, 0.36220313, 0.679352894, 0.638281577, 0, 0, -0, 0, 0, 0, 0, 0.274562646, -0.0730861816, -0.148577393, -0.202658914, 0.322169728, -0.924658705, 0.615722656, -0.692260742, -0.376098633, -0.761316108, -0.645519496, -0.0580306216, 0, 2, 1, 1, 
223.905632, 25, 0.1, 0.1, -0.0107013236, 0.36457488, -0.0199686159, 0.880395688, -0.474239846, 3.18899655e-005, 0.474239847, 0.880395688, -1.0208871e-005, -2.32343348e-005, 2.41113383e-005, 0.999999999, 0.880395691, -0.474239841, 1.73514217e-005, 0.474239841, 0.880395691, -6.12697123e-006, -1.23704631e-005, 1.36228945e-005, 1, 0, 0, 0, 0, 0, 0, 0, 0.233109814, -0.111859326, -0.18315376, -0.154685225, 0.715002512, -0.681639876, -0.919067383, 0.148925781, 0.364746094, 0.362400081, 0.682933968, 0.634215607, 0, 0, -0, 0, 0, 0, 0, 0.275280225, -0.0742819824, -0.147943311, -0.203016189, 0.322213837, -0.92457595, 0.619873047, -0.688598633, -0.376098633, -0.757916863, -0.649442627, -0.059985807, 0, 2, 1, 1, 
223.906412, 25, 0.1, 0.1, -0.0107013215, 0.36457488, -0.0199663403, 0.88039567, -0.474239879, -3.14435256e-005, 0.474239879, 0.880395671, 8.8521922e-006, 2.34846813e-005, -2.27052055e-005, 0.999999999, 0.880395674, -0.474239871, -3.30685205e-005, 0.474239872, 0.880395675, 1.00641325e-005, 2.43405695e-005, -2.45428297e-005, 0.999999999, 0, 0, 0, 0, 0, 0, 0, 0.233109814, -0.111859326, -0.18315376, -0.154685225, 0.715002512, -0.681639876, -0.919067383, 0.148925781, 0.364746094, 0.362400081, 0.682933968, 0.634215607, 0, 0, -0, 0, 0, 0, 0, 0.275280225, -0.0742819824, -0.147943311, -0.203016189, 0.322213837, -0.92457595, 0.619873047, -0.688598633, -0.376098633, -0.757916863, -0.649442627, -0.059985807, 0, 2, 1, 1, 
223.907193, 25, 0.1, 0.1, -0.0107013253, 0.364574881, -0.0199640772, 0.88039565, -0.474239917, 1.59632674e-005, 0.474239917, 0.88039565, -4.13455837e-006, -1.20932185e-005, 1.12104658e-005, 1, 0.880395654, -0.474239909, 3.48869253e-005, 0.474239909, 0.880395655, -1.00924064e-005, -2.59280756e-005, 2.5430083e-005, 0.999999999, 0, 0, 0, 0, 0, 0, 0, 0.233109814, -0.111859326, -0.18315376, -0.154685225, 0.715002512, -0.681639876, -0.919067383, 0.148925781, 0.364746094, 0.362400081, 0.682933968, 0.634215607, 0, 0, -0, 0, 0, 0, 0, 0.275280225, -0.0742819824, -0.147943311, -0.203016189, 0.322213837, -0.92457595, 0.619873047, -0.688598633, -0.376098633, -0.757916863, -0.649442627, -0.059985807, 0, 2, 1, 1, 
223.908005, 25, 0.1, 0.1, -0.0107013204, 0.364574879, -0.0199621737, 0.880395625, -0.474239964, 1.92803106e-005, 0.474239964, 0.880395625, -6.5716721e-006, -1.38577515e-005, 1.49291651e-005, 1, 0.88039563, -0.474239955, -1.72750409e-005, 0.474239955, 0.88039563, 4.36360477e-006, 1.31394748e-005, -1.20342132e-005, 1, 0, 0, 0, 0, 0, 0, 0, 0.234164258, -0.113389697, -0.18248064, -0.155935083, 0.711038013, -0.685678133, -0.918579102, 0.150878906, 0.365234375, 0.363092407, 0.686775273, 0.629787934, 0, 0, -0, 0, 0, 0, 0, 0.276362158, -0.075179834, -0.147135059, -0.201309636, 0.323350561, -0.924493561, 0.62487793, -0.684448242, -0.375488281, -0.754300702, -0.653250919, -0.0642731424, 0, 2, 1, 1, 
223.908785, 25, 0.1, 0.1, -0.0107013213, 0.364574879, -0.0199615863, 0.880395597, -0.474240014, -3.89670557e-005, 0.474240014, 0.880395598, 1.20816204e-005, 2.85768365e-005, -2.91163425e-005, 0.999999999, 0.880395603, -0.474240004, -2.14559769e-005, 0.474240004, 0.880395603, 7.13451842e-006, 1.55062737e-005, -1.64564812e-005, 1, 0, 0, 0, 0, 0, 0, 0, 0.234164258, -0.113389697, -0.18248064, -0.155935083, 0.711038013, -0.685678133, -0.918579102, 0.150878906, 0.365234375, 0.363092407, 0.686775273, 0.629787934, 0, 0, -0, 0, 0, 0, 0, 0.276362158, -0.075179834, -0.147135059, -0.201309636, 0.323350561, -0.924493561, 0.62487793, -0.684448242, -0.375488281, -0.754300702, -0.653250919, -0.0642731424, 0, 2, 1, 1, 
223.909564, 25, 0.1, 0.1, -0.0107013224, 0.36457488, -0.0199624563, 0.880395567, -0.47424007, 3.5700349e-005, 0.47424007, 0.880395568, -1.02833922e-005, -2.65536324e-005, 2.59839889e-005, 0.999999999, 0.880395574, -0.474240058, 3.63924156e-005, 0.474240058, 0.880395574, -1.13259388e-005, -2.66685078e-005, 2.72300477e-005, 0.999999999, 0, 0, 0, 0, 0, 0, 0, 0.234164258, -0.113389697, -0.18248064, -0.155935083, 0.711038013, -0.685678133, -0.918579102, 0.150878906, 0.365234375, 0.363092407, 0.686775273, 0.629787934, 0, 0, -0, 0, 0, 0, 0, 0.276362158, -0.075179834, -0.147135059, -0.201309636, 0.323350561, -0.924493561, 0.62487793, -0.684448242, -0.375488281, -0.754300702, -0.653250919, -0.0642731424, 0, 2, 1, 1, 
223.910346, 25, 0.1, 0.1, -0.0107013182, 0.364574878, -0.0199643717, 0.880395535, -0.474240131, -1.62430168e-005, 0.474240131, 0.880395535, 4.28011062e-006, 1.22704792e-005, -1.14712807e-005, 1, 0.880395541, -0.474240118, -3.44847292e-005, 0.474240119, 0.880395542, 1.00009745e-005, 2.56173386e-005, -2.51588554e-005, 0.999999999, 0, 0, 0, 0, 0, 0, 0, 0.234164258, -0.113389697, -0.18248064, -0.155935083, 0.711038013, -0.685678133, -0.918579102, 0.150878906, 0.365234375, 0.363092407, 0.686775273, 0.629787934, 0, 0, -0, 0, 0, 0, 0, 0.276362158, -0.075179834, -0.147135059, -0.201309636, 0.323350561, -0.924493561, 0.62487793, -0.684448242, -0.375488281, -0.754300702, -0.653250919, -0.0642731424, 0, 2, 1, 1, 
223.911129, 25, 0.1, 0.1, -0.0107013218, 0.364574879, -0.0199665993, 0.8803955, -0.474240196, -1.49013492e-005, 0.474240196, 0.8803955, 5.19956741e-006, 1.06532369e-005, -1.16444945e-005, 1, 0.880395507, -0.474240183, 1.725256e-005, 0.474240183, 0.880395507, -4.41976926e-006, -1.30930442e-005, 1.20730022e-005, 1, 0, 0, 0, 0, 0, 0, 0, 0.234164258, -0.113389697, -0.18248064, -0.155935083, 0.711038013, -0.685678133, -0.918579102, 0.150878906, 0.365234375, 0.363092407, 0.686775273, 0.629787934, 0, 0, -0, 0, 0, 0, 0, 0.276362158, -0.075179834, -0.147135059, -0.201309636, 0.323350561, -0.924493561, 0.62487793, -0.684448242, -0.375488281, -0.754300702, -0.653250919, -0.0642731424, 0, 2, 1, 1, 
223.911914, 25, 0.1, 0.1, -0.0107013203, 0.364574879, -0.0199683756, 0.880395463, -0.474240264, 3.20495043e-005, 0.474240265, 0.880395463, -9.83560078e-006, -2.35518003e-005, 2.38583837e-005, 0.999999999, 0.88039547, -0.474240251, 1.73993483e-005, 0.474240251, 0.88039547, -5.69423933e-006, -1.26178699e-005, 1.32646538e-005, 1, 0, 0, 0, 0, 0, 0, 0, 0.234164258, -0.113389697, -0.18248064, -0.155935083, 0.711038013, -0.685678133, -0.918579102, 0.150878906, 0.365234375, 0.363092407, 0.686775273, 0.629787934, 0, 0, -0, 0, 0, 0, 0, 0.276362158, -0.075179834, -0.147135059, -0.201309636, 0.323350561, -0.924493561, 0.62487793, -0.684448242, -0.375488281, -0.754300702, -0.653250919, -0.0642731424, 0, 2, 1, 1, 
223.912726, 25, 0.1, 0.1, -0.0107013182, 0.364574878, -0.019968951, 0.880395423, -0.474240338, -3.17382724e-005, 0.474240338, 0.880395423, 9.1399273e-006, 2.36077076e-005, -2.30983192e-005, 0.999999999, 0.880395431, -0.474240323, -3.28856293e-005, 0.474240323, 0.880395431, 1.02552539e-005, 2.40889028e-005, -2.46243701e-005, 0.999999999, 0, 0, 0, 0, 0, 0, 0, 0.235053296, -0.114714526, -0.182443921, -0.160415174, 0.706686725, -0.68900609, -0.917480469, 0.150512695, 0.367919922, 0.363678392, 0.6912958, 0.624382618, 0, 0, -0, 0, 0, 0, 0, 0.277134668, -0.0762960449, -0.146738135, -0.200976781, 0.324634206, -0.924123526, 0.629638672, -0.67980957, -0.375854492, -0.750460693, -0.657289255, -0.0677937888, 0, 2, 1, 1, 
223.913508, 25, 0.1, 0.1, -0.010701321, 0.364574879, -0.0199682382, 0.880395385, -0.47424041, 1.21055931e-005, 0.47424041, 0.880395385, -3.16647738e-006, -9.15603673e-006, 8.5287135e-006, 1, 0.880395392, -0.474240395, 2.84749587e-005, 0.474240396, 0.880395392, -8.28939723e-006, -2.11380554e-005, 2.08019228e-005, 1, 0, 0, 0, 0, 0, 0, 0, 0.235053296, -0.114714526, -0.182443921, -0.160415174, 0.706686725, -0.68900609, -0.917480469, 0.150512695, 0.367919922, 0.363678392, 0.6912958, 0.624382618, 0, 0, -0, 0, 0, 0, 0, 0.277134668, -0.0762960449, -0.146738135, -0.200976781, 0.324634206, -0.924123526, 0.629638672, -0.67980957, -0.375854492, -0.750460693, -0.657289255, -0.0677937888, 0, 2, 1, 1, 
223.914458, 25, 0.1, 0.1, -0.0107013147, 0.364574877, -0.0199647395, 0.880395335, -0.474240502, 2.27436928e-005, 0.474240502, 0.880395335, -8.41541781e-006, -1.60325091e-005, 1.81948749e-005, 1, 0.880395344, -0.474240485, -1.69573593e-005, 0.474240485, 0.880395344, 3.53609853e-006, 1.32522191e-005, -1.1155031e-005, 1, 0, 0, 0, 0, 0, 0, 0, 0.235053296, -0.114714526, -0.182443921, -0.160415174, 0.706686725, -0.68900609, -0.917480469, 0.150512695, 0.367919922, 0.363678392, 0.6912958, 0.624382618, 0, 0, -0, 0, 0, 0, 0, 0.277134668, -0.0762960449, -0.146738135, -0.200976781, 0.324634206, -0.924123526, 0.629638672, -0.67980957, -0.375854492, -0.750460693, -0.657289255, -0.0677937888, 0, 2, 1, 1, 
223.915251, 25, 0.1, 0.1, -0.0107013166, 0.364574877, -0.0199613148, 0.880395288, -0.474240589, -3.43472307e-005, 0.47424059, 0.880395288, 1.32949665e-005, 2.39341274e-005, -2.79936768e-005, 0.999999999, 0.880395297, -0.474240572, -1.71685819e-005, 0.474240572, 0.880395297, 7.40890325e-006, 1.16015362e-005, -1.46648017e-005, 1, 0, 0, 0, 0, 0, 0, 0, 0.235053296, -0.114714526, -0.182443921, -0.160415174, 0.706686725, -0.68900609, -0.917480469, 0.150512695, 0.367919922, 0.363678392, 0.6912958, 0.624382618, 0, 0, -0, 0, 0, 0, 0, 0.277134668, -0.0762960449, -0.146738135, -0.200976781, 0.324634206, -0.924123526, 0.629638672, -0.67980957, -0.375854492, -0.750460693, -0.657289255, -0.0677937888, 0, 2, 1, 1, 
223.916036, 25, 0.1, 0.1, -0.0107013196, 0.364574877, -0.0199596075, 0.880395245, -0.474240668, 4.37584122e-005, 0.474240669, 0.880395245, -1.36229098e-005, -3.20641602e-005, 3.27455637e-005, 0.999999999, 0.880395251, -0.474240655, 4.60230504e-005, 0.474240656, 0.880395252, -1.26667296e-005, -3.45113969e-005, 3.29777302e-005, 0.999999999, 0, 0, 0, 0, 0, 0, 0, 0.235053296, -0.114714526, -0.182443921, -0.160415174, 0.706686725, -0.68900609, -0.917480469, 0.150512695, 0.367919922, 0.363678392, 0.6912958, 0.624382618, 0, 0, -0, 0, 0, 0, 0, 0.277134668, -0.0762960449, -0.146738135, -0.200976781, 0.324634206, -0.924123526, 0.629638672, -0.67980957, -0.375854492, -0.750460693, -0.657289255, -0.0677937888, 0, 2, 1, 1, 
223.916824, 25, 0.1, 0.1, -0.0107013155, 0.364574876, -0.019960011, 0.880395218, -0.474240719, -1.5501287e-005, 0.474240719, 0.880395218, 3.85422626e-006, 1.18194279e-005, -1.07445838e-005, 1, 0.880395222, -0.47424071, -3.59020731e-005, 0.474240711, 0.880395223, 9.04855911e-006, 2.73168185e-005, -2.49925329e-005, 0.999999999, 0, 0, 0, 0, 0, 0, 0, 0.235053296, -0.114714526, -0.182443921, -0.160415174, 0.706686725, -0.68900609, -0.917480469, 0.150512695, 0.367919922, 0.363678392, 0.6912958, 0.624382618, 0, 0, -0, 0, 0, 0, 0, 0.277134668, -0.0762960449, -0.146738135, -0.200976781, 0.324634206, -0.924123526, 0.629638672, -0.67980957, -0.375854492, -0.750460693, -0.657289255, -0.0677937888, 0, 2, 1, 1, 
223.917643, 25, 0.1, 0.1, -0.0107013201, 0.364574878, -0.0199620386, 0.8803952, -0.474240752, -1.91353369e-005, 0.474240753, 0.8803952, 5.3464233e-006, 1.43111669e-005, -1.3781722e-005, 1, 0.880395203, -0.474240747, 1.83958683e-005, 0.474240748, 0.880395203, -5.0776688e-006, -1.37875968e-005, 1.31944256e-005, 1, 0, 0, 0, 0, 0, 0, 0, 0.23661499, -0.115643164, -0.182018335, -0.164718531, 0.70128253, -0.693457345, -0.917358398, 0.149291992, 0.368896484, 0.362258914, 0.696971825, 0.618908031, 0, 0, -0, 0, 0, 0, 0, 0.278686523, -0.0774886719, -0.145957959, -0.199078465, 0.324837997, -0.924565023, 0.635009766, -0.67565918, -0.374145508, -0.746333405, -0.66156383, -0.0717679587, 0, 2, 1, 1, 
223.918428, 25, 0.1, 0.1, -0.0107013177, 0.364574877, -0.0199647839, 0.880395188, -0.474240774, 3.20208779e-005, 0.474240774, 0.880395188, -8.23146381e-006, -2.42873311e-005, 2.24325471e-005, 0.999999999, 0.88039519, -0.474240771, 1.56263661e-005, 0.474240771, 0.88039519, -3.9272978e-006, -1.18948928e-005, 1.0868234e-005, 1, 0, 0, 0, 0, 0, 0, 0, 0.23661499, -0.115643164, -0.182018335, -0.164718531, 0.70128253, -0.693457345, -0.917358398, 0.149291992, 0.368896484, 0.362258914, 0.696971825, 0.618908031, 0, 0, -0, 0, 0, 0, 0, 0.278686523, -0.0774886719, -0.145957959, -0.199078465, 0.324837997, -0.924565023, 0.635009766, -0.67565918, -0.374145508, -0.746333405, -0.66156383, -0.0717679587, 0, 2, 1, 1, 
223.91921, 25, 0.1, 0.1, -0.0107013156, 0.364574876, -0.0199676367, 0.880395179, -0.47424079, -3.31553633e-005, 0.474240791, 0.88039518, 9.34839634e-006, 2.47564311e-005, -2.39539088e-005, 0.999999999, 0.880395181, -0.474240787, -3.37509862e-005, 0.474240787, 0.880395182, 9.8079267e-006, 2.50628868e-005, -2.46409457e-005, 0.999999999, 0, 0, 0, 0, 0, 0, 0, 0.23661499, -0.115643164, -0.182018335, -0.164718531, 0.70128253, -0.693457345, -0.917358398, 0.149291992, 0.368896484, 0.362258914, 0.696971825, 0.618908031, 0, 0, -0, 0, 0, 0, 0, 0.278686523, -0.0774886719, -0.145957959, -0.199078465, 0.324837997, -0.924565023, 0.635009766, -0.67565918, -0.374145508, -0.746333405, -0.66156383, -0.0717679587, 0, 2, 1, 1, 
223.920018, 25, 0.1, 0.1, -0.0107013183, 0.364574877, -0.0199695981, 0.880395172, -0.474240804, 1.07020833e-005, 0.474240804, 0.880395172, -3.73167275e-006, -7.65235101e-006, 8.36071128e-006, 1, 0.880395173, -0.474240802, 2.77178651e-005, 0.474240802, 0.880395173, -8.17005388e-006, -2.05281018e-005, 2.03378186e-005, 1, 0, 0, 0, 0, 0, 0, 0, 0.23661499, -0.115643164, -0.182018335, -0.164718531, 0.70128253, -0.693457345, -0.917358398, 0.149291992, 0.368896484, 0.362258914, 0.696971825, 0.618908031, 0, 0, -0, 0, 0, 0, 0, 0.278686523, -0.0774886719, -0.145957959, -0.19878389, 0.323961933, -0.924833712, 0.640136719, -0.671630859, -0.372802734, -0.742129192, -0.666074646, -0.0738828252, 0, 2, 1, 1, 
223.920804, 25, 0.1, 0.1, -0.0107013142, 0.364574875, -0.0199698632, 0.880395172, -0.474240805, 1.4599857e-005, 0.474240805, 0.880395172, -3.53730677e-006, -1.11761084e-005, 1.00380758e-005, 1, 0.880395171, -0.474240806, -1.51301769e-005, 0.474240807, 0.880395171, 4.7844278e-006, 1.10515638e-005, -1.13875344e-005, 1, 0, 0, 0, 0, 0, 0, 0, 0.23661499, -0.115643164, -0.182018335, -0.164718531, 0.70128253, -0.693457345, -0.917358398, 0.149291992, 0.368896484, 0.362258914, 0.696971825, 0.618908031, 0, 0, -0, 0, 0, 0, 0, 0.279687402, -0.0785344727, -0.145350488, -0.19878389, 0.323961933, -0.924833712, 0.640136719, -0.671630859, -0.372802734, -0.742129192, -0.666074646, -0.0738828252, 0, 2, 1, 1, 
223.921589, 25, 0.1, 0.1, -0.0107013148, 0.364574875, -0.019968749, 0.880395176, -0.474240797, -3.19214025e-005, 0.474240797, 0.880395176, 8.9964122e-006, 2.38369831e-005, -2.30588293e-005, 0.999999999, 0.880395175, -0.474240799, -1.80166695e-005, 0.474240799, 0.880395175, 5.21927985e-006, 1.33865934e-005, -1.31392685e-005, 1, 0, 0, 0, 0, 0, 0, 0, 0.23661499, -0.115643164, -0.182018335, -0.164718531, 0.70128253, -0.693457345, -0.917358398, 0.149291992, 0.368896484, 0.362258914, 0.696971825, 0.618908031, 0, 0, -0, 0, 0, 0, 0, 0.279687402, -0.0785344727, -0.145350488, -0.19878389, 0.323961933, -0.924833712, 0.640136719, -0.671630859, -0.372802734, -0.742129192, -0.666074646, -0.0738828252, 0, 2, 1, 1, 
223.922388, 25, 0.1, 0.1, -0.0107013166, 0.364574876, -0.0199666238, 0.880395184, -0.474240782, 3.29220832e-005, 0.474240782, 0.880395184, -9.97641658e-006, -2.42532199e-005, 2.43961836e-005, 0.999999999, 0.880395182, -0.474240786, 3.48076821e-005, 0.474240786, 0.880395182, -9.99984617e-006, -2.59021807e-005, 2.53110389e-005, 0.999999999, 0, 0, 0, 0, 0, 0, 0, 0.23661499, -0.115643164, -0.182018335, -0.169357381, 0.695415162, -0.698378888, -0.916381836, 0.149658203, 0.37121582, 0.362622859, 0.702844803, 0.612024827, 0, 0, -0, 0, 0, 0, 0, 0.279687402, -0.0785344727, -0.145350488, -0.19878389, 0.323961933, -0.924833712, 0.640136719, -0.671630859, -0.372802734, -0.742129192, -0.666074646, -0.0738828252, 0, 2, 1, 1, 
223.923178, 25, 0.1, 0.1, -0.0107013125, 0.364574875, -0.0199641919, 0.880395192, -0.474240768, -1.33103569e-005, 0.474240768, 0.880395192, 3.45204056e-006, 1.00812758e-005, -9.35147377e-006, 1, 0.88039519, -0.47424077, -3.26190126e-005, 0.47424077, 0.880395191, 9.29193657e-006, 2.43110066e-005, -2.36498419e-005, 0.999999999, 0, 0, 0, 0, 0, 0, 0, 0.237718481, -0.117041357, -0.181621069, -0.169357381, 0.695415162, -0.698378888, -0.916381836, 0.149658203, 0.37121582, 0.362622859, 0.702844803, 0.612024827, 0, 0, -0, 0, 0, 0, 0, 0.279687402, -0.0785344727, -0.145350488, -0.19878389, 0.323961933, -0.924833712, 0.640136719, -0.671630859, -0.372802734, -0.742129192, -0.666074646, -0.0738828252, 0, 2, 1, 1, 
223.923965, 25, 0.1, 0.1, -0.0107013167, 0.364574876, -0.0199623642, 0.880395195, -0.474240761, -1.83943711e-005, 0.474240761, 0.880395196, 6.10341371e-006, 1.32998284e-005, -1.40967767e-005, 1, 0.880395195, -0.474240762, 1.85056332e-005, 0.474240762, 0.880395195, -5.10789863e-006, -1.38698968e-005, 1.3273095e-005, 1, 0, 0, 0, 0, 0, 0, 0, 0.237718481, -0.117041357, -0.181621069, -0.169357381, 0.695415162, -0.698378888, -0.916381836, 0.149658203, 0.37121582, 0.362622859, 0.702844803, 0.612024827, 0, 0, -0, 0, 0, 0, 0, 0.279687402, -0.0785344727, -0.145350488, -0.19878389, 0.323961933, -0.924833712, 0.640136719, -0.671630859, -0.372802734, -0.742129192, -0.666074646, -0.0738828252, 0, 2, 1, 1, 
223.924765, 25, 0.1, 0.1, -0.0107013155, 0.364574875, -0.0199616927, 0.880395194, -0.474240763, 4.12635743e-005, 0.474240763, 0.880395194, -1.21416557e-005, -3.05701844e-005, 3.02583243e-005, 0.999999999, 0.880395195, -0.474240762, 2.20186896e-005, 0.474240762, 0.880395195, -6.84940115e-006, -1.61368833e-005, 1.647234e-005, 1, 0, 0, 0, 0, 0, 0, 0, 0.237718481, -0.117041357, -0.181621069, -0.173818376, 0.689509602, -0.703040199, -0.915283203, 0.150146484, 0.373657227, 0.363329412, 0.708476645, 0.605223998, 0, 0, -0, 0, 0, 0, 0, 0.279687402, -0.0785344727, -0.145350488, -0.19878389, 0.323961933, -0.924833712, 0.640136719, -0.671630859, -0.372802734, -0.742129192, -0.666074646, -0.0738828252, 0, 2, 1, 1, 
223.925565, 25, 0.1, 0.1, -0.0107013139, 0.364574875, -0.0199620155, 0.880395195, -0.47424076, -3.570975e-005, 0.474240761, 0.880395196, 9.83080251e-006, 2.67765251e-005, -2.55900103e-005, 0.999999999, 0.880395195, -0.474240762, -3.67904095e-005, 0.474240762, 0.880395195, 9.71569408e-006, 2.77825216e-005, -2.60011622e-005, 0.999999999, 0, 0, 0, 0, 0, 0, 0, 0.238608862, -0.118218994, -0.181210254, -0.173818376, 0.689509602, -0.703040199, -0.915283203, 0.150146484, 0.373657227, 0.363329412, 0.708476645, 0.605223998, 0, 0, -0, 0, 0, 0, 0, 0.280673389, -0.0793404297, -0.144741309, -0.198744877, 0.323328672, -0.925115161, 0.644897461, -0.667602539, -0.371826172, -0.737829097, -0.670559942, -0.07587629, 0, 2, 1, 1, 
223.92635, 25, 0.1, 0.1, -0.0107013179, 0.364574876, -0.0199635108, 0.880395204, -0.474240744, 1.71587274e-005, 0.474240745, 0.880395205, -5.05761533e-006, -1.27079341e-005, 1.25900679e-005, 1, 0.880395202, -0.474240748, 3.61710959e-005, 0.474240749, 0.880395202, -9.97106817e-006, -2.71161724e-005, 2.59322882e-005, 0.999999999, 0, 0, 0, 0, 0, 0, 0, 0.238608862, -0.118218994, -0.181210254, -0.173818376, 0.689509602, -0.703040199, -0.915283203, 0.150146484, 0.373657227, 0.363329412, 0.708476645, 0.605223998, 0, 0, -0, 0, 0, 0, 0, 0.280673389, -0.0793404297, -0.144741309, -0.198744877, 0.323328672, -0.925115161, 0.644897461, -0.667602539, -0.371826172, -0.737829097, -0.670559942, -0.07587629, 0, 2, 1, 1, 
223.927138, 25, 0.1, 0.1, -0.0107013133, 0.364574875, -0.0199655831, 0.880395218, -0.47424072, 1.52642738e-005, 0.47424072, 0.880395218, -5.02513441e-006, -1.10554703e-005, 1.16630445e-005, 1, 0.880395215, -0.474240725, -1.81526234e-005, 0.474240726, 0.880395215, 4.25657938e-006, 1.39628395e-005, -1.23561854e-005, 1, 0, 0, 0, 0, 0, 0, 0, 0.238608862, -0.118218994, -0.181210254, -0.173818376, 0.689509602, -0.703040199, -0.915283203, 0.150146484, 0.373657227, 0.363329412, 0.708476645, 0.605223998, 0, 0, -0, 0, 0, 0, 0, 0.280673389, -0.0793404297, -0.144741309, -0.198744877, 0.323328672, -0.925115161, 0.644897461, -0.667602539, -0.371826172, -0.737829097, -0.670559942, -0.07587629, 0, 2, 1, 1, 
223.927926, 25, 0.1, 0.1, -0.0107013141, 0.364574875, -0.0199675006, 0.880395228, -0.474240701, -3.37103902e-005, 0.474240701, 0.880395228, 1.0118264e-005, 2.4879974e-005, -2.48949104e-005, 0.999999999, 0.880395226, -0.474240704, -1.84154227e-005, 0.474240704, 0.880395226, 6.07871091e-006, 1.33300781e-005, -1.40850111e-005, 1, 0, 0, 0, 0, 0, 0, 0, 0.238608862, -0.118218994, -0.181210254, -0.173818376, 0.689509602, -0.703040199, -0.915283203, 0.150146484, 0.373657227, 0.363329412, 0.708476645, 0.605223998, 0, 0, -0, 0, 0, 0, 0, 0.280673389, -0.0793404297, -0.144741309, -0.198744877, 0.323328672, -0.925115161, 0.644897461, -0.667602539, -0.371826172, -0.737829097, -0.670559942, -0.07587629, 0, 2, 1, 1, 
223.928712, 25, 0.1, 0.1, -0.0107013147, 0.364574875, -0.0199686507, 0.88039523, -0.474240697, 2.75129331e-005, 0.474240697, 0.88039523, -9.39795082e-006, -1.97653643e-005, 2.13216636e-005, 1, 0.88039523, -0.474240696, 2.83726993e-005, 0.474240697, 0.88039523, -1.016085e-005, -2.01605005e-005, 2.24010525e-005, 1, 0, 0, 0, 0, 0, 0, 0, 0.238608862, -0.118218994, -0.181210254, -0.173818376, 0.689509602, -0.703040199, -0.915283203, 0.150146484, 0.373657227, 0.363329412, 0.708476645, 0.605223998, 0, 0, -0, 0, 0, 0, 0, 0.280673389, -0.0793404297, -0.144741309, -0.198744877, 0.323328672, -0.925115161, 0.644897461, -0.667602539, -0.371826172, -0.737829097, -0.670559942, -0.07587629, 0, 2, 1, 1, 
223.929497, 25, 0.1, 0.1, -0.0107013107, 0.364574874, -0.0199687344, 0.880395226, -0.474240705, -1.40223732e-005, 0.474240705, 0.880395226, 5.54206427e-006, 9.71695798e-006, -1.15291871e-005, 1, 0.880395226, -0.474240703, -3.0384628e-005, 0.474240704, 0.880395226, 1.07714752e-005, 2.16422095e-005, -2.38927827e-005, 0.999999999, 0, 0, 0, 0, 0, 0, 0, 0.238608862, -0.118218994, -0.181210254, -0.173818376, 0.689509602, -0.703040199, -0.915283203, 0.150146484, 0.373657227, 0.363329412, 0.708476645, 0.605223998, 0, 0, -0, 0, 0, 0, 0, 0.280673389, -0.0793404297, -0.144741309, -0.198744877, 0.323328672, -0.925115161, 0.644897461, -0.667602539, -0.371826172, -0.737829097, -0.670559942, -0.07587629, 0, 2, 1, 1, 
223.930518, 25, 0.1, 0.1, -0.0107013175, 0.364574876, -0.0199646718, 0.88039522, -0.474240715, -1.96191494e-005, 0.474240715, 0.88039522, 6.37481176e-006, 1.424941e-005, -1.49165532e-005, 1, 0.880395222, -0.474240713, 1.71181804e-005, 0.474240713, 0.880395222, -5.38227019e-006, -1.25182726e-005, 1.2856663e-005, 1, 0, 0, 0, 0, 0, 0, 0, 0.239244141, -0.119588623, -0.180758789, -0.178901303, 0.684251062, -0.706920818, -0.91394043, 0.150268555, 0.376708984, 0.364010876, 0.713511642, 0.598670295, 0, 0, -0, 0, 0, 0, 0, 0.281471777, -0.0810666992, -0.143928418, -0.197504975, 0.321615924, -0.925984295, 0.647949219, -0.666015625, -0.369506836, -0.735612152, -0.672949328, -0.0769495814, 0, 2, 1, 1, 
223.931306, 25, 0.1, 0.1, -0.0107013158, 0.364574875, -0.0199609328, 0.880395213, -0.474240728, 3.82586003e-005, 0.474240728, 0.880395213, -1.21119871e-005, -2.7938691e-005, 2.88071219e-005, 0.999999999, 0.880395215, -0.474240725, 2.11893542e-005, 0.474240725, 0.880395215, -6.88084038e-006, -1.53918313e-005, 1.61067136e-005, 1, 0, 0, 0, 0, 0, 0, 0, 0.239244141, -0.119588623, -0.180758789, -0.178901303, 0.684251062, -0.706920818, -0.91394043, 0.150268555, 0.376708984, 0.364010876, 0.713511642, 0.598670295, 0, 0, -0, 0, 0, 0, 0, 0.281471777, -0.0810666992, -0.143928418, -0.197504975, 0.321615924, -0.925984295, 0.647949219, -0.666015625, -0.369506836, -0.735612152, -0.672949328, -0.0769495814, 0, 2, 1, 1, 
223.932088, 25, 0.1, 0.1, -0.0107013128, 0.364574874, -0.0199590809, 0.880395199, -0.474240753, -4.27434732e-005, 0.474240754, 0.8803952, 1.41775859e-005, 3.09075596e-005, -3.27525755e-005, 0.999999999, 0.880395202, -0.474240747, -4.40708457e-005, 0.474240748, 0.880395203, 1.50049113e-005, 3.16838208e-005, -3.41104428e-005, 0.999999999, 0, 0, 0, 0, 0, 0, 0, 0.239244141, -0.119588623, -0.180758789, -0.178901303, 0.684251062, -0.706920818, -0.91394043, 0.150268555, 0.376708984, 0.364010876, 0.713511642, 0.598670295, 0, 0, -0, 0, 0, 0, 0, 0.281471777, -0.0810666992, -0.143928418, -0.197504975, 0.321615924, -0.925984295, 0.647949219, -0.666015625, -0.369506836, -0.735612152, -0.672949328, -0.0769495814, 0, 2, 1, 1, 
223.932886, 25, 0.1, 0.1, -0.0107013169, 0.364574875, -0.0199593759, 0.880395179, -0.474240791, 1.78448663e-005, 0.474240791, 0.880395179, -7.28792967e-006, -1.22543008e-005, 1.48790217e-005, 1, 0.880395183, -0.474240784, 3.85483799e-005, 0.474240784, 0.880395183, -1.38828894e-005, -2.73539757e-005, 3.05036429e-005, 0.999999999, 0, 0, 0, 0, 0, 0, 0, 0.239244141, -0.119588623, -0.180758789, -0.178901303, 0.684251062, -0.706920818, -0.91394043, 0.150268555, 0.376708984, 0.364010876, 0.713511642, 0.598670295, 0, 0, -0, 0, 0, 0, 0, 0.2824375, -0.0819419922, -0.143313623, -0.197498045, 0.319666568, -0.926674426, 0.651733398, -0.663208008, -0.367675781, -0.732174628, -0.676591009, -0.0773903451, 0, 2, 1, 1, 
223.933672, 25, 0.1, 0.1, -0.0107013119, 0.364574873, -0.0199616918, 0.880395167, -0.474240815, 1.74773072e-005, 0.474240815, 0.880395167, -2.6786034e-006, -1.41166337e-005, 1.06466819e-005, 1, 0.880395168, -0.474240812, -1.97967041e-005, 0.474240813, 0.880395168, 8.02726964e-006, 1.36220638e-005, -1.64555745e-005, 1, 0, 0, 0, 0, 0, 0, 0, 0.239244141, -0.119588623, -0.180758789, -0.178901303, 0.684251062, -0.706920818, -0.91394043, 0.150268555, 0.376708984, 0.364010876, 0.713511642, 0.598670295, 0, 0, -0, 0, 0, 0, 0, 0.2824375, -0.0819419922, -0.143313623, -0.197498045, 0.319666568, -0.926674426, 0.651733398, -0.663208008, -0.367675781, -0.732174628, -0.676591009, -0.0773903451, 0, 2, 1, 1, 
223.934453, 25, 0.1, 0.1, -0.0107013132, 0.364574874, -0.019965161, 0.880395164, -0.474240819, -3.47266651e-005, 0.47424082, 0.880395164, 9.35245593e-006, 2.61378716e-005, -2.47026591e-005, 0.999999999, 0.880395165, -0.474240819, -1.78983126e-005, 0.474240819, 0.880395165, 5.64914635e-006, 1.30785321e-005, -1.34615916e-005, 1, 0, 0, 0, 0, 0, 0, 0, 0.239244141, -0.119588623, -0.180758789, -0.178901303, 0.684251062, -0.706920818, -0.91394043, 0.150268555, 0.376708984, 0.364010876, 0.713511642, 0.598670295, 0, 0, -0, 0, 0, 0, 0, 0.2824375, -0.0819419922, -0.143313623, -0.197498045, 0.319666568, -0.926674426, 0.651733398, -0.663208008, -0.367675781, -0.732174628, -0.676591009, -0.0773903451, 0, 2, 1, 1, 
223.935256, 25, 0.1, 0.1, -0.0107013138, 0.364574874, -0.0199683973, 0.880395158, -0.474240831, 2.95873967e-005, 0.474240831, 0.880395158, -9.73743134e-006, -2.14307132e-005, 2.2604339e-005, 1, 0.880395159, -0.474240828, 3.01025302e-005, 0.474240828, 0.88039516, -1.06769232e-005, -2.1438689e-005, 2.36757603e-005, 0.999999999, 0, 0, 0, 0, 0, 0, 0, 0.240153564, -0.121181494, -0.18031416, -0.182956412, 0.678992523, -0.710966188, -0.913085937, 0.150512695, 0.37878418, 0.364158775, 0.718546638, 0.592637055, 0, 0, -0, 0, 0, 0, 0, 0.2824375, -0.0819419922, -0.143313623, -0.197498045, 0.319666568, -0.926674426, 0.651733398, -0.663208008, -0.367675781, -0.732174628, -0.676591009, -0.0773903451, 0, 2, 1, 1, 
223.936041, 25, 0.1, 0.1, -0.0107013103, 0.364574873, -0.0199704216, 0.880395144, -0.474240857, -1.33854854e-005, 0.474240857, 0.880395144, 5.79975575e-006, 9.03403524e-006, -1.14540209e-005, 1, 0.880395146, -0.474240852, -2.83723395e-005, 0.474240852, 0.880395147, 1.06139601e-005, 1.99452965e-005, -2.27998014e-005, 1, 0, 0, 0, 0, 0, 0, 0, 0.240153564, -0.121181494, -0.18031416, -0.182956412, 0.678992523, -0.710966188, -0.913085937, 0.150512695, 0.37878418, 0.364158775, 0.718546638, 0.592637055, 0, 0, -0, 0, 0, 0, 0, 0.2824375, -0.0819419922, -0.143313623, -0.197498045, 0.319666568, -0.926674426, 0.651733398, -0.663208008, -0.367675781, -0.732174628, -0.676591009, -0.0773903451, 0, 2, 1, 1, 
223.936824, 25, 0.1, 0.1, -0.010701313, 0.364574873, -0.019970762, 0.880395135, -0.474240874, -1.66248766e-005, 0.474240874, 0.880395135, 3.27320815e-006, 1.30841714e-005, -1.07659125e-005, 1, 0.880395136, -0.474240872, 1.18549685e-005, 0.474240873, 0.880395136, -4.83736488e-006, -8.14298047e-006, 9.88090313e-006, 1, 0, 0, 0, 0, 0, 0, 0, 0.240153564, -0.121181494, -0.18031416, -0.182956412, 0.678992523, -0.710966188, -0.913085937, 0.150512695, 0.37878418, 0.364158775, 0.718546638, 0.592637055, 0, 0, -0, 0, 0, 0, 0, 0.2824375, -0.0819419922, -0.143313623, -0.197498045, 0.319666568, -0.926674426, 0.651733398, -0.663208008, -0.367675781, -0.732174628, -0.676591009, -0.0773903451, 0, 2, 1, 1, 
223.937635, 25, 0.1, 0.1, -0.0107013121, 0.364574873, -0.0199691928, 0.880395134, -0.474240874, 3.46886884e-005, 0.474240875, 0.880395134, -9.58945572e-006, -2.59920406e-005, 2.48933041e-005, 0.999999999, 0.880395134, -0.474240875, 2.06706296e-005, 0.474240875, 0.880395134, -5.93623068e-006, -1.53831185e-005, 1.50290861e-005, 1, 0, 0, 0, 0, 0, 0, 0, 0.241218604, -0.122841626, -0.179688892, -0.188243405, 0.672338471, -0.715786259, -0.912597656, 0.149536133, 0.380371094, 0.362771497, 0.72491499, 0.585614187, 0, 0, -0, 0, 0, 0, 0, 0.28334707, -0.0831337891, -0.14290498, -0.198538887, 0.316579756, -0.927492154, 0.656005859, -0.66015625, -0.365722656, -0.728110772, -0.681088699, -0.0766170929, 0, 2, 1, 1, 
223.938415, 25, 0.1, 0.1, -0.0107013105, 0.364574873, -0.0199664974, 0.880395138, -0.474240867, -3.01039677e-005, 0.474240868, 0.880395138, 8.30313356e-006, 2.25657015e-005, -2.15865702e-005, 1, 0.880395137, -0.474240869, -3.16879999e-005, 0.474240869, 0.880395137, 8.69671129e-006, 2.37736251e-005, -2.2684287e-005, 0.999999999, 0, 0, 0, 0, 0, 0, 0, 0.241218604, -0.122841626, -0.179688892, -0.188243405, 0.672338471, -0.715786259, -0.912597656, 0.149536133, 0.380371094, 0.362771497, 0.72491499, 0.585614187, 0, 0, -0, 0, 0, 0, 0, 0.28334707, -0.0831337891, -0.14290498, -0.198538887, 0.316579756, -0.927492154, 0.656005859, -0.66015625, -0.365722656, -0.728110772, -0.681088699, -0.0766170929, 0, 2, 1, 1, 
223.939199, 25, 0.1, 0.1, -0.0107013146, 0.364574874, -0.01996378, 0.880395146, -0.474240853, 1.54528988e-005, 0.474240853, 0.880395146, -4.87273115e-006, -1.12938089e-005, 1.16183247e-005, 1, 0.880395143, -0.474240857, 3.5237416e-005, 0.474240857, 0.880395144, -1.00262823e-005, -2.62679772e-005, 2.55381126e-005, 0.999999999, 0, 0, 0, 0, 0, 0, 0, 0.241218604, -0.122841626, -0.179688892, -0.188243405, 0.672338471, -0.715786259, -0.912597656, 0.149536133, 0.380371094, 0.362771497, 0.72491499, 0.585614187, 0, 0, -0, 0, 0, 0, 0, 0.28334707, -0.0831337891, -0.14290498, -0.198538887, 0.316579756, -0.927492154, 0.656005859, -0.66015625, -0.365722656, -0.728110772, -0.681088699, -0.0766170929, 0, 2, 1, 1, 
223.939977, 25, 0.1, 0.1, -0.0107013101, 0.364574872, -0.0199619494, 0.880395159, -0.474240828, 1.93898597e-005, 0.474240828, 0.880395159, -4.68026575e-006, -1.48511655e-005, 1.33159464e-005, 1, 0.880395156, -0.474240835, -1.74010999e-005, 0.474240835, 0.880395156, 5.70473996e-006, 1.26144234e-005, -1.32747376e-005, 1, 0, 0, 0, 0, 0, 0, 0, 0.241218604, -0.122841626, -0.179688892, -0.188243405, 0.672338471, -0.715786259, -0.912597656, 0.149536133, 0.380371094, 0.362771497, 0.72491499, 0.585614187, 0, 0, -0, 0, 0, 0, 0, 0.28334707, -0.0831337891, -0.14290498, -0.198538887, 0.316579756, -0.927492154, 0.656005859, -0.66015625, -0.365722656, -0.728110772, -0.681088699, -0.0766170929, 0, 2, 1, 1, 
223.940759, 25, 0.1, 0.1, -0.010701311, 0.364574872, -0.0199615263, 0.880395177, -0.474240794, -4.05315443e-005, 0.474240795, 0.880395177, 1.10213517e-005, 3.04570015e-005, -2.89248567e-005, 0.999999999, 0.880395174, -0.474240802, -2.25519675e-005, 0.474240802, 0.880395174, 6.21023938e-006, 1.69094945e-005, -1.61625279e-005, 1, 0, 0, 0, 0, 0, 0, 0, 0.241218604, -0.122841626, -0.179688892, -0.188243405, 0.672338471, -0.715786259, -0.912597656, 0.149536133, 0.380371094, 0.362771497, 0.72491499, 0.585614187, 0, 0, -0, 0, 0, 0, 0, 0.28334707, -0.0831337891, -0.14290498, -0.198538887, 0.316579756, -0.927492154, 0.656005859, -0.66015625, -0.365722656, -0.728110772, -0.681088699, -0.0766170929, 0, 2, 1, 1, 
