time, trialNum, realDorsalTactorPos, realVentralTactorPos, boxPosX, boxPosY, boxPosZ, boxLocalRot_11, boxLocalRot_12, boxLocalRot_13, boxLocalRot_21, boxLocalRot_22, boxLocalRot_23, boxLocalRot_31, boxLocalRot_32, boxLocalRot_33, boxGlobalRot_11, boxGlobalRot_12, boxGlobalRot_13, boxGlobalRot_21, boxGlobalRot_22, boxGlobalRot_23, boxGlobalRot_31, boxGlobalRot_32, boxGlobalRot_33, indexForceX, indexForceY, indexForceZ, indexForceGlobalX, indexForceGlobalY, indexForceGlobalZ, indexContact, indexPosX, indexPosY, indexPosZ, indexRot_11, indexRot_12, indexRot_13, indexRot_21, indexRot_22, indexRot_23, indexRot_31, indexRot_32, indexRot_33, thumbForceX, thumbForceY, thumbForceZ, thumbForceGlobalX, thumbForceGlobalY, thumbForceGlobalZ, thumbContact, thumbPosX, thumbPosY, thumbPosZ, thumbRot_11, thumbRot_12, thumbRot_13, thumbRot_21, thumbRot_22, thumbRot_23, thumbRot_31, thumbRot_32, thumbRot_33, manipForceTooHigh, cceExpType, mapping, trialSuccess, 
423.230498, 59, 0.1, 0.1, -0.027776892, 0.345953349, -0.0199667836, 0.893723078, -0.448619059, 2.42983325e-005, 0.448619055, 0.893723076, 8.41741177e-005, -5.94780939e-005, -6.43276566e-005, 0.999999996, 0.89372257, -0.44862007, 1.4075106e-005, 0.448620067, 0.893722567, 9.40748104e-005, -5.47830879e-005, -7.77624064e-005, 0.999999995, 0, 0, 0, 0, 0, 0, 0, 0.319660034, -0.0873716309, -0.17133418, -0.259030861, 0.745579496, -0.61396777, -0.749145508, 0.24609375, 0.614990234, 0.609549356, 0.619261289, 0.494961786, 0, 0, -0, 0, 0, 0, 0, 0.376373682, -0.0626479492, -0.142538135, -0.0900545421, 0.525898649, -0.845671509, 0.313598633, -0.790893555, -0.525268555, -0.945132791, -0.312462984, -0.0936706229, 0, 2, 5, 1, 
423.266219, 59, 0.1, 0.1, -0.0277768688, 0.345953337, -0.0199593259, 0.893746217, -0.44857296, -1.42913329e-005, 0.44857296, 0.893746217, -1.11618531e-005, 1.77797302e-005, 3.56515846e-006, 1, 0.893746276, -0.448572841, 1.24765995e-005, 0.448572841, 0.893746276, 1.83811455e-005, -1.9396197e-005, -1.08314167e-005, 1, 0, 0, 0, 0, 0, 0, 0, 0.328540479, -0.0952075928, -0.16704104, -0.267964834, 0.761388438, -0.590234344, -0.743652344, 0.225952148, 0.629150391, 0.612447461, 0.607488003, 0.505910221, 0, 0, -0, 0, 0, 0, 0, 0.384554834, -0.0713989258, -0.138760547, -0.101153127, 0.528965405, -0.842455999, 0.30847168, -0.788452148, -0.532104492, -0.945808329, -0.313613567, -0.0833904996, 0, 2, 5, 1, 
423.267, 59, 0.1, 0.1, -0.0277768642, 0.345953338, -0.0199586889, 0.893746031, -0.44857333, 2.68453902e-005, 0.44857333, 0.893746031, 7.2732033e-006, -2.7255526e-005, 5.5417295e-006, 1, 0.893746074, -0.448573245, -6.52973052e-006, 0.448573244, 0.893746074, -9.56767225e-006, 1.01277228e-005, 5.62200711e-006, 1, 0, 0, 0, 0, 0, 0, 0, 0.328540479, -0.0952075928, -0.16704104, -0.267964834, 0.761388438, -0.590234344, -0.743652344, 0.225952148, 0.629150391, 0.612447461, 0.607488003, 0.505910221, 0, 0, -0, 0, 0, 0, 0, 0.384554834, -0.0713989258, -0.138760547, -0.101153127, 0.528965405, -0.842455999, 0.30847168, -0.788452148, -0.532104492, -0.945808329, -0.313613567, -0.0833904996, 0, 2, 5, 1, 
423.267779, 59, 0.1, 0.1, -0.0277768696, 0.345953335, -0.019960518, 0.893745797, -0.448573795, -1.77107958e-005, 0.448573795, 0.893745797, -3.95268191e-008, 1.584668e-005, -7.90927196e-006, 1, 0.893745823, -0.448573743, 2.11202726e-005, 0.448573743, 0.893745824, 4.12586064e-006, -2.07269082e-005, 5.78652901e-006, 1, 0, 0, 0, 0, 0, 0, 0, 0.328540479, -0.0952075928, -0.16704104, -0.267964834, 0.761388438, -0.590234344, -0.743652344, 0.225952148, 0.629150391, 0.612447461, 0.607488003, 0.505910221, 0, 0, -0, 0, 0, 0, 0, 0.384554834, -0.0713989258, -0.138760547, -0.101153127, 0.528965405, -0.842455999, 0.30847168, -0.788452148, -0.532104492, -0.945808329, -0.313613567, -0.0833904996, 0, 2, 5, 1, 
423.268554, 59, 0.1, 0.1, -0.027776864, 0.345953336, -0.0199640478, 0.893745588, -0.448574213, 9.15796399e-006, 0.448574213, 0.893745588, 1.45094173e-005, -1.46934403e-005, -8.85970116e-006, 1, 0.89374562, -0.448574149, -1.92661922e-005, 0.448574149, 0.89374562, 3.21764645e-007, 1.70747396e-005, -8.92989149e-006, 1, 0, 0, 0, 0, 0, 0, 0, 0.328540479, -0.0952075928, -0.16704104, -0.267964834, 0.761388438, -0.590234344, -0.743652344, 0.225952148, 0.629150391, 0.612447461, 0.607488003, 0.505910221, 0, 0, -0, 0, 0, 0, 0, 0.384554834, -0.0713989258, -0.138760547, -0.101153127, 0.528965405, -0.842455999, 0.30847168, -0.788452148, -0.532104492, -0.945808329, -0.313613567, -0.0833904996, 0, 2, 5, 1, 
423.269331, 59, 0.1, 0.1, -0.0277768674, 0.345953334, -0.0199680119, 0.893745468, -0.448574451, -1.36821814e-005, 0.448574451, 0.893745468, -1.05550155e-005, 1.69630979e-005, 3.29602026e-006, 1, 0.893745504, -0.448574379, 7.19876961e-006, 0.448574379, 0.893745504, 1.24210154e-005, -1.20056173e-005, -7.87204306e-006, 1, 0, 0, 0, 0, 0, 0, 0, 0.328540479, -0.0952075928, -0.16704104, -0.267964834, 0.761388438, -0.590234344, -0.743652344, 0.225952148, 0.629150391, 0.612447461, 0.607488003, 0.505910221, 0, 0, -0, 0, 0, 0, 0, 0.384554834, -0.0713989258, -0.138760547, -0.101153127, 0.528965405, -0.842455999, 0.30847168, -0.788452148, -0.532104492, -0.945808329, -0.313613567, -0.0833904996, 0, 2, 5, 1, 
423.27011, 59, 0.1, 0.1, -0.0277768625, 0.345953336, -0.0199710877, 0.893745368, -0.448574651, 1.07434145e-005, 0.448574651, 0.893745368, -7.82027716e-007, -9.25107909e-006, 5.51815703e-006, 1, 0.893745393, -0.448574601, -1.24501843e-005, 0.448574601, 0.893745393, -1.22410414e-005, 1.66183151e-005, 5.3555379e-006, 1, 0, 0, 0, 0, 0, 0, 0, 0.328540479, -0.0952075928, -0.16704104, -0.267964834, 0.761388438, -0.590234344, -0.743652344, 0.225952148, 0.629150391, 0.612447461, 0.607488003, 0.505910221, 0, 0, -0, 0, 0, 0, 0, 0.384554834, -0.0713989258, -0.138760547, -0.101153127, 0.528965405, -0.842455999, 0.30847168, -0.788452148, -0.532104492, -0.945808329, -0.313613567, -0.0833904996, 0, 2, 5, 1, 
423.270916, 59, 0.1, 0.1, -0.027776865, 0.345953334, -0.0199719967, 0.89374522, -0.448574946, -1.74957163e-005, 0.448574946, 0.89374522, -4.00518487e-006, 1.74333384e-005, -4.26852514e-006, 1, 0.893745234, -0.448574917, 9.32246873e-006, 0.448574917, 0.893745234, -1.43000478e-006, -7.69044773e-006, 5.45988559e-006, 1, 0, 0, 0, 0, 0, 0, 0, 0.3297375, -0.0962816895, -0.166344458, -0.26630909, 0.762257497, -0.589852424, -0.745361328, 0.225219727, 0.627441406, 0.611196482, 0.606732398, 0.50832157, 0, 0, -0, 0, 0, 0, 0, 0.384832129, -0.0712772461, -0.138959375, -0.10374084, 0.527706546, -0.843005037, 0.307617188, -0.788818359, -0.531860352, -0.94571208, -0.314482335, -0.0805023809, 0, 2, 5, 1, 
423.271694, 59, 0.1, 0.1, -0.0277768611, 0.345953335, -0.019970849, 0.893745091, -0.448575202, 1.28347895e-005, 0.448575202, 0.893745091, 1.24389785e-005, -1.70508474e-005, -5.35990773e-006, 1, 0.89374511, -0.448575165, -1.14995188e-005, 0.448575165, 0.89374511, 5.36105212e-007, 1.00371552e-005, -5.63753996e-006, 1, 0, 0, 0, 0, 0, 0, 0, 0.3297375, -0.0962816895, -0.166344458, -0.26630909, 0.762257497, -0.589852424, -0.745361328, 0.225219727, 0.627441406, 0.611196482, 0.606732398, 0.50832157, 0, 0, -0, 0, 0, 0, 0, 0.384832129, -0.0712772461, -0.138959375, -0.10374084, 0.527706546, -0.843005037, 0.307617188, -0.788818359, -0.531860352, -0.94571208, -0.314482335, -0.0805023809, 0, 2, 5, 1, 
423.272471, 59, 0.1, 0.1, -0.0277768642, 0.345953334, -0.0199682647, 0.893745029, -0.448575325, -1.48059887e-005, 0.448575325, 0.893745029, -1.44529041e-005, 1.9715995e-005, 6.27561002e-006, 1, 0.893745055, -0.448575275, 6.20617636e-006, 0.448575275, 0.893745055, 9.04166981e-006, -9.60260895e-006, -5.29701042e-006, 1, 0, 0, 0, 0, 0, 0, 0, 0.3297375, -0.0962816895, -0.166344458, -0.26630909, 0.762257497, -0.589852424, -0.745361328, 0.225219727, 0.627441406, 0.611196482, 0.606732398, 0.50832157, 0, 0, -0, 0, 0, 0, 0, 0.384832129, -0.0712772461, -0.138959375, -0.10374084, 0.527706546, -0.843005037, 0.307617188, -0.788818359, -0.531860352, -0.94571208, -0.314482335, -0.0805023809, 0, 2, 5, 1, 
423.273249, 59, 0.1, 0.1, -0.0277768605, 0.345953336, -0.0199651711, 0.893744983, -0.448575417, 2.40513079e-005, 0.448575417, 0.893744983, 2.34339144e-006, -2.25469236e-005, 8.69443113e-006, 1, 0.893744999, -0.448575386, -4.58256709e-006, 0.448575386, 0.893744999, -1.22404446e-005, 9.58640858e-006, 8.88420936e-006, 1, 0, 0, 0, 0, 0, 0, 0, 0.3297375, -0.0962816895, -0.166344458, -0.26630909, 0.762257497, -0.589852424, -0.745361328, 0.225219727, 0.627441406, 0.611196482, 0.606732398, 0.50832157, 0, 0, -0, 0, 0, 0, 0, 0.384832129, -0.0712772461, -0.138959375, -0.10374084, 0.527706546, -0.843005037, 0.307617188, -0.788818359, -0.531860352, -0.94571208, -0.314482335, -0.0805023809, 0, 2, 5, 1, 
423.274026, 59, 0.1, 0.1, -0.0277768648, 0.345953334, -0.0199626259, 0.893744882, -0.448575619, -2.07296568e-005, 0.448575619, 0.893744882, -5.55373542e-006, 2.1018295e-005, -4.33519606e-006, 1, 0.893744885, -0.448575613, 1.6117081e-005, 0.448575613, 0.893744885, -1.98875257e-006, -1.35124528e-005, 9.00716691e-006, 1, 0, 0, 0, 0, 0, 0, 0, 0.3297375, -0.0962816895, -0.166344458, -0.26630909, 0.762257497, -0.589852424, -0.745361328, 0.225219727, 0.627441406, 0.611196482, 0.606732398, 0.50832157, 0, 0, -0, 0, 0, 0, 0, 0.384832129, -0.0712772461, -0.138959375, -0.10374084, 0.527706546, -0.843005037, 0.307617188, -0.788818359, -0.531860352, -0.94571208, -0.314482335, -0.0805023809, 0, 2, 5, 1, 
423.274807, 59, 0.1, 0.1, -0.0277768597, 0.345953336, -0.0199613876, 0.893744783, -0.448575815, 1.61385668e-005, 0.448575815, 0.893744783, 1.58147433e-005, -2.15178713e-005, -6.89497358e-006, 1, 0.893744794, -0.448575794, -1.55530206e-005, 0.448575794, 0.893744794, -4.98887614e-008, 1.39228101e-005, -6.93212075e-006, 1, 0, 0, 0, 0, 0, 0, 0, 0.3297375, -0.0962816895, -0.166344458, -0.26630909, 0.762257497, -0.589852424, -0.745361328, 0.225219727, 0.627441406, 0.611196482, 0.606732398, 0.50832157, 0, 0, -0, 0, 0, 0, 0, 0.384832129, -0.0712772461, -0.138959375, -0.10374084, 0.527706546, -0.843005037, 0.307617188, -0.788818359, -0.531860352, -0.94571208, -0.314482335, -0.0805023809, 0, 2, 5, 1, 
423.275623, 59, 0.1, 0.1, -0.0277768643, 0.345953333, -0.0199614327, 0.893744763, -0.448575856, -1.7922939e-005, 0.448575856, 0.893744763, -1.48529141e-005, 2.26811915e-005, 5.23491646e-006, 1, 0.893744784, -0.448575814, 8.06644889e-006, 0.448575814, 0.893744784, 1.36758317e-005, -1.3343994e-005, -8.60428941e-006, 1, 0, 0, 0, 0, 0, 0, 0, 0.3309875, -0.0971481689, -0.164803125, -0.263562249, 0.762803046, -0.590460131, -0.748046875, 0.224853516, 0.624389648, 0.609031138, 0.606275216, 0.511507619, 0, 0, -0, 0, 0, 0, 0, 0.385597412, -0.0714237305, -0.138745166, -0.105721545, 0.525866199, -0.843854482, 0.307617188, -0.789672852, -0.530639648, -0.945552033, -0.315657705, -0.0782595497, 0, 2, 5, 1, 
423.276406, 59, 0.1, 0.1, -0.0277768586, 0.345953336, -0.0199627643, 0.89374475, -0.448575881, 1.76497867e-005, 0.448575881, 0.893744751, 7.64544934e-007, -1.61173606e-005, 7.23396059e-006, 1, 0.89374476, -0.448575861, -1.28012764e-005, 0.448575861, 0.89374476, -1.45065029e-005, 1.79483408e-005, 7.22276733e-006, 1, 0, 0, 0, 0, 0, 0, 0, 0.3309875, -0.0971481689, -0.164803125, -0.263562249, 0.762803046, -0.590460131, -0.748046875, 0.224853516, 0.624389648, 0.609031138, 0.606275216, 0.511507619, 0, 0, -0, 0, 0, 0, 0, 0.385597412, -0.0714237305, -0.138745166, -0.105721545, 0.525866199, -0.843854482, 0.307617188, -0.789672852, -0.530639648, -0.945552033, -0.315657705, -0.0782595497, 0, 2, 5, 1, 
423.27719, 59, 0.1, 0.1, -0.0277768626, 0.345953333, -0.0199650328, 0.893744673, -0.448576035, -1.83820505e-005, 0.448576035, 0.893744673, -3.37002337e-006, 1.79405714e-005, -5.23380688e-006, 1, 0.893744672, -0.448576036, 1.56632059e-005, 0.448576036, 0.893744673, -8.86403187e-008, -1.39591449e-005, 7.10536065e-006, 1, 0, 0, 0, 0, 0, 0, 0, 0.3309875, -0.0971481689, -0.164803125, -0.263562249, 0.762803046, -0.590460131, -0.748046875, 0.224853516, 0.624389648, 0.609031138, 0.606275216, 0.511507619, 0, 0, -0, 0, 0, 0, 0, 0.385597412, -0.0714237305, -0.138745166, -0.105721545, 0.525866199, -0.843854482, 0.307617188, -0.789672852, -0.530639648, -0.945552033, -0.315657705, -0.0782595497, 0, 2, 5, 1, 
423.277971, 59, 0.1, 0.1, -0.0277768577, 0.345953335, -0.0199674252, 0.8937446, -0.44857618, 1.06584282e-005, 0.44857618, 0.8937446, 1.26591336e-005, -1.52044985e-005, -6.5329153e-006, 1, 0.893744607, -0.448576166, -1.58961301e-005, 0.448576166, 0.893744608, -6.45397548e-007, 1.44965905e-005, -6.55380453e-006, 1, 0, 0, 0, 0, 0, 0, 0, 0.3309875, -0.0971481689, -0.164803125, -0.263562249, 0.762803046, -0.590460131, -0.748046875, 0.224853516, 0.624389648, 0.609031138, 0.606275216, 0.511507619, 0, 0, -0, 0, 0, 0, 0, 0.385597412, -0.0714237305, -0.138745166, -0.105721545, 0.525866199, -0.843854482, 0.307617188, -0.789672852, -0.530639648, -0.945552033, -0.315657705, -0.0782595497, 0, 2, 5, 1, 
423.278751, 59, 0.1, 0.1, -0.0277768613, 0.345953333, -0.019969177, 0.893744594, -0.448576192, -1.14119631e-005, 0.448576192, 0.893744594, -1.05988376e-005, 1.49537665e-005, 4.35351885e-006, 1, 0.893744609, -0.448576164, 8.60287301e-006, 0.448576164, 0.893744609, 1.15803547e-005, -1.28834425e-005, -6.49083584e-006, 1, 0, 0, 0, 0, 0, 0, 0, 0.3309875, -0.0971481689, -0.164803125, -0.263562249, 0.762803046, -0.590460131, -0.748046875, 0.224853516, 0.624389648, 0.609031138, 0.606275216, 0.511507619, 0, 0, -0, 0, 0, 0, 0, 0.385597412, -0.0714237305, -0.138745166, -0.105721545, 0.525866199, -0.843854482, 0.307617188, -0.789672852, -0.530639648, -0.945552033, -0.315657705, -0.0782595497, 0, 2, 5, 1, 
423.279529, 59, 0.1, 0.1, -0.0277768576, 0.345953334, -0.0199698027, 0.893744594, -0.448576193, 1.79400302e-005, 0.448576193, 0.893744594, 2.39796477e-006, -1.71094749e-005, 5.9043024e-006, 1, 0.8937446, -0.44857618, -6.64388734e-006, 0.44857618, 0.8937446, -1.00263576e-005, 1.04355236e-005, 5.98071334e-006, 1, 0, 0, 0, 0, 0, 0, 0, 0.3309875, -0.0971481689, -0.164803125, -0.263562249, 0.762803046, -0.590460131, -0.748046875, 0.224853516, 0.624389648, 0.609031138, 0.606275216, 0.511507619, 0, 0, -0, 0, 0, 0, 0, 0.385597412, -0.0714237305, -0.138745166, -0.105721545, 0.525866199, -0.843854482, 0.307617188, -0.789672852, -0.530639648, -0.945552033, -0.315657705, -0.0782595497, 0, 2, 5, 1, 
423.280336, 59, 0.1, 0.1, -0.0277768611, 0.345953332, -0.0199688685, 0.89374454, -0.4485763, -1.82302007e-005, 0.4485763, 0.89374454, -4.7634862e-006, 1.84299294e-005, -3.92029623e-006, 1, 0.893744536, -0.448576308, 1.23015542e-005, 0.448576308, 0.893744536, -1.90034949e-006, -1.01419951e-005, 7.21661274e-006, 1, 0, 0, 0, 0, 0, 0, 0, 0.332259839, -0.0982466797, -0.163493823, -0.260396417, 0.763189836, -0.591226597, -0.750610352, 0.225097656, 0.62109375, 0.607170208, 0.605595995, 0.51447163, 0, 0, -0, 0, 0, 0, 0, 0.386329492, -0.0715401855, -0.138730762, -0.108187856, 0.524351778, -0.844512163, 0.306884766, -0.790283203, -0.530029297, -0.945443024, -0.31643059, -0.0755055924, 0, 2, 5, 1, 
423.281333, 59, 0.1, 0.1, -0.0277768563, 0.345953335, -0.0199639812, 0.893744437, -0.448576505, 2.65897273e-005, 0.448576504, 0.893744437, 2.10865377e-005, -3.32233462e-005, -6.91844886e-006, 0.999999999, 0.893744446, -0.448576487, -3.87361719e-006, 0.448576487, 0.893744446, 6.07211184e-006, 7.38217258e-007, -7.16452982e-006, 1, 0, 0, 0, 0, 0, 0, 0, 0.332259839, -0.0982466797, -0.163493823, -0.260396417, 0.763189836, -0.591226597, -0.750610352, 0.225097656, 0.62109375, 0.607170208, 0.605595995, 0.51447163, 0, 0, -0, 0, 0, 0, 0, 0.386329492, -0.0715401855, -0.138730762, -0.108187856, 0.524351778, -0.844512163, 0.306884766, -0.790283203, -0.530029297, -0.945443024, -0.31643059, -0.0755055924, 0, 2, 5, 1, 
423.282114, 59, 0.1, 0.1, -0.0277768619, 0.345953332, -0.019960026, 0.893744425, -0.448576529, -1.52822647e-005, 0.448576529, 0.893744425, -1.52064145e-005, 2.04796795e-005, 6.73538301e-006, 1, 0.893744445, -0.448576489, 1.25574374e-005, 0.448576489, 0.893744445, 1.47272859e-005, -1.78294541e-005, -7.52945879e-006, 1, 0, 0, 0, 0, 0, 0, 0, 0.332259839, -0.0982466797, -0.163493823, -0.260396417, 0.763189836, -0.591226597, -0.750610352, 0.225097656, 0.62109375, 0.607170208, 0.605595995, 0.51447163, 0, 0, -0, 0, 0, 0, 0, 0.386329492, -0.0715401855, -0.138730762, -0.108187856, 0.524351778, -0.844512163, 0.306884766, -0.790283203, -0.530029297, -0.945443024, -0.31643059, -0.0755055924, 0, 2, 5, 1, 
423.282923, 59, 0.1, 0.1, -0.0277768562, 0.345953335, -0.0199579518, 0.893744431, -0.448576518, 2.27992004e-005, 0.448576518, 0.893744431, 1.47290463e-006, -2.10373688e-005, 8.91078562e-006, 1, 0.893744438, -0.448576503, -1.12849905e-005, 0.448576502, 0.893744438, -1.5820541e-005, 1.71826204e-005, 9.07733902e-006, 1, 0, 0, 0, 0, 0, 0, 0, 0.332959473, -0.098936792, -0.162194409, -0.259768492, 0.762764854, -0.592032377, -0.751464844, 0.225341797, 0.620117188, 0.606452795, 0.606034081, 0.514846437, 0, 0, -0, 0, 0, 0, 0, 0.387168994, -0.0729335938, -0.138511426, -0.108705546, 0.522920845, -0.845399887, 0.304077148, -0.792114258, -0.529052734, -0.946356635, -0.314494361, -0.0728985563, 0, 2, 5, 1, 
423.283703, 59, 0.1, 0.1, -0.0277768604, 0.345953333, -0.0199586598, 0.89374436, -0.448576658, -2.65069231e-005, 0.448576658, 0.89374436, -6.67942536e-006, 2.66866473e-005, -5.92068821e-006, 1, 0.893744355, -0.448576668, 1.44421466e-005, 0.448576668, 0.893744355, -2.5101324e-006, -1.17816002e-005, 8.72182668e-006, 1, 0, 0, 0, 0, 0, 0, 0, 0.332959473, -0.098936792, -0.162194409, -0.259768492, 0.762764854, -0.592032377, -0.751464844, 0.225341797, 0.620117188, 0.606452795, 0.606034081, 0.514846437, 0, 0, -0, 0, 0, 0, 0, 0.387168994, -0.0729335938, -0.138511426, -0.108705546, 0.522920845, -0.845399887, 0.304077148, -0.792114258, -0.529052734, -0.946356635, -0.314494361, -0.0728985563, 0, 2, 5, 1, 
423.28448, 59, 0.1, 0.1, -0.0277768533, 0.345953335, -0.0199617714, 0.893744293, -0.448576792, 5.67717799e-006, 0.448576792, 0.893744293, 1.22417677e-005, -1.05653183e-005, -8.39435973e-006, 1, 0.893744298, -0.448576782, -2.57806285e-005, 0.448576782, 0.893744298, -3.72343955e-006, 2.47115382e-005, -8.2367885e-006, 1, 0, 0, 0, 0, 0, 0, 0, 0.332959473, -0.098936792, -0.162194409, -0.259768492, 0.762764854, -0.592032377, -0.751464844, 0.225341797, 0.620117188, 0.606452795, 0.606034081, 0.514846437, 0, 0, -0, 0, 0, 0, 0, 0.387168994, -0.0729335938, -0.138511426, -0.108705546, 0.522920845, -0.845399887, 0.304077148, -0.792114258, -0.529052734, -0.946356635, -0.314494361, -0.0728985563, 0, 2, 5, 1, 
423.285256, 59, 0.1, 0.1, -0.0277768565, 0.345953333, -0.0199660865, 0.893744303, -0.448576772, -1.51366819e-005, 0.448576772, 0.893744303, -1.15274444e-005, 1.8699267e-005, 3.51262387e-006, 1, 0.893744316, -0.448576746, 6.59852363e-006, 0.448576746, 0.893744316, 1.26117701e-005, -1.15547398e-005, -8.31175362e-006, 1, 0, 0, 0, 0, 0, 0, 0, 0.332959473, -0.098936792, -0.162194409, -0.259768492, 0.762764854, -0.592032377, -0.751464844, 0.225341797, 0.620117188, 0.606452795, 0.606034081, 0.514846437, 0, 0, -0, 0, 0, 0, 0, 0.387168994, -0.0729335938, -0.138511426, -0.108705546, 0.522920845, -0.845399887, 0.304077148, -0.792114258, -0.529052734, -0.946356635, -0.314494361, -0.0728985563, 0, 2, 5, 1, 
423.286031, 59, 0.1, 0.1, -0.0277768517, 0.345953335, -0.0199700963, 0.893744315, -0.448576748, 1.23045506e-005, 0.448576748, 0.893744316, 9.0245833e-007, -1.1401944e-005, 4.7129683e-006, 1, 0.893744319, -0.44857674, -1.22050764e-005, 0.44857674, 0.893744319, -1.13119208e-005, 1.59824823e-005, 4.63505158e-006, 1, 0, 0, 0, 0, 0, 0, 0, 0.332959473, -0.098936792, -0.162194409, -0.259768492, 0.762764854, -0.592032377, -0.751464844, 0.225341797, 0.620117188, 0.606452795, 0.606034081, 0.514846437, 0, 0, -0, 0, 0, 0, 0, 0.387168994, -0.0729335938, -0.138511426, -0.108705546, 0.522920845, -0.845399887, 0.304077148, -0.792114258, -0.529052734, -0.946356635, -0.314494361, -0.0728985563, 0, 2, 5, 1, 
423.286808, 59, 0.1, 0.1, -0.0277768548, 0.345953333, -0.0199725618, 0.893744274, -0.448576831, -1.24870455e-005, 0.448576831, 0.893744274, -1.04825072e-006, 1.16304464e-005, -4.66453122e-006, 1, 0.89374427, -0.448576838, 1.31829735e-005, 0.448576838, 0.89374427, 1.24091913e-006, -1.23388546e-005, 4.80451223e-006, 1, 0, 0, 0, 0, 0, 0, 0, 0.332959473, -0.098936792, -0.162194409, -0.259768492, 0.762764854, -0.592032377, -0.751464844, 0.225341797, 0.620117188, 0.606452795, 0.606034081, 0.514846437, 0, 0, -0, 0, 0, 0, 0, 0.387168994, -0.0729335938, -0.138511426, -0.108705546, 0.522920845, -0.845399887, 0.304077148, -0.792114258, -0.529052734, -0.946356635, -0.314494361, -0.0728985563, 0, 2, 5, 1, 
423.287614, 59, 0.1, 0.1, -0.0277768519, 0.345953334, -0.019972506, 0.893744228, -0.448576922, 1.56746438e-005, 0.448576921, 0.893744228, 1.35309124e-005, -2.00787775e-005, -5.06189139e-006, 1, 0.893744231, -0.448576916, -6.84594056e-006, 0.448576916, 0.893744231, 2.59206923e-006, 4.95577746e-006, -5.38757782e-006, 1, 0, 0, 0, 0, 0, 0, 0, 0.333674097, -0.0991784668, -0.163046484, -0.263284044, 0.762333881, -0.591113143, -0.74987793, 0.223754883, 0.622558594, 0.606886011, 0.607214668, 0.512846965, 0, 0, -0, 0, 0, 0, 0, 0.38742666, -0.0743018555, -0.137862695, -0.107862298, 0.521668916, -0.846160013, 0.301269531, -0.793945313, -0.527954102, -0.94737269, -0.311925605, -0.0715055362, 0, 2, 5, 1, 
423.288391, 59, 0.1, 0.1, -0.0277768555, 0.345953332, -0.0199702495, 0.893744237, -0.448576905, -1.21322501e-005, 0.448576904, 0.893744237, -1.28564278e-005, 1.66102252e-005, 6.04811105e-006, 1, 0.893744248, -0.448576883, 7.83875713e-006, 0.448576882, 0.893744248, 9.24648609e-006, -1.1153604e-005, -4.74770851e-006, 1, 0, 0, 0, 0, 0, 0, 0, 0.333674097, -0.0991784668, -0.163046484, -0.263284044, 0.762333881, -0.591113143, -0.74987793, 0.223754883, 0.622558594, 0.606886011, 0.607214668, 0.512846965, 0, 0, -0, 0, 0, 0, 0, 0.38742666, -0.0743018555, -0.137862695, -0.107862298, 0.521668916, -0.846160013, 0.301269531, -0.793945313, -0.527954102, -0.94737269, -0.311925605, -0.0715055362, 0, 2, 5, 1, 
423.289167, 59, 0.1, 0.1, -0.0277768521, 0.345953334, -0.0199668372, 0.893744252, -0.448576873, 2.2534883e-005, 0.448576873, 0.893744252, 1.6872079e-006, -2.08972646e-005, 8.60069497e-006, 1, 0.893744256, -0.448576866, -3.98973193e-006, 0.448576866, 0.893744256, -1.18340675e-005, 8.87428891e-006, 8.78692842e-006, 1, 0, 0, 0, 0, 0, 0, 0, 0.333674097, -0.0991784668, -0.163046484, -0.263284044, 0.762333881, -0.591113143, -0.74987793, 0.223754883, 0.622558594, 0.606886011, 0.607214668, 0.512846965, 0, 0, -0, 0, 0, 0, 0, 0.38742666, -0.0743018555, -0.137862695, -0.107862298, 0.521668916, -0.846160013, 0.301269531, -0.793945313, -0.527954102, -0.94737269, -0.311925605, -0.0715055362, 0, 2, 5, 1, 
423.289946, 59, 0.1, 0.1, -0.0277768558, 0.345953332, -0.0199634397, 0.893744209, -0.448576959, -2.40929416e-005, 0.448576959, 0.893744209, -7.42253387e-006, 2.48625047e-005, -4.1736918e-006, 1, 0.893744202, -0.448576974, 1.23290359e-005, 0.448576974, 0.893744202, -4.20428868e-006, -9.13305726e-006, 9.28808025e-006, 1, 0, 0, 0, 0, 0, 0, 0, 0.333674097, -0.0991784668, -0.163046484, -0.263284044, 0.762333881, -0.591113143, -0.74987793, 0.223754883, 0.622558594, 0.606886011, 0.607214668, 0.512846965, 0, 0, -0, 0, 0, 0, 0, 0.38742666, -0.0743018555, -0.137862695, -0.107862298, 0.521668916, -0.846160013, 0.301269531, -0.793945313, -0.527954102, -0.94737269, -0.311925605, -0.0715055362, 0, 2, 5, 1, 
423.290727, 59, 0.1, 0.1, -0.0277768504, 0.345953334, -0.0199611587, 0.893744164, -0.44857705, 1.48218383e-005, 0.44857705, 0.893744164, 1.71250482e-005, -2.09288351e-005, -8.65667539e-006, 1, 0.893744164, -0.448577049, -1.71132947e-005, 0.448577049, 0.893744164, 9.62699929e-007, 1.48630622e-005, -8.5370387e-006, 1, 0, 0, 0, 0, 0, 0, 0, 0.333674097, -0.0991784668, -0.163046484, -0.263284044, 0.762333881, -0.591113143, -0.74987793, 0.223754883, 0.622558594, 0.606886011, 0.607214668, 0.512846965, 0, 0, -0, 0, 0, 0, 0, 0.38742666, -0.0743018555, -0.137862695, -0.107862298, 0.521668916, -0.846160013, 0.301269531, -0.793945313, -0.527954102, -0.94737269, -0.311925605, -0.0715055362, 0, 2, 5, 1, 
423.291509, 59, 0.1, 0.1, -0.0277768547, 0.345953331, -0.0199605982, 0.893744193, -0.448576992, -1.79470829e-005, 0.448576992, 0.893744193, -1.38447269e-005, 2.22505271e-005, 4.32299577e-006, 1, 0.893744205, -0.448576968, 8.53683833e-006, 0.448576968, 0.893744205, 1.5068901e-005, -1.43893117e-005, -9.63831391e-006, 1, 0, 0, 0, 0, 0, 0, 0, 0.333674097, -0.0991784668, -0.163046484, -0.263284044, 0.762333881, -0.591113143, -0.74987793, 0.223754883, 0.622558594, 0.606886011, 0.607214668, 0.512846965, 0, 0, -0, 0, 0, 0, 0, 0.38742666, -0.0743018555, -0.137862695, -0.107862298, 0.521668916, -0.846160013, 0.301269531, -0.793945313, -0.527954102, -0.94737269, -0.311925605, -0.0715055362, 0, 2, 5, 1, 
423.292312, 59, 0.1, 0.1, -0.0277768493, 0.345953334, -0.0199617191, 0.893744229, -0.448576919, 2.1200724e-005, 0.448576919, 0.893744229, 2.80543824e-006, -2.02064796e-005, 7.00281121e-006, 1, 0.89374423, -0.448576918, -9.74563333e-006, 0.448576918, 0.89374423, -1.28771925e-005, 1.44865149e-005, 7.13725033e-006, 1, 0, 0, 0, 0, 0, 0, 0, 0.334568872, -0.0992404785, -0.163265576, -0.267479938, 0.760945482, -0.590986584, -0.750244141, 0.220336914, 0.623291016, 0.604584369, 0.610153591, 0.512085369, 0, 0, -0, 0, 0, 0, 0, 0.388164258, -0.075265625, -0.137041016, -0.106718644, 0.52018038, -0.847278147, 0.300415039, -0.795410156, -0.526245117, -0.947743458, -0.310609144, -0.0713775714, 0, 2, 5, 1, 
423.293089, 59, 0.1, 0.1, -0.027776854, 0.345953331, -0.0199639744, 0.893744192, -0.448576993, -1.72684668e-005, 0.448576993, 0.893744193, -1.68128873e-006, 1.61877793e-005, -6.24359486e-006, 1, 0.893744184, -0.44857701, 1.77539765e-005, 0.44857701, 0.893744184, 1.79327685e-006, -1.6671936e-005, 6.36129496e-006, 1, 0, 0, 0, 0, 0, 0, 0, 0.334568872, -0.0992404785, -0.163265576, -0.267479938, 0.760945482, -0.590986584, -0.750244141, 0.220336914, 0.623291016, 0.604584369, 0.610153591, 0.512085369, 0, 0, -0, 0, 0, 0, 0, 0.388164258, -0.075265625, -0.137041016, -0.106718644, 0.52018038, -0.847278147, 0.300415039, -0.795410156, -0.526245117, -0.947743458, -0.310609144, -0.0713775714, 0, 2, 5, 1, 
423.293866, 59, 0.1, 0.1, -0.027776849, 0.345953333, -0.0199667769, 0.893744154, -0.448577069, 9.44898984e-006, 0.448577069, 0.893744154, 1.34983032e-005, -1.45000087e-005, -7.8254294e-006, 1, 0.893744155, -0.448577068, -1.69628872e-005, 0.448577068, 0.893744155, 2.20426394e-007, 1.50616031e-005, -7.80616702e-006, 1, 0, 0, 0, 0, 0, 0, 0, 0.334568872, -0.0992404785, -0.163265576, -0.267479938, 0.760945482, -0.590986584, -0.750244141, 0.220336914, 0.623291016, 0.604584369, 0.610153591, 0.512085369, 0, 0, -0, 0, 0, 0, 0, 0.388164258, -0.075265625, -0.137041016, -0.106718644, 0.52018038, -0.847278147, 0.300415039, -0.795410156, -0.526245117, -0.947743458, -0.310609144, -0.0713775714, 0, 2, 5, 1, 
423.294658, 59, 0.1, 0.1, -0.0277768522, 0.34595333, -0.0199691719, 0.893744177, -0.448577024, -1.49826459e-005, 0.448577023, 0.893744177, -1.22768448e-005, 1.88977631e-005, 4.25148783e-006, 1, 0.893744187, -0.448577003, 6.82167922e-006, 0.448577003, 0.893744187, 1.18079899e-005, -1.13936289e-005, -7.49327394e-006, 1, 0, 0, 0, 0, 0, 0, 0, 0.334568872, -0.0992404785, -0.163265576, -0.267479938, 0.760945482, -0.590986584, -0.750244141, 0.220336914, 0.623291016, 0.604584369, 0.610153591, 0.512085369, 0, 0, -0, 0, 0, 0, 0, 0.388164258, -0.075265625, -0.137041016, -0.105038345, 0.518589766, -0.8484218, 0.298583984, -0.797363281, -0.524291992, -0.948548793, -0.30832147, -0.0710068034, 0, 2, 5, 1, 
423.295437, 59, 0.1, 0.1, -0.0277768477, 0.345953333, -0.0199702106, 0.8937442, -0.448576978, 1.37148429e-005, 0.448576978, 0.8937442, 2.67888527e-007, -1.23777299e-005, 5.91273894e-006, 1, 0.893744202, -0.448576975, -1.03647969e-005, 0.448576974, 0.893744202, -1.18445278e-005, 1.45766595e-005, 5.93656878e-006, 1, 0, 0, 0, 0, 0, 0, 0, 0.334568872, -0.0992404785, -0.163265576, -0.267479938, 0.760945482, -0.590986584, -0.750244141, 0.220336914, 0.623291016, 0.604584369, 0.610153591, 0.512085369, 0, 0, -0, 0, 0, 0, 0, 0.38870498, -0.076662207, -0.135992676, -0.105038345, 0.518589766, -0.8484218, 0.298583984, -0.797363281, -0.524291992, -0.948548793, -0.30832147, -0.0710068034, 0, 2, 5, 1, 
423.296211, 59, 0.1, 0.1, -0.0277768505, 0.345953331, -0.0199698896, 0.893744169, -0.448577039, -1.86297188e-005, 0.448577039, 0.893744169, -4.42973282e-006, 1.8637279e-005, -4.39781621e-006, 1, 0.893744162, -0.448577053, 1.04016023e-005, 0.448577053, 0.893744162, -1.82818857e-006, -8.47628791e-006, 6.29985298e-006, 1, 0, 0, 0, 0, 0, 0, 0, 0.334568872, -0.0992404785, -0.163265576, -0.267479938, 0.760945482, -0.590986584, -0.750244141, 0.220336914, 0.623291016, 0.604584369, 0.610153591, 0.512085369, 0, 0, -0, 0, 0, 0, 0, 0.38870498, -0.076662207, -0.135992676, -0.105038345, 0.518589766, -0.8484218, 0.298583984, -0.797363281, -0.524291992, -0.948548793, -0.30832147, -0.0710068034, 0, 2, 5, 1, 
423.297169, 59, 0.1, 0.1, -0.0277768473, 0.345953332, -0.0199664082, 0.893744117, -0.448577142, 3.05952377e-005, 0.448577141, 0.893744118, 2.12205574e-005, -3.68633707e-005, -5.24142412e-006, 0.999999999, 0.893744115, -0.448577146, -5.98974031e-006, 0.448577146, 0.893744115, 3.54025764e-006, 3.76521649e-006, -5.85094505e-006, 1, 0, 0, 0, 0, 0, 0, 0, 0.335559839, -0.0995168213, -0.163290601, -0.26983512, 0.759785113, -0.591443766, -0.750610352, 0.21862793, 0.623413086, 0.602979923, 0.612191255, 0.51153982, 0, 0, -0, 0, 0, 0, 0, 0.38870498, -0.076662207, -0.135992676, -0.105038345, 0.518589766, -0.8484218, 0.298583984, -0.797363281, -0.524291992, -0.948548793, -0.30832147, -0.0710068034, 0, 2, 5, 1, 
423.297957, 59, 0.1, 0.1, -0.0277768538, 0.34595333, -0.0199623004, 0.893744156, -0.448577065, -1.09556378e-005, 0.448577065, 0.893744156, -1.51821786e-005, 1.66019144e-005, 8.65453558e-006, 1, 0.893744166, -0.448577045, 1.59011683e-005, 0.448577045, 0.893744166, 1.35460416e-005, -2.02880197e-005, -4.9737966e-006, 1, 0, 0, 0, 0, 0, 0, 0, 0.335559839, -0.0995168213, -0.163290601, -0.26983512, 0.759785113, -0.591443766, -0.750610352, 0.21862793, 0.623413086, 0.602979923, 0.612191255, 0.51153982, 0, 0, -0, 0, 0, 0, 0, 0.38870498, -0.076662207, -0.135992676, -0.105038345, 0.518589766, -0.8484218, 0.298583984, -0.797363281, -0.524291992, -0.948548793, -0.30832147, -0.0710068034, 0, 2, 5, 1, 
423.298737, 59, 0.1, 0.1, -0.0277768495, 0.345953333, -0.0199597641, 0.893744199, -0.448576979, 2.38004626e-005, 0.448576979, 0.893744199, -4.81974954e-007, -2.10553226e-005, 1.11071019e-005, 1, 0.893744199, -0.448576979, -7.65886061e-006, 0.448576979, 0.893744199, -1.65057389e-005, 1.42491567e-005, 1.13163199e-005, 1, 0, 0, 0, 0, 0, 0, 0, 0.335559839, -0.0995168213, -0.163290601, -0.26983512, 0.759785113, -0.591443766, -0.750610352, 0.21862793, 0.623413086, 0.602979923, 0.612191255, 0.51153982, 0, 0, -0, 0, 0, 0, 0, 0.38870498, -0.076662207, -0.135992676, -0.105038345, 0.518589766, -0.8484218, 0.298583984, -0.797363281, -0.524291992, -0.948548793, -0.30832147, -0.0710068034, 0, 2, 5, 1, 
423.299549, 59, 0.1, 0.1, -0.0277768528, 0.345953331, -0.0199593235, 0.893744172, -0.448577033, -3.52238515e-005, 0.448577032, 0.893744172, -1.15036507e-005, 3.66413855e-005, -5.51929002e-006, 0.999999999, 0.893744157, -0.448577063, 9.83086583e-006, 0.448577063, 0.893744157, -7.35877537e-006, -5.48530105e-006, 1.09867634e-005, 1, 0, 0, 0, 0, 0, 0, 0, 0.335716797, -0.0997693604, -0.162633081, -0.271047908, 0.759132101, -0.591684901, -0.751342773, 0.217407227, 0.623046875, 0.601565314, 0.613530601, 0.511578012, 0, 0, -0, 0, 0, 0, 0, 0.38870498, -0.076662207, -0.135992676, -0.107172534, 0.516724266, -0.849341241, 0.295410156, -0.799072266, -0.52355957, -0.949264076, -0.306921886, -0.0669301884, 0, 2, 5, 1, 
423.30033, 59, 0.1, 0.1, -0.0277768442, 0.345953334, -0.0199607834, 0.893744149, -0.448577079, 9.02844854e-007, 0.448577079, 0.893744149, 1.15740903e-005, -5.99878391e-006, -9.93927994e-006, 1, 0.893744145, -0.448577087, -3.18654696e-005, 0.448577087, 0.893744145, -5.3532845e-006, 3.08809377e-005, -9.50965287e-006, 0.999999999, 0, 0, 0, 0, 0, 0, 0, 0.335716797, -0.0997693604, -0.162633081, -0.271047908, 0.759132101, -0.591684901, -0.751342773, 0.217407227, 0.623046875, 0.601565314, 0.613530601, 0.511578012, 0, 0, -0, 0, 0, 0, 0, 0.388995215, -0.0778724121, -0.136414258, -0.107172534, 0.516724266, -0.849341241, 0.295410156, -0.799072266, -0.52355957, -0.949264076, -0.306921886, -0.0669301884, 0, 2, 5, 1, 
423.301111, 59, 0.1, 0.1, -0.0277768472, 0.345953332, -0.0199638386, 0.893744202, -0.448576974, -1.74809156e-005, 0.448576973, 0.893744202, -1.15086312e-005, 2.07859739e-005, 2.4442362e-006, 1, 0.893744207, -0.448576963, 4.67916073e-006, 0.448576963, 0.893744207, 1.36492199e-005, -1.03046984e-005, -1.00999475e-005, 1, 0, 0, 0, 0, 0, 0, 0, 0.335716797, -0.0997693604, -0.162633081, -0.271047908, 0.759132101, -0.591684901, -0.751342773, 0.217407227, 0.623046875, 0.601565314, 0.613530601, 0.511578012, 0, 0, -0, 0, 0, 0, 0, 0.388995215, -0.0778724121, -0.136414258, -0.107172534, 0.516724266, -0.849341241, 0.295410156, -0.799072266, -0.52355957, -0.949264076, -0.306921886, -0.0669301884, 0, 2, 5, 1, 
423.30189, 59, 0.1, 0.1, -0.0277768425, 0.345953334, -0.0199673936, 0.893744252, -0.448576875, 1.77948943e-005, 0.448576875, 0.893744252, 4.5169649e-006, -1.79302905e-005, 3.94536666e-006, 1, 0.893744249, -0.44857688, -9.89555826e-006, 0.44857688, 0.893744249, -9.29451019e-006, 1.30134007e-005, 3.86799638e-006, 1, 0, 0, 0, 0, 0, 0, 0, 0.335716797, -0.0997693604, -0.162633081, -0.271047908, 0.759132101, -0.591684901, -0.751342773, 0.217407227, 0.623046875, 0.601565314, 0.613530601, 0.511578012, 0, 0, -0, 0, 0, 0, 0, 0.388995215, -0.0778724121, -0.136414258, -0.107172534, 0.516724266, -0.849341241, 0.295410156, -0.799072266, -0.52355957, -0.949264076, -0.306921886, -0.0669301884, 0, 2, 5, 1, 
423.30267, 59, 0.1, 0.1, -0.0277768473, 0.345953331, -0.0199702675, 0.893744238, -0.448576903, -8.39816679e-006, 0.448576903, 0.893744238, 2.97011947e-006, 6.17348619e-006, -6.42175081e-006, 1, 0.893744227, -0.448576923, 1.9931303e-005, 0.448576923, 0.893744227, 5.63672475e-006, -2.03419917e-005, 3.90293238e-006, 1, 0, 0, 0, 0, 0, 0, 0, 0.335716797, -0.0997693604, -0.162633081, -0.271047908, 0.759132101, -0.591684901, -0.751342773, 0.217407227, 0.623046875, 0.601565314, 0.613530601, 0.511578012, 0, 0, -0, 0, 0, 0, 0, 0.388995215, -0.0778724121, -0.136414258, -0.107172534, 0.516724266, -0.849341241, 0.295410156, -0.799072266, -0.52355957, -0.949264076, -0.306921886, -0.0669301884, 0, 2, 5, 1, 
423.303447, 59, 0.1, 0.1, -0.027776845, 0.345953331, -0.0199715676, 0.893744219, -0.448576939, 1.74088513e-005, 0.448576939, 0.893744219, 1.52205016e-005, -2.23866262e-005, -5.79402612e-006, 1, 0.893744217, -0.448576943, -5.59432432e-006, 0.448576943, 0.893744217, 4.31547357e-006, 3.06407307e-006, -6.36641445e-006, 1, 0, 0, 0, 0, 0, 0, 0, 0.335716797, -0.0997693604, -0.162633081, -0.271047908, 0.759132101, -0.591684901, -0.751342773, 0.217407227, 0.623046875, 0.601565314, 0.613530601, 0.511578012, 0, 0, -0, 0, 0, 0, 0, 0.388995215, -0.0778724121, -0.136414258, -0.107172534, 0.516724266, -0.849341241, 0.295410156, -0.799072266, -0.52355957, -0.949264076, -0.306921886, -0.0669301884, 0, 2, 5, 1, 
423.304252, 59, 0.1, 0.1, -0.0277768489, 0.345953329, -0.0199708337, 0.89374425, -0.448576877, -1.29128832e-005, 0.448576877, 0.893744251, -1.49812626e-005, 1.82610631e-005, 7.59699653e-006, 1, 0.893744259, -0.448576861, 8.56611501e-006, 0.448576861, 0.893744259, 8.9571803e-006, -1.16738999e-005, -4.16286748e-006, 1, 0, 0, 0, 0, 0, 0, 0, 0.335770508, -0.10129043, -0.16281604, -0.270284067, 0.760095519, -0.59074058, -0.747802734, 0.220703125, 0.626098633, 0.606388011, 0.611029764, 0.508956607, 0, 0, -0, 0, 0, 0, 0, 0.388995215, -0.0778724121, -0.136414258, -0.108763515, 0.514321754, -0.85056765, 0.294799805, -0.800415039, -0.521728516, -0.949308552, -0.307419886, -0.064604235, 0, 2, 5, 1, 
423.305035, 59, 0.1, 0.1, -0.0277768452, 0.345953332, -0.01996834, 0.893744281, -0.448576815, 1.93811393e-005, 0.448576816, 0.893744281, -2.46217855e-006, -1.62173062e-005, 1.08944878e-005, 1, 0.893744282, -0.448576814, -6.17709756e-006, 0.448576814, 0.893744282, -1.529918e-005, 1.2383603e-005, 1.09026519e-005, 1, 0, 0, 0, 0, 0, 0, 0, 0.335770508, -0.10129043, -0.16281604, -0.270284067, 0.760095519, -0.59074058, -0.747802734, 0.220703125, 0.626098633, 0.606388011, 0.611029764, 0.508956607, 0, 0, -0, 0, 0, 0, 0, 0.389781982, -0.0787115723, -0.136446484, -0.108763515, 0.514321754, -0.85056765, 0.294799805, -0.800415039, -0.521728516, -0.949308552, -0.307419886, -0.064604235, 0, 2, 5, 1, 
423.30582, 59, 0.1, 0.1, -0.0277768476, 0.34595333, -0.0199652227, 0.89374419, -0.448576998, -2.16878295e-005, 0.448576998, 0.89374419, -1.61893285e-005, 2.6645532e-005, 4.74045686e-006, 1, 0.89374422, -0.448576938, 6.77834637e-007, 0.448576938, 0.89374422, 1.04467567e-005, -5.29198492e-006, -9.03266743e-006, 1, 0, 0, 0, 0, 0, 0, 0, 0.335770508, -0.10129043, -0.16281604, -0.270284067, 0.760095519, -0.59074058, -0.747802734, 0.220703125, 0.626098633, 0.606388011, 0.611029764, 0.508956607, 0, 0, -0, 0, 0, 0, 0, 0.389781982, -0.0787115723, -0.136446484, -0.108763515, 0.514321754, -0.85056765, 0.294799805, -0.800415039, -0.521728516, -0.949308552, -0.307419886, -0.064604235, 0, 2, 5, 1, 
423.306601, 59, 0.1, 0.1, -0.0277768428, 0.345953333, -0.0199625874, 0.893744118, -0.448577141, 2.33447038e-005, 0.448577141, 0.893744118, -2.51514583e-006, -1.97359547e-005, 1.27197973e-005, 1, 0.893744141, -0.448577096, -8.77275256e-006, 0.448577095, 0.893744141, -1.77212067e-005, 1.57899236e-005, 1.19029688e-005, 1, 0, 0, 0, 0, 0, 0, 0, 0.335770508, -0.10129043, -0.16281604, -0.270284067, 0.760095519, -0.59074058, -0.747802734, 0.220703125, 0.626098633, 0.606388011, 0.611029764, 0.508956607, 0, 0, -0, 0, 0, 0, 0, 0.389781982, -0.0787115723, -0.136446484, -0.108763515, 0.514321754, -0.85056765, 0.294799805, -0.800415039, -0.521728516, -0.949308552, -0.307419886, -0.064604235, 0, 2, 5, 1, 
423.307378, 59, 0.1, 0.1, -0.0277768452, 0.345953327, -0.0199612747, 0.893743829, -0.448577715, -2.45238328e-005, 0.448577716, 0.89374383, 1.20973898e-006, 2.13753623e-005, -1.20820417e-005, 1, 0.893743903, -0.44857757, -1.37695158e-006, 0.44857757, 0.893743902, 3.24904304e-005, -1.33438362e-005, -2.96557936e-005, 0.999999999, 0, 0, 0, 0, 0, 0, 0, 0.335770508, -0.10129043, -0.16281604, -0.270284067, 0.760095519, -0.59074058, -0.747802734, 0.220703125, 0.626098633, 0.606388011, 0.611029764, 0.508956607, 0, 0, -0, 0, 0, 0, 0, 0.389781982, -0.0787115723, -0.136446484, -0.108763515, 0.514321754, -0.85056765, 0.294799805, -0.800415039, -0.521728516, -0.949308552, -0.307419886, -0.064604235, 0, 2, 5, 1, 
423.308158, 59, 0.1, 0.1, -0.0277768426, 0.345953333, -0.0199615687, 0.893743314, -0.448578743, 1.76864623e-005, 0.448578742, 0.893743314, 1.10570269e-005, -2.07671046e-005, -1.94837285e-006, 1, 0.89374342, -0.448578531, -1.718729e-006, 0.448578531, 0.89374342, -2.76366096e-005, 1.39332925e-005, 2.3929053e-005, 1, 0, 0, 0, 0, 0, 0, 0, 0.335770508, -0.10129043, -0.16281604, -0.270284067, 0.760095519, -0.59074058, -0.747802734, 0.220703125, 0.626098633, 0.606388011, 0.611029764, 0.508956607, 0, 0, -0, 0, 0, 0, 0, 0.389781982, -0.0787115723, -0.136446484, -0.108763515, 0.514321754, -0.85056765, 0.294799805, -0.800415039, -0.521728516, -0.949308552, -0.307419886, -0.064604235, 0, 2, 5, 1, 
