time, trialNum, realDorsalTactorPos, realVentralTactorPos, boxPosX, boxPosY, boxPosZ, boxLocalRot_11, boxLocalRot_12, boxLocalRot_13, boxLocalRot_21, boxLocalRot_22, boxLocalRot_23, boxLocalRot_31, boxLocalRot_32, boxLocalRot_33, boxGlobalRot_11, boxGlobalRot_12, boxGlobalRot_13, boxGlobalRot_21, boxGlobalRot_22, boxGlobalRot_23, boxGlobalRot_31, boxGlobalRot_32, boxGlobalRot_33, indexForceX, indexForceY, indexForceZ, indexForceGlobalX, indexForceGlobalY, indexForceGlobalZ, indexContact, indexPosX, indexPosY, indexPosZ, indexRot_11, indexRot_12, indexRot_13, indexRot_21, indexRot_22, indexRot_23, indexRot_31, indexRot_32, indexRot_33, thumbForceX, thumbForceY, thumbForceZ, thumbForceGlobalX, thumbForceGlobalY, thumbForceGlobalZ, thumbContact, thumbPosX, thumbPosY, thumbPosZ, thumbRot_11, thumbRot_12, thumbRot_13, thumbRot_21, thumbRot_22, thumbRot_23, thumbRot_31, thumbRot_32, thumbRot_33, manipForceTooHigh, cceExpType, mapping, trialSuccess, 
247.767709, 28, 0.1, 0.1, 0.0103914598, 0.350950611, -0.0199689492, 0.991689845, -0.128651666, -1.57070378e-006, 0.128651666, 0.991689845, 2.88894273e-005, -2.15902195e-006, -2.88514254e-005, 1, 0.991689838, -0.128651721, 4.5425184e-006, 0.128651721, 0.991689838, 1.23772143e-005, -6.09711925e-006, -1.16899548e-005, 1, 0, 0, 0, 0, 0, 0, 0, 0.400714233, -0.180425415, -0.173319043, -0.11852359, 0.513518921, -0.849859759, -0.937988281, 0.22253418, 0.265380859, 0.325403881, 0.828674005, 0.455449224, 0, 0, -0, 0, 0, 0, 0, 0.432092334, -0.125108936, -0.132328076, -0.0331935403, 0.428091689, -0.902970673, 0.719848633, -0.616455078, -0.318725586, -0.693180069, -0.66065359, -0.287734839, 0, 2, 1, 1, 
247.800056, 28, 0.1, 0.1, 0.0103914708, 0.350950627, -0.0199666922, 0.991692227, -0.128633306, 9.75353867e-006, 0.128633306, 0.991692227, 1.45075104e-005, -1.15386575e-005, -1.31323554e-005, 1, 0.991692227, -0.1286333, -1.36477029e-005, 0.1286333, 0.991692227, 6.10627544e-006, 1.27488505e-005, -7.81109495e-006, 1, 0, 0, 0, 0, 0, 0, 0, 0.395157324, -0.182471704, -0.172873413, -0.123043377, 0.512889875, -0.849601772, -0.93371582, 0.229858398, 0.274047852, 0.335883508, 0.827043349, 0.450835461, 0, 0, -0, 0, 0, 0, 0, 0.427711816, -0.128884082, -0.131046484, -0.0330732385, 0.420456881, -0.906572975, 0.713134766, -0.625610352, -0.316162109, -0.700163759, -0.65691456, -0.279153239, 0, 2, 1, 1, 
247.800843, 28, 0.1, 0.1, 0.0103914703, 0.350950628, -0.0199646168, 0.991692262, -0.128633033, -2.99503948e-005, 0.128633033, 0.991692262, 5.50168427e-006, 2.89938764e-005, -9.30858785e-006, 1, 0.991692249, -0.128633135, -1.62601647e-005, 0.128633135, 0.991692249, -1.1976484e-005, 1.7665652e-005, 9.78539041e-006, 1, 0, 0, 0, 0, 0, 0, 0, 0.395157324, -0.182471704, -0.172873413, -0.123043377, 0.512889875, -0.849601772, -0.93371582, 0.229858398, 0.274047852, 0.335883508, 0.827043349, 0.450835461, 0, 0, -0, 0, 0, 0, 0, 0.427711816, -0.128884082, -0.131046484, -0.0330732385, 0.420456881, -0.906572975, 0.713134766, -0.625610352, -0.316162109, -0.700163759, -0.65691456, -0.279153239, 0, 2, 1, 1, 
247.801629, 28, 0.1, 0.1, 0.0103914687, 0.350950628, -0.019963034, 0.991692334, -0.128632474, 2.85174282e-005, 0.128632474, 0.991692335, -4.81623502e-006, -2.76609907e-005, 8.44449069e-006, 1, 0.991692321, -0.128632574, 3.0306822e-005, 0.128632574, 0.991692322, -1.17988227e-005, -2.85373298e-005, 1.55992464e-005, 0.999999999, 0, 0, 0, 0, 0, 0, 0, 0.395157324, -0.182471704, -0.172873413, -0.123043377, 0.512889875, -0.849601772, -0.93371582, 0.229858398, 0.274047852, 0.335883508, 0.827043349, 0.450835461, 0, 0, -0, 0, 0, 0, 0, 0.427711816, -0.128884082, -0.131046484, -0.0330732385, 0.420456881, -0.906572975, 0.713134766, -0.625610352, -0.316162109, -0.700163759, -0.65691456, -0.279153239, 0, 2, 1, 1, 
247.80243, 28, 0.1, 0.1, 0.0103914713, 0.350950628, -0.0199624064, 0.991692356, -0.128632306, -6.5797684e-006, 0.128632306, 0.991692356, -1.86639952e-005, 8.92589877e-006, 1.76625706e-005, 1, 0.991692359, -0.128632288, -2.35788558e-005, 0.128632287, 0.991692359, -1.38743519e-005, 2.51676608e-005, 1.07260866e-005, 1, 0, 0, 0, 0, 0, 0, 0, 0.395157324, -0.182471704, -0.172873413, -0.124483073, 0.514444147, -0.848382993, -0.932861328, 0.23034668, 0.276611328, 0.337718229, 0.825932033, 0.451507569, 0, 0, -0, 0, 0, 0, 0, 0.427711816, -0.128884082, -0.131046484, -0.0330732385, 0.420456881, -0.906572975, 0.713134766, -0.625610352, -0.316162109, -0.700163759, -0.65691456, -0.279153239, 0, 2, 1, 1, 
247.803232, 28, 0.1, 0.1, 0.0103914674, 0.350950626, -0.0199625612, 0.991692306, -0.128632693, -1.18692469e-005, 0.128632693, 0.991692306, -1.18561804e-005, 1.32957332e-005, 1.02309097e-005, 1, 0.991692319, -0.128632596, 1.38844079e-005, 0.128632595, 0.991692319, 1.1529807e-005, -1.52521696e-005, -9.64803365e-006, 1, 0, 0, 0, 0, 0, 0, 0, 0.39397312, -0.182172412, -0.173478809, -0.124483073, 0.514444147, -0.848382993, -0.932861328, 0.23034668, 0.276611328, 0.337718229, 0.825932033, 0.451507569, 0, 0, -0, 0, 0, 0, 0, 0.426749854, -0.128009668, -0.13232002, -0.0373095346, 0.420412038, -0.906515006, 0.712402344, -0.62487793, -0.319091797, -0.700731754, -0.657655729, -0.276201321, 0, 2, 1, 1, 
247.804017, 28, 0.1, 0.1, 0.0103914686, 0.350950626, -0.0199637281, 0.991692271, -0.128632962, 2.3550415e-005, 0.128632962, 0.991692271, 1.06217571e-005, -2.47210727e-005, -7.50415481e-006, 1, 0.991692272, -0.128632953, 1.03669856e-005, 0.128632953, 0.991692272, 1.64736723e-005, -1.23999167e-005, -1.50032775e-005, 1, 0, 0, 0, 0, 0, 0, 0, 0.39397312, -0.182172412, -0.173478809, -0.124483073, 0.514444147, -0.848382993, -0.932861328, 0.23034668, 0.276611328, 0.337718229, 0.825932033, 0.451507569, 0, 0, -0, 0, 0, 0, 0, 0.426749854, -0.128009668, -0.13232002, -0.0373095346, 0.420412038, -0.906515006, 0.712402344, -0.62487793, -0.319091797, -0.700731754, -0.657655729, -0.276201321, 0, 2, 1, 1, 
247.804803, 28, 0.1, 0.1, 0.01039147, 0.350950627, -0.0199654318, 0.991692306, -0.128632688, -2.82330714e-005, 0.128632689, 0.991692307, 9.00238329e-006, 2.68405189e-005, -1.25592901e-005, 1, 0.991692295, -0.128632779, -2.86169314e-005, 0.128632779, 0.991692295, 3.07601268e-006, 2.79835143e-005, -6.73153348e-006, 1, 0, 0, 0, 0, 0, 0, 0, 0.39397312, -0.182172412, -0.173478809, -0.124483073, 0.514444147, -0.848382993, -0.932861328, 0.23034668, 0.276611328, 0.337718229, 0.825932033, 0.451507569, 0, 0, -0, 0, 0, 0, 0, 0.426749854, -0.128009668, -0.13232002, -0.0373095346, 0.420412038, -0.906515006, 0.712402344, -0.62487793, -0.319091797, -0.700731754, -0.657655729, -0.276201321, 0, 2, 1, 1, 
247.805617, 28, 0.1, 0.1, 0.0103914666, 0.350950628, -0.0199667603, 0.991692369, -0.128632212, 1.27660906e-005, 0.128632212, 0.991692369, 6.0829884e-006, -1.34425029e-005, -4.3903227e-006, 1, 0.991692358, -0.128632289, 2.77954061e-005, 0.128632289, 0.991692359, -9.32486332e-006, -2.63650133e-005, 1.28227824e-005, 1, 0, 0, 0, 0, 0, 0, 0, 0.393570703, -0.182184619, -0.172822632, -0.123620005, 0.514203012, -0.848643224, -0.932983398, 0.230834961, 0.275756836, 0.337705124, 0.825970225, 0.451425194, 0, 0, -0, 0, 0, 0, 0, 0.426442139, -0.127631543, -0.132532764, -0.0386959915, 0.419638786, -0.906776766, 0.712646484, -0.624511719, -0.319335937, -0.700386506, -0.658473458, -0.274878663, 0, 2, 1, 1, 
247.806407, 28, 0.1, 0.1, 0.0103914685, 0.35095063, -0.0199675567, 0.991692372, -0.128632187, 1.57671164e-005, 0.128632188, 0.991692372, -1.03529043e-005, -1.43044124e-005, 1.22950549e-005, 1, 0.991692376, -0.128632155, -6.19761178e-006, 0.128632155, 0.991692376, -2.01902651e-005, 8.74324166e-006, 1.92253198e-005, 1, 0, 0, 0, 0, 0, 0, 0, 0.393570703, -0.182184619, -0.172822632, -0.123620005, 0.514203012, -0.848643224, -0.932983398, 0.230834961, 0.275756836, 0.337705124, 0.825970225, 0.451425194, 0, 0, -0, 0, 0, 0, 0, 0.426442139, -0.127631543, -0.132532764, -0.0386959915, 0.419638786, -0.906776766, 0.712646484, -0.624511719, -0.319335937, -0.700386506, -0.658473458, -0.274878663, 0, 2, 1, 1, 
247.807192, 28, 0.1, 0.1, 0.0103914675, 0.35095063, -0.0199676771, 0.991692324, -0.128632552, -2.34499562e-005, 0.128632552, 0.991692324, -1.85579273e-005, 2.56422951e-005, 1.53873263e-005, 1, 0.991692334, -0.128632479, -1.25940848e-005, 0.128632479, 0.991692334, -1.23573227e-005, 1.40790104e-005, 1.06346539e-005, 1, 0, 0, 0, 0, 0, 0, 0, 0.393570703, -0.182184619, -0.172822632, -0.123620005, 0.514203012, -0.848643224, -0.932983398, 0.230834961, 0.275756836, 0.337705124, 0.825970225, 0.451425194, 0, 0, -0, 0, 0, 0, 0, 0.426442139, -0.127631543, -0.132532764, -0.0386959915, 0.419638786, -0.906776766, 0.712646484, -0.624511719, -0.319335937, -0.700386506, -0.658473458, -0.274878663, 0, 2, 1, 1, 
247.807972, 28, 0.1, 0.1, 0.0103914668, 0.350950629, -0.0199671915, 0.991692306, -0.128632693, 2.17546465e-005, 0.128632693, 0.991692306, -7.41552976e-006, -2.0620036e-005, 1.01522826e-005, 1, 0.991692304, -0.128632705, 2.07493038e-005, 0.128632705, 0.991692305, 9.95452568e-006, -2.18574025e-005, -7.20278743e-006, 1, 0, 0, 0, 0, 0, 0, 0, 0.393570703, -0.182184619, -0.172822632, -0.123620005, 0.514203012, -0.848643224, -0.932983398, 0.230834961, 0.275756836, 0.337705124, 0.825970225, 0.451425194, 0, 0, -0, 0, 0, 0, 0, 0.426442139, -0.127631543, -0.132532764, -0.0386959915, 0.419638786, -0.906776766, 0.712646484, -0.624511719, -0.319335937, -0.700386506, -0.658473458, -0.274878663, 0, 2, 1, 1, 
247.808757, 28, 0.1, 0.1, 0.0103914699, 0.350950629, -0.0199662843, 0.991692351, -0.128632351, -1.21270647e-005, 0.128632351, 0.991692351, 7.32273319e-006, 1.10843769e-005, -8.82183133e-006, 1, 0.991692338, -0.128632443, -2.67943849e-005, 0.128632443, 0.991692339, 1.15946751e-005, 2.50803348e-005, -1.49449777e-005, 1, 0, 0, 0, 0, 0, 0, 0, 0.393570703, -0.182184619, -0.172822632, -0.123620005, 0.514203012, -0.848643224, -0.932983398, 0.230834961, 0.275756836, 0.337705124, 0.825970225, 0.451425194, 0, 0, -0, 0, 0, 0, 0, 0.426442139, -0.127631543, -0.132532764, -0.0386959915, 0.419638786, -0.906776766, 0.712646484, -0.624511719, -0.319335937, -0.700386506, -0.658473458, -0.274878663, 0, 2, 1, 1, 
247.809539, 28, 0.1, 0.1, 0.0103914667, 0.350950629, -0.0199653035, 0.9916924, -0.128631972, -1.37326018e-005, 0.128631972, 0.9916924, 1.38195786e-005, 1.18408771e-005, -1.54712227e-005, 1, 0.991692395, -0.128632009, 1.16069611e-005, 0.128632009, 0.991692395, 1.18087548e-005, -1.30295189e-005, -1.02176256e-005, 1, 0, 0, 0, 0, 0, 0, 0, 0.393570703, -0.182184619, -0.172822632, -0.123620005, 0.514203012, -0.848643224, -0.932983398, 0.230834961, 0.275756836, 0.337705124, 0.825970225, 0.451425194, 0, 0, -0, 0, 0, 0, 0, 0.426442139, -0.127631543, -0.132532764, -0.0386959915, 0.419638786, -0.906776766, 0.712646484, -0.624511719, -0.319335937, -0.700386506, -0.658473458, -0.274878663, 0, 2, 1, 1, 
247.81036, 28, 0.1, 0.1, 0.0103914669, 0.35095063, -0.0199641023, 0.991692379, -0.128632128, 2.87329186e-005, 0.128632127, 0.99169238, 1.17589063e-005, -3.00067896e-005, -7.96524131e-006, 1, 0.99169239, -0.128632046, 1.96748671e-005, 0.128632046, 0.99169239, -8.71787201e-006, -1.83900183e-005, 1.11762657e-005, 1, 0, 0, 0, 0, 0, 0, 0, 0.392578882, -0.183362476, -0.172437671, -0.121378277, 0.513022425, -0.84975454, -0.932128906, 0.235107422, 0.275146484, 0.340934235, 0.825539252, 0.449870922, 0, 0, -0, 0, 0, 0, 0, 0.424968896, -0.127878955, -0.13295166, -0.0398976142, 0.418718979, -0.907166124, 0.709960938, -0.626953125, -0.320556641, -0.702967656, -0.656728993, -0.272341989, 0, 2, 1, 1, 
247.811146, 28, 0.1, 0.1, 0.0103914678, 0.35095063, -0.0199634829, 0.991692319, -0.128632589, -2.47523567e-005, 0.128632589, 0.99169232, -1.32311524e-005, 2.62486794e-005, 9.93727249e-006, 1, 0.99169233, -0.128632506, -2.45393121e-005, 0.128632506, 0.99169233, -2.0356104e-005, 2.69539043e-005, 1.7030439e-005, 0.999999999, 0, 0, 0, 0, 0, 0, 0, 0.392578882, -0.183362476, -0.172437671, -0.121378277, 0.513022425, -0.84975454, -0.932128906, 0.235107422, 0.275146484, 0.340934235, 0.825539252, 0.449870922, 0, 0, -0, 0, 0, 0, 0, 0.424968896, -0.127878955, -0.13295166, -0.0398976142, 0.418718979, -0.907166124, 0.709960938, -0.626953125, -0.320556641, -0.702967656, -0.656728993, -0.272341989, 0, 2, 1, 1, 
247.811927, 28, 0.1, 0.1, 0.010391465, 0.35095063, -0.0199636533, 0.991692307, -0.128632685, 1.24354293e-005, 0.128632685, 0.991692307, -1.61366497e-005, -1.0256419e-005, 1.7602194e-005, 1, 0.991692303, -0.128632712, 2.59480412e-005, 0.128632713, 0.991692304, -8.12426941e-006, -2.46874259e-005, 1.13945424e-005, 1, 0, 0, 0, 0, 0, 0, 0, 0.392578882, -0.183362476, -0.172437671, -0.121378277, 0.513022425, -0.84975454, -0.932128906, 0.235107422, 0.275146484, 0.340934235, 0.825539252, 0.449870922, 0, 0, -0, 0, 0, 0, 0, 0.424968896, -0.127878955, -0.13295166, -0.0398976142, 0.418718979, -0.907166124, 0.709960938, -0.626953125, -0.320556641, -0.702967656, -0.656728993, -0.272341989, 0, 2, 1, 1, 
247.81271, 28, 0.1, 0.1, 0.0103914682, 0.35095063, -0.0199645085, 0.99169236, -0.128632277, 1.42825371e-005, 0.128632277, 0.99169236, -8.26638023e-006, -1.31005596e-005, 1.00349014e-005, 1, 0.991692347, -0.128632375, -1.38908627e-005, 0.128632375, 0.991692347, 6.58193909e-006, 1.29288118e-005, -8.31407329e-006, 1, 0, 0, 0, 0, 0, 0, 0, 0.392578882, -0.183362476, -0.172437671, -0.121378277, 0.513022425, -0.84975454, -0.932128906, 0.235107422, 0.275146484, 0.340934235, 0.825539252, 0.449870922, 0, 0, -0, 0, 0, 0, 0, 0.424968896, -0.127878955, -0.13295166, -0.0398976142, 0.418718979, -0.907166124, 0.709960938, -0.626953125, -0.320556641, -0.702967656, -0.656728993, -0.272341989, 0, 2, 1, 1, 
247.813495, 28, 0.1, 0.1, 0.0103914668, 0.350950629, -0.0199657355, 0.991692399, -0.128631977, -2.44375597e-005, 0.128631977, 0.991692399, 3.83826502e-006, 2.37408185e-005, -6.94982987e-006, 1, 0.991692397, -0.128631994, -1.37413468e-005, 0.128631994, 0.991692397, 1.22751789e-005, 1.20482084e-005, -1.39407785e-005, 1, 0, 0, 0, 0, 0, 0, 0, 0.392578882, -0.183362476, -0.172437671, -0.121378277, 0.513022425, -0.84975454, -0.932128906, 0.235107422, 0.275146484, 0.340934235, 0.825539252, 0.449870922, 0, 0, -0, 0, 0, 0, 0, 0.424968896, -0.127878955, -0.13295166, -0.0398976142, 0.418718979, -0.907166124, 0.709960938, -0.626953125, -0.320556641, -0.702967656, -0.656728993, -0.272341989, 0, 2, 1, 1, 
247.814282, 28, 0.1, 0.1, 0.0103914652, 0.35095063, -0.0199668675, 0.99169237, -0.128632197, 2.24297132e-005, 0.128632197, 0.991692371, 1.525957e-005, -2.42062474e-005, -1.22476158e-005, 1, 0.99169238, -0.128632119, 2.44917193e-005, 0.128632119, 0.991692381, 9.98350859e-006, -2.55724513e-005, -6.75014765e-006, 1, 0, 0, 0, 0, 0, 0, 0, 0.392578882, -0.183362476, -0.172437671, -0.121378277, 0.513022425, -0.84975454, -0.932128906, 0.235107422, 0.275146484, 0.340934235, 0.825539252, 0.449870922, 0, 0, -0, 0, 0, 0, 0, 0.424968896, -0.127878955, -0.13295166, -0.0398976142, 0.418718979, -0.907166124, 0.709960938, -0.626953125, -0.320556641, -0.702967656, -0.656728993, -0.272341989, 0, 2, 1, 1, 
247.815096, 28, 0.1, 0.1, 0.0103914681, 0.350950631, -0.0199672272, 0.991692317, -0.12863261, -1.38724678e-005, 0.12863261, 0.991692317, 4.38421153e-006, 1.31932672e-005, -6.13224063e-006, 1, 0.991692325, -0.128632543, -2.45753763e-005, 0.128632543, 0.991692326, -1.44349346e-005, 2.62280144e-005, 1.11538208e-005, 1, 0, 0, 0, 0, 0, 0, 0, 0.39292124, -0.182489282, -0.17243291, -0.123264294, 0.512572356, -0.849653069, -0.932861328, 0.232177734, 0.275390625, 0.338390337, 0.826599272, 0.449731258, 0, 0, -0, 0, 0, 0, 0, 0.424601123, -0.127667432, -0.133582568, -0.0419359217, 0.418623097, -0.907089198, 0.709472656, -0.626708984, -0.321899414, -0.703427376, -0.656984556, -0.270738249, 0, 2, 1, 1, 
247.815879, 28, 0.1, 0.1, 0.0103914657, 0.350950632, -0.0199669755, 0.991692321, -0.128632578, -1.28311981e-005, 0.128632578, 0.991692321, -1.3616817e-005, 1.44761669e-005, 1.18531828e-005, 1, 0.991692315, -0.128632621, 1.11648558e-005, 0.128632622, 0.991692315, -1.72406372e-005, -8.85439337e-006, 1.85335721e-005, 1, 0, 0, 0, 0, 0, 0, 0, 0.39292124, -0.182489282, -0.17243291, -0.123264294, 0.512572356, -0.849653069, -0.932861328, 0.232177734, 0.275390625, 0.338390337, 0.826599272, 0.449731258, 0, 0, -0, 0, 0, 0, 0, 0.424601123, -0.127667432, -0.133582568, -0.0419359217, 0.418623097, -0.907089198, 0.709472656, -0.626708984, -0.321899414, -0.703427376, -0.656984556, -0.270738249, 0, 2, 1, 1, 
247.816663, 28, 0.1, 0.1, 0.0103914663, 0.350950632, -0.0199663406, 0.991692375, -0.128632156, 2.9210056e-005, 0.128632157, 0.991692376, -1.32396877e-005, -2.72643402e-005, 1.68870498e-005, 0.999999999, 0.991692365, -0.128632239, 1.67551668e-005, 0.128632239, 0.991692365, -9.57200078e-006, -1.53847031e-005, 1.16477347e-005, 1, 0, 0, 0, 0, 0, 0, 0, 0.39292124, -0.182489282, -0.17243291, -0.123264294, 0.512572356, -0.849653069, -0.932861328, 0.232177734, 0.275390625, 0.338390337, 0.826599272, 0.449731258, 0, 0, -0, 0, 0, 0, 0, 0.424601123, -0.127667432, -0.133582568, -0.0419359217, 0.418623097, -0.907089198, 0.709472656, -0.626708984, -0.321899414, -0.703427376, -0.656984556, -0.270738249, 0, 2, 1, 1, 
247.817442, 28, 0.1, 0.1, 0.0103914668, 0.350950632, -0.0199656284, 0.9916924, -0.128631971, -1.94283474e-005, 0.128631971, 0.9916924, -1.53449509e-005, 2.12407958e-005, 1.27183645e-005, 1, 0.9916924, -0.128631965, -2.30452336e-005, 0.128631965, 0.991692401, 2.52184955e-006, 2.25293925e-005, -5.46525272e-006, 1, 0, 0, 0, 0, 0, 0, 0, 0.39292124, -0.182489282, -0.17243291, -0.123264294, 0.512572356, -0.849653069, -0.932861328, 0.232177734, 0.275390625, 0.338390337, 0.826599272, 0.449731258, 0, 0, -0, 0, 0, 0, 0, 0.424601123, -0.127667432, -0.133582568, -0.0419359217, 0.418623097, -0.907089198, 0.709472656, -0.626708984, -0.321899414, -0.703427376, -0.656984556, -0.270738249, 0, 2, 1, 1, 
247.818231, 28, 0.1, 0.1, 0.0103914633, 0.350950631, -0.0199650193, 0.991692357, -0.1286323, 1.1272696e-005, 0.1286323, 0.991692357, 7.93964186e-006, -1.22003409e-005, -6.42364934e-006, 1, 0.991692369, -0.128632208, 2.48952467e-005, 0.128632208, 0.991692369, 1.62298704e-005, -2.67761102e-005, -1.2892708e-005, 1, 0, 0, 0, 0, 0, 0, 0, 0.39292124, -0.182489282, -0.17243291, -0.123264294, 0.512572356, -0.849653069, -0.932861328, 0.232177734, 0.275390625, 0.338390337, 0.826599272, 0.449731258, 0, 0, -0, 0, 0, 0, 0, 0.424601123, -0.127667432, -0.133582568, -0.0419359217, 0.418623097, -0.907089198, 0.709472656, -0.626708984, -0.321899414, -0.703427376, -0.656984556, -0.270738249, 0, 2, 1, 1, 
247.819017, 28, 0.1, 0.1, 0.0103914662, 0.350950633, -0.0199646412, 0.991692309, -0.128632672, 1.01127177e-005, 0.128632672, 0.991692309, 1.39266367e-005, -1.18201248e-005, -1.25101126e-005, 1, 0.991692313, -0.128632637, -1.42047411e-005, 0.128632637, 0.991692314, 5.33020729e-006, 1.34010939e-005, -7.11311889e-006, 1, 0, 0, 0, 0, 0, 0, 0, 0.39292124, -0.182489282, -0.17243291, -0.123264294, 0.512572356, -0.849653069, -0.932861328, 0.232177734, 0.275390625, 0.338390337, 0.826599272, 0.449731258, 0, 0, -0, 0, 0, 0, 0, 0.424601123, -0.127667432, -0.133582568, -0.0419359217, 0.418623097, -0.907089198, 0.709472656, -0.626708984, -0.321899414, -0.703427376, -0.656984556, -0.270738249, 0, 2, 1, 1, 
247.819829, 28, 0.1, 0.1, 0.0103914654, 0.350950634, -0.01996438, 0.99169233, -0.128632509, -2.99129709e-005, 0.128632509, 0.99169233, 1.22355761e-006, 2.95070745e-005, -5.0611732e-006, 1, 0.991692319, -0.128632592, -1.60196118e-005, 0.128632592, 0.991692319, -1.63266263e-005, 1.79866623e-005, 1.41303457e-005, 1, 0, 0, 0, 0, 0, 0, 0, 0.393260913, -0.181408472, -0.172443042, -0.125188503, 0.511798777, -0.849830924, -0.93359375, 0.228881836, 0.275390625, 0.335605303, 0.827957714, 0.449388652, 0, 0, -0, 0, 0, 0, 0, 0.424482617, -0.127514014, -0.13273623, -0.040517382, 0.417677404, -0.907657927, 0.710083008, -0.627075195, -0.32019043, -0.702910053, -0.657329438, -0.271166253, 0, 2, 1, 1, 
247.820609, 28, 0.1, 0.1, 0.0103914642, 0.350950635, -0.0199645222, 0.99169239, -0.128632046, 2.68600759e-005, 0.128632046, 0.99169239, -8.14046631e-006, -2.55898081e-005, 1.1527905e-005, 1, 0.991692379, -0.128632128, 2.82821038e-005, 0.128632128, 0.991692379, -1.48867322e-005, -2.61322348e-005, 1.8401046e-005, 0.999999999, 0, 0, 0, 0, 0, 0, 0, 0.393260913, -0.181408472, -0.172443042, -0.125188503, 0.511798777, -0.849830924, -0.93359375, 0.228881836, 0.275390625, 0.335605303, 0.827957714, 0.449388652, 0, 0, -0, 0, 0, 0, 0, 0.424482617, -0.127514014, -0.13273623, -0.040517382, 0.417677404, -0.907657927, 0.710083008, -0.627075195, -0.32019043, -0.702910053, -0.657329438, -0.271166253, 0, 2, 1, 1, 
247.821397, 28, 0.1, 0.1, 0.0103914667, 0.350950635, -0.0199650747, 0.991692404, -0.128631939, -7.59376052e-006, 0.128631939, 0.991692404, -1.92843715e-005, 1.00112607e-005, 1.81473646e-005, 1, 0.991692407, -0.128631916, -2.20203738e-005, 0.128631915, 0.991692407, -1.54448468e-005, 2.38241377e-005, 1.24840144e-005, 1, 0, 0, 0, 0, 0, 0, 0, 0.393260913, -0.181408472, -0.172443042, -0.125188503, 0.511798777, -0.849830924, -0.93359375, 0.228881836, 0.275390625, 0.335605303, 0.827957714, 0.449388652, 0, 0, -0, 0, 0, 0, 0, 0.424482617, -0.127514014, -0.13273623, -0.040517382, 0.417677404, -0.907657927, 0.710083008, -0.627075195, -0.32019043, -0.702910053, -0.657329438, -0.271166253, 0, 2, 1, 1, 
247.82221, 28, 0.1, 0.1, 0.0103914634, 0.350950634, -0.0199655099, 0.991692351, -0.128632347, -1.19785581e-005, 0.128632347, 0.991692351, -9.95857038e-006, 1.31600387e-005, 8.33500803e-006, 1, 0.991692364, -0.128632251, 1.10318458e-005, 0.12863225, 0.991692364, 1.10559932e-005, -1.23623545e-005, -9.54509291e-006, 1, 0, 0, 0, 0, 0, 0, 0, 0.393539673, -0.179826245, -0.172633813, -0.128249116, 0.512110304, -0.849234079, -0.934448242, 0.224121094, 0.276367188, 0.331887931, 0.829144292, 0.450035673, 0, 0, -0, 0, 0, 0, 0, 0.425079492, -0.126734814, -0.131680322, -0.0390729561, 0.416693065, -0.908124577, 0.712768555, -0.625366211, -0.317504883, -0.700303384, -0.659642265, -0.27256547, 0, 2, 1, 1, 
247.822994, 28, 0.1, 0.1, 0.0103914646, 0.350950633, -0.0199658634, 0.991692314, -0.128632635, 2.2834985e-005, 0.128632634, 0.991692314, 1.1794795e-005, -2.41624747e-005, -8.75948323e-006, 1, 0.991692316, -0.12863262, 1.04383306e-005, 0.12863262, 0.991692316, 1.72569917e-005, -1.25714243e-005, -1.57709162e-005, 1, 0, 0, 0, 0, 0, 0, 0, 0.393539673, -0.179826245, -0.172633813, -0.128249116, 0.512110304, -0.849234079, -0.934448242, 0.224121094, 0.276367188, 0.331887931, 0.829144292, 0.450035673, 0, 0, -0, 0, 0, 0, 0, 0.425079492, -0.126734814, -0.131680322, -0.0390729561, 0.416693065, -0.908124577, 0.712768555, -0.625366211, -0.317504883, -0.700303384, -0.659642265, -0.27256547, 0, 2, 1, 1, 
247.823777, 28, 0.1, 0.1, 0.0103914659, 0.350950634, -0.0199661577, 0.991692343, -0.128632405, -2.6131199e-005, 0.128632405, 0.991692344, 1.11079873e-005, 2.44852628e-005, -1.43770249e-005, 1, 0.991692333, -0.128632485, -2.68941562e-005, 0.128632485, 0.991692333, 5.46669419e-006, 2.59675341e-005, -8.88074086e-006, 1, 0, 0, 0, 0, 0, 0, 0, 0.393539673, -0.179826245, -0.172633813, -0.128249116, 0.512110304, -0.849234079, -0.934448242, 0.224121094, 0.276367188, 0.331887931, 0.829144292, 0.450035673, 0, 0, -0, 0, 0, 0, 0, 0.425079492, -0.126734814, -0.131680322, -0.0390729561, 0.416693065, -0.908124577, 0.712768555, -0.625366211, -0.317504883, -0.700303384, -0.659642265, -0.27256547, 0, 2, 1, 1, 
247.82456, 28, 0.1, 0.1, 0.0103914627, 0.350950634, -0.0199663133, 0.991692396, -0.128631998, 1.15414584e-005, 0.128631997, 0.991692396, 9.75600926e-006, -1.27005115e-005, -8.19035936e-006, 1, 0.991692387, -0.128632066, 2.66428298e-005, 0.128632066, 0.991692388, -5.80910497e-006, -2.56742543e-005, 9.18796741e-006, 1, 0, 0, 0, 0, 0, 0, 0, 0.393539673, -0.179826245, -0.172633813, -0.128249116, 0.512110304, -0.849234079, -0.934448242, 0.224121094, 0.276367188, 0.331887931, 0.829144292, 0.450035673, 0, 0, -0, 0, 0, 0, 0, 0.425079492, -0.126734814, -0.131680322, -0.0390729561, 0.416693065, -0.908124577, 0.712768555, -0.625366211, -0.317504883, -0.700303384, -0.659642265, -0.27256547, 0, 2, 1, 1, 
247.825344, 28, 0.1, 0.1, 0.0103914647, 0.350950635, -0.0199663146, 0.991692392, -0.128632028, 1.63692862e-005, 0.128632028, 0.991692392, -9.04306134e-006, -1.50700693e-005, 1.10735496e-005, 1, 0.991692398, -0.128631983, -6.79523415e-006, 0.128631982, 0.991692398, -1.87977788e-005, 9.15677761e-006, 1.77675299e-005, 1, 0, 0, 0, 0, 0, 0, 0, 0.393539673, -0.179826245, -0.172633813, -0.128249116, 0.512110304, -0.849234079, -0.934448242, 0.224121094, 0.276367188, 0.331887931, 0.829144292, 0.450035673, 0, 0, -0, 0, 0, 0, 0, 0.425079492, -0.126734814, -0.131680322, -0.0390729561, 0.416693065, -0.908124577, 0.712768555, -0.625366211, -0.317504883, -0.700303384, -0.659642265, -0.27256547, 0, 2, 1, 1, 
247.826143, 28, 0.1, 0.1, 0.0103914639, 0.350950635, -0.0199660996, 0.991692336, -0.12863246, -2.5208632e-005, 0.128632459, 0.991692336, -2.08653367e-005, 2.76831667e-005, 1.74493461e-005, 0.999999999, 0.991692348, -0.128632367, -1.27175564e-005, 0.128632367, 0.991692348, -1.31475656e-005, 1.43031059e-005, 1.14024508e-005, 1, 0, 0, 0, 0, 0, 0, 0, 0.393539673, -0.179826245, -0.172633813, -0.128249116, 0.512110304, -0.849234079, -0.934448242, 0.224121094, 0.276367188, 0.331887931, 0.829144292, 0.450035673, 0, 0, -0, 0, 0, 0, 0, 0.425079492, -0.126734814, -0.131680322, -0.0390729561, 0.416693065, -0.908124577, 0.712768555, -0.625366211, -0.317504883, -0.700303384, -0.659642265, -0.27256547, 0, 2, 1, 1, 
247.826956, 28, 0.1, 0.1, 0.0103914628, 0.350950634, -0.0199653056, 0.991692312, -0.128632644, 2.50703808e-005, 0.128632644, 0.991692313, -8.55976972e-006, -2.37610381e-005, 1.17135272e-005, 1, 0.991692311, -0.128632653, 2.45398497e-005, 0.128632653, 0.991692311, 1.00170305e-005, -2.56244975e-005, -6.77718619e-006, 1, 0, 0, 0, 0, 0, 0, 0, 0.393044971, -0.18029104, -0.172413867, -0.129238743, 0.511748602, -0.849247183, -0.934082031, 0.224487305, 0.27746582, 0.332662632, 0.82920158, 0.449172605, 0, 0, -0, 0, 0, 0, 0, 0.424651465, -0.127923291, -0.130194287, -0.0350094674, 0.415032088, -0.909019231, 0.711669922, -0.628173828, -0.314208984, -0.701594692, -0.657852957, -0.273395958, 0, 2, 1, 1, 
247.82774, 28, 0.1, 0.1, 0.010391466, 0.350950634, -0.0199646115, 0.991692357, -0.128632297, -1.37291289e-005, 0.128632298, 0.991692358, 6.50134087e-006, 1.27787898e-005, -8.21333945e-006, 1, 0.991692345, -0.128632391, -2.8492929e-005, 0.128632392, 0.991692345, 1.10000433e-005, 2.68412577e-005, -1.45737723e-005, 1, 0, 0, 0, 0, 0, 0, 0, 0.393044971, -0.18029104, -0.172413867, -0.129238743, 0.511748602, -0.849247183, -0.934082031, 0.224487305, 0.27746582, 0.332662632, 0.82920158, 0.449172605, 0, 0, -0, 0, 0, 0, 0, 0.424651465, -0.127923291, -0.130194287, -0.0350094674, 0.415032088, -0.909019231, 0.711669922, -0.628173828, -0.314208984, -0.701594692, -0.657852957, -0.273395958, 0, 2, 1, 1, 
247.828523, 28, 0.1, 0.1, 0.0103914631, 0.350950634, -0.0199643661, 0.991692408, -0.12863191, -1.59303639e-005, 0.12863191, 0.991692408, 1.28162219e-005, 1.41494458e-005, -1.47589031e-005, 1, 0.991692403, -0.128631949, 1.02595184e-005, 0.128631948, 0.991692403, 1.06659648e-005, -1.15462703e-005, -9.25765447e-006, 1, 0, 0, 0, 0, 0, 0, 0, 0.393044971, -0.18029104, -0.172413867, -0.129238743, 0.511748602, -0.849247183, -0.934082031, 0.224487305, 0.27746582, 0.332662632, 0.82920158, 0.449172605, 0, 0, -0, 0, 0, 0, 0, 0.424651465, -0.127923291, -0.130194287, -0.0350094674, 0.415032088, -0.909019231, 0.711669922, -0.628173828, -0.314208984, -0.701594692, -0.657852957, -0.273395958, 0, 2, 1, 1, 
247.829305, 28, 0.1, 0.1, 0.010391464, 0.350950635, -0.0199646223, 0.99169239, -0.128632047, 2.38160745e-005, 0.128632047, 0.99169239, 1.13774103e-005, -2.50817195e-005, -8.21938084e-006, 1, 0.9916924, -0.12863197, 1.47463237e-005, 0.12863197, 0.9916924, -8.67168012e-006, -1.35083618e-005, 1.04964879e-005, 1, 0, 0, 0, 0, 0, 0, 0, 0.393044971, -0.18029104, -0.172413867, -0.129238743, 0.511748602, -0.849247183, -0.934082031, 0.224487305, 0.27746582, 0.332662632, 0.82920158, 0.449172605, 0, 0, -0, 0, 0, 0, 0, 0.424651465, -0.127923291, -0.130194287, -0.0350094674, 0.415032088, -0.909019231, 0.711669922, -0.628173828, -0.314208984, -0.701594692, -0.657852957, -0.273395958, 0, 2, 1, 1, 
247.830089, 28, 0.1, 0.1, 0.0103914656, 0.350950636, -0.0199652462, 0.991692333, -0.128632482, -2.63040406e-005, 0.128632481, 0.991692334, -1.29023784e-005, 2.77451804e-005, 9.41163577e-006, 1, 0.991692343, -0.128632404, -2.63071908e-005, 0.128632404, 0.991692344, -1.93616851e-005, 2.85791798e-005, 1.58168777e-005, 0.999999999, 0, 0, 0, 0, 0, 0, 0, 0.393044971, -0.18029104, -0.172413867, -0.129238743, 0.511748602, -0.849247183, -0.934082031, 0.224487305, 0.27746582, 0.332662632, 0.82920158, 0.449172605, 0, 0, -0, 0, 0, 0, 0, 0.424651465, -0.127923291, -0.130194287, -0.0350094674, 0.415032088, -0.909019231, 0.711669922, -0.628173828, -0.314208984, -0.701594692, -0.657852957, -0.273395958, 0, 2, 1, 1, 
247.830872, 28, 0.1, 0.1, 0.0103914633, 0.350950635, -0.0199660144, 0.991692322, -0.128632571, 1.12906847e-005, 0.128632572, 0.991692322, -1.56386082e-005, -9.18525094e-006, 1.69610375e-005, 1, 0.991692318, -0.128632597, 2.33439553e-005, 0.128632597, 0.991692319, -8.22099379e-006, -2.20925333e-005, 1.115549e-005, 1, 0, 0, 0, 0, 0, 0, 0, 0.393044971, -0.18029104, -0.172413867, -0.129238743, 0.511748602, -0.849247183, -0.934082031, 0.224487305, 0.27746582, 0.332662632, 0.82920158, 0.449172605, 0, 0, -0, 0, 0, 0, 0, 0.424651465, -0.127923291, -0.130194287, -0.0350094674, 0.415032088, -0.909019231, 0.711669922, -0.628173828, -0.314208984, -0.701594692, -0.657852957, -0.273395958, 0, 2, 1, 1, 
247.831688, 28, 0.1, 0.1, 0.010391466, 0.350950635, -0.0199664396, 0.991692374, -0.128632169, 1.73504054e-005, 0.128632169, 0.991692374, -8.94844769e-006, -1.60552065e-005, 1.11059276e-005, 1, 0.991692362, -0.128632264, -1.0000301e-005, 0.128632264, 0.991692362, 5.49033898e-006, 9.21098737e-006, -6.73108859e-006, 1, 0, 0, 0, 0, 0, 0, 0, 0.392641821, -0.180768042, -0.171775269, -0.128419858, 0.511145765, -0.849824933, -0.934082031, 0.225585937, 0.276733398, 0.333150893, 0.82929706, 0.448646151, 0, 0, -0, 0, 0, 0, 0, 0.424054004, -0.129090283, -0.130002295, -0.0333484911, 0.413760837, -0.909702798, 0.709960938, -0.630737305, -0.312988281, -0.703384, -0.656268173, -0.272731347, 0, 2, 1, 1, 
247.832471, 28, 0.1, 0.1, 0.0103914641, 0.350950635, -0.0199663836, 0.991692411, -0.128631885, -2.16247218e-005, 0.128631885, 0.991692411, 2.04287476e-006, 2.11822936e-005, -4.80753213e-006, 1, 0.991692409, -0.1286319, -1.09895621e-005, 0.1286319, 0.991692409, 1.04966136e-005, 9.54806591e-006, -1.18230203e-005, 1, 0, 0, 0, 0, 0, 0, 0, 0.392641821, -0.180768042, -0.171775269, -0.128419858, 0.511145765, -0.849824933, -0.934082031, 0.225585937, 0.276733398, 0.333150893, 0.82929706, 0.448646151, 0, 0, -0, 0, 0, 0, 0, 0.424054004, -0.129090283, -0.130002295, -0.0333484911, 0.413760837, -0.909702798, 0.709960938, -0.630737305, -0.312988281, -0.703384, -0.656268173, -0.272731347, 0, 2, 1, 1, 
247.833254, 28, 0.1, 0.1, 0.010391462, 0.350950636, -0.0199661498, 0.991692382, -0.128632111, 2.4093824e-005, 0.12863211, 0.991692382, 1.43963875e-005, -2.57454994e-005, -1.11775484e-005, 1, 0.991692392, -0.128632031, 2.67130554e-005, 0.128632031, 0.991692392, 9.06574215e-006, -2.76572787e-005, -5.55427294e-006, 1, 0, 0, 0, 0, 0, 0, 0, 0.392641821, -0.180768042, -0.171775269, -0.128419858, 0.511145765, -0.849824933, -0.934082031, 0.225585937, 0.276733398, 0.333150893, 0.82929706, 0.448646151, 0, 0, -0, 0, 0, 0, 0, 0.424054004, -0.129090283, -0.130002295, -0.0333484911, 0.413760837, -0.909702798, 0.709960938, -0.630737305, -0.312988281, -0.703384, -0.656268173, -0.272731347, 0, 2, 1, 1, 
247.834056, 28, 0.1, 0.1, 0.0103914648, 0.350950637, -0.0199657325, 0.991692328, -0.128632523, -1.25318626e-005, 0.128632523, 0.991692328, 6.23789687e-006, 1.16253556e-005, -7.79807958e-006, 1, 0.991692337, -0.12863245, -2.42769805e-005, 0.12863245, 0.991692338, -1.51644588e-005, 2.60259371e-005, 1.19156701e-005, 1, 0, 0, 0, 0, 0, 0, 0, 0.392641821, -0.180768042, -0.171775269, -0.128419858, 0.511145765, -0.849824933, -0.934082031, 0.225585937, 0.276733398, 0.333150893, 0.82929706, 0.448646151, 0, 0, -0, 0, 0, 0, 0, 0.424054004, -0.129090283, -0.130002295, -0.0315467901, 0.412214699, -0.910469487, 0.709228516, -0.632568359, -0.310913086, -0.704176575, -0.65557148, -0.272443701, 0, 2, 1, 1, 
247.834838, 28, 0.1, 0.1, 0.0103914623, 0.350950637, -0.0199652148, 0.991692333, -0.128632485, -1.54161043e-005, 0.128632484, 0.991692333, -1.23056973e-005, 1.68709449e-005, 1.02204539e-005, 1, 0.991692327, -0.128632531, 1.06080751e-005, 0.128632532, 0.991692327, -1.62414442e-005, -8.43076857e-006, 1.74710591e-005, 1, 0, 0, 0, 0, 0, 0, 0, 0.392641821, -0.180768042, -0.171775269, -0.128419858, 0.511145765, -0.849824933, -0.934082031, 0.225585937, 0.276733398, 0.333150893, 0.82929706, 0.448646151, 0, 0, -0, 0, 0, 0, 0, 0.423710059, -0.130070898, -0.129377246, -0.0315467901, 0.412214699, -0.910469487, 0.709228516, -0.632568359, -0.310913086, -0.704176575, -0.65557148, -0.272443701, 0, 2, 1, 1, 
247.835624, 28, 0.1, 0.1, 0.0103914638, 0.350950637, -0.0199649072, 0.991692391, -0.128632035, 2.64467345e-005, 0.128632035, 0.991692392, -1.14827525e-005, -2.47499756e-005, 1.47892555e-005, 1, 0.99169238, -0.128632123, 1.35783572e-005, 0.128632123, 0.99169238, -7.75305199e-006, -1.24682619e-005, 9.4352555e-006, 1, 0, 0, 0, 0, 0, 0, 0, 0.392641821, -0.180768042, -0.171775269, -0.128419858, 0.511145765, -0.849824933, -0.934082031, 0.225585937, 0.276733398, 0.333150893, 0.82929706, 0.448646151, 0, 0, -0, 0, 0, 0, 0, 0.423710059, -0.130070898, -0.129377246, -0.0315467901, 0.412214699, -0.910469487, 0.709228516, -0.632568359, -0.310913086, -0.704176575, -0.65557148, -0.272443701, 0, 2, 1, 1, 
247.836435, 28, 0.1, 0.1, 0.0103914656, 0.350950636, -0.0199646857, 0.991692417, -0.128631839, -2.55415688e-005, 0.128631838, 0.991692417, -1.44579195e-005, 2.71891289e-005, 1.10523502e-005, 1, 0.991692418, -0.128631831, -2.97748109e-005, 0.128631831, 0.991692418, 4.2512175e-006, 2.89806124e-005, -8.0458886e-006, 1, 0, 0, 0, 0, 0, 0, 0, 0.392262231, -0.181695557, -0.171135937, -0.127232158, 0.51048564, -0.850358499, -0.93347168, 0.228149414, 0.276611328, 0.335187435, 0.829030838, 0.447618333, 0, 0, -0, 0, 0, 0, 0, 0.423710059, -0.130070898, -0.129377246, -0.0315467901, 0.412214699, -0.910469487, 0.709228516, -0.632568359, -0.310913086, -0.704176575, -0.65557148, -0.272443701, 0, 2, 1, 1, 
247.837222, 28, 0.1, 0.1, 0.0103914628, 0.350950636, -0.0199646417, 0.991692372, -0.128632188, 9.50648108e-006, 0.128632187, 0.991692372, 8.51850419e-006, -1.05232586e-005, -7.22489617e-006, 1, 0.991692384, -0.128632093, 2.24421626e-005, 0.128632093, 0.991692384, 1.69609515e-005, -2.44374444e-005, -1.39332641e-005, 1, 0, 0, 0, 0, 0, 0, 0, 0.392262231, -0.181695557, -0.171135937, -0.127232158, 0.51048564, -0.850358499, -0.93347168, 0.228149414, 0.276611328, 0.335187435, 0.829030838, 0.447618333, 0, 0, -0, 0, 0, 0, 0, 0.423710059, -0.130070898, -0.129377246, -0.0315467901, 0.412214699, -0.910469487, 0.709228516, -0.632568359, -0.310913086, -0.704176575, -0.65557148, -0.272443701, 0, 2, 1, 1, 
247.838006, 28, 0.1, 0.1, 0.0103914657, 0.350950637, -0.019964949, 0.991692321, -0.128632576, 1.1454836e-005, 0.128632575, 0.991692321, 1.36688836e-005, -1.31179366e-005, -1.20818618e-005, 1, 0.991692327, -0.128632536, -1.34000552e-005, 0.128632536, 0.991692327, 5.16903138e-006, 1.26238263e-005, -6.84977183e-006, 1, 0, 0, 0, 0, 0, 0, 0, 0.392262231, -0.181695557, -0.171135937, -0.127232158, 0.51048564, -0.850358499, -0.93347168, 0.228149414, 0.276611328, 0.335187435, 0.829030838, 0.447618333, 0, 0, -0, 0, 0, 0, 0, 0.423710059, -0.130070898, -0.129377246, -0.0315467901, 0.412214699, -0.910469487, 0.709228516, -0.632568359, -0.310913086, -0.704176575, -0.65557148, -0.272443701, 0, 2, 1, 1, 
247.838802, 28, 0.1, 0.1, 0.0103914647, 0.350950638, -0.0199654512, 0.991692338, -0.128632448, -2.76836267e-005, 0.128632448, 0.991692338, 3.8313941e-006, 2.69607988e-005, -7.36057683e-006, 1, 0.991692328, -0.128632521, -1.43341297e-005, 0.128632521, 0.991692328, -1.29550094e-005, 1.5881482e-005, 1.10035481e-005, 1, 0, 0, 0, 0, 0, 0, 0, 0.391683081, -0.182401172, -0.17050271, -0.125606372, 0.509806419, -0.851012633, -0.932739258, 0.231323242, 0.276245117, 0.337648958, 0.828644048, 0.44660961, 0, 0, -0, 0, 0, 0, 0, 0.423710059, -0.130070898, -0.129377246, -0.0315467901, 0.412214699, -0.910469487, 0.709228516, -0.632568359, -0.310913086, -0.704176575, -0.65557148, -0.272443701, 0, 2, 1, 1, 
247.8396, 28, 0.1, 0.1, 0.0103914632, 0.350950638, -0.0199657028, 0.991692394, -0.128632013, 2.74447492e-005, 0.128632013, 0.991692394, -5.44758127e-006, -2.65160157e-005, 8.93259824e-006, 1, 0.991692384, -0.128632087, 2.89210189e-005, 0.128632088, 0.991692385, -1.17532559e-005, -2.71689083e-005, 1.53757854e-005, 1, 0, 0, 0, 0, 0, 0, 0, 0.391683081, -0.182401172, -0.17050271, -0.125606372, 0.509806419, -0.851012633, -0.932739258, 0.231323242, 0.276245117, 0.337648958, 0.828644048, 0.44660961, 0, 0, -0, 0, 0, 0, 0, 0.423740332, -0.129756006, -0.128962012, -0.0314060655, 0.410629915, -0.911153054, 0.710205078, -0.632202148, -0.309326172, -0.703179842, -0.656842731, -0.271779091, 0, 2, 1, 1, 
247.840383, 28, 0.1, 0.1, 0.0103914655, 0.350950638, -0.0199659907, 0.991692405, -0.128631928, -6.41674112e-006, 0.128631928, 0.991692405, -1.71303855e-005, 8.56694795e-006, 1.61626754e-005, 1, 0.991692409, -0.128631902, -2.0281687e-005, 0.128631901, 0.991692409, -1.31915543e-005, 2.18100498e-005, 1.04730923e-005, 1, 0, 0, 0, 0, 0, 0, 0, 0.391683081, -0.182401172, -0.17050271, -0.125606372, 0.509806419, -0.851012633, -0.932739258, 0.231323242, 0.276245117, 0.337648958, 0.828644048, 0.44660961, 0, 0, -0, 0, 0, 0, 0, 0.423740332, -0.129756006, -0.128962012, -0.0314060655, 0.410629915, -0.911153054, 0.710205078, -0.632202148, -0.309326172, -0.703179842, -0.656842731, -0.271779091, 0, 2, 1, 1, 
247.841167, 28, 0.1, 0.1, 0.0103914625, 0.350950637, -0.0199662016, 0.991692355, -0.128632314, -1.21732399e-005, 0.128632314, 0.991692355, -1.13207938e-005, 1.35283289e-005, 9.66087262e-006, 1, 0.991692368, -0.12863222, 1.05917407e-005, 0.12863222, 0.991692368, 9.49922818e-006, -1.17256552e-005, -8.05787297e-006, 1, 0, 0, 0, 0, 0, 0, 0, 0.391683081, -0.182401172, -0.17050271, -0.125606372, 0.509806419, -0.851012633, -0.932739258, 0.231323242, 0.276245117, 0.337648958, 0.828644048, 0.44660961, 0, 0, -0, 0, 0, 0, 0, 0.423740332, -0.129756006, -0.128962012, -0.0314060655, 0.410629915, -0.911153054, 0.710205078, -0.632202148, -0.309326172, -0.703179842, -0.656842731, -0.271779091, 0, 2, 1, 1, 
247.841949, 28, 0.1, 0.1, 0.0103914638, 0.350950636, -0.0199662681, 0.991692319, -0.128632593, 2.1921419e-005, 0.128632593, 0.991692319, 9.69914157e-006, -2.29869286e-005, -6.79875522e-006, 1, 0.991692321, -0.128632579, 9.76994529e-006, 0.128632579, 0.991692321, 1.51522239e-005, -1.16378494e-005, -1.37696108e-005, 1, 0, 0, 0, 0, 0, 0, 0, 0.391683081, -0.182401172, -0.17050271, -0.125606372, 0.509806419, -0.851012633, -0.932739258, 0.231323242, 0.276245117, 0.337648958, 0.828644048, 0.44660961, 0, 0, -0, 0, 0, 0, 0, 0.423740332, -0.129756006, -0.128962012, -0.0314060655, 0.410629915, -0.911153054, 0.710205078, -0.632202148, -0.309326172, -0.703179842, -0.656842731, -0.271779091, 0, 2, 1, 1, 
