time, trialNum, realDorsalTactorPos, realVentralTactorPos, box1PosX, box1PosY, box1PosZ, box1LocalRot_11, box1LocalRot_12, box1LocalRot_13, box1LocalRot_21, box1LocalRot_22, box1LocalRot_23, box1LocalRot_31, box1LocalRot_32, box1LocalRot_33, box1GlobalRot_11, box1GlobalRot_12, box1GlobalRot_13, box1GlobalRot_21, box1GlobalRot_22, box1GlobalRot_23, box1GlobalRot_31, box1GlobalRot_32, box1GlobalRot_33, indexForceX, indexForceY, indexForceZ, indexForceGlobalX, indexForceGlobalY, indexForceGlobalZ, indexContact, indexPosX, indexPosY, indexPosZ, indexRot_11, indexRot_12, indexRot_13, indexRot_21, indexRot_22, indexRot_23, indexRot_31, indexRot_32, indexRot_33, thumbForceX, thumbForceY, thumbForceZ, thumbForceGlobalX, thumbForceGlobalY, thumbForceGlobalZ, thumbContact, thumbPosX, thumbPosY, thumbPosZ, thumbRot_11, thumbRot_12, thumbRot_13, thumbRot_21, thumbRot_22, thumbRot_23, thumbRot_31, thumbRot_32, thumbRot_33, manipForceTooHigh, cceExpType, mapping, trialSuccess, 
420.693288, 55, 0.1, 0.1, 0.0226946759, 0.368907714, -0.0199628477, 0.964225868, -0.265082017, 3.49371236e-006, 0.265082017, 0.964225868, 1.35181991e-005, -6.95215932e-006, -1.2108477e-005, 1, 0.964225877, -0.265081984, -1.39399815e-005, 0.265081985, 0.964225876, 2.34537106e-005, 7.22413471e-006, -2.63099126e-005, 1, 0, 0, 0, 0, 0, 0, 0, 0.310511719, -0.193844727, -0.179991309, -0.367642354, 0.625527206, -0.68813777, -0.912963867, -0.102172852, 0.394897461, 0.176629901, 0.77348528, 0.608796098, 0, 0, -0, 0, 0, 0, 0, 0.345976367, -0.148178662, -0.134642432, -0.232368947, 0.312832591, -0.920844287, 0.80065918, -0.475952148, -0.363769531, -0.552216613, -0.821777459, -0.139867326, 0, 2, 5, 1, 
420.702032, 55, 0.1, 0.1, 0.0226946669, 0.368907767, -0.0199545478, 0.96422615, -0.265080991, -2.2201299e-005, 0.265080991, 0.96422615, 8.90550171e-006, 1.90463939e-005, -1.447206e-005, 1, 0.9642261, -0.26508117, -2.93216306e-005, 0.265081169, 0.9642261, -3.19450358e-005, 3.6740709e-005, 2.30296252e-005, 0.999999999, 0, 0, 0, 0, 0, 0, 0, 0.308052368, -0.196435645, -0.176654761, -0.372726786, 0.622691997, -0.687938192, -0.908813477, -0.0952148438, 0.40612793, 0.187446143, 0.776653355, 0.601472564, 0, 0, -0, 0, 0, 0, 0, 0.344967969, -0.148528516, -0.13455, -0.245211263, 0.308659728, -0.918983517, 0.798828125, -0.47265625, -0.371826172, -0.549147657, -0.825284612, -0.130711533, 0, 2, 5, 1, 
420.702819, 55, 0.1, 0.1, 0.022694665, 0.368907763, -0.0199510016, 0.964226502, -0.26507971, -1.8150289e-005, 0.265079709, 0.964226502, -3.11686532e-005, 2.57631672e-005, 2.52423681e-005, 0.999999999, 0.96422642, -0.265080008, 1.21226635e-005, 0.265080008, 0.96422642, -9.23344737e-006, -9.24139018e-006, 1.21166096e-005, 1, 0, 0, 0, 0, 0, 0, 0, 0.308052368, -0.196435645, -0.176654761, -0.372726786, 0.622691997, -0.687938192, -0.908813477, -0.0952148438, 0.40612793, 0.187446143, 0.776653355, 0.601472564, 0, 0, -0, 0, 0, 0, 0, 0.344967969, -0.148528516, -0.13455, -0.245211263, 0.308659728, -0.918983517, 0.798828125, -0.47265625, -0.371826172, -0.549147657, -0.825284612, -0.130711533, 0, 2, 5, 1, 
420.703637, 55, 0.1, 0.1, 0.0226946667, 0.368907765, -0.019952287, 0.964226982, -0.265077961, 3.73135957e-005, 0.265077961, 0.964226983, 3.54010167e-006, -3.69171787e-005, 6.47755029e-006, 0.999999999, 0.964226892, -0.265078291, 2.09428641e-005, 0.265078292, 0.964226892, -3.95172982e-006, -1.9146155e-005, 9.36186279e-006, 1, 0, 0, 0, 0, 0, 0, 0, 0.307820313, -0.196475684, -0.176789746, -0.377377619, 0.621886217, -0.686142786, -0.906494141, -0.0965576172, 0.410888672, 0.18929509, 0.777028162, 0.600323056, 0, 0, -0, 0, 0, 0, 0, 0.344406348, -0.148485547, -0.134848047, -0.25038669, 0.309439176, -0.91734113, 0.797363281, -0.471313477, -0.376586914, -0.54895516, -0.82569366, -0.128820513, 0, 2, 5, 1, 
420.704418, 55, 0.1, 0.1, 0.0226946665, 0.368907766, -0.0199577007, 0.964227308, -0.265076777, -1.48424844e-005, 0.265076776, 0.964227308, -4.39976977e-005, 2.59742966e-005, 3.84893837e-005, 0.999999999, 0.964227261, -0.26507695, -1.86629343e-005, 0.26507695, 0.96422726, -3.26797753e-005, 2.66579652e-005, 2.65636165e-005, 0.999999999, 0, 0, 0, 0, 0, 0, 0, 0.307820313, -0.196475684, -0.176789746, -0.377377619, 0.621886217, -0.686142786, -0.906494141, -0.0965576172, 0.410888672, 0.18929509, 0.777028162, 0.600323056, 0, 0, -0, 0, 0, 0, 0, 0.344406348, -0.148485547, -0.134848047, -0.25038669, 0.309439176, -0.91734113, 0.797363281, -0.471313477, -0.376586914, -0.54895516, -0.82569366, -0.128820513, 0, 2, 5, 1, 
420.705239, 55, 0.1, 0.1, 0.0226946628, 0.368907763, -0.0199653465, 0.964227457, -0.265076237, 7.81374085e-006, 0.265076237, 0.964227456, 3.92643859e-005, -1.79422792e-005, -3.5788562e-005, 0.999999999, 0.964227442, -0.265076289, 2.11996475e-005, 0.265076288, 0.964227442, 4.03559363e-005, -3.11386837e-005, -3.32927773e-005, 0.999999999, 0, 0, 0, 0, 0, 0, 0, 0.307820313, -0.196475684, -0.176789746, -0.377377619, 0.621886217, -0.686142786, -0.906494141, -0.0965576172, 0.410888672, 0.18929509, 0.777028162, 0.600323056, 0, 0, -0, 0, 0, 0, 0, 0.344406348, -0.148485547, -0.134848047, -0.25038669, 0.309439176, -0.91734113, 0.797363281, -0.471313477, -0.376586914, -0.54895516, -0.82569366, -0.128820513, 0, 2, 5, 1, 
420.706052, 55, 0.1, 0.1, 0.0226946634, 0.368907768, -0.0199720653, 0.96422741, -0.265076408, 2.44337883e-005, 0.265076409, 0.964227408, -4.96007749e-005, -1.04117331e-005, 5.43032476e-005, 0.999999998, 0.964227435, -0.265076317, 5.19283804e-006, 0.265076317, 0.964227434, -4.82226225e-005, 7.77559828e-006, 4.7874074e-005, 0.999999999, 0, 0, 0, 0, 0, 0, 0, 0.308012524, -0.196520483, -0.17691936, -0.382378171, 0.620978966, -0.684270995, -0.904296875, -0.0993652344, 0.415039063, 0.189716324, 0.777542632, 0.599655817, 0, 0, -0, 0, 0, 0, 0, 0.343872803, -0.148870752, -0.135372754, -0.25503823, 0.310448669, -0.915673224, 0.795898438, -0.470336914, -0.381103516, -0.549075829, -0.825955786, -0.127172297, 0, 2, 5, 1, 
420.706839, 55, 0.1, 0.1, 0.022694662, 0.368907769, -0.0199758413, 0.964227242, -0.265077016, -2.66993845e-005, 0.265077016, 0.964227242, 3.26652893e-005, 1.70854565e-005, -3.8574155e-005, 0.999999999, 0.964227276, -0.265076894, -1.28072808e-005, 0.265076895, 0.964227276, 1.4904459e-005, 8.39830175e-006, -1.77662001e-005, 1, 0, 0, 0, 0, 0, 0, 0, 0.308012524, -0.196520483, -0.17691936, -0.382378171, 0.620978966, -0.684270995, -0.904296875, -0.0993652344, 0.415039063, 0.189716324, 0.777542632, 0.599655817, 0, 0, -0, 0, 0, 0, 0, 0.343872803, -0.148870752, -0.135372754, -0.25503823, 0.310448669, -0.915673224, 0.795898438, -0.470336914, -0.381103516, -0.549075829, -0.825955786, -0.127172297, 0, 2, 5, 1, 
420.707628, 55, 0.1, 0.1, 0.022694664, 0.368907761, -0.0199760097, 0.964227138, -0.265077397, 9.16281127e-006, 0.265077397, 0.964227138, 2.25984894e-006, -9.43406616e-006, 2.49846487e-007, 1, 0.964227147, -0.265077365, 4.67507218e-006, 0.265077365, 0.964227146, 2.71376268e-005, -1.17014021e-005, -2.49275806e-005, 1, 0, 0, 0, 0, 0, 0, 0, 0.308012524, -0.196520483, -0.17691936, -0.382378171, 0.620978966, -0.684270995, -0.904296875, -0.0993652344, 0.415039063, 0.189716324, 0.777542632, 0.599655817, 0, 0, -0, 0, 0, 0, 0, 0.343872803, -0.148870752, -0.135372754, -0.25503823, 0.310448669, -0.915673224, 0.795898438, -0.470336914, -0.381103516, -0.549075829, -0.825955786, -0.127172297, 0, 2, 5, 1, 
420.708411, 55, 0.1, 0.1, 0.0226946638, 0.368907763, -0.0199728178, 0.964227118, -0.265077469, -1.39327539e-005, 0.265077469, 0.964227118, 1.31492301e-005, 9.94877453e-006, -1.63721034e-005, 1, 0.964227127, -0.265077437, 3.01817402e-006, 0.265077437, 0.964227127, -4.77117659e-006, -1.645474e-006, 5.40054773e-006, 1, 0, 0, 0, 0, 0, 0, 0, 0.308012524, -0.196520483, -0.17691936, -0.382378171, 0.620978966, -0.684270995, -0.904296875, -0.0993652344, 0.415039063, 0.189716324, 0.777542632, 0.599655817, 0, 0, -0, 0, 0, 0, 0, 0.343872803, -0.148870752, -0.135372754, -0.25503823, 0.310448669, -0.915673224, 0.795898438, -0.470336914, -0.381103516, -0.549075829, -0.825955786, -0.127172297, 0, 2, 5, 1, 
420.709198, 55, 0.1, 0.1, 0.0226946628, 0.36890776, -0.0199675487, 0.964227127, -0.265077436, 2.01383784e-005, 0.265077437, 0.964227127, -1.15531921e-005, -1.63554802e-005, 1.64781309e-005, 1, 0.964227115, -0.265077479, 2.26323004e-005, 0.265077479, 0.964227115, -4.99496768e-007, -2.16902724e-005, 6.48094146e-006, 1, 0, 0, 0, 0, 0, 0, 0, 0.308012524, -0.196520483, -0.17691936, -0.382378171, 0.620978966, -0.684270995, -0.904296875, -0.0993652344, 0.415039063, 0.189716324, 0.777542632, 0.599655817, 0, 0, -0, 0, 0, 0, 0, 0.343872803, -0.148870752, -0.135372754, -0.25503823, 0.310448669, -0.915673224, 0.795898438, -0.470336914, -0.381103516, -0.549075829, -0.825955786, -0.127172297, 0, 2, 5, 1, 
420.709991, 55, 0.1, 0.1, 0.0226946622, 0.368907761, -0.0199619734, 0.964227235, -0.265077046, 9.59208479e-006, 0.265077046, 0.964227235, -3.59291387e-006, -8.2965504e-006, 6.0070269e-006, 1, 0.964227212, -0.265077127, 1.8788224e-006, 0.265077127, 0.964227212, -8.52671694e-006, 4.48625946e-007, 8.71972535e-006, 1, 0, 0, 0, 0, 0, 0, 0, 0.308012524, -0.196520483, -0.17691936, -0.382378171, 0.620978966, -0.684270995, -0.904296875, -0.0993652344, 0.415039063, 0.189716324, 0.777542632, 0.599655817, 0, 0, -0, 0, 0, 0, 0, 0.343872803, -0.148870752, -0.135372754, -0.25503823, 0.310448669, -0.915673224, 0.795898438, -0.470336914, -0.381103516, -0.549075829, -0.825955786, -0.127172297, 0, 2, 5, 1, 
420.710808, 55, 0.1, 0.1, 0.0226946637, 0.368907759, -0.0199576232, 0.964227276, -0.265076893, 1.31431618e-005, 0.265076893, 0.964227276, 2.07428272e-005, -1.81714393e-005, -1.65168512e-005, 1, 0.964227276, -0.265076895, -7.31098033e-006, 0.265076895, 0.964227276, -2.19713634e-006, 7.63185673e-006, 1.80566827e-007, 1, 0, 0, 0, 0, 0, 0, 0, 0.308329492, -0.196779004, -0.176428076, -0.384929183, 0.620274657, -0.683363743, -0.903076172, -0.100708008, 0.417236328, 0.189996773, 0.777777776, 0.599141347, 0, 0, -0, 0, 0, 0, 0, 0.34348208, -0.14907251, -0.1348479, -0.257638703, 0.310838393, -0.91479133, 0.795166016, -0.469604492, -0.383544922, -0.548858179, -0.82616031, -0.126220407, 0, 2, 5, 1, 
420.711596, 55, 0.1, 0.1, 0.0226946611, 0.368907761, -0.0199561716, 0.964227299, -0.265076811, 9.29004549e-006, 0.265076811, 0.964227299, -2.89717953e-005, -1.27796435e-006, 3.03979716e-005, 1, 0.964227295, -0.265076824, 2.0720301e-006, 0.265076824, 0.964227295, -3.62282246e-005, 7.60535474e-006, 3.54814902e-005, 0.999999999, 0, 0, 0, 0, 0, 0, 0, 0.308329492, -0.196779004, -0.176428076, -0.384929183, 0.620274657, -0.683363743, -0.903076172, -0.100708008, 0.417236328, 0.189996773, 0.777777776, 0.599141347, 0, 0, -0, 0, 0, 0, 0, 0.34348208, -0.14907251, -0.1348479, -0.257638703, 0.310838393, -0.91479133, 0.795166016, -0.469604492, -0.383544922, -0.548858179, -0.82616031, -0.126220407, 0, 2, 5, 1, 
420.71238, 55, 0.1, 0.1, 0.0226946626, 0.368907755, -0.019957976, 0.964227312, -0.265076763, -7.99779353e-006, 0.265076763, 0.964227312, 2.95987426e-005, -1.34247901e-007, -3.06599452e-005, 1, 0.964227307, -0.26507678, -5.93379333e-006, 0.26507678, 0.964227306, 4.46744241e-005, -6.12062695e-006, -4.46492105e-005, 0.999999999, 0, 0, 0, 0, 0, 0, 0, 0.308329492, -0.196779004, -0.176428076, -0.384929183, 0.620274657, -0.683363743, -0.903076172, -0.100708008, 0.417236328, 0.189996773, 0.777777776, 0.599141347, 0, 0, -0, 0, 0, 0, 0, 0.34348208, -0.14907251, -0.1348479, -0.257638703, 0.310838393, -0.91479133, 0.795166016, -0.469604492, -0.383544922, -0.548858179, -0.82616031, -0.126220407, 0, 2, 5, 1, 
420.713163, 55, 0.1, 0.1, 0.0226946616, 0.368907766, -0.0199622085, 0.964227247, -0.265077, 3.07366264e-005, 0.265077002, 0.964227245, -5.92793476e-005, -1.3923501e-005, 6.53063349e-005, 0.999999998, 0.964227274, -0.265076901, 2.47033824e-005, 0.265076902, 0.964227272, -6.75680749e-005, -5.90893911e-006, 7.16992767e-005, 0.999999997, 0, 0, 0, 0, 0, 0, 0, 0.308329492, -0.196779004, -0.176428076, -0.384929183, 0.620274657, -0.683363743, -0.903076172, -0.100708008, 0.417236328, 0.189996773, 0.777777776, 0.599141347, 0, 0, -0, 0, 0, 0, 0, 0.34348208, -0.14907251, -0.1348479, -0.257638703, 0.310838393, -0.91479133, 0.795166016, -0.469604492, -0.383544922, -0.548858179, -0.82616031, -0.126220407, 0, 2, 5, 1, 
420.71395, 55, 0.1, 0.1, 0.0226946629, 0.36890776, -0.0199673723, 0.964227148, -0.265077359, -6.49260617e-006, 0.265077359, 0.964227145, 7.66980863e-005, -1.4070579e-005, -7.56754199e-005, 0.999999997, 0.964227148, -0.265077359, -1.97564472e-005, 0.26507736, 0.964227146, 5.74058913e-005, 3.83270066e-006, -6.05893057e-005, 0.999999998, 0, 0, 0, 0, 0, 0, 0, 0.308329492, -0.196779004, -0.176428076, -0.384929183, 0.620274657, -0.683363743, -0.903076172, -0.100708008, 0.417236328, 0.189996773, 0.777777776, 0.599141347, 0, 0, -0, 0, 0, 0, 0, 0.34348208, -0.14907251, -0.1348479, -0.257638703, 0.310838393, -0.91479133, 0.795166016, -0.469604492, -0.383544922, -0.548858179, -0.82616031, -0.126220407, 0, 2, 5, 1, 
420.714736, 55, 0.1, 0.1, 0.0226946655, 0.368907753, -0.0199716614, 0.964227162, -0.26507731, -2.27632346e-005, 0.265077309, 0.964227162, -3.33875225e-005, 3.07992038e-005, 2.6159139e-005, 0.999999999, 0.964227169, -0.265077285, -2.23696715e-005, 0.265077285, 0.964227169, 8.31323946e-006, 1.93657941e-005, -1.39455431e-005, 1, 0, 0, 0, 0, 0, 0, 0, 0.308329492, -0.196779004, -0.176428076, -0.384929183, 0.620274657, -0.683363743, -0.903076172, -0.100708008, 0.417236328, 0.189996773, 0.777777776, 0.599141347, 0, 0, -0, 0, 0, 0, 0, 0.34348208, -0.14907251, -0.1348479, -0.257638703, 0.310838393, -0.91479133, 0.795166016, -0.469604492, -0.383544922, -0.548858179, -0.82616031, -0.126220407, 0, 2, 5, 1, 
420.715536, 55, 0.1, 0.1, 0.0226946618, 0.368907767, -0.0199736647, 0.964227021, -0.265077819, 4.78449414e-005, 0.265077821, 0.96422702, -4.24779225e-005, -3.48734302e-005, 5.36409935e-005, 0.999999998, 0.964227062, -0.265077672, 3.81755393e-005, 0.265077674, 0.96422706, -6.20752788e-005, -2.03551176e-005, 6.99741469e-005, 0.999999997, 0, 0, 0, 0, 0, 0, 0, 0.308376343, -0.196733472, -0.176502271, -0.388450726, 0.621226092, -0.680501204, -0.901367187, -0.102905273, 0.420532227, 0.19117249, 0.77676194, 0.600047477, 0, 0, -0, 0, 0, 0, 0, 0.343585449, -0.14867168, -0.134128369, -0.26041125, 0.310812507, -0.914062921, 0.796264648, -0.466064453, -0.385375977, -0.545835532, -0.828249656, -0.126143848, 0, 2, 5, 1, 
420.716325, 55, 0.1, 0.1, 0.02269466, 0.368907762, -0.0199727764, 0.964226698, -0.265078997, -2.89038433e-005, 0.265078998, 0.964226697, 3.70593179e-005, 1.80462105e-005, -4.33953855e-005, 0.999999999, 0.964226774, -0.26507872, -1.57005867e-005, 0.26507872, 0.964226773, 3.93379966e-005, 4.7112603e-006, -4.2092641e-005, 0.999999999, 0, 0, 0, 0, 0, 0, 0, 0.308376343, -0.196733472, -0.176502271, -0.388450726, 0.621226092, -0.680501204, -0.901367187, -0.102905273, 0.420532227, 0.19117249, 0.77676194, 0.600047477, 0, 0, -0, 0, 0, 0, 0, 0.343585449, -0.14867168, -0.134128369, -0.26041125, 0.310812507, -0.914062921, 0.796264648, -0.466064453, -0.385375977, -0.545835532, -0.828249656, -0.126143848, 0, 2, 5, 1, 
420.717108, 55, 0.1, 0.1, 0.0226946606, 0.368907763, -0.0199696788, 0.964226312, -0.265080401, 1.33384661e-005, 0.265080401, 0.964226312, -3.36010983e-005, -3.95430743e-006, 3.5934829e-005, 0.999999999, 0.964226382, -0.265080145, 1.62063248e-005, 0.265080145, 0.964226382, -2.77264453e-005, -8.27683574e-006, 3.1030545e-005, 0.999999999, 0, 0, 0, 0, 0, 0, 0, 0.308376343, -0.196733472, -0.176502271, -0.388450726, 0.621226092, -0.680501204, -0.901367187, -0.102905273, 0.420532227, 0.19117249, 0.77676194, 0.600047477, 0, 0, -0, 0, 0, 0, 0, 0.343585449, -0.14867168, -0.134128369, -0.26041125, 0.310812507, -0.914062921, 0.796264648, -0.466064453, -0.385375977, -0.545835532, -0.828249656, -0.126143848, 0, 2, 5, 1, 
420.717895, 55, 0.1, 0.1, 0.0226946609, 0.36890776, -0.0199655329, 0.964226057, -0.26508133, 1.23257116e-005, 0.26508133, 0.964226056, 3.98743326e-005, -2.24547134e-005, -3.51805545e-005, 0.999999999, 0.964226094, -0.265081195, 5.82988901e-006, 0.265081195, 0.964226093, 3.60766959e-005, -1.51845848e-005, -3.32406977e-005, 0.999999999, 0, 0, 0, 0, 0, 0, 0, 0.308376343, -0.196733472, -0.176502271, -0.388450726, 0.621226092, -0.680501204, -0.901367187, -0.102905273, 0.420532227, 0.19117249, 0.77676194, 0.600047477, 0, 0, -0, 0, 0, 0, 0, 0.343585449, -0.14867168, -0.134128369, -0.26041125, 0.310812507, -0.914062921, 0.796264648, -0.466064453, -0.385375977, -0.545835532, -0.828249656, -0.126143848, 0, 2, 5, 1, 
420.718682, 55, 0.1, 0.1, 0.0226946604, 0.368907759, -0.0199617346, 0.964225889, -0.265081941, -2.91873443e-006, 0.265081941, 0.964225889, 9.92291376e-006, 1.83934057e-007, -1.03416341e-005, 1, 0.964225925, -0.265081809, 6.13835712e-006, 0.265081809, 0.964225925, -5.15076507e-006, -4.55338894e-006, 6.59366803e-006, 1, 0, 0, 0, 0, 0, 0, 0, 0.308376343, -0.196733472, -0.176502271, -0.388450726, 0.621226092, -0.680501204, -0.901367187, -0.102905273, 0.420532227, 0.19117249, 0.77676194, 0.600047477, 0, 0, -0, 0, 0, 0, 0, 0.343585449, -0.14867168, -0.134128369, -0.26041125, 0.310812507, -0.914062921, 0.796264648, -0.466064453, -0.385375977, -0.545835532, -0.828249656, -0.126143848, 0, 2, 5, 1, 
420.719467, 55, 0.1, 0.1, 0.0226946611, 0.368907762, -0.0199595124, 0.964225747, -0.265082455, -2.28861636e-006, 0.265082455, 0.964225747, -2.89090846e-005, 9.87003395e-006, 2.72682117e-005, 1, 0.964225775, -0.265082356, -1.00869274e-005, 0.265082355, 0.964225774, -3.70477781e-005, 1.95467877e-005, 3.30485561e-005, 0.999999999, 0, 0, 0, 0, 0, 0, 0, 0.308376343, -0.196733472, -0.176502271, -0.388450726, 0.621226092, -0.680501204, -0.901367187, -0.102905273, 0.420532227, 0.19117249, 0.77676194, 0.600047477, 0, 0, -0, 0, 0, 0, 0, 0.343585449, -0.14867168, -0.134128369, -0.26041125, 0.310812507, -0.914062921, 0.796264648, -0.466064453, -0.385375977, -0.545835532, -0.828249656, -0.126143848, 0, 2, 5, 1, 
420.720293, 55, 0.1, 0.1, 0.0226946614, 0.368907755, -0.0199592068, 0.964225518, -0.265083288, -1.94376443e-005, 0.265083289, 0.964225518, 2.65175659e-005, 1.17129091e-005, -3.07215084e-005, 0.999999999, 0.964225579, -0.265083068, -1.78181061e-005, 0.265083069, 0.964225578, 4.29008253e-005, 5.80839122e-006, -4.60893514e-005, 0.999999999, 0, 0, 0, 0, 0, 0, 0, 0.308378516, -0.196476904, -0.176336987, -0.392810249, 0.621936392, -0.677340242, -0.899291992, -0.106201172, 0.423950195, 0.191739379, 0.775784296, 0.601277117, 0, 0, -0, 0, 0, 0, 0, 0.343585449, -0.14867168, -0.134128369, -0.262615435, 0.310901826, -0.91338555, 0.796386719, -0.464477539, -0.387084961, -0.544717031, -0.829099468, -0.125581683, 0, 2, 5, 1, 
420.721093, 55, 0.1, 0.1, 0.0226946549, 0.368907765, -0.0199606178, 0.964225231, -0.265084332, 2.4049968e-005, 0.265084333, 0.964225229, -6.2810391e-005, -6.53953534e-006, 6.69386336e-005, 0.999999998, 0.964225278, -0.265084161, 4.37057612e-005, 0.265084163, 0.964225276, -6.54759895e-005, -2.47855519e-005, 7.47193093e-005, 0.999999997, 0, 0, 0, 0, 0, 0, 0, 0.308378516, -0.196476904, -0.176336987, -0.392810249, 0.621936392, -0.677340242, -0.899291992, -0.106201172, 0.423950195, 0.191739379, 0.775784296, 0.601277117, 0, 0, -0, 0, 0, 0, 0, 0.343463135, -0.148906885, -0.133402002, -0.262615435, 0.310901826, -0.91338555, 0.796386719, -0.464477539, -0.387084961, -0.544717031, -0.829099468, -0.125581683, 0, 2, 5, 1, 
420.721882, 55, 0.1, 0.1, 0.0226946629, 0.36890776, -0.0199635713, 0.964225158, -0.265084596, -2.80539503e-005, 0.265084598, 0.964225155, 8.18445728e-005, 5.35458907e-006, -8.63532663e-005, 0.999999996, 0.964225146, -0.26508464, -4.68229225e-005, 0.265084642, 0.964225144, 6.02765042e-005, 2.91694638e-005, -7.05321587e-005, 0.999999997, 0, 0, 0, 0, 0, 0, 0, 0.308378516, -0.196476904, -0.176336987, -0.392810249, 0.621936392, -0.677340242, -0.899291992, -0.106201172, 0.423950195, 0.191739379, 0.775784296, 0.601277117, 0, 0, -0, 0, 0, 0, 0, 0.343463135, -0.148906885, -0.133402002, -0.262615435, 0.310901826, -0.91338555, 0.796386719, -0.464477539, -0.387084961, -0.544717031, -0.829099468, -0.125581683, 0, 2, 5, 1, 
420.722698, 55, 0.1, 0.1, 0.0226946548, 0.368907749, -0.0199670276, 0.964225372, -0.265083817, 4.39846964e-005, 0.265083819, 0.964225372, -3.08578053e-005, -3.42312555e-005, 4.141351e-005, 0.999999999, 0.964225307, -0.265084051, 4.96008036e-005, 0.26508405, 0.964225309, 2.30270383e-005, -5.39304508e-005, -9.05487118e-006, 0.999999999, 0, 0, 0, 0, 0, 0, 0, 0.30850249, -0.196133569, -0.176027563, -0.399017597, 0.619861659, -0.675608114, -0.896972656, -0.111083984, 0.427612305, 0.190003503, 0.776730861, 0.600508407, 0, 0, -0, 0, 0, 0, 0, 0.343463135, -0.148906885, -0.133402002, -0.265541467, 0.30923392, -0.913104101, 0.796875, -0.462646484, -0.388305664, -0.542569715, -0.830747684, -0.123588218, 0, 2, 5, 1, 
420.723485, 55, 0.1, 0.1, 0.0226946597, 0.368907769, -0.0199694055, 0.964225822, -0.265082179, -5.22422389e-005, 0.265082174, 0.964225821, -7.89371773e-005, 7.12981546e-005, 6.22647784e-005, 0.999999996, 0.964225722, -0.265082545, -4.44401266e-005, 0.265082539, 0.964225719, -9.94266399e-005, 6.92065797e-005, 8.4089422e-005, 0.999999994, 0, 0, 0, 0, 0, 0, 0, 0.30850249, -0.196133569, -0.176027563, -0.399017597, 0.619861659, -0.675608114, -0.896972656, -0.111083984, 0.427612305, 0.190003503, 0.776730861, 0.600508407, 0, 0, -0, 0, 0, 0, 0, 0.343537939, -0.149275146, -0.132448486, -0.265541467, 0.30923392, -0.913104101, 0.796875, -0.462646484, -0.388305664, -0.542569715, -0.830747684, -0.123588218, 0, 2, 5, 1, 
420.72427, 55, 0.1, 0.1, 0.0226946618, 0.368907763, -0.0199703984, 0.964226427, -0.26507998, 4.44761704e-005, 0.265079977, 0.964226426, 7.05317842e-005, -6.15816628e-005, -5.6218868e-005, 0.999999997, 0.964226291, -0.265080478, 1.80428246e-005, 0.265080477, 0.964226289, 5.9783699e-005, -3.32448573e-005, -5.28622138e-005, 0.999999998, 0, 0, 0, 0, 0, 0, 0, 0.30850249, -0.196133569, -0.176027563, -0.399017597, 0.619861659, -0.675608114, -0.896972656, -0.111083984, 0.427612305, 0.190003503, 0.776730861, 0.600508407, 0, 0, -0, 0, 0, 0, 0, 0.343537939, -0.149275146, -0.132448486, -0.265541467, 0.30923392, -0.913104101, 0.796875, -0.462646484, -0.388305664, -0.542569715, -0.830747684, -0.123588218, 0, 2, 5, 1, 
420.725057, 55, 0.1, 0.1, 0.0226946495, 0.368907759, -0.0199698288, 0.964227157, -0.265077325, 2.91255871e-005, 0.265077326, 0.964227157, -4.36202633e-005, -1.65209394e-005, 4.97803752e-005, 0.999999999, 0.964227002, -0.265077885, 5.3725974e-005, 0.265077886, 0.964227004, -1.37892769e-005, -4.81488026e-005, 2.75375608e-005, 0.999999998, 0, 0, 0, 0, 0, 0, 0, 0.30850249, -0.196133569, -0.176027563, -0.399017597, 0.619861659, -0.675608114, -0.896972656, -0.111083984, 0.427612305, 0.190003503, 0.776730861, 0.600508407, 0, 0, -0, 0, 0, 0, 0, 0.343537939, -0.149275146, -0.132448486, -0.265541467, 0.30923392, -0.913104101, 0.796875, -0.462646484, -0.388305664, -0.542569715, -0.830747684, -0.123588218, 0, 2, 5, 1, 
420.725844, 55, 0.1, 0.1, 0.02269466, 0.368907769, -0.0199679816, 0.964228033, -0.265074134, -6.46074494e-005, 0.265074134, 0.964228035, -4.48305684e-007, 6.24151482e-005, -1.66934948e-005, 0.999999998, 0.964227852, -0.265074792, -6.53690212e-005, 0.26507479, 0.964227854, -3.60250005e-005, 7.25799505e-005, 1.74086293e-005, 0.999999997, 0, 0, 0, 0, 0, 0, 0, 0.30850249, -0.196133569, -0.176027563, -0.399017597, 0.619861659, -0.675608114, -0.896972656, -0.111083984, 0.427612305, 0.190003503, 0.776730861, 0.600508407, 0, 0, -0, 0, 0, 0, 0, 0.343537939, -0.149275146, -0.132448486, -0.265541467, 0.30923392, -0.913104101, 0.796875, -0.462646484, -0.388305664, -0.542569715, -0.830747684, -0.123588218, 0, 2, 5, 1, 
420.726632, 55, 0.1, 0.1, 0.022694656, 0.36890776, -0.0199655391, 0.964229058, -0.2650704, 7.83077294e-005, 0.265070399, 0.964229061, 2.0938319e-005, -8.10567171e-005, 5.67725535e-007, 0.999999997, 0.964228839, -0.265071204, 5.68279223e-005, 0.265071201, 0.96422884, 4.36850435e-005, -6.63747687e-005, -2.70589332e-005, 0.999999997, 0, 0, 0, 0, 0, 0, 0, 0.30850249, -0.196133569, -0.176027563, -0.399017597, 0.619861659, -0.675608114, -0.896972656, -0.111083984, 0.427612305, 0.190003503, 0.776730861, 0.600508407, 0, 0, -0, 0, 0, 0, 0, 0.343537939, -0.149275146, -0.132448486, -0.265541467, 0.30923392, -0.913104101, 0.796875, -0.462646484, -0.388305664, -0.542569715, -0.830747684, -0.123588218, 0, 2, 5, 1, 
420.727448, 55, 0.1, 0.1, 0.0226946495, 0.368907758, -0.0199631735, 0.964230171, -0.265066361, -3.49815819e-005, 0.265066362, 0.964230172, 1.72664362e-005, 2.91535453e-005, -2.59212594e-005, 0.999999999, 0.964229949, -0.26506717, -6.40186357e-006, 0.26506717, 0.964229949, 1.56288717e-005, 2.0301678e-006, -1.676675e-005, 1, 0, 0, 0, 0, 0, 0, 0, 0.308882178, -0.195804517, -0.175304126, -0.4046281, 0.617482511, -0.674472833, -0.89465332, -0.114868164, 0.431396484, 0.188914649, 0.778096417, 0.599092676, 0, 0, -0, 0, 0, 0, 0, 0.343537939, -0.149275146, -0.132448486, -0.268001215, 0.307514974, -0.912969573, 0.796875, -0.461669922, -0.389404297, -0.541355333, -0.831910294, -0.12136471, 0, 2, 5, 1, 
420.728236, 55, 0.1, 0.1, 0.022694651, 0.368907762, -0.0199615833, 0.964231042, -0.265063192, 3.84923003e-005, 0.265063193, 0.964231042, -3.02870254e-005, -2.90874953e-005, 3.94065821e-005, 0.999999999, 0.964230893, -0.265063736, 2.32875627e-005, 0.265063737, 0.964230892, -3.49768407e-005, -1.31834952e-005, 3.98984388e-005, 0.999999999, 0, 0, 0, 0, 0, 0, 0, 0.308882178, -0.195804517, -0.175304126, -0.4046281, 0.617482511, -0.674472833, -0.89465332, -0.114868164, 0.431396484, 0.188914649, 0.778096417, 0.599092676, 0, 0, -0, 0, 0, 0, 0, 0.343400732, -0.149859814, -0.131723096, -0.268001215, 0.307514974, -0.912969573, 0.796875, -0.461669922, -0.389404297, -0.541355333, -0.831910294, -0.12136471, 0, 2, 5, 1, 
420.729021, 55, 0.1, 0.1, 0.0226946508, 0.368907761, -0.0199614935, 0.964231652, -0.265060975, -1.41649116e-005, 0.265060975, 0.964231652, -4.14356084e-006, 1.47565524e-005, 2.40787237e-007, 1, 0.964231548, -0.265061356, -2.10890277e-005, 0.265061356, 0.964231548, 8.9688667e-006, 1.79574058e-005, -1.42379505e-005, 1, 0, 0, 0, 0, 0, 0, 0, 0.308882178, -0.195804517, -0.175304126, -0.4046281, 0.617482511, -0.674472833, -0.89465332, -0.114868164, 0.431396484, 0.188914649, 0.778096417, 0.599092676, 0, 0, -0, 0, 0, 0, 0, 0.343400732, -0.149859814, -0.131723096, -0.268001215, 0.307514974, -0.912969573, 0.796875, -0.461669922, -0.389404297, -0.541355333, -0.831910294, -0.12136471, 0, 2, 5, 1, 
420.729807, 55, 0.1, 0.1, 0.0226946507, 0.36890776, -0.0199627967, 0.964232078, -0.265059428, 1.35714582e-005, 0.265059428, 0.964232078, -1.98309723e-006, -1.25603967e-005, 5.5094089e-006, 1, 0.964232006, -0.26505969, -1.55883889e-006, 0.26505969, 0.964232006, -5.18483227e-006, 2.87737239e-006, 4.58619587e-006, 1, 0, 0, 0, 0, 0, 0, 0, 0.308882178, -0.195804517, -0.175304126, -0.4046281, 0.617482511, -0.674472833, -0.89465332, -0.114868164, 0.431396484, 0.188914649, 0.778096417, 0.599092676, 0, 0, -0, 0, 0, 0, 0, 0.343400732, -0.149859814, -0.131723096, -0.268001215, 0.307514974, -0.912969573, 0.796875, -0.461669922, -0.389404297, -0.541355333, -0.831910294, -0.12136471, 0, 2, 5, 1, 
420.73059, 55, 0.1, 0.1, 0.0226946532, 0.368907761, -0.0199649609, 0.96423238, -0.265058326, -2.43457892e-005, 0.265058326, 0.964232381, -6.16502297e-006, 2.51090889e-005, -5.0853935e-007, 1, 0.964232322, -0.265058539, -2.51956736e-005, 0.265058539, 0.964232322, -1.7457833e-005, 2.89218306e-005, 1.01550785e-005, 1, 0, 0, 0, 0, 0, 0, 0, 0.308882178, -0.195804517, -0.175304126, -0.4046281, 0.617482511, -0.674472833, -0.89465332, -0.114868164, 0.431396484, 0.188914649, 0.778096417, 0.599092676, 0, 0, -0, 0, 0, 0, 0, 0.343400732, -0.149859814, -0.131723096, -0.268001215, 0.307514974, -0.912969573, 0.796875, -0.461669922, -0.389404297, -0.541355333, -0.831910294, -0.12136471, 0, 2, 5, 1, 
420.731373, 55, 0.1, 0.1, 0.0226946493, 0.368907759, -0.019967263, 0.964232678, -0.265057245, 2.33585233e-005, 0.265057245, 0.964232678, 2.97551928e-007, -2.26019198e-005, 5.90443654e-006, 1, 0.964232615, -0.265057471, 3.34847521e-005, 0.265057471, 0.964232616, 4.0694102e-006, -3.33657177e-005, 4.95152568e-006, 0.999999999, 0, 0, 0, 0, 0, 0, 0, 0.308882178, -0.195804517, -0.175304126, -0.4046281, 0.617482511, -0.674472833, -0.89465332, -0.114868164, 0.431396484, 0.188914649, 0.778096417, 0.599092676, 0, 0, -0, 0, 0, 0, 0, 0.343400732, -0.149859814, -0.131723096, -0.268001215, 0.307514974, -0.912969573, 0.796875, -0.461669922, -0.389404297, -0.541355333, -0.831910294, -0.12136471, 0, 2, 5, 1, 
420.732187, 55, 0.1, 0.1, 0.022694658, 0.368907762, -0.0199688266, 0.964232934, -0.265056309, -4.88748038e-005, 0.265056308, 0.964232935, -1.32281569e-005, 5.0632902e-005, -1.99550541e-007, 0.999999999, 0.964232887, -0.26505648, -5.26441664e-005, 0.265056479, 0.964232888, -2.48659802e-005, 5.73521258e-005, 1.00229185e-005, 0.999999998, 0, 0, 0, 0, 0, 0, 0, 0.308254419, -0.19611333, -0.174606323, -0.408320385, 0.615725296, -0.673769646, -0.892456055, -0.114501953, 0.436157227, 0.191353328, 0.779487059, 0.596509464, 0, 0, -0, 0, 0, 0, 0, 0.343400732, -0.149859814, -0.131723096, -0.271253172, 0.305470103, -0.912643281, 0.79699707, -0.460327148, -0.390869141, -0.539610501, -0.833475389, -0.118630075, 0, 2, 5, 1, 
420.732974, 55, 0.1, 0.1, 0.0226946528, 0.36890776, -0.0199689886, 0.964233184, -0.265055395, 6.86149641e-005, 0.265055395, 0.964233186, 1.02853597e-005, -6.88870155e-005, 8.26928122e-006, 0.999999998, 0.96423313, -0.265055594, 5.71806352e-005, 0.265055594, 0.964233132, 8.85511933e-006, -5.74825618e-005, 6.61764776e-006, 0.999999998, 0, 0, 0, 0, 0, 0, 0, 0.308254419, -0.19611333, -0.174606323, -0.408320385, 0.615725296, -0.673769646, -0.892456055, -0.114501953, 0.436157227, 0.191353328, 0.779487059, 0.596509464, 0, 0, -0, 0, 0, 0, 0, 0.343222266, -0.150028027, -0.130974268, -0.271253172, 0.305470103, -0.912643281, 0.79699707, -0.460327148, -0.390869141, -0.539610501, -0.833475389, -0.118630075, 0, 2, 5, 1, 
420.733758, 55, 0.1, 0.1, 0.022694648, 0.368907758, -0.019968138, 0.9642334, -0.265054617, -2.46632417e-005, 0.265054616, 0.9642334, -1.59013732e-005, 2.79958537e-005, 8.79552911e-006, 1, 0.964233373, -0.265054715, -6.81720177e-006, 0.265054715, 0.964233373, 2.7095489e-006, 5.85519475e-006, -4.41956895e-006, 1, 0, 0, 0, 0, 0, 0, 0, 0.308254419, -0.19611333, -0.174606323, -0.408320385, 0.615725296, -0.673769646, -0.892456055, -0.114501953, 0.436157227, 0.191353328, 0.779487059, 0.596509464, 0, 0, -0, 0, 0, 0, 0, 0.343222266, -0.150028027, -0.130974268, -0.271253172, 0.305470103, -0.912643281, 0.79699707, -0.460327148, -0.390869141, -0.539610501, -0.833475389, -0.118630075, 0, 2, 5, 1, 
420.734544, 55, 0.1, 0.1, 0.0226946518, 0.368907756, -0.0199666032, 0.964233574, -0.265053984, 1.27421498e-005, 0.265053984, 0.964233574, 2.48680098e-005, -1.88777737e-005, -2.06012124e-005, 1, 0.96423353, -0.265054145, -1.53589359e-006, 0.265054145, 0.96423353, 2.60158155e-005, -5.41463962e-006, -2.54924166e-005, 1, 0, 0, 0, 0, 0, 0, 0, 0.308254419, -0.19611333, -0.174606323, -0.408320385, 0.615725296, -0.673769646, -0.892456055, -0.114501953, 0.436157227, 0.191353328, 0.779487059, 0.596509464, 0, 0, -0, 0, 0, 0, 0, 0.343222266, -0.150028027, -0.130974268, -0.271253172, 0.305470103, -0.912643281, 0.79699707, -0.460327148, -0.390869141, -0.539610501, -0.833475389, -0.118630075, 0, 2, 5, 1, 
420.735352, 55, 0.1, 0.1, 0.0226946518, 0.368907762, -0.0199645858, 0.964233871, -0.265052904, -1.3375196e-005, 0.265052903, 0.964233871, -3.31119801e-005, 2.16732435e-005, 2.83825582e-005, 0.999999999, 0.964233807, -0.265053138, -1.27451596e-005, 0.265053137, 0.964233806, -4.65360732e-005, 2.46238459e-005, 4.14935105e-005, 0.999999999, 0, 0, 0, 0, 0, 0, 0, 0.308254419, -0.19611333, -0.174606323, -0.408320385, 0.615725296, -0.673769646, -0.892456055, -0.114501953, 0.436157227, 0.191353328, 0.779487059, 0.596509464, 0, 0, -0, 0, 0, 0, 0, 0.342469141, -0.15002168, -0.131280615, -0.276115432, 0.305789466, -0.911122296, 0.795776367, -0.458740234, -0.395141602, -0.538894118, -0.834178279, -0.116751816, 0, 2, 5, 1, 
420.736141, 55, 0.1, 0.1, 0.0226946496, 0.368907752, -0.0199630314, 0.964234184, -0.265051766, 9.04090578e-006, 0.265051765, 0.964234182, 6.1666606e-005, -2.50623932e-005, -5.70647415e-005, 0.999999998, 0.964234128, -0.265051969, 1.82799191e-005, 0.265051968, 0.964234126, 7.21762612e-005, -3.6756582e-005, -6.47496857e-005, 0.999999997, 0, 0, 0, 0, 0, 0, 0, 0.308254419, -0.19611333, -0.174606323, -0.408320385, 0.615725296, -0.673769646, -0.892456055, -0.114501953, 0.436157227, 0.191353328, 0.779487059, 0.596509464, 0, 0, -0, 0, 0, 0, 0, 0.342469141, -0.15002168, -0.131280615, -0.276115432, 0.305789466, -0.911122296, 0.795776367, -0.458740234, -0.395141602, -0.538894118, -0.834178279, -0.116751816, 0, 2, 5, 1, 
420.736935, 55, 0.1, 0.1, 0.0226946567, 0.368907762, -0.0199623972, 0.964234363, -0.265051113, -2.7523794e-005, 0.265051109, 0.964234359, -0.000102735802, 5.37696265e-005, 9.17661786e-005, 0.999999994, 0.964234347, -0.26505117, -3.8681205e-005, 0.265051165, 0.964234345, -9.14383922e-005, 6.15335991e-005, 7.79155399e-005, 0.999999995, 0, 0, 0, 0, 0, 0, 0, 0.308254419, -0.19611333, -0.174606323, -0.408320385, 0.615725296, -0.673769646, -0.892456055, -0.114501953, 0.436157227, 0.191353328, 0.779487059, 0.596509464, 0, 0, -0, 0, 0, 0, 0, 0.342469141, -0.15002168, -0.131280615, -0.276115432, 0.305789466, -0.911122296, 0.795776367, -0.458740234, -0.395141602, -0.538894118, -0.834178279, -0.116751816, 0, 2, 5, 1, 
420.737731, 55, 0.1, 0.1, 0.0226946539, 0.368907769, -0.0199627539, 0.964234315, -0.26505129, 5.12233494e-006, 0.265051289, 0.964234314, 3.04430883e-005, -1.30081109e-005, -2.79965889e-005, 1, 0.964234347, -0.26505117, 2.13085472e-005, 0.26505117, 0.964234348, 5.89508304e-006, -2.21089317e-005, -3.63861864e-008, 1, 0, 0, 0, 0, 0, 0, 0, 0.307053003, -0.196306055, -0.173855786, -0.410241229, 0.616328133, -0.672113903, -0.890625, -0.112548828, 0.440307617, 0.195612502, 0.779391579, 0.595258484, 0, 0, -0, 0, 0, 0, 0, 0.342469141, -0.15002168, -0.131280615, -0.276115432, 0.305789466, -0.911122296, 0.795776367, -0.458740234, -0.395141602, -0.538894118, -0.834178279, -0.116751816, 0, 2, 5, 1, 
420.738506, 55, 0.1, 0.1, 0.0226946558, 0.368907766, -0.0199641977, 0.964234104, -0.265052058, 1.83831312e-005, 0.265052058, 0.964234103, -3.24416026e-005, -9.12692854e-006, 3.61537864e-005, 0.999999999, 0.964234137, -0.265051937, 5.10732504e-006, 0.265051937, 0.964234137, 2.14870644e-006, -5.49417595e-006, -7.18149705e-007, 1, 0, 0, 0, 0, 0, 0, 0, 0.307053003, -0.196306055, -0.173855786, -0.410241229, 0.616328133, -0.672113903, -0.890625, -0.112548828, 0.440307617, 0.195612502, 0.779391579, 0.595258484, 0, 0, -0, 0, 0, 0, 0, 0.342469141, -0.15002168, -0.131280615, -0.276115432, 0.305789466, -0.911122296, 0.795776367, -0.458740234, -0.395141602, -0.538894118, -0.834178279, -0.116751816, 0, 2, 5, 1, 
420.739282, 55, 0.1, 0.1, 0.0226946559, 0.368907777, -0.0199662157, 0.964234044, -0.265052276, 5.70955584e-008, 0.265052276, 0.964234044, -1.53537018e-005, 4.01448012e-006, 1.48196953e-005, 1, 0.964234046, -0.265052266, -7.68895631e-006, 0.265052265, 0.964234045, -4.8580462e-005, 2.0290315e-005, 4.48049602e-005, 0.999999999, 0, 0, 0, 0, 0, 0, 0, 0.307053003, -0.196306055, -0.173855786, -0.410241229, 0.616328133, -0.672113903, -0.890625, -0.112548828, 0.440307617, 0.195612502, 0.779391579, 0.595258484, 0, 0, -0, 0, 0, 0, 0, 0.342469141, -0.15002168, -0.131280615, -0.276115432, 0.305789466, -0.911122296, 0.795776367, -0.458740234, -0.395141602, -0.538894118, -0.834178279, -0.116751816, 0, 2, 5, 1, 
420.740113, 55, 0.1, 0.1, 0.022694652, 0.368907761, -0.0199676898, 0.964234022, -0.265052354, 2.03622995e-006, 0.265052353, 0.964234021, 5.93426949e-005, -1.76923232e-005, -5.66805379e-005, 0.999999998, 0.964234031, -0.265052323, 1.71371886e-005, 0.265052321, 0.964234028, 7.85569586e-005, -3.73459648e-005, -7.12050412e-005, 0.999999997, 0, 0, 0, 0, 0, 0, 0, 0.306074829, -0.196510986, -0.173111353, -0.412162073, 0.616689835, -0.670578727, -0.888793945, -0.110717773, 0.444458008, 0.199871676, 0.779334291, 0.594026601, 0, 0, -0, 0, 0, 0, 0, 0.341897754, -0.149982129, -0.131562061, -0.281584701, 0.306594434, -0.909237107, 0.794311523, -0.45703125, -0.400024414, -0.538241535, -0.834830129, -0.114835276, 0, 2, 5, 1, 
420.740895, 55, 0.1, 0.1, 0.0226946556, 0.368907765, -0.0199681696, 0.96423389, -0.265052836, 4.86941648e-006, 0.265052836, 0.964233889, -3.91917483e-005, 5.69262766e-006, 3.90806646e-005, 0.999999999, 0.964233927, -0.265052699, -1.24948211e-005, 0.265052698, 0.964233927, -4.50617206e-005, 2.39916611e-005, 4.01382538e-005, 0.999999999, 0, 0, 0, 0, 0, 0, 0, 0.306074829, -0.196510986, -0.173111353, -0.412162073, 0.616689835, -0.670578727, -0.888793945, -0.110717773, 0.444458008, 0.199871676, 0.779334291, 0.594026601, 0, 0, -0, 0, 0, 0, 0, 0.341897754, -0.149982129, -0.131562061, -0.281584701, 0.306594434, -0.909237107, 0.794311523, -0.45703125, -0.400024414, -0.538241535, -0.834830129, -0.114835276, 0, 2, 5, 1, 
420.741674, 55, 0.1, 0.1, 0.0226946507, 0.368907758, -0.0199679089, 0.964233595, -0.265053908, -2.53420813e-006, 0.265053908, 0.964233593, 6.0462434e-005, -1.35822358e-005, -5.89716119e-005, 0.999999998, 0.964233669, -0.265053638, 1.81876829e-005, 0.265053636, 0.964233668, 5.82167583e-005, -3.29677398e-005, -5.13138469e-005, 0.999999998, 0, 0, 0, 0, 0, 0, 0, 0.306074829, -0.196510986, -0.173111353, -0.412162073, 0.616689835, -0.670578727, -0.888793945, -0.110717773, 0.444458008, 0.199871676, 0.779334291, 0.594026601, 0, 0, -0, 0, 0, 0, 0, 0.341897754, -0.149982129, -0.131562061, -0.281584701, 0.306594434, -0.909237107, 0.794311523, -0.45703125, -0.400024414, -0.538241535, -0.834830129, -0.114835276, 0, 2, 5, 1, 
420.742452, 55, 0.1, 0.1, 0.0226946564, 0.368907759, -0.0199670669, 0.964233126, -0.265055616, 3.48560809e-006, 0.265055615, 0.964233124, -5.51354777e-005, 1.12530292e-005, 5.4087334e-005, 0.999999998, 0.964233234, -0.265055219, -2.05613107e-005, 0.265055218, 0.964233234, -3.6794808e-005, 2.9578555e-005, 3.00288941e-005, 0.999999999, 0, 0, 0, 0, 0, 0, 0, 0.306074829, -0.196510986, -0.173111353, -0.412162073, 0.616689835, -0.670578727, -0.888793945, -0.110717773, 0.444458008, 0.199871676, 0.779334291, 0.594026601, 0, 0, -0, 0, 0, 0, 0, 0.341897754, -0.149982129, -0.131562061, -0.281584701, 0.306594434, -0.909237107, 0.794311523, -0.45703125, -0.400024414, -0.538241535, -0.834830129, -0.114835276, 0, 2, 5, 1, 
420.74323, 55, 0.1, 0.1, 0.022694649, 0.368907765, -0.019965977, 0.964232508, -0.265057861, 5.06586416e-006, 0.265057861, 0.964232508, 2.08516846e-005, -1.04115738e-005, -1.8763125e-005, 1, 0.964232634, -0.265057401, 3.41850718e-005, 0.265057402, 0.964232635, -1.01612951e-005, -3.02690354e-005, 1.88588586e-005, 0.999999999, 0, 0, 0, 0, 0, 0, 0, 0.306074829, -0.196510986, -0.173111353, -0.412162073, 0.616689835, -0.670578727, -0.888793945, -0.110717773, 0.444458008, 0.199871676, 0.779334291, 0.594026601, 0, 0, -0, 0, 0, 0, 0, 0.341897754, -0.149982129, -0.131562061, -0.281584701, 0.306594434, -0.909237107, 0.794311523, -0.45703125, -0.400024414, -0.538241535, -0.834830129, -0.114835276, 0, 2, 5, 1, 
