time, trialNum, realDorsalTactorPos, realVentralTactorPos, boxPosX, boxPosY, boxPosZ, boxLocalRot_11, boxLocalRot_12, boxLocalRot_13, boxLocalRot_21, boxLocalRot_22, boxLocalRot_23, boxLocalRot_31, boxLocalRot_32, boxLocalRot_33, boxGlobalRot_11, boxGlobalRot_12, boxGlobalRot_13, boxGlobalRot_21, boxGlobalRot_22, boxGlobalRot_23, boxGlobalRot_31, boxGlobalRot_32, boxGlobalRot_33, indexForceX, indexForceY, indexForceZ, indexForceGlobalX, indexForceGlobalY, indexForceGlobalZ, indexContact, indexPosX, indexPosY, indexPosZ, indexRot_11, indexRot_12, indexRot_13, indexRot_21, indexRot_22, indexRot_23, indexRot_31, indexRot_32, indexRot_33, thumbForceX, thumbForceY, thumbForceZ, thumbForceGlobalX, thumbForceGlobalY, thumbForceGlobalZ, thumbContact, thumbPosX, thumbPosY, thumbPosZ, thumbRot_11, thumbRot_12, thumbRot_13, thumbRot_21, thumbRot_22, thumbRot_23, thumbRot_31, thumbRot_32, thumbRot_33, manipForceTooHigh, cceExpType, mapping, trialSuccess, 
233.695138, 25, 0.1, 0.1, 0.00973751266, 0.369202672, -0.0199657038, 0.996895824, 1.04900465e-005, -0.0787319297, 0.0787319294, 2.57625248e-005, 0.996895823, 1.24858168e-005, -1, 2.48566518e-005, 0.996895781, -1.25054771e-005, -0.078732466, 0.0787324661, 1.27448442e-005, 0.996895781, -1.14632243e-005, -1, 1.36898685e-005, 0, 0, 0, 0, 0, 0, 0, 0.210815454, 0.0248842529, -0.298580908, -0.0678008301, 0.515078139, -0.85440907, -0.79675293, 0.487426758, 0.357055664, 0.600395715, 0.705082299, 0.377565294, 0, 0, -0, 0, 0, 0, 0, 0.258158154, 0.0750806152, -0.261705371, 0.0309854528, 0.485438297, -0.873664013, 0.482543945, -0.772705078, -0.412231445, -0.875212872, -0.408649828, -0.258264903, 0, 2, 1, 1, 
233.696756, 25, 0.1, 0.1, 0.00973751935, 0.369202675, -0.0199419071, 0.996896473, -4.71075276e-005, -0.0787236893, 0.0787236906, 2.60662458e-005, 0.996896474, -4.49092971e-005, -0.999999999, 2.9693827e-005, 0.996896438, -3.40556017e-005, -0.078724142, 0.0787241426, 1.75046088e-005, 0.996896438, -3.25718727e-005, -0.999999999, 2.01312802e-005, 0, 0, 0, 0, 0, 0, 0, 0.214851343, 0.0210869629, -0.296666553, -0.054447803, 0.519809104, -0.852481496, -0.796508789, 0.4921875, 0.350952148, 0.601988561, 0.698276983, 0.387394534, 0, 0, -0, 0, 0, 0, 0, 0.260899316, 0.0707068848, -0.261039453, 0.0325377874, 0.476371823, -0.878570383, 0.479003906, -0.778808594, -0.404663086, -0.877136342, -0.407638869, -0.253625389, 0, 2, 1, 1, 
233.697536, 25, 0.1, 0.1, 0.00973752441, 0.369202676, -0.0199487438, 0.996896615, 6.66459632e-005, -0.0787218748, 0.0787218734, 2.25292816e-005, 0.996896618, 6.82126826e-005, -0.999999998, 1.72128695e-005, 0.996896595, 6.40622818e-005, -0.0787221423, 0.0787221427, -3.81963016e-006, 0.996896597, 6.35627812e-005, -0.999999998, -8.85089639e-006, 0, 0, 0, 0, 0, 0, 0, 0.214851343, 0.0210869629, -0.296666553, -0.054447803, 0.519809104, -0.852481496, -0.796508789, 0.4921875, 0.350952148, 0.601988561, 0.698276983, 0.387394534, 0, 0, -0, 0, 0, 0, 0, 0.260899316, 0.0707068848, -0.261039453, 0.0325377874, 0.476371823, -0.878570383, 0.479003906, -0.778808594, -0.404663086, -0.877136342, -0.407638869, -0.253625389, 0, 2, 1, 1, 
233.698334, 25, 0.1, 0.1, 0.00973752084, 0.369202678, -0.0199606725, 0.996896699, -6.2076361e-005, -0.0787208246, 0.078720824, -1.1503955e-005, 0.996896701, -6.27893203e-005, -0.999999998, -6.58155243e-006, 0.996896681, -4.81707931e-005, -0.0787210536, 0.0787210529, -1.63947862e-005, 0.996896682, -4.93119187e-005, -0.999999999, -1.25518524e-005, 0, 0, 0, 0, 0, 0, 0, 0.214851343, 0.0210869629, -0.296666553, -0.0500369831, 0.522561937, -0.851070635, -0.796386719, 0.493286133, 0.349731445, 0.602525875, 0.695369138, 0.391620386, 0, 0, -0, 0, 0, 0, 0, 0.260899316, 0.0707068848, -0.261039453, 0.0325377874, 0.476371823, -0.878570383, 0.479003906, -0.778808594, -0.404663086, -0.877136342, -0.407638869, -0.253625389, 0, 2, 1, 1, 
233.699132, 25, 0.1, 0.1, 0.00973751689, 0.36920268, -0.019972643, 0.996896799, 4.0803494e-005, -0.0787195711, 0.0787195715, -7.13475242e-006, 0.9968968, 4.0115228e-005, -0.999999999, -1.03246454e-005, 0.996896781, 1.63871395e-005, -0.0787198114, 0.0787198115, -2.93851267e-006, 0.996896781, 1.61049674e-005, -1, -4.21938635e-006, 0, 0, 0, 0, 0, 0, 0, 0.216417847, 0.0194328613, -0.295911865, -0.0500369831, 0.522561937, -0.851070635, -0.796386719, 0.493286133, 0.349731445, 0.602525875, 0.695369138, 0.391620386, 0, 0, -0, 0, 0, 0, 0, 0.262384277, 0.0681832031, -0.260288574, 0.0351189372, 0.471394724, -0.881177052, 0.4765625, -0.782836914, -0.399902344, -0.878337964, -0.405829872, -0.252180963, 0, 2, 1, 1, 
233.699911, 25, 0.1, 0.1, 0.00973752635, 0.369202682, -0.0199810252, 0.996896875, 2.10820748e-005, -0.0787186135, 0.0787186134, 3.61070686e-006, 0.996896875, 2.13008843e-005, -1, 1.93995069e-006, 0.99689686, 4.05197364e-005, -0.0787187984, 0.0787187984, 3.00092893e-006, 0.996896861, 4.06302275e-005, -0.999999999, -1.98048335e-007, 0, 0, 0, 0, 0, 0, 0, 0.216417847, 0.0194328613, -0.295911865, -0.0500369831, 0.522561937, -0.851070635, -0.796386719, 0.493286133, 0.349731445, 0.602525875, 0.695369138, 0.391620386, 0, 0, -0, 0, 0, 0, 0, 0.262384277, 0.0681832031, -0.260288574, 0.0351189372, 0.471394724, -0.881177052, 0.4765625, -0.782836914, -0.399902344, -0.878337964, -0.405829872, -0.252180963, 0, 2, 1, 1, 
233.700689, 25, 0.1, 0.1, 0.00973751975, 0.369202683, -0.0199838565, 0.996896944, -3.51874396e-005, -0.0787177392, 0.0787177393, 1.35801277e-006, 0.996896944, -3.49713513e-005, -0.999999999, 4.12367447e-006, 0.99689693, -3.77541396e-005, -0.0787179107, 0.0787179109, 5.05657863e-006, 0.996896931, -3.72389426e-005, -0.999999999, 8.01281471e-006, 0, 0, 0, 0, 0, 0, 0, 0.216417847, 0.0194328613, -0.295911865, -0.0500369831, 0.522561937, -0.851070635, -0.796386719, 0.493286133, 0.349731445, 0.602525875, 0.695369138, 0.391620386, 0, 0, -0, 0, 0, 0, 0, 0.262384277, 0.0681832031, -0.260288574, 0.0351189372, 0.471394724, -0.881177052, 0.4765625, -0.782836914, -0.399902344, -0.878337964, -0.405829872, -0.252180963, 0, 2, 1, 1, 
233.701474, 25, 0.1, 0.1, 0.00973751987, 0.369202683, -0.0199806541, 0.996896994, 2.56733861e-005, -0.0787171053, 0.0787171051, 8.36386851e-006, 0.996896994, 2.6252101e-005, -1, 6.31698074e-006, 0.996896987, 2.08914442e-005, -0.0787172013, 0.0787172012, 5.74090009e-006, 0.996896987, 2.12785253e-005, -1, 4.07856998e-006, 0, 0, 0, 0, 0, 0, 0, 0.216417847, 0.0194328613, -0.295911865, -0.0500369831, 0.522561937, -0.851070635, -0.796386719, 0.493286133, 0.349731445, 0.602525875, 0.695369138, 0.391620386, 0, 0, -0, 0, 0, 0, 0, 0.262384277, 0.0681832031, -0.260288574, 0.0351189372, 0.471394724, -0.881177052, 0.4765625, -0.782836914, -0.399902344, -0.878337964, -0.405829872, -0.252180963, 0, 2, 1, 1, 
233.702255, 25, 0.1, 0.1, 0.00973751918, 0.369202683, -0.0199729402, 0.99689704, -1.54614316e-005, -0.0787165288, 0.0787165289, 5.42055076e-006, 0.99689704, -1.49867685e-005, -1, 6.62080124e-006, 0.996897028, -1.51411763e-005, -0.0787166716, 0.0787166715, -9.51746972e-006, 0.996897029, -1.58433772e-005, -1, -8.29607429e-006, 0, 0, 0, 0, 0, 0, 0, 0.216417847, 0.0194328613, -0.295911865, -0.0500369831, 0.522561937, -0.851070635, -0.796386719, 0.493286133, 0.349731445, 0.602525875, 0.695369138, 0.391620386, 0, 0, -0, 0, 0, 0, 0, 0.262384277, 0.0681832031, -0.260288574, 0.0351189372, 0.471394724, -0.881177052, 0.4765625, -0.782836914, -0.399902344, -0.878337964, -0.405829872, -0.252180963, 0, 2, 1, 1, 
233.703051, 25, 0.1, 0.1, 0.00973752145, 0.369202682, -0.0199635149, 0.996897113, 3.64048517e-006, -0.0787155984, 0.0787155984, -1.05648229e-005, 0.996897113, 2.7975728e-006, -1, -1.08186044e-005, 0.996897096, 2.31548723e-005, -0.0787158193, 0.0787158197, -1.74309419e-005, 0.996897096, 2.17109341e-005, -1, -1.91995101e-005, 0, 0, 0, 0, 0, 0, 0, 0.216417847, 0.0194328613, -0.295911865, -0.0452011815, 0.525232394, -0.849723054, -0.796630859, 0.494140625, 0.347900391, 0.602625103, 0.692721525, 0.396227035, 0, 0, -0, 0, 0, 0, 0, 0.262384277, 0.0681832031, -0.260288574, 0.0351189372, 0.471394724, -0.881177052, 0.4765625, -0.782836914, -0.399902344, -0.878337964, -0.405829872, -0.252180963, 0, 2, 1, 1, 
233.70385, 25, 0.1, 0.1, 0.00973751461, 0.369202683, -0.0199554311, 0.996897185, 9.24957366e-006, -0.0787146893, 0.0787146895, -1.62223515e-005, 0.996897185, 7.94393659e-006, -1, -1.69000938e-005, 0.996897175, -2.39206847e-005, -0.0787148144, 0.0787148141, -1.28547019e-005, 0.996897175, -2.48583185e-005, -1, -1.09319037e-005, 0, 0, 0, 0, 0, 0, 0, 0.218227979, 0.017998584, -0.295159253, -0.0452011815, 0.525232394, -0.849723054, -0.796630859, 0.494140625, 0.347900391, 0.602625103, 0.692721525, 0.396227035, 0, 0, -0, 0, 0, 0, 0, 0.264069287, 0.0656976074, -0.259292969, 0.0373231224, 0.467050153, -0.883393998, 0.474365234, -0.786254883, -0.395629883, -0.879456465, -0.404199879, -0.250941061, 0, 2, 1, 1, 
233.70463, 25, 0.1, 0.1, 0.00973751302, 0.369202686, -0.0199516265, 0.996897197, -4.33757884e-005, -0.0787145274, 0.078714527, -1.07854063e-005, 0.996897198, -4.40901701e-005, -0.999999999, -7.33763666e-006, 0.9968972, -3.07454008e-005, -0.0787144898, 0.0787144903, 1.54848908e-005, 0.996897201, -2.94311188e-005, -0.999999999, 1.78569528e-005, 0, 0, 0, 0, 0, 0, 0, 0.218227979, 0.017998584, -0.295159253, -0.0452011815, 0.525232394, -0.849723054, -0.796630859, 0.494140625, 0.347900391, 0.602625103, 0.692721525, 0.396227035, 0, 0, -0, 0, 0, 0, 0, 0.264069287, 0.0656976074, -0.259292969, 0.0373231224, 0.467050153, -0.883393998, 0.474365234, -0.786254883, -0.395629883, -0.879456465, -0.404199879, -0.250941061, 0, 2, 1, 1, 
233.705513, 25, 0.1, 0.1, 0.00973751497, 0.369202689, -0.0199526303, 0.996897173, 3.8779909e-005, -0.0787148345, 0.0787148339, 1.73355667e-005, 0.996897174, 4.00241479e-005, -0.999999999, 1.42292234e-005, 0.996897177, 3.65844621e-005, -0.0787147779, 0.0787147768, 3.0192972e-005, 0.996897178, 3.88475801e-005, -0.999999999, 2.72195508e-005, 0, 0, 0, 0, 0, 0, 0, 0.218227979, 0.017998584, -0.295159253, -0.0452011815, 0.525232394, -0.849723054, -0.796630859, 0.494140625, 0.347900391, 0.602625103, 0.692721525, 0.396227035, 0, 0, -0, 0, 0, 0, 0, 0.264069287, 0.0656976074, -0.259292969, 0.0373231224, 0.467050153, -0.883393998, 0.474365234, -0.786254883, -0.395629883, -0.879456465, -0.404199879, -0.250941061, 0, 2, 1, 1, 
233.706364, 25, 0.1, 0.1, 0.0097375113, 0.369202689, -0.0199561365, 0.996897192, -1.35357743e-005, -0.078714601, 0.0787146012, 1.96534208e-005, 0.996897192, -1.19467642e-005, -1, 2.0657903e-005, 0.996897184, -3.07057972e-005, -0.0787147025, 0.0787147029, 1.05428352e-005, 0.996897184, -2.97806467e-005, -0.999999999, 1.29271204e-005, 0, 0, 0, 0, 0, 0, 0, 0.218227979, 0.017998584, -0.295159253, -0.0452011815, 0.525232394, -0.849723054, -0.796630859, 0.494140625, 0.347900391, 0.602625103, 0.692721525, 0.396227035, 0, 0, -0, 0, 0, 0, 0, 0.264069287, 0.0656976074, -0.259292969, 0.0373231224, 0.467050153, -0.883393998, 0.474365234, -0.786254883, -0.395629883, -0.879456465, -0.404199879, -0.250941061, 0, 2, 1, 1, 
233.70715, 25, 0.1, 0.1, 0.00973751576, 0.369202689, -0.019962047, 0.996897256, -6.38069499e-006, -0.0787137951, 0.0787137952, 8.91972765e-006, 0.996897256, -5.65879171e-006, -1, 9.39430074e-006, 0.996897242, 2.2256286e-005, -0.0787139696, 0.0787139698, -8.19689378e-006, 0.996897242, 2.15420201e-005, -1, -9.92334142e-006, 0, 0, 0, 0, 0, 0, 0, 0.218227979, 0.017998584, -0.295159253, -0.0452011815, 0.525232394, -0.849723054, -0.796630859, 0.494140625, 0.347900391, 0.602625103, 0.692721525, 0.396227035, 0, 0, -0, 0, 0, 0, 0, 0.264069287, 0.0656976074, -0.259292969, 0.0373231224, 0.467050153, -0.883393998, 0.474365234, -0.786254883, -0.395629883, -0.879456465, -0.404199879, -0.250941061, 0, 2, 1, 1, 
233.707947, 25, 0.1, 0.1, 0.00973751498, 0.36920269, -0.0199687796, 0.996897307, 2.57761808e-005, -0.0787131453, 0.0787131455, -6.18027137e-006, 0.996897307, 2.52097366e-005, -1, -8.19002016e-006, 0.9968973, 1.49995798e-005, -0.0787132359, 0.0787132361, -1.27320861e-005, 0.9968973, 1.39508569e-005, -1, -1.38732477e-005, 0, 0, 0, 0, 0, 0, 0, 0.218227979, 0.017998584, -0.295159253, -0.0410636971, 0.52796014, -0.848134338, -0.797119141, 0.494384766, 0.346435547, 0.602216974, 0.690435613, 0.400795493, 0, 0, -0, 0, 0, 0, 0, 0.264069287, 0.0656976074, -0.259292969, 0.0373231224, 0.467050153, -0.883393998, 0.474365234, -0.786254883, -0.395629883, -0.879456465, -0.404199879, -0.250941061, 0, 2, 1, 1, 
233.708741, 25, 0.1, 0.1, 0.00973751436, 0.369202691, -0.0199736821, 0.996897318, -1.64602693e-005, -0.0787130072, 0.078713007, -1.33666372e-005, 0.996897318, -1.74613266e-005, -1, -1.20295275e-005, 0.996897318, -1.67451821e-005, -0.0787130018, 0.0787130017, -8.4169888e-006, 0.996897318, -1.73557536e-005, -1, -7.07281001e-006, 0, 0, 0, 0, 0, 0, 0, 0.219777637, 0.016568335, -0.294171191, -0.0410636971, 0.52796014, -0.848134338, -0.797119141, 0.494384766, 0.346435547, 0.602216974, 0.690435613, 0.400795493, 0, 0, -0, 0, 0, 0, 0, 0.265742822, 0.0634599121, -0.258509131, 0.039246225, 0.463254987, -0.88532986, 0.472900391, -0.7890625, -0.391967773, -0.88023628, -0.403125854, -0.250039844, 0, 2, 1, 1, 
233.709524, 25, 0.1, 0.1, 0.00973751576, 0.369202692, -0.0199756041, 0.996897314, 7.4596208e-006, -0.0787130548, 0.0787130549, -9.23580925e-006, 0.996897314, 6.70949718e-006, -1, -9.79432297e-006, 0.996897314, 1.62114969e-005, -0.0787130521, 0.078713052, 4.50185665e-006, 0.996897314, 1.65155526e-005, -1, 3.2118324e-006, 0, 0, 0, 0, 0, 0, 0, 0.219777637, 0.016568335, -0.294171191, -0.0410636971, 0.52796014, -0.848134338, -0.797119141, 0.494384766, 0.346435547, 0.602216974, 0.690435613, 0.400795493, 0, 0, -0, 0, 0, 0, 0, 0.265742822, 0.0634599121, -0.258509131, 0.039246225, 0.463254987, -0.88532986, 0.472900391, -0.7890625, -0.391967773, -0.88023628, -0.403125854, -0.250039844, 0, 2, 1, 1, 
233.710307, 25, 0.1, 0.1, 0.00973751319, 0.369202692, -0.0199741927, 0.996897333, 9.62360948e-006, -0.0787128117, 0.0787128116, 4.63567687e-006, 0.996897333, 9.95863778e-006, -1, 3.86379254e-006, 0.996897327, -9.235308e-006, -0.0787128872, 0.0787128873, 8.42379707e-006, 0.996897327, -8.54359247e-006, -1, 9.12459854e-006, 0, 0, 0, 0, 0, 0, 0, 0.219777637, 0.016568335, -0.294171191, -0.0410636971, 0.52796014, -0.848134338, -0.797119141, 0.494384766, 0.346435547, 0.602216974, 0.690435613, 0.400795493, 0, 0, -0, 0, 0, 0, 0, 0.265742822, 0.0634599121, -0.258509131, 0.039246225, 0.463254987, -0.88532986, 0.472900391, -0.7890625, -0.391967773, -0.88023628, -0.403125854, -0.250039844, 0, 2, 1, 1, 
233.711118, 25, 0.1, 0.1, 0.00973751279, 0.369202692, -0.019969669, 0.996897377, -2.80583993e-005, -0.0787122593, 0.0787122596, 9.28658392e-006, 0.996897377, -2.72403766e-005, -1, 1.14663112e-005, 0.996897369, -1.7673724e-005, -0.078712363, 0.0787123631, 4.86584075e-006, 0.996897369, -1.72358872e-005, -1, 6.24188442e-006, 0, 0, 0, 0, 0, 0, 0, 0.22058396, 0.0151715332, -0.293613135, -0.0385808342, 0.531467456, -0.846108657, -0.794799805, 0.496704102, 0.348388672, 0.605407893, 0.686048759, 0.403440863, 0, 0, -0, 0, 0, 0, 0, 0.266537158, 0.061488916, -0.258544043, 0.0383322481, 0.459868869, -0.887086352, 0.469360352, -0.791992188, -0.390258789, -0.882050741, -0.401272381, -0.246173949, 0, 2, 1, 1, 
233.711901, 25, 0.1, 0.1, 0.0097375134, 0.369202692, -0.0199643221, 0.9968974, 2.17520536e-005, -0.078711964, 0.0787119636, 1.51239119e-005, 0.9968974, 2.28749985e-005, -1, 1.33648416e-005, 0.996897399, 2.50520889e-005, -0.0787119768, 0.078711977, -4.64175637e-006, 0.996897399, 2.46090004e-005, -1, -6.59925429e-006, 0, 0, 0, 0, 0, 0, 0, 0.22058396, 0.0151715332, -0.293613135, -0.0385808342, 0.531467456, -0.846108657, -0.794799805, 0.496704102, 0.348388672, 0.605407893, 0.686048759, 0.403440863, 0, 0, -0, 0, 0, 0, 0, 0.266537158, 0.061488916, -0.258544043, 0.0383322481, 0.459868869, -0.887086352, 0.469360352, -0.791992188, -0.390258789, -0.882050741, -0.401272381, -0.246173949, 0, 2, 1, 1, 
233.7127, 25, 0.1, 0.1, 0.00973750909, 0.369202692, -0.0199596445, 0.996897378, -1.11605069e-005, -0.0787122431, 0.0787122431, -6.53913925e-006, 0.996897378, -1.16405904e-005, -1, -5.64038224e-006, 0.996897385, -2.79124576e-005, -0.0787121582, 0.0787121577, -1.6169895e-005, 0.996897385, -2.90986233e-005, -0.999999999, -1.39226762e-005, 0, 0, 0, 0, 0, 0, 0, 0.22058396, 0.0151715332, -0.293613135, -0.0385808342, 0.531467456, -0.846108657, -0.794799805, 0.496704102, 0.348388672, 0.605407893, 0.686048759, 0.403440863, 0, 0, -0, 0, 0, 0, 0, 0.266537158, 0.061488916, -0.258544043, 0.0383322481, 0.459868869, -0.887086352, 0.469360352, -0.791992188, -0.390258789, -0.882050741, -0.401272381, -0.246173949, 0, 2, 1, 1, 
233.713484, 25, 0.1, 0.1, 0.0097375127, 0.369202695, -0.0199573241, 0.996897352, -1.22153989e-005, -0.0787125789, 0.0787125788, -1.26921249e-005, 0.996897352, -1.31765287e-005, -1, -1.16912401e-005, 0.996897353, 1.77841229e-005, -0.0787125566, 0.0787125567, -4.23478805e-006, 0.996897353, 1.73956141e-005, -1, -5.62148278e-006, 0, 0, 0, 0, 0, 0, 0, 0.22058396, 0.0151715332, -0.293613135, -0.0385808342, 0.531467456, -0.846108657, -0.794799805, 0.496704102, 0.348388672, 0.605407893, 0.686048759, 0.403440863, 0, 0, -0, 0, 0, 0, 0, 0.266537158, 0.061488916, -0.258544043, 0.0383322481, 0.459868869, -0.887086352, 0.469360352, -0.791992188, -0.390258789, -0.882050741, -0.401272381, -0.246173949, 0, 2, 1, 1, 
233.714267, 25, 0.1, 0.1, 0.00973751182, 0.369202698, -0.0199579823, 0.996897373, 3.57550332e-005, -0.0787123074, 0.0787123075, -1.53986703e-006, 0.996897373, 3.55228922e-005, -0.999999999, -4.34945056e-006, 0.996897364, 1.99266394e-005, -0.0787124215, 0.0787124211, 1.9815396e-005, 0.996897364, 2.14245321e-005, -1, 1.8185442e-005, 0, 0, 0, 0, 0, 0, 0, 0.22058396, 0.0151715332, -0.293613135, -0.0385808342, 0.531467456, -0.846108657, -0.794799805, 0.496704102, 0.348388672, 0.605407893, 0.686048759, 0.403440863, 0, 0, -0, 0, 0, 0, 0, 0.266537158, 0.061488916, -0.258544043, 0.0383322481, 0.459868869, -0.887086352, 0.469360352, -0.791992188, -0.390258789, -0.882050741, -0.401272381, -0.246173949, 0, 2, 1, 1, 
233.715048, 25, 0.1, 0.1, 0.00973751068, 0.3692027, -0.019961151, 0.996897421, -2.82442214e-005, -0.0787116927, 0.078711693, 1.12436099e-005, 0.996897422, -2.72715879e-005, -1, 1.34318762e-005, 0.996897413, -2.85075818e-005, -0.0787118017, 0.0787118022, 1.89592364e-005, 0.996897413, -2.69268189e-005, -0.999999999, 2.11442968e-005, 0, 0, 0, 0, 0, 0, 0, 0.22058396, 0.0151715332, -0.293613135, -0.0385808342, 0.531467456, -0.846108657, -0.794799805, 0.496704102, 0.348388672, 0.605407893, 0.686048759, 0.403440863, 0, 0, -0, 0, 0, 0, 0, 0.266537158, 0.061488916, -0.258544043, 0.0383322481, 0.459868869, -0.887086352, 0.469360352, -0.791992188, -0.390258789, -0.882050741, -0.401272381, -0.246173949, 0, 2, 1, 1, 
233.715862, 25, 0.1, 0.1, 0.00973751345, 0.3692027, -0.0199653521, 0.996897439, 1.17920377e-005, -0.0787114782, 0.078711478, 1.48929313e-005, 0.996897439, 1.29276968e-005, -1, 1.39185564e-005, 0.996897439, 2.58123104e-005, -0.0787114715, 0.0787114713, 1.03769101e-005, 0.996897439, 2.6549008e-005, -1, 8.3129902e-006, 0, 0, 0, 0, 0, 0, 0, 0.221878027, 0.0132183838, -0.293354736, -0.0353423661, 0.532804559, -0.845473619, -0.791870117, 0.500976562, 0.348876953, 0.609467872, 0.682005633, 0.404329018, 0, 0, -0, 0, 0, 0, 0, 0.268094238, 0.0592680664, -0.257944629, 0.038740929, 0.456131305, -0.888945289, 0.466430664, -0.794921875, -0.387573242, -0.883603442, -0.399578588, -0.243668992, 0, 2, 1, 1, 
233.716648, 25, 0.1, 0.1, 0.00973751029, 0.369202699, -0.019969198, 0.996897415, 9.27979147e-006, -0.0787117721, 0.0787117721, 5.04302705e-006, 0.996897415, 9.64794573e-006, -1, 4.2969518e-006, 0.996897421, -1.13901215e-005, -0.0787116979, 0.0787116978, -1.223389e-005, 0.996897421, -1.2317733e-005, -1, -1.12993976e-005, 0, 0, 0, 0, 0, 0, 0, 0.221878027, 0.0132183838, -0.293354736, -0.0353423661, 0.532804559, -0.845473619, -0.791870117, 0.500976562, 0.348876953, 0.609467872, 0.682005633, 0.404329018, 0, 0, -0, 0, 0, 0, 0, 0.268094238, 0.0592680664, -0.257944629, 0.038740929, 0.456131305, -0.888945289, 0.466430664, -0.794921875, -0.387573242, -0.883603442, -0.399578588, -0.243668992, 0, 2, 1, 1, 
233.717434, 25, 0.1, 0.1, 0.00973751067, 0.369202699, -0.0199716275, 0.996897399, -2.05556946e-005, -0.0787119821, 0.0787119819, -1.14405779e-005, 0.996897399, -2.13924291e-005, -1, -9.78710285e-006, 0.996897399, -1.05068513e-005, -0.0787119759, 0.0787119757, -1.66577752e-005, 0.996897399, -1.17854191e-005, -1, -1.57790777e-005, 0, 0, 0, 0, 0, 0, 0, 0.221878027, 0.0132183838, -0.293354736, -0.0353423661, 0.532804559, -0.845473619, -0.791870117, 0.500976562, 0.348876953, 0.609467872, 0.682005633, 0.404329018, 0, 0, -0, 0, 0, 0, 0, 0.268094238, 0.0592680664, -0.257944629, 0.038740929, 0.456131305, -0.888945289, 0.466430664, -0.794921875, -0.387573242, -0.883603442, -0.399578588, -0.243668992, 0, 2, 1, 1, 
233.71822, 25, 0.1, 0.1, 0.00973751111, 0.369202699, -0.0199719172, 0.996897416, 1.96193741e-005, -0.0787117603, 0.0787117605, -1.13631526e-005, 0.996897416, 1.86640896e-005, -1, -1.28721729e-005, 0.99689741, 2.05335234e-005, -0.0787118333, 0.0787118335, -6.99616908e-006, 0.996897411, 1.9919135e-005, -1, -8.59069412e-006, 0, 0, 0, 0, 0, 0, 0, 0.221878027, 0.0132183838, -0.293354736, -0.0353423661, 0.532804559, -0.845473619, -0.791870117, 0.500976562, 0.348876953, 0.609467872, 0.682005633, 0.404329018, 0, 0, -0, 0, 0, 0, 0, 0.268094238, 0.0592680664, -0.257944629, 0.038740929, 0.456131305, -0.888945289, 0.466430664, -0.794921875, -0.387573242, -0.883603442, -0.399578588, -0.243668992, 0, 2, 1, 1, 
233.719, 25, 0.1, 0.1, 0.00973750795, 0.369202701, -0.0199701957, 0.996897445, -9.07753191e-006, -0.0787113995, 0.0787113994, -7.38425193e-006, 0.996897445, -9.63059317e-006, -1, -6.64683664e-006, 0.99689744, -2.24054247e-005, -0.0787114617, 0.0787114618, 6.6738122e-006, 0.99689744, -2.18106051e-005, -1, 8.41667003e-006, 0, 0, 0, 0, 0, 0, 0, 0.221878027, 0.0132183838, -0.293354736, -0.0353423661, 0.532804559, -0.845473619, -0.791870117, 0.500976562, 0.348876953, 0.609467872, 0.682005633, 0.404329018, 0, 0, -0, 0, 0, 0, 0, 0.268094238, 0.0592680664, -0.257944629, 0.038740929, 0.456131305, -0.888945289, 0.466430664, -0.794921875, -0.387573242, -0.883603442, -0.399578588, -0.243668992, 0, 2, 1, 1, 
233.719787, 25, 0.1, 0.1, 0.00973750981, 0.369202703, -0.0199671436, 0.996897442, -1.58285567e-005, -0.0787114311, 0.0787114313, 1.0656876e-005, 0.996897442, -1.49406297e-005, -1, 1.18697008e-005, 0.996897446, 7.40454932e-006, -0.0787113873, 0.0787113871, 1.9354907e-005, 0.996897446, 8.90502788e-006, -1, 1.8712035e-005, 0, 0, 0, 0, 0, 0, 0, 0.221878027, 0.0132183838, -0.293354736, -0.0353423661, 0.532804559, -0.845473619, -0.791870117, 0.500976562, 0.348876953, 0.609467872, 0.682005633, 0.404329018, 0, 0, -0, 0, 0, 0, 0, 0.268094238, 0.0592680664, -0.257944629, 0.038740929, 0.456131305, -0.888945289, 0.466430664, -0.794921875, -0.387573242, -0.883603442, -0.399578588, -0.243668992, 0, 2, 1, 1, 
233.720601, 25, 0.1, 0.1, 0.00973750878, 0.369202703, -0.0199633984, 0.996897406, 2.96752361e-005, -0.0787118891, 0.0787118885, 2.14559661e-005, 0.996897406, 3.12720055e-005, -0.999999999, 1.90536031e-005, 0.996897413, 1.76205163e-005, -0.0787118018, 0.0787118016, 1.46722302e-005, 0.996897413, 1.87207248e-005, -1, 1.32397657e-005, 0, 0, 0, 0, 0, 0, 0, 0.222931274, 0.0117252686, -0.292632275, -0.0324214169, 0.534401892, -0.844521063, -0.789306641, 0.504638672, 0.349609375, 0.613083773, 0.678044882, 0.405661251, 0, 0, -0, 0, 0, 0, 0, 0.269426611, 0.0575432617, -0.257550391, 0.038977169, 0.453307352, -0.890388981, 0.464355469, -0.797119141, -0.385620117, -0.884683297, -0.398402485, -0.241611361, 0, 2, 1, 1, 
233.721471, 25, 0.1, 0.1, 0.00973750666, 0.369202705, -0.0199601531, 0.996897393, -2.76938553e-005, -0.0787120494, 0.07871205, 2.3427982e-005, 0.996897393, -2.57638677e-005, -0.999999999, 2.55351343e-005, 0.99689739, -2.7843025e-005, -0.0787120833, 0.0787120832, -6.66742928e-006, 0.996897391, -2.82814462e-005, -1, -4.45516035e-006, 0, 0, 0, 0, 0, 0, 0, 0.222931274, 0.0117252686, -0.292632275, -0.0324214169, 0.534401892, -0.844521063, -0.789306641, 0.504638672, 0.349609375, 0.613083773, 0.678044882, 0.405661251, 0, 0, -0, 0, 0, 0, 0, 0.269426611, 0.0575432617, -0.257550391, 0.038977169, 0.453307352, -0.890388981, 0.464355469, -0.797119141, -0.385620117, -0.884683297, -0.398402485, -0.241611361, 0, 2, 1, 1, 
233.722348, 25, 0.1, 0.1, 0.0097375123, 0.369202708, -0.0199569822, 0.996897439, 2.1353741e-005, -0.0787114683, 0.0787114683, -3.46402542e-006, 0.996897439, 2.10148312e-005, -1, -5.13406238e-006, 0.996897427, 4.0946665e-005, -0.0787116103, 0.0787116107, -9.39679222e-006, 0.996897428, 4.00799884e-005, -0.999999999, -1.25906159e-005, 0, 0, 0, 0, 0, 0, 0, 0.222931274, 0.0117252686, -0.292632275, -0.0324214169, 0.534401892, -0.844521063, -0.789306641, 0.504638672, 0.349609375, 0.613083773, 0.678044882, 0.405661251, 0, 0, -0, 0, 0, 0, 0, 0.269426611, 0.0575432617, -0.257550391, 0.038977169, 0.453307352, -0.890388981, 0.464355469, -0.797119141, -0.385620117, -0.884683297, -0.398402485, -0.241611361, 0, 2, 1, 1, 
233.723128, 25, 0.1, 0.1, 0.00973750827, 0.369202709, -0.0199570172, 0.996897485, 1.38460094e-005, -0.0787108905, 0.0787108907, -1.55988015e-005, 0.996897485, 1.25752564e-005, -1, -1.66402378e-005, 0.99689748, -1.57481178e-005, -0.0787109543, 0.0787109541, -1.03449167e-005, 0.99689748, -1.65135172e-005, -1, -9.07327205e-006, 0, 0, 0, 0, 0, 0, 0, 0.222931274, 0.0117252686, -0.292632275, -0.0324214169, 0.534401892, -0.844521063, -0.789306641, 0.504638672, 0.349609375, 0.613083773, 0.678044882, 0.405661251, 0, 0, -0, 0, 0, 0, 0, 0.269426611, 0.0575432617, -0.257550391, 0.038977169, 0.453307352, -0.890388981, 0.464355469, -0.797119141, -0.385620117, -0.884683297, -0.398402485, -0.241611361, 0, 2, 1, 1, 
233.723913, 25, 0.1, 0.1, 0.00973750771, 0.36920271, -0.0199599483, 0.99689748, -3.63244323e-005, -0.078710948, 0.0787109475, -1.41312702e-005, 0.99689748, -3.73240207e-005, -0.999999999, -1.12282972e-005, 0.996897486, -2.38215667e-005, -0.0787108767, 0.0787108769, 8.46693886e-006, 0.996897486, -2.30812198e-005, -1, 1.03156865e-005, 0, 0, 0, 0, 0, 0, 0, 0.222931274, 0.0117252686, -0.292632275, -0.0324214169, 0.534401892, -0.844521063, -0.789306641, 0.504638672, 0.349609375, 0.613083773, 0.678044882, 0.405661251, 0, 0, -0, 0, 0, 0, 0, 0.269426611, 0.0575432617, -0.257550391, 0.038977169, 0.453307352, -0.890388981, 0.464355469, -0.797119141, -0.385620117, -0.884683297, -0.398402485, -0.241611361, 0, 2, 1, 1, 
233.724694, 25, 0.1, 0.1, 0.00973750659, 0.36920271, -0.0199645777, 0.996897448, 1.8533934e-005, -0.0787113603, 0.0787113602, 5.39112455e-006, 0.996897448, 1.89007743e-005, -1, 3.91556715e-006, 0.996897453, 1.75758796e-005, -0.0787112894, 0.0787112892, 1.22968902e-005, 0.996897454, 1.84892538e-005, -1, 1.08753184e-005, 0, 0, 0, 0, 0, 0, 0, 0.222931274, 0.0117252686, -0.292632275, -0.0324214169, 0.534401892, -0.844521063, -0.789306641, 0.504638672, 0.349609375, 0.613083773, 0.678044882, 0.405661251, 0, 0, -0, 0, 0, 0, 0, 0.269426611, 0.0575432617, -0.257550391, 0.038977169, 0.453307352, -0.890388981, 0.464355469, -0.797119141, -0.385620117, -0.884683297, -0.398402485, -0.241611361, 0, 2, 1, 1, 
233.725505, 25, 0.1, 0.1, 0.00973750259, 0.369202708, -0.0199690782, 0.996897443, -1.52748439e-005, -0.0787114274, 0.0787114274, 4.66481332e-006, 0.996897443, -1.48602787e-005, -1, 5.85264524e-006, 0.99689744, -2.75116946e-005, -0.0787114565, 0.0787114565, -1.83455974e-006, 0.99689744, -2.75707388e-005, -1, 3.36617644e-007, 0, 0, 0, 0, 0, 0, 0, 0.223977075, 0.0100150146, -0.291911157, -0.0296401312, 0.536119793, -0.843587602, -0.786621094, 0.508056641, 0.350585938, 0.616598202, 0.674065035, 0.406872917, 0, 0, -0, 0, 0, 0, 0, 0.270950732, 0.0558033203, -0.256929492, 0.0387150428, 0.450413037, -0.891858194, 0.462646484, -0.799194336, -0.383544922, -0.885692789, -0.397724748, -0.239310927, 0, 2, 1, 1, 
233.726288, 25, 0.1, 0.1, 0.00973750456, 0.369202707, -0.0199720194, 0.996897471, -9.09351964e-006, -0.078711063, 0.0787110631, 2.16354724e-006, 0.996897471, -8.89501163e-006, -1, 2.87259537e-006, 0.996897465, 1.12399163e-005, -0.078711146, 0.0787111461, -1.18670594e-005, 0.996897465, 1.02709742e-005, -1, -1.27149481e-005, 0, 0, 0, 0, 0, 0, 0, 0.223977075, 0.0100150146, -0.291911157, -0.0296401312, 0.536119793, -0.843587602, -0.786621094, 0.508056641, 0.350585938, 0.616598202, 0.674065035, 0.406872917, 0, 0, -0, 0, 0, 0, 0, 0.270950732, 0.0558033203, -0.256929492, 0.0387150428, 0.450413037, -0.891858194, 0.462646484, -0.799194336, -0.383544922, -0.885692789, -0.397724748, -0.239310927, 0, 2, 1, 1, 
233.727072, 25, 0.1, 0.1, 0.0097375044, 0.369202707, -0.019972682, 0.996897493, 2.56507299e-005, -0.0787107838, 0.0787107839, -3.76791062e-006, 0.996897493, 2.52745731e-005, -1, -5.77520971e-006, 0.996897492, 1.66276255e-005, -0.0787108056, 0.0787108058, -1.08594035e-005, 0.996897492, 1.57212858e-005, -1, -1.21344859e-005, 0, 0, 0, 0, 0, 0, 0, 0.223977075, 0.0100150146, -0.291911157, -0.0296401312, 0.536119793, -0.843587602, -0.786621094, 0.508056641, 0.350585938, 0.616598202, 0.674065035, 0.406872917, 0, 0, -0, 0, 0, 0, 0, 0.270950732, 0.0558033203, -0.256929492, 0.0387150428, 0.450413037, -0.891858194, 0.462646484, -0.799194336, -0.383544922, -0.885692789, -0.397724748, -0.239310927, 0, 2, 1, 1, 
233.727885, 25, 0.1, 0.1, 0.00973750385, 0.369202709, -0.0199706205, 0.99689748, -1.54254008e-005, -0.0787109499, 0.0787109497, -9.78796419e-006, 0.99689748, -1.61479631e-005, -1, -8.54344889e-006, 0.996897485, -1.72326558e-005, -0.0787108868, 0.0787108867, -5.2646928e-006, 0.996897485, -1.75935798e-005, -1, -3.8919614e-006, 0, 0, 0, 0, 0, 0, 0, 0.225298486, 0.00875795898, -0.290734888, -0.0257426598, 0.537933174, -0.842564653, -0.78515625, 0.510742187, 0.350097656, 0.618576334, 0.670688025, 0.40942992, 0, 0, -0, 0, 0, 0, 0, 0.272063037, 0.0540040527, -0.256343262, 0.0391109639, 0.446311269, -0.893985453, 0.459716797, -0.802246094, -0.380493164, -0.887124089, -0.396069235, -0.236588686, 0, 2, 1, 1, 
233.728673, 25, 0.1, 0.1, 0.00973750707, 0.369202711, -0.0199671041, 0.996897455, 1.28724776e-005, -0.078711276, 0.078711276, -3.84112376e-006, 0.996897455, 1.25302004e-005, -1, -4.84241564e-006, 0.996897459, 2.56825614e-005, -0.078711221, 0.0787112206, 1.46482366e-005, 0.996897459, 2.67558608e-005, -1, 1.25812841e-005, 0, 0, 0, 0, 0, 0, 0, 0.225298486, 0.00875795898, -0.290734888, -0.0257426598, 0.537933174, -0.842564653, -0.78515625, 0.510742187, 0.350097656, 0.618576334, 0.670688025, 0.40942992, 0, 0, -0, 0, 0, 0, 0, 0.272063037, 0.0540040527, -0.256343262, 0.0391109639, 0.446311269, -0.893985453, 0.459716797, -0.802246094, -0.380493164, -0.887124089, -0.396069235, -0.236588686, 0, 2, 1, 1, 
233.729453, 25, 0.1, 0.1, 0.00973750411, 0.369202713, -0.0199634567, 0.996897463, 1.5084091e-005, -0.0787111721, 0.0787111719, 1.46069822e-005, 0.996897463, 1.61870247e-005, -1, 1.3374377e-005, 0.996897458, -1.12058752e-005, -0.0787112315, 0.0787112317, 2.04771828e-005, 0.996897458, -9.55932421e-006, -1, 2.12956797e-005, 0, 0, 0, 0, 0, 0, 0, 0.225298486, 0.00875795898, -0.290734888, -0.0257426598, 0.537933174, -0.842564653, -0.78515625, 0.510742187, 0.350097656, 0.618576334, 0.670688025, 0.40942992, 0, 0, -0, 0, 0, 0, 0, 0.272063037, 0.0540040527, -0.256343262, 0.0391109639, 0.446311269, -0.893985453, 0.459716797, -0.802246094, -0.380493164, -0.887124089, -0.396069235, -0.236588686, 0, 2, 1, 1, 
233.730234, 25, 0.1, 0.1, 0.00973750414, 0.369202714, -0.0199608942, 0.996897504, -3.51762536e-005, -0.0787106457, 0.0787106463, 1.64161889e-005, 0.996897504, -3.37749906e-005, -0.999999999, 1.91340034e-005, 0.996897496, -2.08538705e-005, -0.07871075, 0.0787107503, 1.16218766e-005, 0.996897496, -1.98744047e-005, -1, 1.32272435e-005, 0, 0, 0, 0, 0, 0, 0, 0.225298486, 0.00875795898, -0.290734888, -0.0257426598, 0.537933174, -0.842564653, -0.78515625, 0.510742187, 0.350097656, 0.618576334, 0.670688025, 0.40942992, 0, 0, -0, 0, 0, 0, 0, 0.272063037, 0.0540040527, -0.256343262, 0.0391109639, 0.446311269, -0.893985453, 0.459716797, -0.802246094, -0.380493164, -0.887124089, -0.396069235, -0.236588686, 0, 2, 1, 1, 
233.731013, 25, 0.1, 0.1, 0.00973750427, 0.369202714, -0.01996016, 0.996897523, 2.28786328e-005, -0.0787104007, 0.0787104004, 1.49413989e-005, 0.996897524, 2.39836959e-005, -1, 1.30942572e-005, 0.996897524, 2.57015602e-005, -0.0787103985, 0.0787103987, -5.86060779e-006, 0.996897524, 2.5160531e-005, -1, -7.86540544e-006, 0, 0, 0, 0, 0, 0, 0, 0.225298486, 0.00875795898, -0.290734888, -0.0257426598, 0.537933174, -0.842564653, -0.78515625, 0.510742187, 0.350097656, 0.618576334, 0.670688025, 0.40942992, 0, 0, -0, 0, 0, 0, 0, 0.272063037, 0.0540040527, -0.256343262, 0.0391109639, 0.446311269, -0.893985453, 0.459716797, -0.802246094, -0.380493164, -0.887124089, -0.396069235, -0.236588686, 0, 2, 1, 1, 
233.731789, 25, 0.1, 0.1, 0.00973750014, 0.369202714, -0.0199614148, 0.996897497, -1.36599912e-005, -0.0787107414, 0.0787107413, -9.5311266e-006, 0.996897497, -1.4367813e-005, -1, -8.42636821e-006, 0.996897504, -2.86935013e-005, -0.0787106447, 0.0787106442, -1.74723506e-005, 0.996897504, -2.99797398e-005, -0.999999999, -1.51596588e-005, 0, 0, 0, 0, 0, 0, 0, 0.225298486, 0.00875795898, -0.290734888, -0.0257426598, 0.537933174, -0.842564653, -0.78515625, 0.510742187, 0.350097656, 0.618576334, 0.670688025, 0.40942992, 0, 0, -0, 0, 0, 0, 0, 0.272063037, 0.0540040527, -0.256343262, 0.0391109639, 0.446311269, -0.893985453, 0.459716797, -0.802246094, -0.380493164, -0.887124089, -0.396069235, -0.236588686, 0, 2, 1, 1, 
233.732598, 25, 0.1, 0.1, 0.00973750377, 0.369202716, -0.0199638264, 0.996897464, -7.47241815e-006, -0.0787111572, 0.0787111571, -1.35660745e-005, 0.996897464, -8.51703613e-006, -1, -1.29358226e-005, 0.996897467, 1.76038618e-005, -0.0787111183, 0.0787111184, -5.87184522e-006, 0.996897467, 1.70870657e-005, -1, -7.23924727e-006, 0, 0, 0, 0, 0, 0, 0, 0.226653101, 0.00728583984, -0.289548486, -0.0212041592, 0.539930402, -0.841363848, -0.783691406, 0.513549805, 0.349365234, 0.620700121, 0.666911122, 0.41232953, 0, 0, -0, 0, 0, 0, 0, 0.272940625, 0.0524675781, -0.255507422, 0.0392258023, 0.443014469, -0.895576067, 0.457763672, -0.80456543, -0.378051758, -0.888216703, -0.395065573, -0.234301012, 0, 2, 1, 1, 
233.733383, 25, 0.1, 0.1, 0.00973750312, 0.369202717, -0.019966574, 0.996897474, 2.80076815e-005, -0.0787110304, 0.0787110305, -3.71887928e-006, 0.996897474, 2.76280701e-005, -1, -5.91185483e-006, 0.996897468, 1.57133543e-005, -0.0787111035, 0.0787111033, 1.30279013e-005, 0.996897468, 1.66900436e-005, -1, 1.17506664e-005, 0, 0, 0, 0, 0, 0, 0, 0.226653101, 0.00728583984, -0.289548486, -0.0212041592, 0.539930402, -0.841363848, -0.783691406, 0.513549805, 0.349365234, 0.620700121, 0.666911122, 0.41232953, 0, 0, -0, 0, 0, 0, 0, 0.272940625, 0.0524675781, -0.255507422, 0.0392258023, 0.443014469, -0.895576067, 0.457763672, -0.80456543, -0.378051758, -0.888216703, -0.395065573, -0.234301012, 0, 2, 1, 1, 
233.734162, 25, 0.1, 0.1, 0.00973750211, 0.369202718, -0.0199689018, 0.996897506, -2.248655e-005, -0.0787106216, 0.0787106218, 7.34800233e-006, 0.996897506, -2.18384198e-005, -1, 9.09513553e-006, 0.9968975, -2.29864945e-005, -0.0787106942, 0.0787106946, 1.31572646e-005, 0.9968975, -2.18795614e-005, -1, 1.49257271e-005, 0, 0, 0, 0, 0, 0, 0, 0.226653101, 0.00728583984, -0.289548486, -0.0212041592, 0.539930402, -0.841363848, -0.783691406, 0.513549805, 0.349365234, 0.620700121, 0.666911122, 0.41232953, 0, 0, -0, 0, 0, 0, 0, 0.272940625, 0.0524675781, -0.255507422, 0.0392258023, 0.443014469, -0.895576067, 0.457763672, -0.80456543, -0.378051758, -0.888216703, -0.395065573, -0.234301012, 0, 2, 1, 1, 
233.734938, 25, 0.1, 0.1, 0.00973750387, 0.369202719, -0.0199701079, 0.996897514, 6.36399544e-006, -0.0787105197, 0.0787105196, 1.48400706e-005, 0.996897514, 7.5123209e-006, -1, 1.42931161e-005, 0.996897516, 1.85141426e-005, -0.0787105022, 0.078710502, 1.08859529e-005, 0.996897516, 1.93135416e-005, -1, 9.39492194e-006, 0, 0, 0, 0, 0, 0, 0, 0.226653101, 0.00728583984, -0.289548486, -0.0212041592, 0.539930402, -0.841363848, -0.783691406, 0.513549805, 0.349365234, 0.620700121, 0.666911122, 0.41232953, 0, 0, -0, 0, 0, 0, 0, 0.272940625, 0.0524675781, -0.255507422, 0.0392258023, 0.443014469, -0.895576067, 0.457763672, -0.80456543, -0.378051758, -0.888216703, -0.395065573, -0.234301012, 0, 2, 1, 1, 
233.735719, 25, 0.1, 0.1, 0.00973750079, 0.369202718, -0.0199698866, 0.996897489, 1.01161421e-005, -0.0787108344, 0.0787108343, 9.3407034e-006, 0.996897489, 1.08199712e-005, -1, 8.51547378e-006, 0.996897496, -1.0671348e-005, -0.0787107568, 0.0787107567, -7.9681907e-006, 0.996897496, -1.12654224e-005, -1, -7.10351948e-006, 0, 0, 0, 0, 0, 0, 0, 0.226653101, 0.00728583984, -0.289548486, -0.0212041592, 0.539930402, -0.841363848, -0.783691406, 0.513549805, 0.349365234, 0.620700121, 0.666911122, 0.41232953, 0, 0, -0, 0, 0, 0, 0, 0.272940625, 0.0524675781, -0.255507422, 0.0392258023, 0.443014469, -0.895576067, 0.457763672, -0.80456543, -0.378051758, -0.888216703, -0.395065573, -0.234301012, 0, 2, 1, 1, 
233.736505, 25, 0.1, 0.1, 0.00973750106, 0.369202718, -0.0199683576, 0.996897472, -2.34702907e-005, -0.0787110541, 0.0787110539, -8.57253427e-006, 0.996897472, -2.40722266e-005, -1, -6.69856643e-006, 0.996897473, -1.31655009e-005, -0.0787110483, 0.0787110482, -1.43234759e-005, 0.996897473, -1.42520704e-005, -1, -1.32427666e-005, 0, 0, 0, 0, 0, 0, 0, 0.226653101, 0.00728583984, -0.289548486, -0.0212041592, 0.539930402, -0.841363848, -0.783691406, 0.513549805, 0.349365234, 0.620700121, 0.666911122, 0.41232953, 0, 0, -0, 0, 0, 0, 0, 0.272940625, 0.0524675781, -0.255507422, 0.0392258023, 0.443014469, -0.895576067, 0.457763672, -0.80456543, -0.378051758, -0.888216703, -0.395065573, -0.234301012, 0, 2, 1, 1, 
233.737366, 25, 0.1, 0.1, 0.0097375033, 0.369202719, -0.0199654172, 0.996897496, 2.95996214e-005, -0.0787107464, 0.0787107468, -1.39777932e-005, 0.996897496, 2.84075859e-005, -0.999999999, -1.62642353e-005, 0.996897487, 3.14029553e-005, -0.0787108645, 0.0787108648, -6.76820149e-006, 0.996897487, 3.07727963e-005, -0.999999999, -9.21895682e-006, 0, 0, 0, 0, 0, 0, 0, 0.228238403, 0.00558303223, -0.288143604, -0.0165259953, 0.541787966, -0.840264515, -0.781982422, 0.516601562, 0.348510742, 0.622925379, 0.663032746, 0.415368803, 0, 0, -0, 0, 0, 0, 0, 0.274064648, 0.0509462402, -0.254675, 0.0397176053, 0.439788032, -0.897141162, 0.455322266, -0.807128906, -0.375488281, -0.88939244, -0.393563545, -0.232256142, 0, 2, 1, 1, 
233.738243, 25, 0.1, 0.1, 0.00973749808, 0.369202721, -0.0199609824, 0.996897538, -1.55269869e-005, -0.0787102121, 0.078710212, -8.42642046e-006, 0.996897539, -1.61420604e-005, -1, -7.17814538e-006, 0.996897532, -3.39705429e-005, -0.0787102933, 0.0787102938, 1.10986315e-005, 0.996897532, -3.29915739e-005, -0.999999999, 1.37380297e-005, 0, 0, 0, 0, 0, 0, 0, 0.228238403, 0.00558303223, -0.288143604, -0.0165259953, 0.541787966, -0.840264515, -0.781982422, 0.516601562, 0.348510742, 0.622925379, 0.663032746, 0.415368803, 0, 0, -0, 0, 0, 0, 0, 0.274064648, 0.0509462402, -0.254675, 0.0397176053, 0.439788032, -0.897141162, 0.455322266, -0.807128906, -0.375488281, -0.88939244, -0.393563545, -0.232256142, 0, 2, 1, 1, 
